1030
100.000000 450.000000 8
101.000489 450.000000 8
102.000978 450.000000 8
106.002933 450.000000 8
107.003422 450.000000 8
108.003911 450.000000 8
112.005867 450.000000 8
113.006355 450.000000 8
114.006844 450.000000 8
115.007333 450.000000 8
116.007822 450.000000 8
123.011244 450.000000 8
126.012711 450.000000 8
127.013200 450.000000 8
129.014178 450.000000 8
130.014666 450.000000 8
131.015155 450.000000 8
132.015644 450.000000 8
134.016622 450.000000 8
135.017111 450.000000 8
138.018577 450.000000 8
140.019555 450.000000 8
148.023466 450.000000 8
151.024933 450.000000 8
152.025422 450.000000 8
153.025911 450.000000 8
154.026400 450.000000 8
155.026888 450.000000 8
156.027377 450.000000 8
159.028844 450.000000 8
161.029822 450.000000 8
163.030799 450.000000 8
165.031777 450.000000 8
167.032755 450.000000 8
173.035688 450.000000 8
174.036177 450.000000 8
176.037155 450.000000 8
182.040088 450.000000 8
184.041066 450.000000 8
186.042044 450.000000 8
188.043021 450.000000 8
193.045466 450.000000 8
194.045955 450.000000 8
198.047910 450.000000 8
204.050844 450.000000 8
212.054755 450.000000 8
213.055243 450.000000 8
214.055732 450.000000 8
216.056710 450.000000 8
217.057199 450.000000 8
219.058177 450.000000 8
222.059643 450.000000 8
223.060132 450.000000 8
225.061110 450.000000 8
226.061599 450.000000 8
227.062088 450.000000 8
228.062577 450.000000 8
229.063066 450.000000 8
235.065999 450.000000 8
242.069421 450.000000 8
243.069910 450.000000 8
244.070399 450.000000 8
248.072354 450.000000 8
251.073821 450.000000 8
256.076265 450.000000 8
257.076754 450.000000 8
258.077243 450.000000 8
259.077732 450.000000 8
262.079199 450.000000 8
265.080665 450.000000 8
266.081154 450.000000 8
270.083110 450.000000 8
271.083599 450.000000 8
272.084087 450.000000 8
274.085065 450.000000 8
284.089954 450.000000 8
286.090932 450.000000 8
287.091421 450.000000 8
289.092398 450.000000 8
290.092887 450.000000 8
292.093865 450.000000 8
293.094354 450.000000 8
296.095821 450.000000 8
300.097776 450.000000 8
301.098265 450.000000 8
302.098754 450.000000 8
304.099732 450.000000 8
307.101198 450.000000 8
308.101687 450.000000 8
311.103154 450.000000 8
313.104131 450.000000 8
315.105109 450.000000 8
325.109998 450.000000 8
326.110487 450.000000 8
330.112442 450.000000 8
333.113909 450.000000 8
335.114887 450.000000 8
336.115376 450.000000 8
337.115865 450.000000 8
340.117331 450.000000 8
341.117820 450.000000 8
342.118309 450.000000 8
344.119287 450.000000 8
345.119776 450.000000 8
347.120753 450.000000 8
350.122220 450.000000 8
351.122709 450.000000 8
356.125153 450.000000 8
362.128087 450.000000 8
364.129064 450.000000 8
367.130531 450.000000 8
368.131020 450.000000 8
372.134545 448.264383 7
374.639693 443.925341 7
375.641752 442.189724 7
376.142781 441.321915 7
377.645869 438.718490 7
379.148958 436.115065 7
380.652046 433.511639 7
382.155134 430.908214 7
384.159252 427.436980 7
384.660282 426.569172 7
385.161311 425.701363 7
386.163370 423.965746 7
387.666458 421.362321 7
389.169547 418.758895 7
389.670576 417.891087 7
392.175723 413.552045 7
392.676753 412.684236 7
393.678812 410.948619 7
394.680871 409.213002 7
395.682930 407.477385 7
396.183959 406.609577 7
398.689106 402.270535 7
400.192195 399.667109 7
401.695283 397.063684 7
402.196312 396.195875 7
404.200430 392.724641 7
405.703519 390.121216 7
406.705577 388.385599 7
410.713813 381.443131 7
412.717931 377.971898 7
413.218960 377.104089 7
416.225137 371.897238 7
417.227196 370.161621 7
417.728225 369.293813 7
418.730284 367.558196 7
419.732343 365.822579 7
420.233373 364.954771 7
421.736461 362.351345 7
423.239549 359.747920 7
425.243667 356.276686 7
425.744697 355.408878 7
427.748814 351.937644 7
429.251903 349.334218 7
429.752932 348.466410 7
432.759109 343.259559 7
433.260138 342.391751 7
434.262197 340.656134 7
434.763227 339.788325 7
435.264256 338.920517 7
435.765286 338.052708 7
436.266315 337.184900 7
436.767344 336.317091 7
439.272492 331.978049 7
441.777639 327.639007 7
443.781757 324.167773 7
445.284845 321.564348 7
445.785875 320.696539 7
447.288963 318.093114 7
447.789992 317.225305 7
449.794110 313.754071 7
453.301316 307.679412 7
454.303375 305.943795 7
455.305434 304.208178 7
457.309552 300.736944 7
463.822935 289.455434 7
464.824994 287.719818 7
465.827052 285.984201 7
467.330141 283.380775 7
467.831170 282.512967 7
468.833229 280.777350 7
470.336318 278.173924 7
471.839406 275.570499 7
472.340435 274.702691 7
472.841465 273.834882 7
474.845583 270.363648 7
476.348671 267.760223 7
476.849700 266.892414 7
477.350730 266.024606 7
479.354848 262.553372 7
479.855877 261.685564 7
480.857936 259.949947 7
481.859995 258.214330 7
482.361024 257.346521 7
483.363083 255.610904 7
483.864113 254.743096 7
484.365142 253.875287 7
489.876466 244.329394 7
490.878525 242.593777 7
493.884702 237.386927 7
495.888819 233.915693 7
496.389849 233.047884 7
498.393967 229.576651 7
500.398085 226.105417 7
502.402202 222.634183 7
504.406320 219.162949 7
506.911467 214.823907 7
508.414556 212.220481 7
508.915585 211.352673 7
510.919703 207.881439 7
511.921762 206.145822 7
512.422791 205.278014 7
512.923821 204.410205 7
513.424850 203.542397 7
514.426909 201.806780 7
515.428968 200.071163 7
515.929997 199.203354 7
516.431027 198.335546 7
517.934115 195.732120 7
522.944410 187.054036 7
523.946469 185.318419 7
525.449557 182.714994 7
525.950586 181.847185 7
526.451616 180.979377 7
528.956763 176.640334 7
529.457793 175.772526 7
531.962940 171.433484 7
532.964999 169.697867 7
533.466028 168.830058 7
535.470146 165.358824 7
535.971175 164.491016 7
536.973234 162.755399 7
537.975293 161.019782 7
538.476323 160.151974 7
539.979411 157.548548 7
541.482499 154.945123 7
542.484558 153.209506 7
543.486617 151.473889 7
547.494853 144.531421 7
548.496912 142.795804 7
550.000000 140.192379 7
551.002059 141.927996 6
553.006177 145.399230 6
554.008236 147.134847 6
555.010294 148.870463 6
556.012353 150.606080 6
558.517501 154.945123 6
560.020589 157.548548 6
560.521618 158.416357 6
561.523677 160.151974 6
562.525736 161.887590 6
565.030883 166.226633 6
565.531913 167.094441 6
568.037060 171.433484 6
571.544266 177.508143 6
574.550443 182.714994 6
576.554561 186.186227 6
578.057649 188.789653 6
578.558679 189.657461 6
579.560738 191.393078 6
581.063826 193.996504 6
581.564855 194.864312 6
584.571032 200.071163 6
586.575150 203.542397 6
588.078238 206.145822 6
589.581327 208.749247 6
591.585444 212.220481 6
592.086474 213.088290 6
593.589562 215.691715 6
594.090592 216.559524 6
597.597798 222.634183 6
598.599857 224.369800 6
599.100886 225.237608 6
602.608092 231.312267 6
604.612210 234.783501 6
605.113239 235.651310 6
605.614269 236.519118 6
610.624563 245.197203 6
611.125593 246.065011 6
612.628681 248.668437 6
613.630740 250.404054 6
614.632799 252.139671 6
615.133828 253.007479 6
615.634858 253.875287 6
618.140005 258.214330 6
619.142064 259.949947 6
619.643093 260.817755 6
620.144123 261.685564 6
621.146182 263.421181 6
623.150300 266.892414 6
623.651329 267.760223 6
624.653388 269.495840 6
626.156476 272.099265 6
628.661624 276.438307 6
629.663682 278.173924 6
630.164712 279.041733 6
631.667800 281.645158 6
633.671918 285.116392 6
634.673977 286.852009 6
636.678095 290.323243 6
637.179124 291.191051 6
639.684271 295.530094 6
640.185301 296.397902 6
642.189419 299.869136 6
642.690448 300.736944 6
644.193536 303.340370 6
644.694566 304.208178 6
646.197654 306.811604 6
646.698684 307.679412 6
647.199713 308.547221 6
648.201772 310.282838 6
648.702802 311.150646 6
649.704860 312.886263 6
650.205890 313.754071 6
652.210008 317.225305 6
654.214125 320.696539 6
655.216184 322.432156 6
655.717214 323.299964 6
657.220302 325.903390 6
658.723391 328.506815 6
663.232656 336.317091 6
664.234714 338.052708 6
664.735744 338.920517 6
665.737803 340.656134 6
666.238832 341.523942 6
666.739862 342.391751 6
667.741921 344.127368 6
668.743980 345.862984 6
669.746038 347.598601 6
670.247068 348.466410 6
671.249127 350.202027 6
671.750156 351.069835 6
672.251186 351.937644 6
677.261480 360.615728 6
679.265598 364.086962 6
681.770745 368.426005 6
682.271775 369.293813 6
683.273834 371.029430 6
684.275892 372.765047 6
685.277951 374.500664 6
687.282069 377.971898 6
690.789275 384.046557 6
691.791334 385.782174 6
692.292364 386.649982 6
693.795452 389.253408 6
694.296481 390.121216 6
695.799570 392.724641 6
696.300599 393.592450 6
697.302658 395.328067 6
698.805746 397.931492 6
699.306776 398.799301 6
700.809864 401.402726 6
702.312953 404.006151 6
705.820159 410.080811 6
706.822218 411.816428 6
707.323247 412.684236 6
708.325306 414.419853 6
708.826335 415.287661 6
712.333542 421.362321 6
712.834571 422.230129 6
713.335601 423.097938 6
713.836630 423.965746 6
716.341777 428.304788 6
717.343836 430.040405 6
717.844866 430.908214 6
718.846924 432.643831 6
719.848983 434.379448 6
720.851042 436.115065 6
725.360307 443.925341 6
727.364425 447.396575 6
728.867513 450.000000 6
728.867513 450.000000 5
729.868002 450.000000 5
730.868491 450.000000 5
731.868980 450.000000 5
733.869958 450.000000 5
734.870447 450.000000 5
735.870936 450.000000 5
736.871425 450.000000 5
739.872891 450.000000 5
740.873380 450.000000 5
741.873869 450.000000 5
743.874847 450.000000 5
744.875336 450.000000 5
746.876313 450.000000 5
749.877780 450.000000 5
753.879735 450.000000 5
757.881691 450.000000 5
759.882669 450.000000 5
760.883158 450.000000 5
762.884135 450.000000 5
766.886091 450.000000 5
767.886580 450.000000 5
768.887069 450.000000 5
772.889024 450.000000 5
776.890980 450.000000 5
777.891469 450.000000 5
780.892935 450.000000 5
781.893424 450.000000 5
784.894891 450.000000 5
785.895380 450.000000 5
786.895869 450.000000 5
788.896846 450.000000 5
789.897335 450.000000 5
791.898313 450.000000 5
792.898802 450.000000 5
796.900757 450.000000 5
798.901735 450.000000 5
799.902224 450.000000 5
809.907113 450.000000 5
810.907602 450.000000 5
812.908579 450.000000 5
813.909068 450.000000 5
814.909557 450.000000 5
815.910046 450.000000 5
819.912002 450.000000 5
821.912979 450.000000 5
824.914446 450.000000 5
825.914935 450.000000 5
828.916401 450.000000 5
830.917379 450.000000 5
831.917868 450.000000 5
833.918846 450.000000 5
834.919335 450.000000 5
836.920313 450.000000 5
837.920801 450.000000 5
839.921779 450.000000 5
842.923246 450.000000 5
845.924712 450.000000 5
846.925201 450.000000 5
848.926179 450.000000 5
849.926668 450.000000 5
850.927157 450.000000 5
852.928135 450.000000 5
854.929112 450.000000 5
855.929601 450.000000 5
858.931068 450.000000 5
860.932046 450.000000 5
861.932535 450.000000 5
863.933512 450.000000 5
865.934490 450.000000 5
866.934979 450.000000 5
870.936934 450.000000 5
871.937423 450.000000 5
874.938890 450.000000 5
876.939868 450.000000 5
879.941334 450.000000 5
885.944268 450.000000 5
886.944757 450.000000 5
887.945245 450.000000 5
888.945734 450.000000 5
889.946223 450.000000 5
890.946712 450.000000 5
891.947201 450.000000 5
894.948668 450.000000 5
896.949645 450.000000 5
899.951112 450.000000 5
901.952090 450.000000 5
902.952579 450.000000 5
903.953067 450.000000 5
905.954045 450.000000 5
907.955023 450.000000 5
911.956979 450.000000 5
913.957956 450.000000 5
915.958934 450.000000 5
919.960890 450.000000 5
920.961378 450.000000 5
921.961867 450.000000 5
924.963334 450.000000 5
925.963823 450.000000 5
926.964312 450.000000 5
927.964801 450.000000 5
933.967734 450.000000 5
937.969689 450.000000 5
939.970667 450.000000 5
940.971156 450.000000 5
941.971645 450.000000 5
943.972623 450.000000 5
950.976045 450.000000 5
951.976534 450.000000 5
960.980934 450.000000 5
962.981911 450.000000 5
967.984356 450.000000 5
970.985822 450.000000 5
971.986311 450.000000 5
974.987778 450.000000 5
975.988267 450.000000 5
977.989245 450.000000 5
979.990222 450.000000 5
981.991200 450.000000 5
982.991689 450.000000 5
983.992178 450.000000 5
990.995600 450.000000 5
993.997067 450.000000 5
997.999022 450.000000 5
998.999511 450.000000 5
1000.000000 450.000000 4
1000.000000 451.000000 4
1000.000000 452.000000 4
1000.000000 453.000000 4
1000.000000 454.000000 4
1000.000000 456.000000 4
1000.000000 458.000000 4
1000.000000 460.000000 4
1000.000000 461.000000 4
1000.000000 462.000000 4
1000.000000 463.000000 4
1000.000000 464.000000 4
1000.000000 465.000000 4
1000.000000 466.000000 4
1000.000000 467.000000 4
1000.000000 469.000000 4
1000.000000 470.000000 4
1000.000000 471.000000 4
1000.000000 472.000000 4
1000.000000 473.000000 4
1000.000000 474.000000 4
1000.000000 475.000000 4
1000.000000 476.000000 4
1000.000000 477.000000 4
1000.000000 480.000000 4
1000.000000 481.000000 4
1000.000000 482.000000 4
1000.000000 483.000000 4
1000.000000 485.000000 4
1000.000000 486.000000 4
1000.000000 487.000000 4
1000.000000 488.000000 4
1000.000000 490.000000 4
1000.000000 491.000000 4
1000.000000 492.000000 4
1000.000000 493.000000 4
1000.000000 495.000000 4
1000.000000 497.000000 4
1000.000000 498.000000 4
1000.000000 499.000000 4
1000.000000 501.000000 4
1000.000000 502.000000 4
1000.000000 503.000000 4
1000.000000 504.000000 4
1000.000000 505.000000 4
1000.000000 506.000000 4
1000.000000 508.000000 4
1000.000000 509.000000 4
1000.000000 510.000000 4
1000.000000 511.000000 4
1000.000000 512.000000 4
1000.000000 513.000000 4
1000.000000 514.000000 4
1000.000000 515.000000 4
1000.000000 516.000000 4
1000.000000 517.000000 4
1000.000000 518.000000 4
1000.000000 519.000000 4
1000.000000 520.000000 4
1000.000000 521.000000 4
1000.000000 522.000000 4
1000.000000 523.000000 4
1000.000000 524.000000 4
1000.000000 525.000000 4
1000.000000 526.000000 4
1000.000000 527.000000 4
1000.000000 528.000000 4
1000.000000 530.000000 4
1000.000000 531.000000 4
1000.000000 532.000000 4
1000.000000 533.000000 4
1000.000000 534.000000 4
1000.000000 535.000000 4
1000.000000 536.000000 4
1000.000000 537.000000 4
1000.000000 538.000000 4
1000.000000 539.000000 4
1000.000000 541.000000 4
1000.000000 543.000000 4
1000.000000 544.000000 4
1000.000000 545.000000 4
1000.000000 546.000000 4
1000.000000 547.000000 4
1000.000000 548.000000 4
1000.000000 549.000000 4
1000.000000 550.000000 4
1000.000000 550.000000 3
994.986776 550.000000 3
993.984131 550.000000 3
992.981486 550.000000 3
989.973551 550.000000 3
988.970907 550.000000 3
984.960327 550.000000 3
976.939168 550.000000 3
971.925944 550.000000 3
969.920654 550.000000 3
968.918009 550.000000 3
967.915365 550.000000 3
964.907430 550.000000 3
954.880981 550.000000 3
951.873047 550.000000 3
944.854533 550.000000 3
943.851888 550.000000 3
940.843953 550.000000 3
939.841309 550.000000 3
935.830729 550.000000 3
931.820150 550.000000 3
930.817505 550.000000 3
925.804280 550.000000 3
922.796346 550.000000 3
920.791056 550.000000 3
917.783122 550.000000 3
915.777832 550.000000 3
913.772542 550.000000 3
911.767252 550.000000 3
908.759318 550.000000 3
907.756673 550.000000 3
906.754028 550.000000 3
905.751383 550.000000 3
904.748738 550.000000 3
903.746094 550.000000 3
893.719645 550.000000 3
891.714355 550.000000 3
890.711710 550.000000 3
887.703776 550.000000 3
886.701131 550.000000 3
884.695841 550.000000 3
882.690552 550.000000 3
880.685262 550.000000 3
874.669393 550.000000 3
873.666748 550.000000 3
872.664103 550.000000 3
869.656168 550.000000 3
868.653524 550.000000 3
862.637654 550.000000 3
860.632365 550.000000 3
854.616496 550.000000 3
851.608561 550.000000 3
848.600626 550.000000 3
841.582112 550.000000 3
838.574178 550.000000 3
836.568888 550.000000 3
835.566243 550.000000 3
834.563598 550.000000 3
833.560954 550.000000 3
829.550374 550.000000 3
828.547729 550.000000 3
827.545084 550.000000 3
824.537150 550.000000 3
820.526570 550.000000 3
817.518636 550.000000 3
815.513346 550.000000 3
813.508056 550.000000 3
812.505412 550.000000 3
806.489542 550.000000 3
805.486898 550.000000 3
803.481608 550.000000 3
796.463094 550.000000 3
795.460449 550.000000 3
787.439290 550.000000 3
786.436645 550.000000 3
784.431356 550.000000 3
782.426066 550.000000 3
779.418131 550.000000 3
774.404907 550.000000 3
772.399617 550.000000 3
769.391683 550.000000 3
767.386393 550.000000 3
765.381103 550.000000 3
752.346720 550.000000 3
751.344075 550.000000 3
746.330851 550.000000 3
745.328206 550.000000 3
743.322916 550.000000 3
741.317627 550.000000 3
737.307047 550.000000 3
733.296468 550.000000 3
723.270019 550.000000 3
722.267374 550.000000 3
721.264729 550.000000 3
719.259440 550.000000 3
718.256795 550.000000 3
714.246215 550.000000 3
713.243571 550.000000 3
707.227701 550.000000 3
705.222412 550.000000 3
699.206543 550.000000 3
697.201253 550.000000 3
695.195963 550.000000 3
694.193318 550.000000 3
693.190673 550.000000 3
690.182739 550.000000 3
688.177449 550.000000 3
687.174804 550.000000 3
683.164225 550.000000 3
681.158935 550.000000 3
677.148356 550.000000 3
675.143066 550.000000 3
673.137776 550.000000 3
669.630844 547.399079 2
669.130297 546.532105 2
668.629749 545.665132 2
667.628654 543.931185 2
666.627559 542.197237 2
665.125917 539.596316 2
664.625369 538.729343 2
664.124822 537.862369 2
662.122632 534.394474 2
661.622085 533.527501 2
661.121537 532.660527 2
660.620990 531.793554 2
659.619895 530.059606 2
659.119347 529.192633 2
658.118252 527.458685 2
657.617705 526.591712 2
656.616610 524.857764 2
656.116063 523.990791 2
653.613325 519.655923 2
653.112778 518.788949 2
652.612230 517.921975 2
652.111683 517.055002 2
651.110588 515.321054 2
649.608946 512.720133 2
648.107303 510.119213 2
647.106208 508.385265 2
645.104018 504.917371 2
644.102923 503.183423 2
643.602376 502.316450 2
642.601281 500.582502 2
642.100734 499.715529 2
639.097449 494.513687 2
637.595806 491.912766 2
636.594711 490.178819 2
636.094164 489.311845 2
634.592522 486.710924 2
633.591427 484.976977 2
633.090879 484.110003 2
632.590332 483.243030 2
631.589237 481.509082 2
631.088689 480.642109 2
630.087594 478.908161 2
628.585952 476.307241 2
627.584857 474.573293 2
627.084310 473.706320 2
625.582667 471.105399 2
624.081025 468.504478 2
621.578288 464.169610 2
620.577193 462.435662 2
616.572813 455.499873 2
614.070076 451.165005 2
613.068981 449.431058 2
611.567338 446.830137 2
611.066791 445.963163 2
610.566243 445.096189 2
610.065696 444.229216 2
609.565148 443.362242 2
609.064601 442.495269 2
607.062411 439.027374 2
606.561864 438.160400 2
605.560769 436.426453 2
603.558579 432.958558 2
602.557484 431.224611 2
601.556389 429.490664 2
599.053652 425.155796 2
598.553104 424.288822 2
597.051462 421.687901 2
596.550914 420.820927 2
595.549819 419.086980 2
595.049272 418.220007 2
594.048177 416.486059 2
591.545440 412.151191 2
589.543250 408.683297 2
587.541060 405.215402 2
587.040512 404.348428 2
586.539965 403.481455 2
585.038323 400.880534 2
584.537775 400.013560 2
584.037228 399.146586 2
583.036133 397.412639 2
582.535585 396.545666 2
582.035038 395.678692 2
578.030658 388.742903 2
577.029563 387.008955 2
576.028468 385.275008 2
574.526826 382.674087 2
574.026278 381.807114 2
573.525731 380.940140 2
573.025183 380.073166 2
571.022994 376.605272 2
569.020804 373.137377 2
568.520256 372.270404 2
568.019709 371.403430 2
567.519161 370.536456 2
566.518066 368.802509 2
565.016424 366.201588 2
564.515876 365.334614 2
564.015329 364.467641 2
563.014234 362.733694 2
562.513687 361.866720 2
559.009854 355.797904 2
557.508212 353.196983 2
556.507117 351.463036 2
555.506022 349.729089 2
554.504927 347.995142 2
553.003285 345.394221 2
552.002190 343.660273 2
551.001095 341.926326 2
550.500547 341.059353 2
550.000000 340.192379 2
550.000000 340.192379 1
549.499453 341.059353 1
548.498358 342.793300 1
547.997810 343.660273 1
547.497263 344.527247 1
543.993430 350.596063 1
543.492883 351.463036 1
542.992335 352.330010 1
541.991241 354.063957 1
541.490693 354.930931 1
540.990146 355.797904 1
539.989051 357.531852 1
538.487408 360.132773 1
534.483029 367.068562 1
533.481934 368.802509 1
532.480839 370.536456 1
531.479744 372.270404 1
528.977006 376.605272 1
524.472079 384.408035 1
523.971532 385.275008 1
520.467700 391.343824 1
519.466605 393.077771 1
518.966057 393.944745 1
518.465510 394.811718 1
517.964962 395.678692 1
517.464415 396.545666 1
516.463320 398.279613 1
514.961677 400.880534 1
514.461130 401.747507 1
512.959488 404.348428 1
510.957298 407.816323 1
510.456750 408.683297 1
509.455655 410.417244 1
507.954013 413.018165 1
507.453465 413.885138 1
506.952918 414.752112 1
505.951823 416.486059 1
503.449086 420.820927 1
502.948538 421.687901 1
500.946348 425.155796 1
499.945253 426.889743 1
497.442516 431.224611 1
494.939779 435.559479 1
494.439231 436.426453 1
491.936494 440.761321 1
490.935399 442.495269 1
489.433757 445.096189 1
488.933209 445.963163 1
487.932114 447.697110 1
486.931019 449.431058 1
486.430472 450.298031 1
485.429377 452.031979 1
484.928830 452.898952 1
484.428282 453.765926 1
483.927735 454.632899 1
483.427187 455.499873 1
482.926640 456.366847 1
480.423902 460.701715 1
479.422807 462.435662 1
476.920070 466.770530 1
474.917880 470.238425 1
473.916785 471.972372 1
470.412953 478.041188 1
469.411858 479.775135 1
465.407478 486.710924 1
463.905836 489.311845 1
463.405289 490.178819 1
462.404194 491.912766 1
461.403099 493.646713 1
458.900361 497.981582 1
458.399814 498.848555 1
457.398719 500.582502 1
455.897077 503.183423 1
454.895982 504.917371 1
454.395434 505.784344 1
453.894887 506.651318 1
453.394339 507.518292 1
451.892697 510.119213 1
451.392149 510.986186 1
450.891602 511.853160 1
449.890507 513.587107 1
448.889412 515.321054 1
448.388865 516.188028 1
447.387770 517.921975 1
446.887222 518.788949 1
446.386675 519.655923 1
445.385580 521.389870 1
443.883937 523.990791 1
442.382295 526.591712 1
440.880653 529.192633 1
440.380105 530.059606 1
439.879558 530.926580 1
438.377915 533.527501 1
436.876273 536.128422 1
433.372441 542.197237 1
432.871893 543.064211 1
431.370251 545.665132 1
430.869703 546.532105 1
430.369156 547.399079 1
429.868608 548.266053 1
428.867513 550.000000 0
424.856934 550.000000 0
421.848999 550.000000 0
416.835775 550.000000 0
415.833130 550.000000 0
413.827841 550.000000 0
410.819906 550.000000 0
408.814616 550.000000 0
406.809327 550.000000 0
402.798747 550.000000 0
401.796102 550.000000 0
400.793457 550.000000 0
398.788168 550.000000 0
395.780233 550.000000 0
387.759074 550.000000 0
385.753785 550.000000 0
382.745850 550.000000 0
379.737915 550.000000 0
378.735271 550.000000 0
376.729981 550.000000 0
374.724691 550.000000 0
373.722046 550.000000 0
369.711467 550.000000 0
366.703532 550.000000 0
364.698243 550.000000 0
363.695598 550.000000 0
362.692953 550.000000 0
360.687663 550.000000 0
357.679729 550.000000 0
355.674439 550.000000 0
353.669149 550.000000 0
350.661215 550.000000 0
349.658570 550.000000 0
348.655925 550.000000 0
346.650635 550.000000 0
340.634766 550.000000 0
334.618897 550.000000 0
333.616252 550.000000 0
329.605673 550.000000 0
328.603028 550.000000 0
327.600383 550.000000 0
325.595093 550.000000 0
324.592448 550.000000 0
322.587159 550.000000 0
320.581869 550.000000 0
311.558065 550.000000 0
310.555420 550.000000 0
308.550130 550.000000 0
307.547486 550.000000 0
303.536906 550.000000 0
302.534261 550.000000 0
301.531616 550.000000 0
298.523682 550.000000 0
297.521037 550.000000 0
296.518392 550.000000 0
293.510458 550.000000 0
291.505168 550.000000 0
289.499878 550.000000 0
282.481364 550.000000 0
281.478719 550.000000 0
272.454916 550.000000 0
269.446981 550.000000 0
266.439046 550.000000 0
264.433757 550.000000 0
263.431112 550.000000 0
262.428467 550.000000 0
257.415243 550.000000 0
255.409953 550.000000 0
253.404663 550.000000 0
252.402018 550.000000 0
243.378215 550.000000 0
242.375570 550.000000 0
240.370280 550.000000 0
234.354411 550.000000 0
233.351766 550.000000 0
232.349121 550.000000 0
229.341187 550.000000 0
225.330607 550.000000 0
222.322673 550.000000 0
221.320028 550.000000 0
219.314738 550.000000 0
217.309448 550.000000 0
213.298869 550.000000 0
212.296224 550.000000 0
210.290934 550.000000 0
209.288290 550.000000 0
207.283000 550.000000 0
204.275065 550.000000 0
203.272420 550.000000 0
202.269776 550.000000 0
198.259196 550.000000 0
197.256551 550.000000 0
192.243327 550.000000 0
191.240682 550.000000 0
190.238037 550.000000 0
186.227458 550.000000 0
183.219523 550.000000 0
182.216878 550.000000 0
180.211589 550.000000 0
176.201009 550.000000 0
170.185140 550.000000 0
169.182495 550.000000 0
166.174561 550.000000 0
165.171916 550.000000 0
164.169271 550.000000 0
162.163981 550.000000 0
161.161336 550.000000 0
160.158691 550.000000 0
158.153402 550.000000 0
154.142822 550.000000 0
150.132243 550.000000 0
149.129598 550.000000 0
146.121663 550.000000 0
145.119019 550.000000 0
139.103149 550.000000 0
138.100505 550.000000 0
133.087280 550.000000 0
120.052897 550.000000 0
118.047607 550.000000 0
115.039673 550.000000 0
113.034383 550.000000 0
108.021159 550.000000 0
104.010579 550.000000 0
102.005290 550.000000 0
