1750
101.001866 450.000000 32
102.003732 450.000000 32
104.007464 450.000000 32
108.014928 450.000000 32
111.020526 450.000000 32
112.022392 450.000000 32
113.024258 450.000000 32
117.031722 450.000000 32
120.037320 450.000000 32
122.041052 450.000000 32
124.044784 450.000000 32
125.046650 450.000000 32
126.048516 450.000000 32
127.050382 450.000000 32
128.052248 450.000000 32
129.054114 450.000000 32
130.055980 450.000000 32
131.057846 450.000000 32
132.059712 450.000000 32
133.061578 450.000000 32
134.063444 450.000000 32
135.065310 450.000000 32
137.069043 450.000000 32
138.070909 450.000000 32
139.072775 450.000000 32
140.074641 450.000000 32
141.076507 450.000000 32
143.080239 450.000000 32
144.082105 450.000000 32
145.083971 450.000000 32
146.085837 450.000000 32
147.087703 450.000000 32
148.089569 450.000000 32
149.091435 450.000000 32
153.098899 450.000000 32
154.100765 450.000000 32
155.102631 450.000000 32
156.104497 450.000000 32
157.106363 450.000000 32
158.108229 450.000000 32
159.110095 450.000000 32
160.111961 450.000000 32
161.113827 450.000000 32
162.115693 450.000000 32
163.117559 450.000000 32
166.123157 450.000000 32
168.126889 450.000000 32
169.128755 450.000000 32
170.130621 450.000000 32
171.132487 450.000000 32
171.132487 450.000000 31
172.137169 448.259840 31
172.639510 447.389760 31
173.141850 446.519681 31
173.644191 445.649601 31
175.653555 442.169281 31
176.155895 441.299201 31
177.662918 438.688962 31
178.667600 436.948802 31
179.169941 436.078722 31
179.672281 435.208642 31
180.174622 434.338562 31
181.179304 432.598403 31
181.681645 431.728323 31
182.183986 430.858243 31
183.188667 429.118083 31
184.695690 426.507843 31
189.216757 418.677125 31
190.723780 416.066885 31
191.226121 415.196805 31
192.230803 413.456645 31
192.733143 412.586565 31
193.235484 411.716486 31
195.244848 408.236166 31
196.249529 406.496006 31
196.751870 405.625926 31
197.254211 404.755847 31
198.258893 403.015687 31
199.263574 401.275527 31
200.268256 399.535367 31
200.770597 398.665288 31
201.272938 397.795208 31
201.775279 396.925128 31
202.277620 396.055048 31
203.282301 394.314888 31
203.784642 393.444808 31
204.789324 391.704649 31
205.291665 390.834569 31
206.798687 388.224329 31
207.301028 387.354249 31
209.310391 383.873930 31
210.315073 382.133770 31
210.817414 381.263690 31
212.826777 377.783371 31
214.333800 375.173131 31
216.343163 371.692811 31
217.347845 369.952652 31
218.352527 368.212492 31
218.854867 367.342412 31
219.357208 366.472332 31
219.859549 365.602252 31
223.375935 359.511693 31
223.878276 358.641613 31
224.380617 357.771534 31
226.892321 353.421134 31
227.394662 352.551054 31
229.404025 349.070735 31
230.408707 347.330575 31
230.911048 346.460495 31
232.920411 342.980176 31
233.422752 342.110096 31
234.427434 340.369936 31
236.436797 336.889617 31
237.943820 334.279377 31
238.446161 333.409297 31
238.948501 332.539217 31
239.450842 331.669137 31
240.455524 329.928978 31
241.460206 328.188818 31
242.464887 326.448658 31
244.474251 322.968339 31
245.478932 321.228179 31
245.981273 320.358099 31
247.990637 316.877779 31
248.995318 315.137620 31
251.507023 316.007700 30
254.018727 320.358099 30
255.023408 322.098259 30
256.530431 324.708498 30
259.042135 329.058898 30
259.544476 329.928978 30
260.549158 331.669137 30
261.553839 333.409297 30
262.056180 334.279377 30
262.558521 335.149457 30
263.060862 336.019537 30
263.563203 336.889617 30
264.065544 337.759696 30
264.567885 338.629776 30
266.074907 341.240016 30
267.079589 342.980176 30
268.586611 345.590415 30
271.098316 349.940815 30
272.102997 351.680974 30
273.107679 353.421134 30
277.126406 360.381773 30
278.131087 362.121933 30
279.135769 363.862093 30
279.638110 364.732172 30
282.149814 369.082572 30
283.154496 370.822732 30
283.656837 371.692811 30
286.168541 376.043211 30
286.670882 376.913291 30
287.173223 377.783371 30
287.675564 378.653450 30
288.680245 380.393610 30
289.182586 381.263690 30
289.684927 382.133770 30
291.694290 385.614089 30
292.698972 387.354249 30
294.205995 389.964489 30
294.708335 390.834569 30
295.210676 391.704649 30
295.713017 392.574728 30
296.215358 393.444808 30
297.722380 396.055048 30
298.727062 397.795208 30
299.229403 398.665288 30
300.234085 400.405447 30
300.736426 401.275527 30
301.238766 402.145607 30
303.248130 405.625926 30
304.755152 408.236166 30
305.257493 409.106246 30
305.759834 409.976326 30
307.266857 412.586565 30
308.773879 415.196805 30
309.276220 416.066885 30
310.280902 417.807045 30
312.792606 422.157444 30
313.797288 423.897604 30
314.801969 425.637764 30
318.318355 431.728323 30
318.820696 432.598403 30
320.327719 435.208642 30
323.341764 440.429121 30
323.844105 441.299201 30
324.848786 443.039361 30
325.351127 443.909441 30
325.853468 444.779521 30
326.858150 446.519681 30
327.360490 447.389760 30
327.862831 448.259840 30
328.365172 449.129920 30
328.867513 450.000000 30
328.867513 450.000000 29
329.873822 450.000000 29
330.880131 450.000000 29
331.886440 450.000000 29
332.892749 450.000000 29
333.899058 450.000000 29
334.905366 450.000000 29
335.911675 450.000000 29
336.917984 450.000000 29
338.930602 450.000000 29
339.936911 450.000000 29
340.943220 450.000000 29
341.949529 450.000000 29
343.962147 450.000000 29
345.974764 450.000000 29
347.987382 450.000000 29
350.000000 450.000000 29
351.006309 450.000000 29
352.012618 450.000000 29
353.018927 450.000000 29
355.031545 450.000000 29
356.037853 450.000000 29
357.044162 450.000000 29
358.050471 450.000000 29
359.056780 450.000000 29
360.063089 450.000000 29
361.069398 450.000000 29
363.082016 450.000000 29
364.088325 450.000000 29
365.094634 450.000000 29
366.100942 450.000000 29
367.107251 450.000000 29
368.113560 450.000000 29
369.119869 450.000000 29
370.126178 450.000000 29
371.132487 450.000000 29
371.132487 450.000000 28
371.635641 449.128511 28
372.138796 448.257022 28
372.641950 447.385533 28
373.145105 446.514044 28
373.648259 445.642555 28
374.151414 444.771066 28
374.654568 443.899577 28
375.157722 443.028088 28
375.660877 442.156599 28
376.164031 441.285110 28
376.667186 440.413620 28
377.170340 439.542131 28
377.673495 438.670642 28
378.176649 437.799153 28
378.679803 436.927664 28
379.182958 436.056175 28
379.686112 435.184686 28
380.189267 434.313197 28
380.692421 433.441708 28
381.195576 432.570219 28
382.201884 430.827241 28
382.705039 429.955752 28
383.208193 429.084263 28
383.711348 428.212774 28
385.220811 425.598307 28
385.723965 424.726818 28
386.227120 423.855329 28
386.730274 422.983840 28
387.233429 422.112350 28
387.736583 421.240861 28
388.239738 420.369372 28
388.742892 419.497883 28
389.246046 418.626394 28
389.749201 417.754905 28
390.252355 416.883416 28
390.755510 416.011927 28
391.258664 415.140438 28
392.264973 413.397460 28
391.260291 411.657300 27
390.255610 409.917140 27
388.748587 407.306901 27
387.241565 404.696661 27
385.734542 402.086422 27
383.725179 398.606102 27
383.222838 397.736022 27
382.720497 396.865942 27
380.711134 393.385623 27
380.208793 392.515543 27
379.706452 391.645463 27
378.701770 389.905303 27
377.697088 388.165144 27
377.194748 387.295064 27
376.692407 386.424984 27
375.185384 383.814744 27
374.180703 382.074584 27
372.673680 379.464345 27
371.668998 377.724185 27
370.664317 375.984025 27
368.654953 372.503706 27
366.645590 369.023386 27
365.138567 366.413147 27
364.636226 365.543067 27
363.631545 363.802907 27
362.124522 361.192667 27
361.622181 360.322587 27
360.617500 358.582428 27
359.110477 355.972188 27
357.603455 353.361948 27
357.101114 352.491868 27
355.091750 349.011549 27
353.584728 346.401309 27
352.580046 344.661150 27
351.073024 342.050910 27
350.570683 341.180830 27
347.054297 335.090271 27
346.551956 334.220191 27
345.547274 332.480031 27
344.040252 329.869792 27
343.537911 328.999712 27
343.035570 328.129632 27
342.533229 327.259552 27
342.030888 326.389472 27
341.528547 325.519392 27
334.495776 313.338274 27
330.979390 307.247715 27
328.970026 303.767395 27
328.467685 302.897315 27
327.463004 301.157156 27
326.960663 300.287076 27
325.955981 298.546916 27
324.951299 296.806756 27
324.448959 295.936676 27
323.946618 295.066596 27
322.941936 293.326437 27
322.439595 292.456357 27
321.937254 291.586277 27
319.927891 288.105957 27
316.411505 282.015398 27
315.909164 281.145318 27
314.402142 278.535079 27
313.899801 277.664999 27
314.402142 276.794919 26
318.420869 276.794919 26
321.434914 276.794919 26
322.439595 276.794919 26
325.453640 276.794919 26
327.463004 276.794919 26
328.467686 276.794919 26
330.477049 276.794919 26
335.500457 276.794919 26
336.505139 276.794919 26
339.519184 276.794919 26
340.523866 276.794919 26
342.533229 276.794919 26
343.537911 276.794919 26
352.580046 276.794919 26
353.584728 276.794919 26
355.594091 276.794919 26
357.603455 276.794919 26
359.612818 276.794919 26
360.617500 276.794919 26
363.631545 276.794919 26
365.640908 276.794919 26
367.650272 276.794919 26
368.654954 276.794919 26
370.664317 276.794919 26
371.668999 276.794919 26
374.683044 276.794919 26
380.711134 276.794919 26
384.729861 276.794919 26
385.734542 276.794919 26
390.757951 276.794919 26
392.767314 276.794919 26
395.781359 276.794919 26
396.786041 276.794919 26
398.795405 276.794919 26
400.804768 276.794919 26
401.809450 276.794919 26
402.814131 276.794919 26
410.851585 276.794919 26
411.856267 276.794919 26
412.860948 276.794919 26
414.870312 276.794919 26
416.879675 276.794919 26
426.926492 276.794919 26
429.940537 276.794919 26
430.945219 276.794919 26
432.954582 276.794919 26
433.959264 276.794919 26
435.968627 276.794919 26
436.973309 276.794919 26
438.982673 276.794919 26
444.006081 276.794919 26
446.015444 276.794919 26
452.043535 276.794919 26
453.048216 276.794919 26
457.066943 276.794919 26
459.076307 276.794919 26
462.090352 276.794919 26
464.099715 276.794919 26
465.104397 276.794919 26
467.113760 276.794919 26
470.127805 276.794919 26
471.132487 276.794919 26
473.644191 272.444520 25
474.146532 271.574440 25
475.151214 269.834280 25
475.653555 268.964200 25
476.658236 267.224040 25
479.169941 262.873641 25
479.672281 262.003561 25
480.174622 261.133481 25
482.686326 256.783082 25
483.188667 255.913002 25
486.705053 249.822443 25
487.709735 248.082283 25
488.714417 246.342123 25
489.216757 245.472044 25
490.221439 243.731884 25
494.240166 236.771245 25
495.747189 234.161005 25
496.249529 233.290925 25
497.756552 230.680686 25
498.258893 229.810606 25
499.263574 228.070446 25
500.770597 225.460207 25
501.272938 224.590127 25
503.282301 221.109807 25
505.794005 216.759408 25
508.808051 211.538929 25
509.812732 209.798769 25
512.324436 205.448369 25
513.831459 202.838130 25
515.338482 200.227890 25
515.840822 199.357810 25
516.343163 198.487730 25
516.845504 197.617651 25
517.347845 196.747571 25
520.361890 191.527091 25
520.864231 190.657012 25
521.366572 189.786932 25
522.371253 188.046772 25
523.878276 185.436532 25
524.380617 184.566453 25
525.385298 182.826293 25
525.887639 181.956213 25
526.389980 181.086133 25
528.399344 177.605814 25
529.906366 174.995574 25
531.413389 172.385334 25
532.920411 169.775095 25
533.925093 168.034935 25
534.427434 167.164855 25
535.432115 165.424695 25
535.934456 164.554615 25
536.436797 163.684536 25
539.450842 158.464056 25
539.953183 157.593976 25
540.957865 155.853817 25
541.962546 154.113657 25
542.464887 153.243577 25
542.967228 152.373497 25
543.971910 150.633337 25
547.990637 143.672698 25
550.000000 140.192379 25
550.000000 140.192379 24
550.502341 141.062459 24
551.507023 142.802619 24
552.009363 143.672698 24
553.516386 146.282938 24
554.521068 148.023098 24
556.028090 150.633337 24
556.530431 151.503417 24
559.042135 155.853817 24
561.553839 160.204216 24
564.567885 165.424695 24
565.070225 166.294775 24
565.572566 167.164855 24
566.074907 168.034935 24
566.577248 168.905015 24
567.079589 169.775095 24
568.084270 171.515254 24
568.586611 172.385334 24
571.600656 177.605814 24
572.605338 179.345973 24
573.107679 180.216053 24
573.610020 181.086133 24
574.112361 181.956213 24
576.624065 186.306612 24
581.145133 194.137331 24
581.647473 195.007411 24
582.149814 195.877491 24
584.159178 199.357810 24
584.661518 200.227890 24
586.168541 202.838130 24
586.670882 203.708210 24
587.675564 205.448369 24
588.680245 207.188529 24
589.182586 208.058609 24
590.187268 209.798769 24
590.689609 210.668849 24
591.694290 212.409008 24
592.196631 213.279088 24
593.703654 215.889328 24
594.205995 216.759408 24
594.708335 217.629488 24
596.215358 220.239727 24
597.220040 221.979887 24
599.731744 226.330286 24
600.234085 227.200366 24
600.736426 228.070446 24
602.243448 230.680686 24
602.745789 231.550766 24
603.248130 232.420845 24
603.750471 233.290925 24
605.759834 236.771245 24
607.769197 240.251564 24
609.778561 243.731884 24
610.280902 244.601964 24
611.285583 246.342123 24
611.787924 247.212203 24
612.792606 248.952363 24
613.294947 249.822443 24
613.797288 250.692523 24
614.299628 251.562603 24
614.801969 252.432683 24
616.811333 255.913002 24
617.816014 257.653162 24
618.820696 259.393322 24
620.327719 262.003561 24
621.834741 264.613801 24
623.341764 267.224040 24
623.844105 268.094120 24
624.346445 268.964200 24
624.848786 269.834280 24
625.853468 271.574440 24
627.360490 274.184679 24
628.867513 276.794919 23
629.872195 276.794919 23
630.876876 276.794919 23
632.886240 276.794919 23
633.890922 276.794919 23
635.900285 276.794919 23
638.914330 276.794919 23
639.919012 276.794919 23
645.947102 276.794919 23
646.951784 276.794919 23
648.961147 276.794919 23
650.970510 276.794919 23
653.984556 276.794919 23
658.003282 276.794919 23
660.012646 276.794919 23
664.031373 276.794919 23
667.045418 276.794919 23
671.064144 276.794919 23
674.078190 276.794919 23
676.087553 276.794919 23
678.096916 276.794919 23
681.110961 276.794919 23
683.120325 276.794919 23
684.125007 276.794919 23
686.134370 276.794919 23
687.139052 276.794919 23
688.143733 276.794919 23
690.153097 276.794919 23
692.162460 276.794919 23
695.176505 276.794919 23
696.181187 276.794919 23
697.185869 276.794919 23
698.190550 276.794919 23
701.204595 276.794919 23
704.218641 276.794919 23
710.246731 276.794919 23
711.251412 276.794919 23
712.256094 276.794919 23
714.265458 276.794919 23
715.270139 276.794919 23
718.284184 276.794919 23
721.298229 276.794919 23
723.307593 276.794919 23
724.312275 276.794919 23
726.321638 276.794919 23
727.326320 276.794919 23
728.331001 276.794919 23
729.335683 276.794919 23
731.345046 276.794919 23
732.349728 276.794919 23
734.359092 276.794919 23
737.373137 276.794919 23
738.377818 276.794919 23
740.387182 276.794919 23
741.391863 276.794919 23
742.396545 276.794919 23
753.448044 276.794919 23
754.452726 276.794919 23
756.462089 276.794919 23
757.466771 276.794919 23
759.476134 276.794919 23
761.485497 276.794919 23
763.494861 276.794919 23
764.499543 276.794919 23
766.508906 276.794919 23
768.518269 276.794919 23
770.527633 276.794919 23
772.536996 276.794919 23
774.546360 276.794919 23
781.579131 276.794919 23
782.583813 276.794919 23
783.588495 276.794919 23
785.597858 276.794919 23
784.593177 280.275239 22
784.090836 281.145318 22
783.588495 282.015398 22
782.583813 283.755558 22
780.574450 287.235878 22
776.053382 295.066596 22
775.551041 295.936676 22
775.048701 296.806756 22
774.044019 298.546916 22
773.541678 299.416996 22
773.039337 300.287076 22
772.536996 301.157156 22
769.522951 306.377635 22
768.518270 308.117795 22
767.513588 309.857954 22
766.508906 311.598114 22
765.504224 313.338274 22
765.001884 314.208354 22
764.499543 315.078434 22
763.997202 315.948514 22
763.494861 316.818593 22
762.490179 318.558753 22
760.983157 321.168993 22
760.480816 322.039073 22
759.978475 322.909153 22
758.471453 325.519392 22
757.969112 326.389472 22
757.466771 327.259552 22
756.964430 328.129632 22
755.457407 330.739871 22
754.955067 331.609951 22
754.452726 332.480031 22
753.448044 334.220191 22
752.945703 335.090271 22
751.941022 336.830431 22
749.931658 340.310750 22
747.419954 344.661150 22
745.912931 347.271389 22
743.401227 351.621789 22
741.391864 355.102108 22
740.889523 355.972188 22
738.880160 359.452508 22
737.875478 361.192667 22
736.870796 362.932827 22
736.368455 363.802907 22
735.363774 365.543067 22
734.861433 366.413147 22
734.359092 367.283226 22
732.852069 369.893466 22
732.349729 370.763546 22
731.847388 371.633626 22
731.345047 372.503706 22
726.823979 380.334425 22
726.321638 381.204504 22
722.302912 388.165144 22
720.293548 391.645463 22
718.786526 394.255703 22
718.284185 395.125783 22
717.781844 395.995862 22
716.777162 397.736022 22
716.274821 398.606102 22
715.772481 399.476182 22
714.767799 401.216342 22
714.265458 402.086422 22
713.260776 403.826581 22
711.753754 406.436821 22
711.251413 407.306901 22
710.749072 408.176981 22
710.246731 409.047061 22
708.237368 412.527380 22
707.735027 413.397460 22
707.735027 413.397460 21
708.238181 414.268949 21
708.741336 415.140438 21
709.244490 416.011927 21
710.250799 417.754905 21
710.753954 418.626394 21
711.257108 419.497883 21
711.760262 420.369372 21
712.263417 421.240861 21
712.766571 422.112350 21
713.269726 422.983840 21
713.772880 423.855329 21
714.276035 424.726818 21
714.779189 425.598307 21
715.282343 426.469796 21
715.785498 427.341285 21
716.791807 429.084263 21
717.798116 430.827241 21
718.301270 431.698730 21
718.804424 432.570219 21
719.307579 433.441708 21
719.810733 434.313197 21
720.313888 435.184686 21
720.817042 436.056175 21
721.823351 437.799153 21
722.326505 438.670642 21
722.829660 439.542131 21
723.332814 440.413620 21
723.835969 441.285110 21
725.345432 443.899577 21
725.848586 444.771066 21
726.351741 445.642555 21
726.854895 446.514044 21
727.358050 447.385533 21
727.861204 448.257022 21
728.364359 449.128511 21
728.867513 450.000000 21
728.867513 450.000000 20
729.873822 450.000000 20
730.880131 450.000000 20
731.886440 450.000000 20
734.905366 450.000000 20
735.911675 450.000000 20
736.917984 450.000000 20
737.924293 450.000000 20
738.930602 450.000000 20
739.936911 450.000000 20
741.949529 450.000000 20
743.962147 450.000000 20
744.968455 450.000000 20
746.981073 450.000000 20
747.987382 450.000000 20
748.993691 450.000000 20
750.000000 450.000000 20
751.006309 450.000000 20
752.012618 450.000000 20
754.025236 450.000000 20
755.031545 450.000000 20
756.037853 450.000000 20
757.044162 450.000000 20
759.056780 450.000000 20
760.063089 450.000000 20
761.069398 450.000000 20
762.075707 450.000000 20
763.082016 450.000000 20
764.088325 450.000000 20
765.094634 450.000000 20
766.100942 450.000000 20
767.107251 450.000000 20
768.113560 450.000000 20
769.119869 450.000000 20
770.126178 450.000000 20
771.132487 450.000000 20
773.141850 446.519681 19
774.648873 443.909441 19
775.151214 443.039361 19
776.155895 441.299201 19
777.160577 439.559042 19
778.165259 437.818882 19
780.676963 433.468482 19
781.681645 431.728323 19
782.183986 430.858243 19
782.686326 429.988163 19
783.188667 429.118083 19
785.198031 425.637764 19
785.700372 424.767684 19
787.207394 422.157444 19
787.709735 421.287364 19
788.714417 419.547204 19
789.719098 417.807045 19
790.221439 416.936965 19
790.723780 416.066885 19
791.226121 415.196805 19
795.244848 408.236166 19
797.756552 403.885767 19
798.258893 403.015687 19
801.775279 396.925128 19
802.277620 396.055048 19
803.784642 393.444808 19
806.798687 388.224329 19
808.808051 384.744010 19
809.812732 383.003850 19
810.817414 381.263690 19
812.826777 377.783371 19
813.329118 376.913291 19
814.836141 374.303051 19
815.840822 372.562891 19
816.845504 370.822732 19
818.352527 368.212492 19
818.854867 367.342412 19
819.859549 365.602252 19
820.361890 364.732172 19
821.366572 362.992013 19
821.868913 362.121933 19
822.371253 361.251853 19
823.878276 358.641613 19
824.882958 356.901454 19
825.385298 356.031374 19
828.399344 350.810895 19
829.404025 349.070735 19
830.408707 347.330575 19
833.422752 342.110096 19
835.432115 338.629776 19
835.934456 337.759696 19
836.436797 336.889617 19
837.943820 334.279377 19
838.446161 333.409297 19
838.948501 332.539217 19
839.450842 331.669137 19
840.957865 329.058898 19
841.460206 328.188818 19
842.464887 326.448658 19
843.469569 324.708498 19
844.976592 322.098259 19
845.981273 320.358099 19
846.985955 318.617939 19
847.990637 316.877779 19
848.995318 315.137620 19
851.004682 315.137620 18
853.014045 318.617939 18
854.018727 320.358099 18
854.521068 321.228179 18
855.525749 322.968339 18
857.032772 325.578578 18
857.535113 326.448658 18
860.046817 330.799057 18
860.549158 331.669137 18
861.051499 332.539217 18
863.563203 336.889617 18
864.065544 337.759696 18
865.070225 339.499856 18
868.586611 345.590415 18
869.591293 347.330575 18
870.093634 348.200655 18
871.098316 349.940815 18
871.600656 350.810895 18
872.102997 351.680974 18
873.107679 353.421134 18
875.117042 356.901454 18
875.619383 357.771534 18
877.628747 361.251853 18
878.131087 362.121933 18
878.633428 362.992013 18
879.135769 363.862093 18
881.145133 367.342412 18
881.647473 368.212492 18
882.652155 369.952652 18
883.154496 370.822732 18
884.159178 372.562891 18
884.661518 373.432971 18
885.666200 375.173131 18
886.168541 376.043211 18
886.670882 376.913291 18
887.675564 378.653450 18
888.177904 379.523530 18
888.680245 380.393610 18
891.191949 384.744010 18
891.694290 385.614089 18
893.201313 388.224329 18
893.703654 389.094409 18
895.210676 391.704649 18
900.234085 400.405447 18
901.741107 403.015687 18
902.243448 403.885767 18
902.745789 404.755847 18
903.750471 406.496006 18
904.252811 407.366086 18
904.755152 408.236166 18
905.257493 409.106246 18
905.759834 409.976326 18
906.764516 411.716486 18
907.266857 412.586565 18
907.769197 413.456645 18
908.271538 414.326725 18
910.783243 418.677125 18
911.787924 420.417284 18
912.290265 421.287364 18
913.797288 423.897604 18
914.299628 424.767684 18
914.801969 425.637764 18
915.806651 427.377923 18
916.308992 428.248003 18
917.313674 429.988163 18
917.816014 430.858243 18
920.830059 436.078722 18
921.332400 436.948802 18
921.834741 437.818882 18
922.337082 438.688962 18
923.844105 441.299201 18
926.355809 445.649601 18
926.858150 446.519681 18
928.867513 450.000000 18
928.867513 450.000000 17
930.871245 450.000000 17
931.873111 450.000000 17
934.878709 450.000000 17
935.880575 450.000000 17
936.882441 450.000000 17
937.884307 450.000000 17
938.886173 450.000000 17
939.888039 450.000000 17
940.889905 450.000000 17
941.891771 450.000000 17
943.895503 450.000000 17
945.899235 450.000000 17
946.901101 450.000000 17
947.902967 450.000000 17
948.904833 450.000000 17
949.906699 450.000000 17
951.910431 450.000000 17
952.912297 450.000000 17
953.914163 450.000000 17
954.916029 450.000000 17
956.919761 450.000000 17
958.923493 450.000000 17
959.925359 450.000000 17
962.930957 450.000000 17
964.934690 450.000000 17
965.936556 450.000000 17
967.940288 450.000000 17
968.942154 450.000000 17
969.944020 450.000000 17
970.945886 450.000000 17
971.947752 450.000000 17
974.953350 450.000000 17
975.955216 450.000000 17
976.957082 450.000000 17
978.960814 450.000000 17
980.964546 450.000000 17
982.968278 450.000000 17
983.970144 450.000000 17
985.973876 450.000000 17
986.975742 450.000000 17
987.977608 450.000000 17
990.983206 450.000000 17
992.986938 450.000000 17
993.988804 450.000000 17
994.990670 450.000000 17
995.992536 450.000000 17
997.996268 450.000000 17
1000.000000 450.000000 16
1000.000000 457.000000 16
1000.000000 459.000000 16
1000.000000 460.000000 16
1000.000000 461.000000 16
1000.000000 465.000000 16
1000.000000 466.000000 16
1000.000000 467.000000 16
1000.000000 468.000000 16
1000.000000 471.000000 16
1000.000000 473.000000 16
1000.000000 474.000000 16
1000.000000 475.000000 16
1000.000000 479.000000 16
1000.000000 483.000000 16
1000.000000 485.000000 16
1000.000000 491.000000 16
1000.000000 493.000000 16
1000.000000 496.000000 16
1000.000000 498.000000 16
1000.000000 500.000000 16
1000.000000 503.000000 16
1000.000000 504.000000 16
1000.000000 506.000000 16
1000.000000 507.000000 16
1000.000000 508.000000 16
1000.000000 509.000000 16
1000.000000 510.000000 16
1000.000000 511.000000 16
1000.000000 512.000000 16
1000.000000 516.000000 16
1000.000000 518.000000 16
1000.000000 521.000000 16
1000.000000 523.000000 16
1000.000000 524.000000 16
1000.000000 527.000000 16
1000.000000 529.000000 16
1000.000000 531.000000 16
1000.000000 534.000000 16
1000.000000 536.000000 16
1000.000000 537.000000 16
1000.000000 539.000000 16
1000.000000 540.000000 16
1000.000000 541.000000 16
1000.000000 544.000000 16
1000.000000 545.000000 16
1000.000000 546.000000 16
1000.000000 547.000000 16
1000.000000 548.000000 16
1000.000000 549.000000 16
998.993223 550.000000 15
994.966113 550.000000 15
993.959335 550.000000 15
991.945780 550.000000 15
990.939003 550.000000 15
988.925448 550.000000 15
986.911893 550.000000 15
985.905116 550.000000 15
983.891561 550.000000 15
981.878006 550.000000 15
979.864451 550.000000 15
976.844119 550.000000 15
973.823786 550.000000 15
969.796677 550.000000 15
968.789899 550.000000 15
966.776344 550.000000 15
956.708570 550.000000 15
953.688238 550.000000 15
952.681460 550.000000 15
951.674683 550.000000 15
950.667905 550.000000 15
946.640795 550.000000 15
944.627241 550.000000 15
943.620463 550.000000 15
942.613686 550.000000 15
941.606908 550.000000 15
940.600131 550.000000 15
939.593353 550.000000 15
938.586576 550.000000 15
937.579798 550.000000 15
935.566243 550.000000 15
932.545911 550.000000 15
930.532356 550.000000 15
927.512024 550.000000 15
926.505246 550.000000 15
922.478137 550.000000 15
921.471359 550.000000 15
919.457804 550.000000 15
916.437472 550.000000 15
915.430695 550.000000 15
912.410362 550.000000 15
911.403585 550.000000 15
910.396807 550.000000 15
906.369698 550.000000 15
905.362920 550.000000 15
902.342588 550.000000 15
901.335810 550.000000 15
900.329033 550.000000 15
899.322255 550.000000 15
898.315478 550.000000 15
897.308701 550.000000 15
894.288368 550.000000 15
893.281591 550.000000 15
889.254481 550.000000 15
885.227371 550.000000 15
884.220594 550.000000 15
883.213816 550.000000 15
882.207039 550.000000 15
880.193484 550.000000 15
877.173152 550.000000 15
876.166374 550.000000 15
874.152819 550.000000 15
873.146042 550.000000 15
871.132487 550.000000 14
870.629333 549.128511 14
870.126178 548.257022 14
869.119869 546.514044 14
868.616715 545.642555 14
868.113560 544.771066 14
867.610406 543.899577 14
867.107251 543.028088 14
866.604097 542.156599 14
866.100942 541.285110 14
865.597788 540.413620 14
865.094634 539.542131 14
864.088325 537.799153 14
863.082016 536.056175 14
862.578861 535.184686 14
862.075707 534.313197 14
861.572552 533.441708 14
861.069398 532.570219 14
860.063089 530.827241 14
858.553626 528.212774 14
858.050471 527.341285 14
857.547317 526.469796 14
857.044162 525.598307 14
856.541008 524.726818 14
856.037853 523.855329 14
855.534699 522.983840 14
855.031545 522.112350 14
854.528390 521.240861 14
854.025236 520.369372 14
853.522081 519.497883 14
852.515772 517.754905 14
852.012618 516.883416 14
851.509463 516.011927 14
851.006309 515.140438 14
850.503154 514.268949 14
850.000000 513.397460 14
850.000000 513.397460 13
849.496846 514.268949 13
848.993691 515.140438 13
848.490537 516.011927 13
847.987382 516.883416 13
847.484228 517.754905 13
846.981073 518.626394 13
846.477919 519.497883 13
845.974764 520.369372 13
845.471610 521.240861 13
844.968455 522.112350 13
843.962147 523.855329 13
843.458992 524.726818 13
842.452683 526.469796 13
841.949529 527.341285 13
841.446374 528.212774 13
840.943220 529.084263 13
840.440065 529.955752 13
839.936911 530.827241 13
839.433757 531.698730 13
838.930602 532.570219 13
838.427448 533.441708 13
837.924293 534.313197 13
837.421139 535.184686 13
836.917984 536.056175 13
836.414830 536.927664 13
835.911675 537.799153 13
835.408521 538.670642 13
834.905366 539.542131 13
834.402212 540.413620 13
833.899058 541.285110 13
833.395903 542.156599 13
832.892749 543.028088 13
832.389594 543.899577 13
831.886440 544.771066 13
831.383285 545.642555 13
830.880131 546.514044 13
830.376976 547.385533 13
829.873822 548.257022 13
829.370667 549.128511 13
828.867513 550.000000 13
825.853468 550.000000 12
822.839423 550.000000 12
815.806651 550.000000 12
814.801969 550.000000 12
809.778561 550.000000 12
808.773879 550.000000 12
807.769197 550.000000 12
806.764516 550.000000 12
804.755152 550.000000 12
803.750471 550.000000 12
798.727062 550.000000 12
793.703654 550.000000 12
789.684927 550.000000 12
787.675564 550.000000 12
784.661518 550.000000 12
783.656837 550.000000 12
782.652155 550.000000 12
781.647473 550.000000 12
778.633428 550.000000 12
774.614702 550.000000 12
772.605338 550.000000 12
771.600656 550.000000 12
767.581930 550.000000 12
766.577248 550.000000 12
761.553839 550.000000 12
759.544476 550.000000 12
756.530431 550.000000 12
748.492977 550.000000 12
744.474251 550.000000 12
742.464887 550.000000 12
740.455524 550.000000 12
739.450842 550.000000 12
737.441479 550.000000 12
736.436797 550.000000 12
735.432115 550.000000 12
733.422752 550.000000 12
732.418070 550.000000 12
730.408707 550.000000 12
727.394662 550.000000 12
725.385298 550.000000 12
720.361890 550.000000 12
717.347845 550.000000 12
716.343163 550.000000 12
715.338482 550.000000 12
707.301028 550.000000 12
703.282301 550.000000 12
701.272938 550.000000 12
699.263574 550.000000 12
696.249529 550.000000 12
693.235484 550.000000 12
692.230803 550.000000 12
690.221439 550.000000 12
689.216757 550.000000 12
687.207394 550.000000 12
684.193349 550.000000 12
678.165259 550.000000 12
675.151214 550.000000 12
673.141850 550.000000 12
669.625464 547.389760 11
668.620783 545.649601 11
667.113760 543.039361 11
666.109078 541.299201 11
664.099715 537.818882 11
663.095033 536.078722 11
662.592692 535.208642 11
662.090352 534.338562 11
660.583329 531.728323 11
659.578647 529.988163 11
659.076307 529.118083 11
658.071625 527.377923 11
657.569284 526.507843 11
657.066943 525.637764 11
656.564602 524.767684 11
654.555239 521.287364 11
653.550557 519.547204 11
652.043535 516.936965 11
651.541194 516.066885 11
650.536512 514.326725 11
649.531830 512.586565 11
648.527149 510.846406 11
648.024808 509.976326 11
646.015444 506.496006 11
645.513103 505.625926 11
644.006081 503.015687 11
643.001399 501.275527 11
639.987354 496.055048 11
638.982672 494.314888 11
635.968627 489.094409 11
634.461605 486.484169 11
633.959264 485.614089 11
633.456923 484.744010 11
629.438196 477.783371 11
628.935855 476.913291 11
628.433514 476.043211 11
627.931174 475.173131 11
623.410106 467.342412 11
622.405424 465.602252 11
619.893720 461.251853 11
618.889038 459.511693 11
618.386697 458.641613 11
617.382016 456.901454 11
616.879675 456.031374 11
615.874993 454.291214 11
615.372652 453.421134 11
612.860948 449.070735 11
612.358607 448.200655 11
611.353925 446.460495 11
609.846903 443.850256 11
609.344562 442.980176 11
608.842221 442.110096 11
608.339880 441.240016 11
607.837539 440.369936 11
607.335199 439.499856 11
606.832858 438.629776 11
605.325835 436.019537 11
602.814131 431.669137 11
601.307108 429.058898 11
599.800086 426.448658 11
599.297745 425.578578 11
598.795404 424.708498 11
598.293063 423.838418 11
596.786041 421.228179 11
594.776677 417.747859 11
593.771996 416.007700 11
593.269655 415.137620 11
592.264973 413.397460 11
592.264973 413.397460 10
592.768127 412.525971 10
593.271282 411.654482 10
593.774436 410.782993 10
594.277591 409.911504 10
594.780745 409.040015 10
595.283900 408.168526 10
595.787054 407.297036 10
596.793363 405.554058 10
597.296518 404.682569 10
597.799672 403.811080 10
598.302826 402.939591 10
598.805981 402.068102 10
599.309135 401.196613 10
599.812290 400.325124 10
600.315444 399.453635 10
601.321753 397.710657 10
601.824908 396.839168 10
602.328062 395.967679 10
602.831216 395.096190 10
603.837525 393.353211 10
604.340680 392.481722 10
604.843834 391.610233 10
605.346989 390.738744 10
605.850143 389.867255 10
606.353298 388.995766 10
606.856452 388.124277 10
607.359607 387.252788 10
608.365915 385.509810 10
608.869070 384.638321 10
609.372224 383.766832 10
609.875379 382.895342 10
610.378533 382.023853 10
611.384842 380.280875 10
611.887997 379.409386 10
612.391151 378.537897 10
612.894306 377.666408 10
613.397460 376.794919 10
613.397460 376.794919 9
612.391151 376.794919 9
610.378533 376.794919 9
609.372224 376.794919 9
608.365916 376.794919 9
606.353298 376.794919 9
605.346989 376.794919 9
604.340680 376.794919 9
603.334371 376.794919 9
602.328062 376.794919 9
601.321753 376.794919 9
600.315445 376.794919 9
599.309136 376.794919 9
598.302827 376.794919 9
597.296518 376.794919 9
596.290209 376.794919 9
595.283900 376.794919 9
594.277591 376.794919 9
593.271282 376.794919 9
592.264973 376.794919 9
591.258665 376.794919 9
589.246047 376.794919 9
587.233429 376.794919 9
585.220811 376.794919 9
584.214502 376.794919 9
583.208194 376.794919 9
582.201885 376.794919 9
581.195576 376.794919 9
580.189267 376.794919 9
579.182958 376.794919 9
578.176649 376.794919 9
577.170340 376.794919 9
576.164031 376.794919 9
575.157723 376.794919 9
574.151414 376.794919 9
571.132487 376.794919 9
571.132487 376.794919 8
570.629333 375.923430 8
570.126178 375.051941 8
569.623024 374.180452 8
569.119869 373.308963 8
568.616715 372.437474 8
568.113560 371.565985 8
567.610406 370.694496 8
567.107251 369.823007 8
566.604097 368.951518 8
565.597788 367.208539 8
565.094634 366.337050 8
564.591479 365.465561 8
564.088325 364.594072 8
563.585170 363.722583 8
563.082016 362.851094 8
562.578861 361.979605 8
562.075707 361.108116 8
561.572552 360.236627 8
561.069398 359.365138 8
560.566243 358.493649 8
560.063089 357.622160 8
559.559935 356.750671 8
558.553626 355.007693 8
558.050471 354.136204 8
557.547317 353.264715 8
557.044162 352.393226 8
556.541008 351.521737 8
556.037853 350.650248 8
555.534699 349.778759 8
555.031545 348.907269 8
554.528390 348.035780 8
554.025236 347.164291 8
553.018927 345.421313 8
552.515772 344.549824 8
552.012618 343.678335 8
551.509463 342.806846 8
551.006309 341.935357 8
550.503154 341.063868 8
550.000000 340.192379 8
550.000000 340.192379 7
549.496846 341.063868 7
548.490537 342.806846 7
547.987382 343.678335 7
547.484228 344.549824 7
546.981073 345.421313 7
546.477919 346.292802 7
545.974764 347.164291 7
545.471610 348.035780 7
544.968455 348.907269 7
544.465301 349.778759 7
543.962147 350.650248 7
543.458992 351.521737 7
542.955838 352.393226 7
542.452683 353.264715 7
541.949529 354.136204 7
541.446374 355.007693 7
540.943220 355.879182 7
540.440065 356.750671 7
539.936911 357.622160 7
538.930602 359.365138 7
538.427448 360.236627 7
537.924293 361.108116 7
537.421139 361.979605 7
536.414830 363.722583 7
535.911675 364.594072 7
535.408521 365.465561 7
534.402212 367.208539 7
533.899058 368.080029 7
533.395903 368.951518 7
532.892749 369.823007 7
532.389594 370.694496 7
531.886440 371.565985 7
531.383285 372.437474 7
530.880131 373.308963 7
530.376976 374.180452 7
529.873822 375.051941 7
529.370667 375.923430 7
528.867513 376.794919 7
528.867513 376.794919 6
527.861204 376.794919 6
526.854895 376.794919 6
525.848586 376.794919 6
524.842277 376.794919 6
523.835969 376.794919 6
522.829660 376.794919 6
521.823351 376.794919 6
519.810733 376.794919 6
518.804424 376.794919 6
517.798115 376.794919 6
516.791806 376.794919 6
515.785498 376.794919 6
514.779189 376.794919 6
513.772880 376.794919 6
512.766571 376.794919 6
511.760262 376.794919 6
510.753953 376.794919 6
509.747644 376.794919 6
508.741335 376.794919 6
506.728718 376.794919 6
505.722409 376.794919 6
504.716100 376.794919 6
503.709791 376.794919 6
502.703482 376.794919 6
501.697173 376.794919 6
500.690864 376.794919 6
499.684555 376.794919 6
498.678247 376.794919 6
497.671938 376.794919 6
496.665629 376.794919 6
495.659320 376.794919 6
494.653011 376.794919 6
493.646702 376.794919 6
492.640393 376.794919 6
491.634084 376.794919 6
490.627776 376.794919 6
489.621467 376.794919 6
487.608849 376.794919 6
486.602540 376.794919 6
486.602540 376.794919 5
487.105694 377.666408 5
487.608849 378.537897 5
488.112003 379.409386 5
488.615158 380.280875 5
489.118312 381.152364 5
489.621467 382.023853 5
490.124621 382.895342 5
490.627776 383.766832 5
492.640393 387.252788 5
493.143548 388.124277 5
493.646702 388.995766 5
494.149857 389.867255 5
494.653011 390.738744 5
495.156166 391.610233 5
495.659320 392.481722 5
496.162475 393.353211 5
496.665629 394.224700 5
497.168784 395.096190 5
497.671938 395.967679 5
498.175092 396.839168 5
498.678247 397.710657 5
499.181401 398.582146 5
499.684556 399.453635 5
500.187710 400.325124 5
500.690865 401.196613 5
501.194019 402.068102 5
501.697174 402.939591 5
502.703482 404.682569 5
503.206637 405.554058 5
503.709791 406.425547 5
504.212946 407.297036 5
504.716100 408.168526 5
505.219255 409.040015 5
505.722409 409.911504 5
506.225564 410.782993 5
507.231873 412.525971 5
507.735027 413.397460 5
507.735027 413.397460 4
503.716300 420.358099 4
503.213959 421.228179 4
502.711618 422.098259 4
501.706937 423.838418 4
497.185869 431.669137 4
496.181187 433.409297 4
495.678847 434.279377 4
495.176506 435.149457 4
492.162461 440.369936 4
491.660120 441.240016 4
489.148415 445.590415 4
488.646075 446.460495 4
486.636711 449.940815 4
486.134370 450.810895 4
485.129689 452.551054 4
484.627348 453.421134 4
484.125007 454.291214 4
483.622666 455.161294 4
483.120325 456.031374 4
482.617984 456.901454 4
482.115643 457.771534 4
481.110962 459.511693 4
480.106280 461.251853 4
478.096917 464.732172 4
476.589894 467.342412 4
475.585212 469.082572 4
473.575849 472.562891 4
473.073508 473.432971 4
472.571167 474.303051 4
469.557122 479.523530 4
469.054781 480.393610 4
468.050100 482.133770 4
467.547759 483.003850 4
466.543077 484.744010 4
465.036054 487.354249 4
464.533714 488.224329 4
463.529032 489.964489 4
461.519668 493.444808 4
460.012646 496.055048 4
459.510305 496.925128 4
458.505623 498.665288 4
456.998601 501.275527 4
453.984556 506.496006 4
452.477533 509.106246 4
451.472851 510.846406 4
446.951784 518.677125 4
446.449443 519.547204 4
445.444761 521.287364 4
444.942420 522.157444 4
443.435398 524.767684 4
441.426034 528.248003 4
440.421353 529.988163 4
439.919012 530.858243 4
438.914330 532.598403 4
437.909648 534.338562 4
437.407308 535.208642 4
436.904967 536.078722 4
436.402626 536.948802 4
431.379217 545.649601 4
430.374536 547.389760 4
429.872195 548.259840 4
429.369854 549.129920 4
428.867513 550.000000 4
427.862831 550.000000 3
426.858150 550.000000 3
423.844105 550.000000 3
422.839423 550.000000 3
417.816014 550.000000 3
415.806651 550.000000 3
414.801969 550.000000 3
412.792606 550.000000 3
408.773879 550.000000 3
407.769197 550.000000 3
405.759834 550.000000 3
401.741107 550.000000 3
394.708335 550.000000 3
392.698972 550.000000 3
389.684927 550.000000 3
388.680245 550.000000 3
385.666200 550.000000 3
382.652155 550.000000 3
380.642792 550.000000 3
378.633428 550.000000 3
375.619383 550.000000 3
369.591293 550.000000 3
367.581930 550.000000 3
362.558521 550.000000 3
360.549158 550.000000 3
359.544476 550.000000 3
358.539794 550.000000 3
356.530431 550.000000 3
355.525749 550.000000 3
353.516386 550.000000 3
352.511704 550.000000 3
351.507023 550.000000 3
350.502341 550.000000 3
346.483614 550.000000 3
344.474251 550.000000 3
343.469569 550.000000 3
337.441479 550.000000 3
336.436797 550.000000 3
334.427434 550.000000 3
332.418070 550.000000 3
330.408707 550.000000 3
329.404025 550.000000 3
327.394662 550.000000 3
323.375935 550.000000 3
321.366572 550.000000 3
319.357208 550.000000 3
316.343163 550.000000 3
315.338482 550.000000 3
313.329118 550.000000 3
312.324436 550.000000 3
310.315073 550.000000 3
307.301028 550.000000 3
305.291665 550.000000 3
302.277620 550.000000 3
300.268256 550.000000 3
299.263574 550.000000 3
298.258893 550.000000 3
297.254211 550.000000 3
296.249529 550.000000 3
294.240166 550.000000 3
291.226121 550.000000 3
290.221439 550.000000 3
287.207394 550.000000 3
280.174622 550.000000 3
279.169941 550.000000 3
277.160577 550.000000 3
272.137169 550.000000 3
271.132487 550.000000 2
270.629333 549.128511 2
270.126178 548.257022 2
269.623024 547.385533 2
269.119869 546.514044 2
268.616715 545.642555 2
268.113560 544.771066 2
267.610406 543.899577 2
267.107251 543.028088 2
265.597788 540.413620 2
265.094634 539.542131 2
264.591479 538.670642 2
264.088325 537.799153 2
263.585170 536.927664 2
263.082016 536.056175 2
262.578861 535.184686 2
262.075707 534.313197 2
261.572552 533.441708 2
261.069398 532.570219 2
260.566244 531.698730 2
260.063089 530.827241 2
259.559935 529.955752 2
259.056780 529.084263 2
258.553626 528.212774 2
258.050471 527.341285 2
257.547317 526.469796 2
257.044162 525.598307 2
256.541008 524.726818 2
256.037853 523.855329 2
255.031545 522.112350 2
254.528390 521.240861 2
254.025236 520.369372 2
253.522081 519.497883 2
253.018927 518.626394 2
252.012618 516.883416 2
251.509463 516.011927 2
251.006309 515.140438 2
250.503154 514.268949 2
250.000000 513.397460 2
250.000000 513.397460 1
249.496846 514.268949 1
248.993691 515.140438 1
248.490537 516.011927 1
247.987382 516.883416 1
247.484228 517.754905 1
246.981073 518.626394 1
245.974764 520.369372 1
244.968455 522.112350 1
244.465301 522.983840 1
243.962147 523.855329 1
243.458992 524.726818 1
242.452683 526.469796 1
240.943220 529.084263 1
240.440065 529.955752 1
239.936911 530.827241 1
239.433757 531.698730 1
238.930602 532.570219 1
238.427448 533.441708 1
237.924293 534.313197 1
237.421139 535.184686 1
236.917984 536.056175 1
236.414830 536.927664 1
235.911675 537.799153 1
235.408521 538.670642 1
234.905366 539.542131 1
234.402212 540.413620 1
233.899058 541.285110 1
233.395903 542.156599 1
232.892749 543.028088 1
232.389594 543.899577 1
231.886440 544.771066 1
231.383285 545.642555 1
230.880131 546.514044 1
229.873822 548.257022 1
229.370667 549.128511 1
228.867513 550.000000 1
221.820071 550.000000 0
219.806516 550.000000 0
217.792961 550.000000 0
214.772629 550.000000 0
213.765851 550.000000 0
212.759074 550.000000 0
211.752296 550.000000 0
209.738742 550.000000 0
208.731964 550.000000 0
204.704854 550.000000 0
203.698077 550.000000 0
202.691299 550.000000 0
201.684522 550.000000 0
200.677745 550.000000 0
199.670967 550.000000 0
198.664190 550.000000 0
197.657412 550.000000 0
195.643857 550.000000 0
193.630302 550.000000 0
192.623525 550.000000 0
188.596415 550.000000 0
187.589638 550.000000 0
186.582860 550.000000 0
183.562528 550.000000 0
180.542196 550.000000 0
179.535418 550.000000 0
176.515086 550.000000 0
174.501531 550.000000 0
173.494754 550.000000 0
166.447311 550.000000 0
161.413424 550.000000 0
158.393092 550.000000 0
157.386314 550.000000 0
155.372759 550.000000 0
154.365982 550.000000 0
153.359205 550.000000 0
152.352427 550.000000 0
151.345650 550.000000 0
149.332095 550.000000 0
144.298208 550.000000 0
143.291430 550.000000 0
142.284653 550.000000 0
141.277875 550.000000 0
140.271098 550.000000 0
137.250765 550.000000 0
136.243988 550.000000 0
131.210101 550.000000 0
130.203323 550.000000 0
126.176214 550.000000 0
124.162659 550.000000 0
123.155881 550.000000 0
122.149104 550.000000 0
118.121994 550.000000 0
116.108439 550.000000 0
113.088107 550.000000 0
112.081329 550.000000 0
111.074552 550.000000 0
110.067774 550.000000 0
106.040665 550.000000 0
104.027110 550.000000 0
101.006777 550.000000 0
100.000000 550.000000 0
