1430
100.000000 450.000000 32
101.001866 450.000000 32
103.005598 450.000000 32
104.007464 450.000000 32
105.009330 450.000000 32
110.018660 450.000000 32
111.020526 450.000000 32
112.022392 450.000000 32
119.035454 450.000000 32
123.042918 450.000000 32
126.048516 450.000000 32
127.050382 450.000000 32
130.055980 450.000000 32
132.059712 450.000000 32
135.065310 450.000000 32
136.067177 450.000000 32
137.069043 450.000000 32
138.070909 450.000000 32
139.072775 450.000000 32
140.074641 450.000000 32
141.076507 450.000000 32
143.080239 450.000000 32
144.082105 450.000000 32
145.083971 450.000000 32
146.085837 450.000000 32
147.087703 450.000000 32
151.095167 450.000000 32
152.097033 450.000000 32
154.100765 450.000000 32
155.102631 450.000000 32
156.104497 450.000000 32
157.106363 450.000000 32
158.108229 450.000000 32
159.110095 450.000000 32
162.115693 450.000000 32
163.117559 450.000000 32
164.119425 450.000000 32
165.121291 450.000000 32
166.123157 450.000000 32
167.125023 450.000000 32
169.128755 450.000000 32
170.130621 450.000000 32
171.132487 450.000000 32
172.137169 448.259840 31
176.155895 441.299201 31
176.658236 440.429121 31
180.676963 433.468482 31
186.202712 423.897604 31
188.212076 420.417284 31
189.216757 418.677125 31
189.719098 417.807045 31
190.221439 416.936965 31
190.723780 416.066885 31
191.728462 414.326725 31
194.742507 409.106246 31
195.747189 407.366086 31
196.249529 406.496006 31
197.756552 403.885767 31
198.258893 403.015687 31
201.272938 397.795208 31
203.282301 394.314888 31
203.784642 393.444808 31
204.286983 392.574728 31
205.794005 389.964489 31
206.296346 389.094409 31
207.803369 386.484169 31
214.333800 375.173131 31
215.338482 373.432971 31
215.840822 372.562891 31
216.343163 371.692811 31
217.850186 369.082572 31
219.357208 366.472332 31
219.859549 365.602252 31
220.361890 364.732172 31
222.371253 361.251853 31
223.375935 359.511693 31
225.385298 356.031374 31
227.394662 352.551054 31
228.901684 349.940815 31
230.911048 346.460495 31
232.418070 343.850256 31
233.925093 341.240016 31
236.436797 336.889617 31
238.446161 333.409297 31
238.948501 332.539217 31
241.460206 328.188818 31
243.971910 323.838418 31
244.976592 322.098259 31
245.478932 321.228179 31
245.981273 320.358099 31
246.985955 318.617939 31
247.990637 316.877779 31
248.995318 315.137620 31
249.497659 314.267540 31
250.000000 313.397460 31
250.502341 314.267540 30
251.004682 315.137620 30
252.009363 316.877779 30
254.018727 320.358099 30
256.530431 324.708498 30
259.544476 329.928978 30
260.549158 331.669137 30
262.558521 335.149457 30
263.060862 336.019537 30
266.577248 342.110096 30
269.088952 346.460495 30
270.595975 349.070735 30
273.610020 354.291214 30
274.614702 356.031374 30
275.619383 357.771534 30
278.633428 362.992013 30
281.647473 368.212492 30
282.149814 369.082572 30
282.652155 369.952652 30
283.154496 370.822732 30
284.159178 372.562891 30
286.670882 376.913291 30
289.182586 381.263690 30
289.684927 382.133770 30
292.196631 386.484169 30
295.713017 392.574728 30
296.215358 393.444808 30
297.220040 395.184968 30
300.736426 401.275527 30
301.741107 403.015687 30
302.243448 403.885767 30
302.745789 404.755847 30
305.759834 409.976326 30
308.773879 415.196805 30
309.276220 416.066885 30
310.783243 418.677125 30
311.787924 420.417284 30
312.792606 422.157444 30
314.299628 424.767684 30
316.811333 429.118083 30
317.313674 429.988163 30
317.816014 430.858243 30
318.318355 431.728323 30
319.825378 434.338562 30
320.327719 435.208642 30
328.867513 450.000000 29
329.873822 450.000000 29
330.880131 450.000000 29
331.886440 450.000000 29
332.892749 450.000000 29
333.899058 450.000000 29
334.905366 450.000000 29
336.917984 450.000000 29
337.924293 450.000000 29
339.936911 450.000000 29
340.943220 450.000000 29
341.949529 450.000000 29
342.955838 450.000000 29
343.962147 450.000000 29
344.968455 450.000000 29
345.974764 450.000000 29
346.981073 450.000000 29
348.993691 450.000000 29
350.000000 450.000000 29
351.006309 450.000000 29
352.012618 450.000000 29
353.018927 450.000000 29
354.025236 450.000000 29
355.031545 450.000000 29
356.037853 450.000000 29
357.044162 450.000000 29
359.056780 450.000000 29
360.063089 450.000000 29
361.069398 450.000000 29
363.082016 450.000000 29
364.088325 450.000000 29
365.094634 450.000000 29
369.119869 450.000000 29
371.132487 450.000000 29
371.132487 450.000000 28
371.635641 449.128511 28
372.641950 447.385533 28
373.648259 445.642555 28
374.151414 444.771066 28
374.654568 443.899577 28
375.157722 443.028088 28
375.660877 442.156599 28
376.164031 441.285110 28
377.673495 438.670642 28
379.182958 436.056175 28
380.692421 433.441708 28
381.698730 431.698730 28
382.705039 429.955752 28
383.208193 429.084263 28
383.711348 428.212774 28
384.214502 427.341285 28
384.717657 426.469796 28
385.220811 425.598307 28
386.227120 423.855329 28
386.730274 422.983840 28
387.233429 422.112350 28
389.246046 418.626394 28
389.749201 417.754905 28
390.252355 416.883416 28
391.258664 415.140438 28
391.761819 414.268949 28
392.264973 413.397460 28
391.260291 411.657300 27
389.753269 409.047061 27
389.250928 408.176981 27
388.748587 407.306901 27
387.241565 404.696661 27
386.236883 402.956501 27
385.232201 401.216342 27
384.729860 400.346262 27
383.725179 398.606102 27
382.218156 395.995862 27
380.711134 393.385623 27
378.199429 389.035223 27
377.697088 388.165144 27
377.194748 387.295064 27
376.190066 385.554904 27
374.180703 382.074584 27
373.678362 381.204504 27
373.176021 380.334425 27
372.171339 378.594265 27
371.166657 376.854105 27
370.664317 375.984025 27
370.161976 375.113945 27
369.157294 373.373786 27
367.147931 369.893466 27
364.133886 364.672987 27
360.115159 357.712348 27
359.110477 355.972188 27
358.105795 354.232028 27
356.598773 351.621789 27
356.096432 350.751709 27
355.594091 349.881629 27
354.087069 347.271389 27
353.584728 346.401309 27
353.082387 345.531229 27
352.580046 344.661150 27
351.575364 342.920990 27
351.073024 342.050910 27
350.570683 341.180830 27
349.566001 339.440670 27
348.561319 337.700511 27
348.058978 336.830431 27
347.556638 335.960351 27
346.049615 333.350111 27
345.547274 332.480031 27
345.044933 331.609951 27
344.542593 330.739871 27
343.035570 328.129632 27
340.021525 322.909153 27
339.016843 321.168993 27
336.505139 316.818593 27
336.002798 315.948514 27
335.500457 315.078434 27
334.495776 313.338274 27
333.993435 312.468194 27
333.491094 311.598114 27
332.486412 309.857954 27
331.984071 308.987875 27
329.472367 304.637475 27
326.960663 300.287076 27
326.458322 299.416996 27
324.448959 295.936676 27
322.941936 293.326437 27
322.439595 292.456357 27
321.937254 291.586277 27
320.430232 288.976037 27
319.425550 287.235878 27
318.923209 286.365798 27
317.918528 284.625638 27
316.913846 282.885478 27
316.411505 282.015398 27
314.904483 279.405159 27
314.402142 278.535079 27
313.899801 277.664999 27
313.397460 276.794919 27
314.402142 276.794919 26
315.406823 276.794919 26
317.416187 276.794919 26
319.425550 276.794919 26
320.430232 276.794919 26
325.453640 276.794919 26
326.458322 276.794919 26
334.495776 276.794919 26
339.519184 276.794919 26
341.528548 276.794919 26
344.542593 276.794919 26
347.556638 276.794919 26
355.594091 276.794919 26
356.598773 276.794919 26
358.608137 276.794919 26
359.612818 276.794919 26
360.617500 276.794919 26
361.622182 276.794919 26
364.636227 276.794919 26
367.650272 276.794919 26
369.659635 276.794919 26
371.668999 276.794919 26
375.687725 276.794919 26
377.697089 276.794919 26
379.706452 276.794919 26
382.720497 276.794919 26
383.725179 276.794919 26
385.734542 276.794919 26
391.762633 276.794919 26
394.776678 276.794919 26
396.786041 276.794919 26
400.804768 276.794919 26
409.846903 276.794919 26
411.856267 276.794919 26
415.874993 276.794919 26
418.889039 276.794919 26
419.893720 276.794919 26
420.898402 276.794919 26
422.907765 276.794919 26
428.935856 276.794919 26
431.949901 276.794919 26
439.987354 276.794919 26
443.001399 276.794919 26
446.015444 276.794919 26
449.029490 276.794919 26
456.062261 276.794919 26
462.090352 276.794919 26
467.113760 276.794919 26
470.127805 276.794919 26
472.137169 275.054759 25
472.639510 274.184679 25
473.644191 272.444520 25
474.648873 270.704360 25
475.151214 269.834280 25
477.160577 266.353961 25
477.662918 265.483881 25
480.174622 261.133481 25
481.179304 259.393322 25
481.681645 258.523242 25
482.686326 256.783082 25
483.691008 255.042922 25
486.202712 250.692523 25
486.705053 249.822443 25
488.212076 247.212203 25
488.714417 246.342123 25
493.737825 237.641325 25
495.747189 234.161005 25
496.249529 233.290925 25
499.765915 227.200366 25
500.268256 226.330286 25
500.770597 225.460207 25
501.272938 224.590127 25
501.775279 223.720047 25
503.784642 220.239727 25
504.286983 219.369647 25
504.789324 218.499568 25
506.296346 215.889328 25
507.301028 214.149168 25
507.803369 213.279088 25
508.305710 212.409008 25
511.319755 207.188529 25
512.324436 205.448369 25
513.831459 202.838130 25
516.343163 198.487730 25
517.850186 195.877491 25
518.854867 194.137331 25
519.859549 192.397171 25
521.868913 188.916852 25
523.375935 186.306612 25
524.380617 184.566453 25
525.887639 181.956213 25
527.897003 178.475893 25
529.906366 174.995574 25
530.408707 174.125494 25
530.911048 173.255414 25
534.427434 167.164855 25
535.432115 165.424695 25
536.939138 162.814456 25
537.441479 161.944376 25
538.948501 159.334136 25
539.450842 158.464056 25
539.953183 157.593976 25
540.455524 156.723897 25
541.962546 154.113657 25
542.464887 153.243577 25
543.469569 151.503417 25
543.971910 150.633337 25
544.976592 148.893178 25
545.478932 148.023098 25
547.990637 143.672698 25
549.497659 141.062459 25
554.018727 147.153018 24
557.535113 153.243577 24
560.549158 158.464056 24
562.056180 161.074296 24
563.060862 162.814456 24
564.065544 164.554615 24
564.567885 165.424695 24
565.070225 166.294775 24
565.572566 167.164855 24
567.079589 169.775095 24
568.586611 172.385334 24
569.591293 174.125494 24
571.098316 176.735734 24
571.600656 177.605814 24
572.102997 178.475893 24
574.614702 182.826293 24
575.619383 184.566453 24
577.628747 188.046772 24
579.135769 190.657012 24
579.638110 191.527091 24
582.149814 195.877491 24
582.652155 196.747571 24
584.159178 199.357810 24
585.163859 201.097970 24
588.680245 207.188529 24
590.187268 209.798769 24
590.689609 210.668849 24
592.698972 214.149168 24
595.713017 219.369647 24
597.220040 221.979887 24
598.224721 223.720047 24
598.727062 224.590127 24
599.731744 226.330286 24
600.736426 228.070446 24
601.741107 229.810606 24
603.750471 233.290925 24
604.755152 235.031085 24
605.257493 235.901165 24
605.759834 236.771245 24
606.262175 237.641325 24
608.271538 241.121644 24
608.773879 241.991724 24
611.285583 246.342123 24
614.299628 251.562603 24
615.304310 253.302762 24
619.825378 261.133481 24
622.337082 265.483881 24
623.844105 268.094120 24
626.355809 272.444520 24
627.360490 274.184679 24
627.862831 275.054759 24
628.365172 275.924839 24
635.900285 276.794919 23
637.909648 276.794919 23
640.923693 276.794919 23
647.956465 276.794919 23
652.979874 276.794919 23
658.003282 276.794919 23
660.012646 276.794919 23
662.022009 276.794919 23
664.031373 276.794919 23
666.040736 276.794919 23
676.087553 276.794919 23
677.092235 276.794919 23
681.110961 276.794919 23
685.129688 276.794919 23
686.134370 276.794919 23
693.167142 276.794919 23
694.171824 276.794919 23
696.181187 276.794919 23
697.185869 276.794919 23
698.190550 276.794919 23
701.204595 276.794919 23
705.223322 276.794919 23
709.242049 276.794919 23
714.265458 276.794919 23
716.274821 276.794919 23
717.279503 276.794919 23
718.284184 276.794919 23
719.288866 276.794919 23
722.302911 276.794919 23
723.307593 276.794919 23
724.312275 276.794919 23
725.316956 276.794919 23
728.331001 276.794919 23
729.335683 276.794919 23
732.349728 276.794919 23
734.359092 276.794919 23
736.368455 276.794919 23
739.382500 276.794919 23
741.391863 276.794919 23
746.415272 276.794919 23
747.419954 276.794919 23
749.429317 276.794919 23
753.448044 276.794919 23
755.457407 276.794919 23
756.462089 276.794919 23
758.471452 276.794919 23
759.476134 276.794919 23
761.485497 276.794919 23
763.494861 276.794919 23
766.508906 276.794919 23
774.546360 276.794919 23
778.565086 276.794919 23
779.569768 276.794919 23
783.588495 276.794919 23
786.602540 276.794919 23
784.593177 280.275239 22
782.583813 283.755558 22
782.081472 284.625638 22
779.569768 288.976037 22
778.565086 290.716197 22
778.062746 291.586277 22
777.560405 292.456357 22
776.053382 295.066596 22
775.551041 295.936676 22
775.048701 296.806756 22
774.044019 298.546916 22
773.039337 300.287076 22
768.015929 308.987875 22
767.513588 309.857954 22
766.006565 312.468194 22
765.504224 313.338274 22
765.001884 314.208354 22
764.499543 315.078434 22
763.997202 315.948514 22
761.987838 319.428833 22
760.983157 321.168993 22
759.476134 323.779232 22
752.945703 335.090271 22
752.443362 335.960351 22
751.438681 337.700511 22
749.931658 340.310750 22
749.429317 341.180830 22
748.926976 342.050910 22
748.424636 342.920990 22
747.419954 344.661150 22
746.415272 346.401309 22
745.410591 348.141469 22
744.908250 349.011549 22
744.405909 349.881629 22
743.903568 350.751709 22
736.870796 362.932827 22
734.861433 366.413147 22
733.856751 368.153306 22
732.349729 370.763546 22
731.847388 371.633626 22
729.335683 375.984025 22
728.833343 376.854105 22
728.331002 377.724185 22
727.828661 378.594265 22
726.321638 381.204504 22
725.819297 382.074584 22
725.316957 382.944664 22
724.814616 383.814744 22
724.312275 384.684824 22
719.791207 392.515543 22
718.284185 395.125783 22
715.772481 399.476182 22
713.260776 403.826581 22
712.256095 405.566741 22
711.251413 407.306901 22
709.242050 410.787220 22
708.739709 411.657300 22
707.735027 413.397460 22
708.238181 414.268949 21
709.244490 416.011927 21
709.747645 416.883416 21
710.250799 417.754905 21
710.753954 418.626394 21
711.257108 419.497883 21
711.760262 420.369372 21
713.269726 422.983840 21
713.772880 423.855329 21
714.276035 424.726818 21
714.779189 425.598307 21
715.785498 427.341285 21
716.288652 428.212774 21
716.791807 429.084263 21
717.294961 429.955752 21
718.301270 431.698730 21
718.804424 432.570219 21
719.307579 433.441708 21
719.810733 434.313197 21
720.817042 436.056175 21
721.823351 437.799153 21
722.326505 438.670642 21
722.829660 439.542131 21
723.332814 440.413620 21
723.835969 441.285110 21
724.339123 442.156599 21
725.345432 443.899577 21
726.351741 445.642555 21
726.854895 446.514044 21
727.358050 447.385533 21
727.861204 448.257022 21
728.867513 450.000000 21
728.867513 450.000000 20
729.873822 450.000000 20
732.892749 450.000000 20
733.899058 450.000000 20
734.905366 450.000000 20
736.917984 450.000000 20
738.930602 450.000000 20
739.936911 450.000000 20
741.949529 450.000000 20
743.962147 450.000000 20
744.968455 450.000000 20
745.974764 450.000000 20
746.981073 450.000000 20
748.993691 450.000000 20
750.000000 450.000000 20
751.006309 450.000000 20
752.012618 450.000000 20
754.025236 450.000000 20
756.037853 450.000000 20
757.044162 450.000000 20
758.050471 450.000000 20
759.056780 450.000000 20
760.063089 450.000000 20
761.069398 450.000000 20
762.075707 450.000000 20
763.082016 450.000000 20
764.088325 450.000000 20
765.094634 450.000000 20
766.100942 450.000000 20
767.107251 450.000000 20
768.113560 450.000000 20
769.119869 450.000000 20
770.126178 450.000000 20
771.132487 450.000000 20
773.141850 446.519681 19
773.644191 445.649601 19
774.146532 444.779521 19
775.151214 443.039361 19
776.155895 441.299201 19
777.160577 439.559042 19
777.662918 438.688962 19
778.165259 437.818882 19
778.667600 436.948802 19
779.672281 435.208642 19
784.695690 426.507843 19
785.198031 425.637764 19
785.700372 424.767684 19
787.207394 422.157444 19
787.709735 421.287364 19
790.723780 416.066885 19
791.226121 415.196805 19
793.235484 411.716486 19
798.761234 402.145607 19
804.286983 392.574728 19
806.296346 389.094409 19
807.301028 387.354249 19
808.305710 385.614089 19
809.310391 383.873930 19
810.817414 381.263690 19
811.319755 380.393610 19
811.822096 379.523530 19
812.826777 377.783371 19
813.329118 376.913291 19
814.836141 374.303051 19
815.338482 373.432971 19
816.845504 370.822732 19
818.352527 368.212492 19
824.882958 356.901454 19
826.389980 354.291214 19
828.399344 350.810895 19
831.915730 344.720335 19
835.432115 338.629776 19
836.436797 336.889617 19
836.939138 336.019537 19
839.450842 331.669137 19
840.957865 329.058898 19
841.460206 328.188818 19
843.469569 324.708498 19
843.971910 323.838418 19
846.483614 319.488019 19
848.995318 315.137620 19
852.511704 317.747859 18
854.018727 320.358099 18
856.028090 323.838418 18
856.530431 324.708498 18
857.032772 325.578578 18
857.535113 326.448658 18
858.539794 328.188818 18
862.558521 335.149457 18
863.060862 336.019537 18
864.567885 338.629776 18
865.572566 340.369936 18
866.577248 342.110096 18
868.084270 344.720335 18
870.093634 348.200655 18
870.595975 349.070735 18
872.605338 352.551054 18
875.619383 357.771534 18
878.131087 362.121933 18
882.149814 369.082572 18
882.652155 369.952652 18
883.656837 371.692811 18
884.661518 373.432971 18
887.675564 378.653450 18
889.182586 381.263690 18
889.684927 382.133770 18
890.187268 383.003850 18
892.196631 386.484169 18
894.708335 390.834569 18
895.713017 392.574728 18
896.215358 393.444808 18
897.220040 395.184968 18
898.224721 396.925128 18
904.252811 407.366086 18
905.257493 409.106246 18
906.262175 410.846406 18
908.271538 414.326725 18
909.276220 416.066885 18
910.280902 417.807045 18
911.285583 419.547204 18
911.787924 420.417284 18
912.290265 421.287364 18
915.304310 426.507843 18
916.811333 429.118083 18
917.816014 430.858243 18
918.318355 431.728323 18
920.327719 435.208642 18
922.839423 439.559042 18
923.341764 440.429121 18
923.844105 441.299201 18
925.351127 443.909441 18
926.355809 445.649601 18
927.360490 447.389760 18
927.862831 448.259840 18
930.871245 450.000000 17
936.882441 450.000000 17
937.884307 450.000000 17
942.893637 450.000000 17
945.899235 450.000000 17
947.902967 450.000000 17
949.906699 450.000000 17
950.908565 450.000000 17
951.910431 450.000000 17
952.912297 450.000000 17
953.914163 450.000000 17
954.916029 450.000000 17
955.917895 450.000000 17
958.923493 450.000000 17
959.925359 450.000000 17
963.932823 450.000000 17
964.934690 450.000000 17
966.938422 450.000000 17
967.940288 450.000000 17
968.942154 450.000000 17
971.947752 450.000000 17
973.951484 450.000000 17
974.953350 450.000000 17
975.955216 450.000000 17
976.957082 450.000000 17
979.962680 450.000000 17
980.964546 450.000000 17
984.972010 450.000000 17
985.973876 450.000000 17
987.977608 450.000000 17
989.981340 450.000000 17
994.990670 450.000000 17
1000.000000 450.000000 17
1000.000000 450.000000 16
1000.000000 451.000000 16
1000.000000 452.000000 16
1000.000000 453.000000 16
1000.000000 457.000000 16
1000.000000 462.000000 16
1000.000000 463.000000 16
1000.000000 464.000000 16
1000.000000 465.000000 16
1000.000000 466.000000 16
1000.000000 469.000000 16
1000.000000 471.000000 16
1000.000000 473.000000 16
1000.000000 476.000000 16
1000.000000 479.000000 16
1000.000000 480.000000 16
1000.000000 481.000000 16
1000.000000 485.000000 16
1000.000000 486.000000 16
1000.000000 488.000000 16
1000.000000 489.000000 16
1000.000000 490.000000 16
1000.000000 494.000000 16
1000.000000 496.000000 16
1000.000000 498.000000 16
1000.000000 500.000000 16
1000.000000 501.000000 16
1000.000000 506.000000 16
1000.000000 507.000000 16
1000.000000 508.000000 16
1000.000000 510.000000 16
1000.000000 516.000000 16
1000.000000 517.000000 16
1000.000000 519.000000 16
1000.000000 522.000000 16
1000.000000 524.000000 16
1000.000000 528.000000 16
1000.000000 529.000000 16
1000.000000 530.000000 16
1000.000000 531.000000 16
1000.000000 536.000000 16
1000.000000 544.000000 16
1000.000000 546.000000 16
1000.000000 547.000000 16
1000.000000 548.000000 16
1000.000000 550.000000 15
998.993223 550.000000 15
995.972890 550.000000 15
993.959335 550.000000 15
987.918671 550.000000 15
985.905116 550.000000 15
979.864451 550.000000 15
976.844119 550.000000 15
972.817009 550.000000 15
971.810232 550.000000 15
970.803454 550.000000 15
969.796677 550.000000 15
968.789899 550.000000 15
964.762789 550.000000 15
961.742457 550.000000 15
959.728902 550.000000 15
957.715347 550.000000 15
956.708570 550.000000 15
955.701792 550.000000 15
954.695015 550.000000 15
952.681460 550.000000 15
949.661128 550.000000 15
948.654350 550.000000 15
947.647573 550.000000 15
945.634018 550.000000 15
944.627241 550.000000 15
939.593353 550.000000 15
938.586576 550.000000 15
936.573021 550.000000 15
935.566243 550.000000 15
934.559466 550.000000 15
929.525579 550.000000 15
925.498469 550.000000 15
922.478137 550.000000 15
921.471359 550.000000 15
920.464582 550.000000 15
919.457804 550.000000 15
917.444249 550.000000 15
913.417140 550.000000 15
912.410362 550.000000 15
910.396807 550.000000 15
909.390030 550.000000 15
908.383252 550.000000 15
907.376475 550.000000 15
904.356143 550.000000 15
902.342588 550.000000 15
896.301923 550.000000 15
895.295146 550.000000 15
891.268036 550.000000 15
890.261258 550.000000 15
889.254481 550.000000 15
881.200261 550.000000 15
880.193484 550.000000 15
877.173152 550.000000 15
871.132487 550.000000 14
870.629333 549.128511 14
870.126178 548.257022 14
869.623024 547.385533 14
869.119869 546.514044 14
868.616715 545.642555 14
868.113560 544.771066 14
867.610406 543.899577 14
867.107251 543.028088 14
866.604097 542.156599 14
866.100942 541.285110 14
865.094634 539.542131 14
864.591479 538.670642 14
864.088325 537.799153 14
863.585170 536.927664 14
863.082016 536.056175 14
862.578861 535.184686 14
862.075707 534.313197 14
861.572552 533.441708 14
860.566243 531.698730 14
860.063089 530.827241 14
859.559935 529.955752 14
859.056780 529.084263 14
858.553626 528.212774 14
857.044162 525.598307 14
855.534699 522.983840 14
855.031545 522.112350 14
854.528390 521.240861 14
854.025236 520.369372 14
853.522081 519.497883 14
852.012618 516.883416 14
851.509463 516.011927 14
851.006309 515.140438 14
850.503154 514.268949 14
850.000000 513.397460 13
848.993691 515.140438 13
847.987382 516.883416 13
847.484228 517.754905 13
846.981073 518.626394 13
845.974764 520.369372 13
845.471610 521.240861 13
844.968455 522.112350 13
843.962147 523.855329 13
843.458992 524.726818 13
842.955838 525.598307 13
842.452683 526.469796 13
841.949529 527.341285 13
841.446374 528.212774 13
840.943220 529.084263 13
840.440065 529.955752 13
839.936911 530.827241 13
837.421139 535.184686 13
836.917984 536.056175 13
836.414830 536.927664 13
835.911675 537.799153 13
834.905366 539.542131 13
834.402212 540.413620 13
833.899058 541.285110 13
833.395903 542.156599 13
832.892749 543.028088 13
832.389594 543.899577 13
831.886440 544.771066 13
831.383285 545.642555 13
830.880131 546.514044 13
829.873822 548.257022 13
828.867513 550.000000 13
828.867513 550.000000 12
827.862831 550.000000 12
824.848786 550.000000 12
823.844105 550.000000 12
819.825378 550.000000 12
815.806651 550.000000 12
809.778561 550.000000 12
808.773879 550.000000 12
807.769197 550.000000 12
805.759834 550.000000 12
799.731744 550.000000 12
796.717699 550.000000 12
793.703654 550.000000 12
791.694290 550.000000 12
789.684927 550.000000 12
787.675564 550.000000 12
783.656837 550.000000 12
781.647473 550.000000 12
778.633428 550.000000 12
774.614702 550.000000 12
772.605338 550.000000 12
768.586611 550.000000 12
766.577248 550.000000 12
759.544476 550.000000 12
758.539794 550.000000 12
755.525749 550.000000 12
748.492977 550.000000 12
747.488296 550.000000 12
744.474251 550.000000 12
739.450842 550.000000 12
738.446161 550.000000 12
737.441479 550.000000 12
736.436797 550.000000 12
730.408707 550.000000 12
725.385298 550.000000 12
724.380617 550.000000 12
715.338482 550.000000 12
711.319755 550.000000 12
710.315073 550.000000 12
708.305710 550.000000 12
707.301028 550.000000 12
701.272938 550.000000 12
698.258893 550.000000 12
695.244848 550.000000 12
692.230803 550.000000 12
691.226121 550.000000 12
690.221439 550.000000 12
687.207394 550.000000 12
685.198031 550.000000 12
682.183986 550.000000 12
679.169941 550.000000 12
678.165259 550.000000 12
670.630146 549.129920 11
670.127805 548.259840 11
669.123124 546.519681 11
668.620783 545.649601 11
668.118442 544.779521 11
666.109078 541.299201 11
664.602056 538.688962 11
663.597374 536.948802 11
663.095033 536.078722 11
660.080988 530.858243 11
659.578647 529.988163 11
656.564602 524.767684 11
654.052898 520.417284 11
653.048216 518.677125 11
652.545875 517.807045 11
651.038853 515.196805 11
650.536512 514.326725 11
649.029489 511.716486 11
648.527149 510.846406 11
647.522467 509.106246 11
645.513103 505.625926 11
645.010763 504.755847 11
644.006081 503.015687 11
643.503740 502.145607 11
639.987354 496.055048 11
636.973309 490.834569 11
635.466286 488.224329 11
632.954582 483.873930 11
632.452241 483.003850 11
630.945219 480.393610 11
626.424151 472.562891 11
624.414788 469.082572 11
621.903083 464.732172 11
619.391379 460.381773 11
618.386697 458.641613 11
616.879675 456.031374 11
612.860948 449.070735 11
611.856266 447.330575 11
610.851585 445.590415 11
609.344562 442.980176 11
608.842221 442.110096 11
607.837539 440.369936 11
607.335199 439.499856 11
605.828176 436.889617 11
603.316472 432.539217 11
602.311790 430.799057 11
599.297745 425.578578 11
598.293063 423.838418 11
597.790722 422.968339 11
594.274336 416.877779 11
593.771996 416.007700 11
592.264973 413.397460 11
592.264973 413.397460 10
592.768127 412.525971 10
593.271282 411.654482 10
594.277591 409.911504 10
594.780745 409.040015 10
595.787054 407.297036 10
596.290209 406.425547 10
596.793363 405.554058 10
597.296518 404.682569 10
597.799672 403.811080 10
598.302826 402.939591 10
598.805981 402.068102 10
600.315444 399.453635 10
600.818599 398.582146 10
601.321753 397.710657 10
601.824908 396.839168 10
602.831216 395.096190 10
603.334371 394.224700 10
603.837525 393.353211 10
604.340680 392.481722 10
604.843834 391.610233 10
606.353298 388.995766 10
606.856452 388.124277 10
608.365915 385.509810 10
609.372224 383.766832 10
609.875379 382.895342 10
611.384842 380.280875 10
611.887997 379.409386 10
612.391151 378.537897 10
612.894306 377.666408 10
613.397460 376.794919 10
613.397460 376.794919 9
612.391151 376.794919 9
608.365916 376.794919 9
607.359607 376.794919 9
606.353298 376.794919 9
605.346989 376.794919 9
604.340680 376.794919 9
603.334371 376.794919 9
601.321753 376.794919 9
599.309136 376.794919 9
596.290209 376.794919 9
595.283900 376.794919 9
594.277591 376.794919 9
593.271282 376.794919 9
592.264973 376.794919 9
591.258665 376.794919 9
587.233429 376.794919 9
586.227120 376.794919 9
585.220811 376.794919 9
584.214502 376.794919 9
583.208194 376.794919 9
580.189267 376.794919 9
579.182958 376.794919 9
578.176649 376.794919 9
577.170340 376.794919 9
576.164031 376.794919 9
575.157723 376.794919 9
574.151414 376.794919 9
572.138796 376.794919 9
571.132487 376.794919 9
571.132487 376.794919 8
570.629333 375.923430 8
570.126178 375.051941 8
569.623024 374.180452 8
569.119869 373.308963 8
568.616715 372.437474 8
568.113560 371.565985 8
567.610406 370.694496 8
566.100942 368.080029 8
565.597788 367.208539 8
564.591479 365.465561 8
564.088325 364.594072 8
563.585170 363.722583 8
562.075707 361.108116 8
561.572552 360.236627 8
561.069398 359.365138 8
560.566243 358.493649 8
559.559935 356.750671 8
559.056780 355.879182 8
558.553626 355.007693 8
558.050471 354.136204 8
557.547317 353.264715 8
557.044162 352.393226 8
556.037853 350.650248 8
555.534699 349.778759 8
555.031545 348.907269 8
554.528390 348.035780 8
553.522081 346.292802 8
552.515772 344.549824 8
552.012618 343.678335 8
551.509463 342.806846 8
551.006309 341.935357 8
550.503154 341.063868 8
550.000000 340.192379 7
548.993691 341.935357 7
547.987382 343.678335 7
546.981073 345.421313 7
546.477919 346.292802 7
545.974764 347.164291 7
545.471610 348.035780 7
544.968455 348.907269 7
543.962147 350.650248 7
542.955838 352.393226 7
541.446374 355.007693 7
540.943220 355.879182 7
540.440065 356.750671 7
539.936911 357.622160 7
539.433757 358.493649 7
537.924293 361.108116 7
537.421139 361.979605 7
536.917984 362.851094 7
535.911675 364.594072 7
535.408521 365.465561 7
534.905366 366.337050 7
534.402212 367.208539 7
533.899058 368.080029 7
533.395903 368.951518 7
532.892749 369.823007 7
532.389594 370.694496 7
531.886440 371.565985 7
531.383285 372.437474 7
530.880131 373.308963 7
529.873822 375.051941 7
528.867513 376.794919 7
528.867513 376.794919 6
527.861204 376.794919 6
526.854895 376.794919 6
525.848586 376.794919 6
523.835969 376.794919 6
520.817042 376.794919 6
519.810733 376.794919 6
518.804424 376.794919 6
517.798115 376.794919 6
516.791806 376.794919 6
514.779189 376.794919 6
513.772880 376.794919 6
512.766571 376.794919 6
511.760262 376.794919 6
510.753953 376.794919 6
509.747644 376.794919 6
508.741335 376.794919 6
507.735027 376.794919 6
506.728718 376.794919 6
505.722409 376.794919 6
504.716100 376.794919 6
503.709791 376.794919 6
500.690864 376.794919 6
499.684555 376.794919 6
497.671938 376.794919 6
496.665629 376.794919 6
495.659320 376.794919 6
494.653011 376.794919 6
493.646702 376.794919 6
492.640393 376.794919 6
491.634084 376.794919 6
489.621467 376.794919 6
488.615158 376.794919 6
486.602540 376.794919 6
487.608849 378.537897 5
488.112003 379.409386 5
488.615158 380.280875 5
489.118312 381.152364 5
490.627776 383.766832 5
491.634085 385.509810 5
492.640393 387.252788 5
493.646702 388.995766 5
494.149857 389.867255 5
494.653011 390.738744 5
496.162475 393.353211 5
496.665629 394.224700 5
497.168784 395.096190 5
498.175092 396.839168 5
498.678247 397.710657 5
499.181401 398.582146 5
499.684556 399.453635 5
500.187710 400.325124 5
500.690865 401.196613 5
501.194019 402.068102 5
502.200328 403.811080 5
502.703482 404.682569 5
503.206637 405.554058 5
503.709791 406.425547 5
504.212946 407.297036 5
504.716100 408.168526 5
505.219255 409.040015 5
505.722409 409.911504 5
506.225564 410.782993 5
506.728718 411.654482 5
507.231873 412.525971 5
507.735027 413.397460 5
504.720982 418.617939 4
504.218641 419.488019 4
503.213959 421.228179 4
502.711618 422.098259 4
499.195232 428.188818 4
497.688210 430.799057 4
495.678847 434.279377 4
493.669483 437.759696 4
493.167142 438.629776 4
492.664801 439.499856 4
491.660120 441.240016 4
490.655438 442.980176 4
490.153097 443.850256 4
487.139052 449.070735 4
486.134370 450.810895 4
485.129689 452.551054 4
482.115643 457.771534 4
480.106280 461.251853 4
479.101598 462.992013 4
478.599257 463.862093 4
476.087553 468.212492 4
471.566486 476.043211 4
470.059463 478.653450 4
469.557122 479.523530 4
467.045418 483.873930 4
466.040736 485.614089 4
465.036054 487.354249 4
463.529032 489.964489 4
463.026691 490.834569 4
462.524350 491.704649 4
460.514987 495.184968 4
460.012646 496.055048 4
459.510305 496.925128 4
454.486897 505.625926 4
452.477533 509.106246 4
450.970511 511.716486 4
449.965829 513.456645 4
449.463488 514.326725 4
447.956465 516.936965 4
445.947102 520.417284 4
445.444761 521.287364 4
444.942420 522.157444 4
443.937739 523.897604 4
441.928375 527.377923 4
440.421353 529.988163 4
439.919012 530.858243 4
437.407308 535.208642 4
435.900285 537.818882 4
435.397944 538.688962 4
432.886240 543.039361 4
430.374536 547.389760 4
428.867513 550.000000 4
428.867513 550.000000 3
426.858150 550.000000 3
425.853468 550.000000 3
424.848786 550.000000 3
423.844105 550.000000 3
419.825378 550.000000 3
418.820696 550.000000 3
413.797288 550.000000 3
411.787924 550.000000 3
410.783243 550.000000 3
403.750471 550.000000 3
402.745789 550.000000 3
396.717699 550.000000 3
395.713017 550.000000 3
393.703654 550.000000 3
389.684927 550.000000 3
381.647473 550.000000 3
376.624065 550.000000 3
372.605338 550.000000 3
371.600656 550.000000 3
368.586611 550.000000 3
367.581930 550.000000 3
365.572566 550.000000 3
364.567885 550.000000 3
363.563203 550.000000 3
360.549158 550.000000 3
354.521068 550.000000 3
352.511704 550.000000 3
351.507023 550.000000 3
349.497659 550.000000 3
345.478932 550.000000 3
341.460206 550.000000 3
339.450842 550.000000 3
338.446161 550.000000 3
337.441479 550.000000 3
333.422752 550.000000 3
328.399344 550.000000 3
322.371253 550.000000 3
321.366572 550.000000 3
318.352527 550.000000 3
312.324436 550.000000 3
311.319755 550.000000 3
309.310391 550.000000 3
306.296346 550.000000 3
305.291665 550.000000 3
300.268256 550.000000 3
299.263574 550.000000 3
297.254211 550.000000 3
294.240166 550.000000 3
290.221439 550.000000 3
288.212076 550.000000 3
283.188667 550.000000 3
280.174622 550.000000 3
275.151214 550.000000 3
274.146532 550.000000 3
271.132487 550.000000 2
270.629333 549.128511 2
270.126178 548.257022 2
269.119869 546.514044 2
268.113560 544.771066 2
267.610406 543.899577 2
267.107251 543.028088 2
266.604097 542.156599 2
266.100942 541.285110 2
265.094634 539.542131 2
264.591479 538.670642 2
264.088325 537.799153 2
263.585170 536.927664 2
263.082016 536.056175 2
262.578861 535.184686 2
262.075707 534.313197 2
261.572552 533.441708 2
260.566244 531.698730 2
260.063089 530.827241 2
259.559935 529.955752 2
259.056780 529.084263 2
258.553626 528.212774 2
257.044162 525.598307 2
256.541008 524.726818 2
256.037853 523.855329 2
255.534699 522.983840 2
255.031545 522.112350 2
254.528390 521.240861 2
253.522081 519.497883 2
253.018927 518.626394 2
252.515772 517.754905 2
252.012618 516.883416 2
251.509463 516.011927 2
250.503154 514.268949 2
250.000000 513.397460 2
249.496846 514.268949 1
247.987382 516.883416 1
247.484228 517.754905 1
246.477919 519.497883 1
245.974764 520.369372 1
245.471610 521.240861 1
244.968455 522.112350 1
244.465301 522.983840 1
243.962147 523.855329 1
243.458992 524.726818 1
242.955838 525.598307 1
242.452683 526.469796 1
241.949529 527.341285 1
241.446374 528.212774 1
240.943220 529.084263 1
240.440065 529.955752 1
239.936911 530.827241 1
239.433757 531.698730 1
238.930602 532.570219 1
238.427448 533.441708 1
237.421139 535.184686 1
236.414830 536.927664 1
235.911675 537.799153 1
234.905366 539.542131 1
233.899058 541.285110 1
233.395903 542.156599 1
232.892749 543.028088 1
232.389594 543.899577 1
231.886440 544.771066 1
231.383285 545.642555 1
230.880131 546.514044 1
230.376976 547.385533 1
229.370667 549.128511 1
227.860736 550.000000 0
220.813293 550.000000 0
218.799739 550.000000 0
217.792961 550.000000 0
215.779406 550.000000 0
214.772629 550.000000 0
211.752296 550.000000 0
210.745519 550.000000 0
209.738742 550.000000 0
206.718409 550.000000 0
204.704854 550.000000 0
201.684522 550.000000 0
198.664190 550.000000 0
195.643857 550.000000 0
189.603193 550.000000 0
187.589638 550.000000 0
182.555751 550.000000 0
179.535418 550.000000 0
175.508308 550.000000 0
170.474421 550.000000 0
165.440534 550.000000 0
162.420202 550.000000 0
156.379537 550.000000 0
153.359205 550.000000 0
151.345650 550.000000 0
150.338872 550.000000 0
148.325317 550.000000 0
147.318540 550.000000 0
146.311762 550.000000 0
145.304985 550.000000 0
144.298208 550.000000 0
134.230433 550.000000 0
132.216878 550.000000 0
128.189768 550.000000 0
127.182991 550.000000 0
126.176214 550.000000 0
125.169436 550.000000 0
122.149104 550.000000 0
119.128771 550.000000 0
118.121994 550.000000 0
117.115217 550.000000 0
111.074552 550.000000 0
106.040665 550.000000 0
101.006777 550.000000 0
