1070
100.000000 450.000000 32
106.011196 450.000000 32
108.014928 450.000000 32
110.018660 450.000000 32
111.020526 450.000000 32
112.022392 450.000000 32
114.026124 450.000000 32
116.029856 450.000000 32
119.035454 450.000000 32
121.039186 450.000000 32
126.048516 450.000000 32
127.050382 450.000000 32
128.052248 450.000000 32
132.059712 450.000000 32
133.061578 450.000000 32
134.063444 450.000000 32
138.070909 450.000000 32
141.076507 450.000000 32
142.078373 450.000000 32
145.083971 450.000000 32
146.085837 450.000000 32
147.087703 450.000000 32
150.093301 450.000000 32
157.106363 450.000000 32
160.111961 450.000000 32
163.117559 450.000000 32
167.125023 450.000000 32
168.126889 450.000000 32
169.128755 450.000000 32
171.132487 450.000000 32
172.137169 448.259840 31
172.639510 447.389760 31
174.648873 443.909441 31
175.653555 442.169281 31
177.160577 439.559042 31
180.174622 434.338562 31
182.686326 429.988163 31
183.188667 429.118083 31
185.198031 425.637764 31
186.202712 423.897604 31
187.207394 422.157444 31
194.742507 409.106246 31
197.254211 404.755847 31
198.258893 403.015687 31
199.765915 400.405447 31
202.277620 396.055048 31
202.779960 395.184968 31
203.784642 393.444808 31
208.808051 384.744010 31
211.319755 380.393610 31
212.324436 378.653450 31
213.831459 376.043211 31
216.343163 371.692811 31
219.357208 366.472332 31
219.859549 365.602252 31
221.366572 362.992013 31
223.375935 359.511693 31
224.380617 357.771534 31
225.385298 356.031374 31
225.887639 355.161294 31
226.389980 354.291214 31
228.399344 350.810895 31
230.911048 346.460495 31
234.929775 339.499856 31
237.943820 334.279377 31
242.967228 325.578578 31
243.469569 324.708498 31
248.492977 316.007700 31
250.000000 313.397460 30
251.004682 315.137620 30
251.507023 316.007700 30
253.516386 319.488019 30
255.023408 322.098259 30
255.525749 322.968339 30
257.032772 325.578578 30
260.046817 330.799057 30
261.051499 332.539217 30
262.056180 334.279377 30
265.070225 339.499856 30
269.088952 346.460495 30
269.591293 347.330575 30
270.093634 348.200655 30
271.098316 349.940815 30
272.102997 351.680974 30
273.107679 353.421134 30
275.117042 356.901454 30
276.121724 358.641613 30
276.624065 359.511693 30
277.126406 360.381773 30
279.135769 363.862093 30
280.140451 365.602252 30
286.670882 376.913291 30
287.675564 378.653450 30
288.680245 380.393610 30
289.684927 382.133770 30
290.187268 383.003850 30
291.694290 385.614089 30
293.201313 388.224329 30
295.713017 392.574728 30
299.731744 399.535367 30
300.234085 400.405447 30
302.243448 403.885767 30
302.745789 404.755847 30
303.248130 405.625926 30
303.750471 406.496006 30
304.755152 408.236166 30
306.262175 410.846406 30
307.266857 412.586565 30
311.285583 419.547204 30
312.792606 422.157444 30
313.294947 423.027524 30
315.806651 427.377923 30
316.811333 429.118083 30
317.816014 430.858243 30
318.318355 431.728323 30
321.834741 437.818882 30
323.844105 441.299201 30
326.858150 446.519681 30
327.360490 447.389760 30
328.365172 449.129920 30
329.873822 450.000000 29
331.886440 450.000000 29
333.899058 450.000000 29
335.911675 450.000000 29
336.917984 450.000000 29
337.924293 450.000000 29
338.930602 450.000000 29
341.949529 450.000000 29
342.955838 450.000000 29
343.962147 450.000000 29
344.968455 450.000000 29
346.981073 450.000000 29
348.993691 450.000000 29
350.000000 450.000000 29
352.012618 450.000000 29
353.018927 450.000000 29
354.025236 450.000000 29
355.031545 450.000000 29
356.037853 450.000000 29
358.050471 450.000000 29
359.056780 450.000000 29
360.063089 450.000000 29
361.069398 450.000000 29
365.094634 450.000000 29
369.119869 450.000000 29
371.132487 450.000000 28
371.635641 449.128511 28
372.138796 448.257022 28
373.648259 445.642555 28
374.151414 444.771066 28
375.157722 443.028088 28
376.164031 441.285110 28
377.170340 439.542131 28
378.176649 437.799153 28
379.182958 436.056175 28
379.686112 435.184686 28
380.189267 434.313197 28
381.195576 432.570219 28
382.201884 430.827241 28
382.705039 429.955752 28
383.208193 429.084263 28
383.711348 428.212774 28
384.214502 427.341285 28
385.220811 425.598307 28
386.227120 423.855329 28
386.730274 422.983840 28
388.239738 420.369372 28
388.742892 419.497883 28
389.246046 418.626394 28
390.755510 416.011927 28
391.258664 415.140438 28
392.264973 413.397460 28
389.250928 408.176981 27
388.246246 406.436821 27
387.241565 404.696661 27
383.222838 397.736022 27
382.720497 396.865942 27
381.715815 395.125783 27
379.204111 390.775383 27
378.701770 389.905303 27
375.185384 383.814744 27
374.683043 382.944664 27
373.678362 381.204504 27
371.668998 377.724185 27
362.626863 362.062747 27
361.622181 360.322587 27
361.119840 359.452508 27
360.617500 358.582428 27
353.584728 346.401309 27
352.077705 343.791070 27
349.063660 338.570590 27
348.561319 337.700511 27
345.547274 332.480031 27
340.021525 322.909153 27
337.007480 317.688673 27
333.993435 312.468194 27
331.481730 308.117795 27
329.472367 304.637475 27
328.467685 302.897315 27
325.955981 298.546916 27
324.448959 295.936676 27
319.927891 288.105957 27
316.913846 282.885478 27
317.416187 276.794919 26
321.434914 276.794919 26
324.448959 276.794919 26
330.477049 276.794919 26
334.495776 276.794919 26
339.519184 276.794919 26
345.547274 276.794919 26
347.556638 276.794919 26
350.570683 276.794919 26
360.617500 276.794919 26
368.654954 276.794919 26
371.668999 276.794919 26
384.729861 276.794919 26
385.734542 276.794919 26
388.748588 276.794919 26
400.804768 276.794919 26
402.814131 276.794919 26
404.823495 276.794919 26
406.832858 276.794919 26
416.879675 276.794919 26
418.889039 276.794919 26
432.954582 276.794919 26
434.963946 276.794919 26
451.038853 276.794919 26
453.048216 276.794919 26
465.104397 276.794919 26
466.109078 276.794919 26
474.648873 270.704360 25
476.155895 268.094120 25
477.662918 265.483881 25
478.165259 264.613801 25
481.179304 259.393322 25
487.207394 248.952363 25
487.709735 248.082283 25
488.212076 247.212203 25
490.723780 242.861804 25
492.733143 239.381484 25
494.742507 235.901165 25
499.765915 227.200366 25
500.268256 226.330286 25
504.789324 218.499568 25
511.319755 207.188529 25
512.826777 204.578290 25
516.343163 198.487730 25
517.850186 195.877491 25
520.361890 191.527091 25
525.385298 182.826293 25
527.897003 178.475893 25
533.925093 168.034935 25
535.432115 165.424695 25
535.934456 164.554615 25
539.953183 157.593976 25
543.971910 150.633337 25
547.488296 144.542778 25
550.000000 140.192379 24
553.014045 145.412858 24
558.539794 154.983737 24
560.046817 157.593976 24
563.060862 162.814456 24
564.065544 164.554615 24
564.567885 165.424695 24
566.074907 168.034935 24
568.084270 171.515254 24
570.595975 175.865654 24
571.098316 176.735734 24
572.605338 179.345973 24
573.610020 181.086133 24
574.112361 181.956213 24
576.121724 185.436532 24
577.628747 188.046772 24
579.638110 191.527091 24
581.145133 194.137331 24
583.154496 197.617651 24
585.666200 201.968050 24
589.684927 208.928689 24
590.689609 210.668849 24
591.191949 211.538929 24
592.196631 213.279088 24
594.708335 217.629488 24
597.220040 221.979887 24
599.229403 225.460207 24
602.243448 230.680686 24
602.745789 231.550766 24
603.750471 233.290925 24
604.252811 234.161005 24
604.755152 235.031085 24
606.262175 237.641325 24
609.778561 243.731884 24
610.783243 245.472044 24
611.787924 247.212203 24
612.792606 248.952363 24
613.797288 250.692523 24
614.299628 251.562603 24
615.806651 254.172842 24
618.318355 258.523242 24
623.844105 268.094120 24
625.351127 270.704360 24
629.872195 276.794919 23
635.900285 276.794919 23
636.904967 276.794919 23
640.923693 276.794919 23
641.928375 276.794919 23
647.956465 276.794919 23
650.970510 276.794919 23
652.979874 276.794919 23
661.017327 276.794919 23
662.022009 276.794919 23
668.050099 276.794919 23
672.068826 276.794919 23
673.073508 276.794919 23
677.092235 276.794919 23
684.125007 276.794919 23
688.143733 276.794919 23
694.171824 276.794919 23
697.185869 276.794919 23
706.228004 276.794919 23
711.251412 276.794919 23
712.256094 276.794919 23
722.302911 276.794919 23
724.312275 276.794919 23
727.326320 276.794919 23
731.345046 276.794919 23
737.373137 276.794919 23
738.377818 276.794919 23
740.387182 276.794919 23
746.415272 276.794919 23
751.438680 276.794919 23
754.452726 276.794919 23
768.518269 276.794919 23
772.536996 276.794919 23
777.560405 276.794919 23
786.602540 276.794919 23
786.100199 277.664999 22
784.593177 280.275239 22
781.076791 286.365798 22
777.560405 292.456357 22
776.555723 294.196517 22
776.053382 295.066596 22
775.551041 295.936676 22
774.546360 297.676836 22
773.039337 300.287076 22
772.034655 302.027235 22
768.518270 308.117795 22
767.011247 310.728034 22
761.485498 320.298913 22
760.983157 321.168993 22
760.480816 322.039073 22
759.476134 323.779232 22
758.973793 324.649312 22
757.969112 326.389472 22
753.448044 334.220191 22
750.936340 338.570590 22
750.433999 339.440670 22
749.931658 340.310750 22
748.424636 342.920990 22
744.908250 349.011549 22
742.396545 353.361948 22
741.391864 355.102108 22
737.373137 362.062747 22
734.861433 366.413147 22
730.340365 374.243865 22
726.321638 381.204504 22
723.809934 385.554904 22
723.307593 386.424984 22
722.805252 387.295064 22
722.302912 388.165144 22
721.298230 389.905303 22
719.791207 392.515543 22
718.786526 394.255703 22
714.265458 402.086422 22
713.260776 403.826581 22
710.749072 408.176981 22
709.744390 409.917140 22
708.237368 412.527380 22
708.238181 414.268949 21
708.741336 415.140438 21
709.244490 416.011927 21
710.753954 418.626394 21
711.257108 419.497883 21
711.760262 420.369372 21
712.766571 422.112350 21
713.772880 423.855329 21
714.276035 424.726818 21
714.779189 425.598307 21
715.282343 426.469796 21
715.785498 427.341285 21
716.288652 428.212774 21
716.791807 429.084263 21
717.294961 429.955752 21
717.798116 430.827241 21
718.301270 431.698730 21
718.804424 432.570219 21
719.307579 433.441708 21
721.823351 437.799153 21
722.326505 438.670642 21
723.332814 440.413620 21
724.339123 442.156599 21
724.842278 443.028088 21
725.848586 444.771066 21
727.358050 447.385533 21
727.861204 448.257022 21
729.873822 450.000000 20
730.880131 450.000000 20
731.886440 450.000000 20
732.892749 450.000000 20
733.899058 450.000000 20
734.905366 450.000000 20
735.911675 450.000000 20
736.917984 450.000000 20
738.930602 450.000000 20
739.936911 450.000000 20
741.949529 450.000000 20
742.955838 450.000000 20
743.962147 450.000000 20
744.968455 450.000000 20
745.974764 450.000000 20
746.981073 450.000000 20
748.993691 450.000000 20
750.000000 450.000000 20
754.025236 450.000000 20
755.031545 450.000000 20
756.037853 450.000000 20
758.050471 450.000000 20
762.075707 450.000000 20
763.082016 450.000000 20
768.113560 450.000000 20
771.132487 450.000000 20
775.653555 442.169281 19
776.658236 440.429121 19
780.174622 434.338562 19
785.700372 424.767684 19
787.709735 421.287364 19
788.212076 420.417284 19
789.216757 418.677125 19
789.719098 417.807045 19
795.747189 407.366086 19
798.761234 402.145607 19
800.268256 399.535367 19
803.784642 393.444808 19
808.808051 384.744010 19
809.310391 383.873930 19
811.822096 379.523530 19
812.324436 378.653450 19
813.831459 376.043211 19
821.366572 362.992013 19
821.868913 362.121933 19
823.375935 359.511693 19
823.878276 358.641613 19
826.389980 354.291214 19
831.413389 345.590415 19
833.422752 342.110096 19
834.929775 339.499856 19
835.934456 337.759696 19
836.436797 336.889617 19
842.464887 326.448658 19
843.971910 323.838418 19
844.976592 322.098259 19
847.990637 316.877779 19
848.492977 316.007700 19
850.000000 313.397460 19
850.502341 314.267540 18
853.516386 319.488019 18
855.023408 322.098259 18
857.535113 326.448658 18
858.037454 327.318738 18
859.042135 329.058898 18
862.056180 334.279377 18
862.558521 335.149457 18
864.065544 337.759696 18
865.572566 340.369936 18
871.098316 349.940815 18
871.600656 350.810895 18
873.610020 354.291214 18
874.112361 355.161294 18
876.121724 358.641613 18
876.624065 359.511693 18
877.628747 361.251853 18
878.633428 362.992013 18
881.145133 367.342412 18
882.652155 369.952652 18
883.154496 370.822732 18
884.159178 372.562891 18
884.661518 373.432971 18
889.182586 381.263690 18
891.191949 384.744010 18
892.196631 386.484169 18
892.698972 387.354249 18
894.205995 389.964489 18
896.215358 393.444808 18
897.220040 395.184968 18
898.224721 396.925128 18
898.727062 397.795208 18
899.229403 398.665288 18
899.731744 399.535367 18
900.234085 400.405447 18
900.736426 401.275527 18
901.741107 403.015687 18
903.750471 406.496006 18
904.252811 407.366086 18
905.257493 409.106246 18
907.266857 412.586565 18
911.787924 420.417284 18
913.294947 423.027524 18
914.299628 424.767684 18
915.806651 427.377923 18
916.811333 429.118083 18
917.313674 429.988163 18
917.816014 430.858243 18
919.323037 433.468482 18
920.327719 435.208642 18
920.830059 436.078722 18
921.834741 437.818882 18
922.337082 438.688962 18
922.839423 439.559042 18
928.867513 450.000000 17
929.869379 450.000000 17
931.873111 450.000000 17
936.882441 450.000000 17
943.895503 450.000000 17
944.897369 450.000000 17
947.902967 450.000000 17
948.904833 450.000000 17
950.908565 450.000000 17
951.910431 450.000000 17
952.912297 450.000000 17
954.916029 450.000000 17
957.921627 450.000000 17
958.923493 450.000000 17
960.927225 450.000000 17
964.934690 450.000000 17
966.938422 450.000000 17
968.942154 450.000000 17
970.945886 450.000000 17
972.949618 450.000000 17
974.953350 450.000000 17
979.962680 450.000000 17
980.964546 450.000000 17
982.968278 450.000000 17
983.970144 450.000000 17
984.972010 450.000000 17
985.973876 450.000000 17
988.979474 450.000000 17
992.986938 450.000000 17
993.988804 450.000000 17
1000.000000 450.000000 17
1000.000000 453.000000 16
1000.000000 454.000000 16
1000.000000 456.000000 16
1000.000000 471.000000 16
1000.000000 476.000000 16
1000.000000 477.000000 16
1000.000000 478.000000 16
1000.000000 479.000000 16
1000.000000 480.000000 16
1000.000000 486.000000 16
1000.000000 487.000000 16
1000.000000 488.000000 16
1000.000000 491.000000 16
1000.000000 492.000000 16
1000.000000 497.000000 16
1000.000000 500.000000 16
1000.000000 501.000000 16
1000.000000 502.000000 16
1000.000000 505.000000 16
1000.000000 507.000000 16
1000.000000 509.000000 16
1000.000000 512.000000 16
1000.000000 517.000000 16
1000.000000 518.000000 16
1000.000000 519.000000 16
1000.000000 527.000000 16
1000.000000 528.000000 16
1000.000000 531.000000 16
1000.000000 537.000000 16
1000.000000 539.000000 16
1000.000000 544.000000 16
1000.000000 548.000000 16
1000.000000 549.000000 16
998.993223 550.000000 15
997.986445 550.000000 15
993.959335 550.000000 15
992.952558 550.000000 15
984.898338 550.000000 15
982.884783 550.000000 15
978.857674 550.000000 15
976.844119 550.000000 15
975.837341 550.000000 15
974.830564 550.000000 15
968.789899 550.000000 15
961.742457 550.000000 15
957.715347 550.000000 15
945.634018 550.000000 15
937.579798 550.000000 15
936.573021 550.000000 15
929.525579 550.000000 15
925.498469 550.000000 15
920.464582 550.000000 15
917.444249 550.000000 15
916.437472 550.000000 15
913.417140 550.000000 15
912.410362 550.000000 15
905.362920 550.000000 15
903.349365 550.000000 15
900.329033 550.000000 15
895.295146 550.000000 15
893.281591 550.000000 15
892.274813 550.000000 15
887.240926 550.000000 15
884.220594 550.000000 15
883.213816 550.000000 15
880.193484 550.000000 15
879.186707 550.000000 15
873.146042 550.000000 15
870.629333 549.128511 14
870.126178 548.257022 14
869.623024 547.385533 14
869.119869 546.514044 14
868.616715 545.642555 14
868.113560 544.771066 14
867.107251 543.028088 14
866.604097 542.156599 14
866.100942 541.285110 14
865.094634 539.542131 14
864.591479 538.670642 14
864.088325 537.799153 14
862.578861 535.184686 14
861.572552 533.441708 14
859.559935 529.955752 14
859.056780 529.084263 14
858.553626 528.212774 14
857.044162 525.598307 14
856.541008 524.726818 14
855.031545 522.112350 14
852.515772 517.754905 14
851.509463 516.011927 14
851.006309 515.140438 14
850.503154 514.268949 14
850.000000 513.397460 14
850.000000 513.397460 13
848.993691 515.140438 13
848.490537 516.011927 13
847.987382 516.883416 13
846.981073 518.626394 13
846.477919 519.497883 13
845.471610 521.240861 13
844.968455 522.112350 13
844.465301 522.983840 13
843.458992 524.726818 13
842.955838 525.598307 13
841.949529 527.341285 13
841.446374 528.212774 13
840.943220 529.084263 13
839.433757 531.698730 13
838.427448 533.441708 13
837.421139 535.184686 13
836.917984 536.056175 13
836.414830 536.927664 13
835.911675 537.799153 13
834.905366 539.542131 13
834.402212 540.413620 13
833.899058 541.285110 13
833.395903 542.156599 13
832.892749 543.028088 13
832.389594 543.899577 13
831.886440 544.771066 13
831.383285 545.642555 13
830.880131 546.514044 13
829.873822 548.257022 13
829.370667 549.128511 13
828.867513 550.000000 13
826.858150 550.000000 12
822.839423 550.000000 12
820.830059 550.000000 12
814.801969 550.000000 12
813.797288 550.000000 12
805.759834 550.000000 12
797.722380 550.000000 12
793.703654 550.000000 12
792.698972 550.000000 12
788.680245 550.000000 12
779.638110 550.000000 12
777.628747 550.000000 12
769.591293 550.000000 12
766.577248 550.000000 12
760.549158 550.000000 12
758.539794 550.000000 12
749.497659 550.000000 12
745.478932 550.000000 12
743.469569 550.000000 12
737.441479 550.000000 12
732.418070 550.000000 12
728.399344 550.000000 12
722.371253 550.000000 12
712.324436 550.000000 12
706.296346 550.000000 12
699.263574 550.000000 12
691.226121 550.000000 12
687.207394 550.000000 12
682.183986 550.000000 12
681.179304 550.000000 12
679.169941 550.000000 12
673.141850 550.000000 12
671.132487 550.000000 11
669.625464 547.389760 11
667.616101 543.909441 11
665.606738 540.429121 11
664.602056 538.688962 11
664.099715 537.818882 11
663.095033 536.078722 11
662.592692 535.208642 11
660.080988 530.858243 11
657.066943 525.637764 11
654.052898 520.417284 11
652.545875 517.807045 11
647.020126 508.236166 11
645.010763 504.755847 11
644.006081 503.015687 11
643.503740 502.145607 11
640.489695 496.925128 11
638.982672 494.314888 11
637.977991 492.574728 11
635.466286 488.224329 11
632.954582 483.873930 11
628.433514 476.043211 11
627.931174 475.173131 11
626.926492 473.432971 11
622.405424 465.602252 11
615.372652 453.421134 11
610.851585 445.590415 11
609.846903 443.850256 11
605.325835 436.019537 11
603.818813 433.409297 11
600.302427 427.318738 11
599.800086 426.448658 11
599.297745 425.578578 11
595.279018 418.617939 11
594.274336 416.877779 11
592.264973 413.397460 11
594.780745 409.040015 10
596.290209 406.425547 10
596.793363 405.554058 10
597.296518 404.682569 10
597.799672 403.811080 10
598.302826 402.939591 10
599.309135 401.196613 10
599.812290 400.325124 10
600.818599 398.582146 10
601.321753 397.710657 10
602.328062 395.967679 10
604.340680 392.481722 10
604.843834 391.610233 10
605.346989 390.738744 10
605.850143 389.867255 10
606.353298 388.995766 10
606.856452 388.124277 10
607.359607 387.252788 10
607.862761 386.381299 10
608.365915 385.509810 10
609.372224 383.766832 10
610.378533 382.023853 10
610.881688 381.152364 10
611.384842 380.280875 10
612.391151 378.537897 10
613.397460 376.794919 10
613.397460 376.794919 9
612.391151 376.794919 9
610.378533 376.794919 9
606.353298 376.794919 9
605.346989 376.794919 9
602.328062 376.794919 9
601.321753 376.794919 9
595.283900 376.794919 9
594.277591 376.794919 9
593.271282 376.794919 9
591.258665 376.794919 9
590.252356 376.794919 9
589.246047 376.794919 9
587.233429 376.794919 9
586.227120 376.794919 9
582.201885 376.794919 9
580.189267 376.794919 9
579.182958 376.794919 9
578.176649 376.794919 9
576.164031 376.794919 9
575.157723 376.794919 9
574.151414 376.794919 9
571.132487 376.794919 8
567.610406 370.694496 8
567.107251 369.823007 8
566.604097 368.951518 8
565.094634 366.337050 8
564.088325 364.594072 8
563.585170 363.722583 8
562.578861 361.979605 8
562.075707 361.108116 8
561.572552 360.236627 8
561.069398 359.365138 8
560.063089 357.622160 8
559.559935 356.750671 8
559.056780 355.879182 8
558.553626 355.007693 8
557.547317 353.264715 8
557.044162 352.393226 8
556.541008 351.521737 8
555.534699 349.778759 8
554.528390 348.035780 8
554.025236 347.164291 8
553.522081 346.292802 8
553.018927 345.421313 8
552.515772 344.549824 8
550.000000 340.192379 8
550.000000 340.192379 7
549.496846 341.063868 7
547.484228 344.549824 7
546.981073 345.421313 7
545.974764 347.164291 7
545.471610 348.035780 7
544.968455 348.907269 7
543.962147 350.650248 7
543.458992 351.521737 7
542.452683 353.264715 7
541.949529 354.136204 7
540.943220 355.879182 7
540.440065 356.750671 7
539.433757 358.493649 7
538.930602 359.365138 7
537.924293 361.108116 7
537.421139 361.979605 7
536.917984 362.851094 7
536.414830 363.722583 7
535.911675 364.594072 7
533.899058 368.080029 7
532.892749 369.823007 7
532.389594 370.694496 7
531.383285 372.437474 7
528.867513 376.794919 6
526.854895 376.794919 6
524.842277 376.794919 6
523.835969 376.794919 6
522.829660 376.794919 6
521.823351 376.794919 6
519.810733 376.794919 6
518.804424 376.794919 6
517.798115 376.794919 6
516.791806 376.794919 6
515.785498 376.794919 6
514.779189 376.794919 6
513.772880 376.794919 6
512.766571 376.794919 6
510.753953 376.794919 6
509.747644 376.794919 6
507.735027 376.794919 6
506.728718 376.794919 6
500.690864 376.794919 6
499.684555 376.794919 6
497.671938 376.794919 6
495.659320 376.794919 6
490.627776 376.794919 6
489.621467 376.794919 6
486.602540 376.794919 6
486.602540 376.794919 5
487.608849 378.537897 5
488.615158 380.280875 5
489.118312 381.152364 5
489.621467 382.023853 5
490.124621 382.895342 5
490.627776 383.766832 5
491.130930 384.638321 5
491.634085 385.509810 5
492.640393 387.252788 5
493.143548 388.124277 5
493.646702 388.995766 5
494.149857 389.867255 5
497.168784 395.096190 5
498.678247 397.710657 5
499.181401 398.582146 5
499.684556 399.453635 5
500.187710 400.325124 5
500.690865 401.196613 5
501.194019 402.068102 5
501.697174 402.939591 5
502.200328 403.811080 5
503.709791 406.425547 5
504.212946 407.297036 5
504.716100 408.168526 5
505.219255 409.040015 5
505.722409 409.911504 5
506.728718 411.654482 5
507.231873 412.525971 5
507.735027 413.397460 4
506.228004 416.007700 4
504.218641 419.488019 4
503.213959 421.228179 4
502.711618 422.098259 4
501.706937 423.838418 4
499.195232 428.188818 4
498.692892 429.058898 4
495.678847 434.279377 4
494.674165 436.019537 4
493.167142 438.629776 4
491.660120 441.240016 4
489.148415 445.590415 4
486.636711 449.940815 4
481.613303 458.641613 4
480.608621 460.381773 4
480.106280 461.251853 4
478.599257 463.862093 4
477.092235 466.472332 4
475.082872 469.952652 4
471.566486 476.043211 4
469.557122 479.523530 4
469.054781 480.393610 4
468.552440 481.263690 4
465.538395 486.484169 4
464.533714 488.224329 4
464.031373 489.094409 4
463.026691 490.834569 4
460.514987 495.184968 4
460.012646 496.055048 4
456.496260 502.145607 4
451.975192 509.976326 4
448.458806 516.066885 4
446.449443 519.547204 4
441.426034 528.248003 4
439.416671 531.728323 4
437.407308 535.208642 4
435.900285 537.818882 4
435.397944 538.688962 4
434.895603 539.559042 4
430.876876 546.519681 4
428.867513 550.000000 3
425.853468 550.000000 3
422.839423 550.000000 3
421.834741 550.000000 3
417.816014 550.000000 3
416.811333 550.000000 3
407.769197 550.000000 3
404.755152 550.000000 3
396.717699 550.000000 3
395.713017 550.000000 3
390.689609 550.000000 3
374.614702 550.000000 3
373.610020 550.000000 3
364.567885 550.000000 3
358.539794 550.000000 3
354.521068 550.000000 3
350.502341 550.000000 3
348.492977 550.000000 3
347.488296 550.000000 3
346.483614 550.000000 3
344.474251 550.000000 3
343.469569 550.000000 3
340.455524 550.000000 3
332.418070 550.000000 3
323.375935 550.000000 3
322.371253 550.000000 3
321.366572 550.000000 3
319.357208 550.000000 3
309.310391 550.000000 3
305.291665 550.000000 3
304.286983 550.000000 3
300.268256 550.000000 3
294.240166 550.000000 3
293.235484 550.000000 3
292.230803 550.000000 3
290.221439 550.000000 3
289.216757 550.000000 3
286.202712 550.000000 3
275.151214 550.000000 3
271.132487 550.000000 2
270.126178 548.257022 2
269.119869 546.514044 2
268.616715 545.642555 2
267.610406 543.899577 2
267.107251 543.028088 2
266.100942 541.285110 2
265.597788 540.413620 2
263.585170 536.927664 2
261.572552 533.441708 2
261.069398 532.570219 2
260.566244 531.698730 2
259.056780 529.084263 2
258.553626 528.212774 2
258.050471 527.341285 2
257.547317 526.469796 2
256.541008 524.726818 2
256.037853 523.855329 2
255.534699 522.983840 2
255.031545 522.112350 2
254.528390 521.240861 2
254.025236 520.369372 2
253.522081 519.497883 2
253.018927 518.626394 2
252.515772 517.754905 2
251.509463 516.011927 2
250.503154 514.268949 2
250.000000 513.397460 2
250.000000 513.397460 1
249.496846 514.268949 1
248.490537 516.011927 1
247.987382 516.883416 1
247.484228 517.754905 1
246.981073 518.626394 1
246.477919 519.497883 1
245.471610 521.240861 1
244.968455 522.112350 1
244.465301 522.983840 1
243.962147 523.855329 1
243.458992 524.726818 1
241.446374 528.212774 1
240.440065 529.955752 1
239.433757 531.698730 1
238.427448 533.441708 1
237.924293 534.313197 1
237.421139 535.184686 1
236.414830 536.927664 1
235.911675 537.799153 1
235.408521 538.670642 1
234.905366 539.542131 1
233.899058 541.285110 1
232.892749 543.028088 1
232.389594 543.899577 1
231.886440 544.771066 1
231.383285 545.642555 1
230.880131 546.514044 1
230.376976 547.385533 1
229.873822 548.257022 1
223.833626 550.000000 0
221.820071 550.000000 0
220.813293 550.000000 0
218.799739 550.000000 0
217.792961 550.000000 0
213.765851 550.000000 0
211.752296 550.000000 0
207.725187 550.000000 0
206.718409 550.000000 0
203.698077 550.000000 0
199.670967 550.000000 0
188.596415 550.000000 0
184.569305 550.000000 0
177.521863 550.000000 0
176.515086 550.000000 0
175.508308 550.000000 0
173.494754 550.000000 0
171.481199 550.000000 0
169.467644 550.000000 0
167.454089 550.000000 0
166.447311 550.000000 0
162.420202 550.000000 0
158.393092 550.000000 0
157.386314 550.000000 0
152.352427 550.000000 0
149.332095 550.000000 0
147.318540 550.000000 0
143.291430 550.000000 0
137.250765 550.000000 0
136.243988 550.000000 0
134.230433 550.000000 0
130.203323 550.000000 0
126.176214 550.000000 0
122.149104 550.000000 0
120.135549 550.000000 0
118.121994 550.000000 0
112.081329 550.000000 0
111.074552 550.000000 0
108.054220 550.000000 0
107.047442 550.000000 0
