880
103.001467 450.000000 8
107.003422 450.000000 8
108.003911 450.000000 8
109.004400 450.000000 8
110.004889 450.000000 8
111.005378 450.000000 8
116.007822 450.000000 8
117.008311 450.000000 8
120.009778 450.000000 8
122.010755 450.000000 8
123.011244 450.000000 8
125.012222 450.000000 8
127.013200 450.000000 8
129.014178 450.000000 8
131.015155 450.000000 8
134.016622 450.000000 8
139.019066 450.000000 8
140.019555 450.000000 8
142.020533 450.000000 8
144.021511 450.000000 8
147.022977 450.000000 8
150.024444 450.000000 8
152.025422 450.000000 8
154.026400 450.000000 8
157.027866 450.000000 8
158.028355 450.000000 8
161.029822 450.000000 8
167.032755 450.000000 8
169.033733 450.000000 8
170.034222 450.000000 8
171.034710 450.000000 8
174.036177 450.000000 8
178.038133 450.000000 8
179.038622 450.000000 8
180.039110 450.000000 8
182.040088 450.000000 8
185.041555 450.000000 8
186.042044 450.000000 8
187.042533 450.000000 8
190.043999 450.000000 8
193.045466 450.000000 8
199.048399 450.000000 8
200.048888 450.000000 8
203.050355 450.000000 8
205.051332 450.000000 8
207.052310 450.000000 8
208.052799 450.000000 8
210.053777 450.000000 8
214.055732 450.000000 8
218.057688 450.000000 8
220.058666 450.000000 8
224.060621 450.000000 8
226.061599 450.000000 8
228.062577 450.000000 8
234.065510 450.000000 8
237.066977 450.000000 8
238.067465 450.000000 8
241.068932 450.000000 8
243.069910 450.000000 8
252.074310 450.000000 8
253.074799 450.000000 8
256.076265 450.000000 8
257.076754 450.000000 8
259.077732 450.000000 8
262.079199 450.000000 8
263.079687 450.000000 8
266.081154 450.000000 8
267.081643 450.000000 8
271.083599 450.000000 8
276.086043 450.000000 8
279.087510 450.000000 8
284.089954 450.000000 8
288.091909 450.000000 8
289.092398 450.000000 8
290.092887 450.000000 8
296.095821 450.000000 8
299.097287 450.000000 8
306.100709 450.000000 8
308.101687 450.000000 8
309.102176 450.000000 8
310.102665 450.000000 8
312.103643 450.000000 8
313.104131 450.000000 8
316.105598 450.000000 8
317.106087 450.000000 8
318.106576 450.000000 8
320.107554 450.000000 8
325.109998 450.000000 8
327.110976 450.000000 8
328.111465 450.000000 8
333.113909 450.000000 8
337.115865 450.000000 8
340.117331 450.000000 8
342.118309 450.000000 8
345.119776 450.000000 8
348.121242 450.000000 8
349.121731 450.000000 8
351.122709 450.000000 8
354.124176 450.000000 8
356.125153 450.000000 8
358.126131 450.000000 8
361.127598 450.000000 8
362.128087 450.000000 8
367.130531 450.000000 8
369.131509 450.000000 8
373.136604 446.528766 7
373.637634 445.660958 7
374.639693 443.925341 7
382.155134 430.908214 7
383.658223 428.304788 7
384.159252 427.436980 7
384.660282 426.569172 7
385.161311 425.701363 7
389.169547 418.758895 7
391.173665 415.287661 7
392.676753 412.684236 7
393.177782 411.816428 7
394.179841 410.080811 7
397.186018 404.873960 7
397.687047 404.006151 7
398.689106 402.270535 7
402.196312 396.195875 7
403.198371 394.460258 7
403.699401 393.592450 7
405.202489 390.989025 7
406.705577 388.385599 7
407.707636 386.649982 7
409.210725 384.046557 7
409.711754 383.178748 7
410.212784 382.310940 7
411.715872 379.707515 7
414.221019 375.368472 7
415.223078 373.632855 7
417.227196 370.161621 7
417.728225 369.293813 7
418.730284 367.558196 7
419.732343 365.822579 7
422.237490 361.483537 7
424.742638 357.144495 7
426.245726 354.541069 7
427.247785 352.805452 7
428.249844 351.069835 7
429.752932 348.466410 7
430.253962 347.598601 7
433.761168 341.523942 7
437.268374 335.449283 7
437.769403 334.581474 7
440.274551 330.242432 7
441.276609 328.506815 7
441.777639 327.639007 7
442.278668 326.771198 7
442.779698 325.903390 7
443.781757 324.167773 7
444.783816 322.432156 7
445.785875 320.696539 7
447.789992 317.225305 7
449.794110 313.754071 7
450.796169 312.018454 7
451.798228 310.282838 7
452.299257 309.415029 7
452.800287 308.547221 7
455.305434 304.208178 7
460.315729 295.530094 7
460.816758 294.662285 7
465.326023 286.852009 7
465.827052 285.984201 7
467.330141 283.380775 7
469.835288 279.041733 7
470.837347 277.306116 7
471.839406 275.570499 7
472.841465 273.834882 7
476.849700 266.892414 7
477.350730 266.024606 7
478.853818 263.421181 7
480.356907 260.817755 7
483.864113 254.743096 7
484.866172 253.007479 7
485.367201 252.139671 7
487.371319 248.668437 7
489.876466 244.329394 7
490.878525 242.593777 7
495.387790 234.783501 7
497.892937 230.444459 7
498.894996 228.708842 7
504.406320 219.162949 7
504.907350 218.295140 7
505.909408 216.559524 7
506.410438 215.691715 7
507.412497 213.956098 7
507.913526 213.088290 7
508.414556 212.220481 7
509.917644 209.617056 7
510.919703 207.881439 7
511.420732 207.013630 7
512.923821 204.410205 7
515.428968 200.071163 7
517.433086 196.599929 7
517.934115 195.732120 7
518.435145 194.864312 7
519.938233 192.260887 7
521.942351 188.789653 7
522.944410 187.054036 7
525.449557 182.714994 7
526.451616 180.979377 7
527.954704 178.375951 7
528.455734 177.508143 7
528.956763 176.640334 7
529.457793 175.772526 7
530.459851 174.036909 7
532.964999 169.697867 7
533.466028 168.830058 7
535.971175 164.491016 7
536.472205 163.623207 7
539.478382 158.416357 7
540.981470 155.812931 7
541.482499 154.945123 7
542.985588 152.341697 7
545.490735 148.002655 7
545.991764 147.134847 7
546.993823 145.399230 7
548.997941 141.927996 7
550.000000 140.192379 7
553.006177 145.399230 6
557.014412 152.341697 6
557.515442 153.209506 6
558.517501 154.945123 6
559.018530 155.812931 6
560.521618 158.416357 6
562.024707 161.019782 6
563.527795 163.623207 6
566.032942 167.962250 6
567.536031 170.565675 6
569.039119 173.169100 6
570.542207 175.772526 6
571.043237 176.640334 6
575.552502 184.450610 6
576.554561 186.186227 6
578.057649 188.789653 6
580.061767 192.260887 6
580.562796 193.128695 6
586.575150 203.542397 6
587.076179 204.410205 6
587.577209 205.278014 6
589.581327 208.749247 6
591.084415 211.352673 6
592.086474 213.088290 6
592.587503 213.956098 6
596.595739 220.898566 6
597.597798 222.634183 6
600.603974 227.841034 6
602.107063 230.444459 6
603.109122 232.180076 6
605.614269 236.519118 6
612.127652 247.800628 6
613.630740 250.404054 6
614.131770 251.271862 6
615.133828 253.007479 6
616.636917 255.610904 6
617.638976 257.346521 6
622.148241 265.156797 6
623.150300 266.892414 6
626.156476 272.099265 6
627.158535 273.834882 6
630.164712 279.041733 6
630.665741 279.909541 6
632.168830 282.512967 6
632.669859 283.380775 6
633.170889 284.248584 6
634.172948 285.984201 6
639.684271 295.530094 6
640.185301 296.397902 6
641.187360 298.133519 6
641.688389 299.001328 6
647.199713 308.547221 6
651.708978 316.357497 6
652.210008 317.225305 6
653.713096 319.828731 6
657.220302 325.903390 6
658.723391 328.506815 6
665.236773 339.788325 6
670.748097 349.334218 6
671.249127 350.202027 6
673.754274 354.541069 6
674.255303 355.408878 6
675.257362 357.144495 6
675.758392 358.012303 6
678.764569 363.219154 6
682.772804 370.161621 6
683.273834 371.029430 6
683.774863 371.897238 6
687.282069 377.971898 6
688.284128 379.707515 6
689.787216 382.310940 6
690.288246 383.178748 6
692.292364 386.649982 6
696.300599 393.592450 6
696.801629 394.460258 6
699.306776 398.799301 6
701.811923 403.138343 6
703.315012 405.741768 6
704.317070 407.477385 6
704.818100 408.345194 6
705.820159 410.080811 6
706.822218 411.816428 6
707.323247 412.684236 6
711.331483 419.626704 6
714.337659 424.833555 6
714.838689 425.701363 6
716.842807 429.172597 6
719.347954 433.511639 6
719.848983 434.379448 6
720.350013 435.247256 6
721.352072 436.982873 6
723.356190 440.454107 6
725.360307 443.925341 6
727.865455 448.264383 6
728.867513 450.000000 6
735.870936 450.000000 5
741.873869 450.000000 5
743.874847 450.000000 5
744.875336 450.000000 5
745.875824 450.000000 5
748.877291 450.000000 5
749.877780 450.000000 5
763.884624 450.000000 5
775.890491 450.000000 5
777.891469 450.000000 5
783.894402 450.000000 5
784.894891 450.000000 5
788.896846 450.000000 5
790.897824 450.000000 5
791.898313 450.000000 5
792.898802 450.000000 5
793.899291 450.000000 5
797.901246 450.000000 5
800.902713 450.000000 5
801.903202 450.000000 5
802.903691 450.000000 5
805.905157 450.000000 5
809.907113 450.000000 5
812.908579 450.000000 5
815.910046 450.000000 5
819.912002 450.000000 5
821.912979 450.000000 5
822.913468 450.000000 5
823.913957 450.000000 5
825.914935 450.000000 5
828.916401 450.000000 5
835.919824 450.000000 5
837.920801 450.000000 5
838.921290 450.000000 5
839.921779 450.000000 5
841.922757 450.000000 5
845.924712 450.000000 5
846.925201 450.000000 5
847.925690 450.000000 5
852.928135 450.000000 5
855.929601 450.000000 5
858.931068 450.000000 5
860.932046 450.000000 5
866.934979 450.000000 5
868.935957 450.000000 5
870.936934 450.000000 5
871.937423 450.000000 5
878.940845 450.000000 5
879.941334 450.000000 5
881.942312 450.000000 5
884.943779 450.000000 5
893.948179 450.000000 5
895.949156 450.000000 5
899.951112 450.000000 5
913.957956 450.000000 5
916.959423 450.000000 5
917.959912 450.000000 5
925.963823 450.000000 5
928.965290 450.000000 5
929.965778 450.000000 5
931.966756 450.000000 5
932.967245 450.000000 5
935.968712 450.000000 5
941.971645 450.000000 5
946.974089 450.000000 5
948.975067 450.000000 5
950.976045 450.000000 5
953.977512 450.000000 5
957.979467 450.000000 5
965.983378 450.000000 5
966.983867 450.000000 5
969.985334 450.000000 5
970.985822 450.000000 5
971.986311 450.000000 5
975.988267 450.000000 5
976.988756 450.000000 5
979.990222 450.000000 5
980.990711 450.000000 5
982.991689 450.000000 5
985.993156 450.000000 5
986.993645 450.000000 5
988.994622 450.000000 5
991.996089 450.000000 5
993.997067 450.000000 5
994.997556 450.000000 5
996.998533 450.000000 5
997.999022 450.000000 5
998.999511 450.000000 5
1000.000000 450.000000 4
1000.000000 451.000000 4
1000.000000 452.000000 4
1000.000000 453.000000 4
1000.000000 454.000000 4
1000.000000 455.000000 4
1000.000000 457.000000 4
1000.000000 458.000000 4
1000.000000 461.000000 4
1000.000000 462.000000 4
1000.000000 465.000000 4
1000.000000 466.000000 4
1000.000000 467.000000 4
1000.000000 468.000000 4
1000.000000 470.000000 4
1000.000000 471.000000 4
1000.000000 472.000000 4
1000.000000 473.000000 4
1000.000000 474.000000 4
1000.000000 477.000000 4
1000.000000 481.000000 4
1000.000000 482.000000 4
1000.000000 484.000000 4
1000.000000 486.000000 4
1000.000000 489.000000 4
1000.000000 490.000000 4
1000.000000 491.000000 4
1000.000000 494.000000 4
1000.000000 495.000000 4
1000.000000 496.000000 4
1000.000000 497.000000 4
1000.000000 498.000000 4
1000.000000 499.000000 4
1000.000000 500.000000 4
1000.000000 501.000000 4
1000.000000 502.000000 4
1000.000000 503.000000 4
1000.000000 504.000000 4
1000.000000 505.000000 4
1000.000000 506.000000 4
1000.000000 507.000000 4
1000.000000 509.000000 4
1000.000000 510.000000 4
1000.000000 511.000000 4
1000.000000 513.000000 4
1000.000000 514.000000 4
1000.000000 515.000000 4
1000.000000 518.000000 4
1000.000000 521.000000 4
1000.000000 522.000000 4
1000.000000 523.000000 4
1000.000000 525.000000 4
1000.000000 527.000000 4
1000.000000 528.000000 4
1000.000000 529.000000 4
1000.000000 530.000000 4
1000.000000 532.000000 4
1000.000000 533.000000 4
1000.000000 534.000000 4
1000.000000 535.000000 4
1000.000000 536.000000 4
1000.000000 537.000000 4
1000.000000 538.000000 4
1000.000000 539.000000 4
1000.000000 540.000000 4
1000.000000 541.000000 4
1000.000000 542.000000 4
1000.000000 543.000000 4
1000.000000 544.000000 4
1000.000000 547.000000 4
1000.000000 549.000000 4
1000.000000 550.000000 4
996.992065 550.000000 3
992.981486 550.000000 3
990.976196 550.000000 3
985.962972 550.000000 3
984.960327 550.000000 3
980.949748 550.000000 3
976.939168 550.000000 3
974.933879 550.000000 3
973.931234 550.000000 3
968.918009 550.000000 3
964.907430 550.000000 3
960.896851 550.000000 3
952.875692 550.000000 3
951.873047 550.000000 3
950.870402 550.000000 3
945.857178 550.000000 3
939.841309 550.000000 3
937.836019 550.000000 3
933.825439 550.000000 3
932.822795 550.000000 3
931.820150 550.000000 3
928.812215 550.000000 3
925.804280 550.000000 3
923.798991 550.000000 3
920.791056 550.000000 3
917.783122 550.000000 3
910.764608 550.000000 3
909.761963 550.000000 3
908.759318 550.000000 3
903.746094 550.000000 3
900.738159 550.000000 3
897.730224 550.000000 3
895.724935 550.000000 3
894.722290 550.000000 3
887.703776 550.000000 3
882.690552 550.000000 3
880.685262 550.000000 3
877.677327 550.000000 3
876.674682 550.000000 3
862.637654 550.000000 3
860.632365 550.000000 3
859.629720 550.000000 3
854.616496 550.000000 3
851.608561 550.000000 3
850.605916 550.000000 3
844.590047 550.000000 3
836.568888 550.000000 3
832.558309 550.000000 3
825.539795 550.000000 3
824.537150 550.000000 3
823.534505 550.000000 3
822.531860 550.000000 3
821.529215 550.000000 3
820.526570 550.000000 3
810.500122 550.000000 3
804.484253 550.000000 3
803.481608 550.000000 3
802.478963 550.000000 3
801.476318 550.000000 3
797.465739 550.000000 3
796.463094 550.000000 3
792.452514 550.000000 3
791.449870 550.000000 3
787.439290 550.000000 3
786.436645 550.000000 3
780.420776 550.000000 3
777.412841 550.000000 3
775.407552 550.000000 3
773.402262 550.000000 3
772.399617 550.000000 3
768.389038 550.000000 3
767.386393 550.000000 3
760.367879 550.000000 3
759.365234 550.000000 3
756.357299 550.000000 3
754.352010 550.000000 3
750.341430 550.000000 3
749.338785 550.000000 3
748.336141 550.000000 3
740.314982 550.000000 3
731.291178 550.000000 3
730.288533 550.000000 3
728.283243 550.000000 3
723.270019 550.000000 3
721.264729 550.000000 3
718.256795 550.000000 3
713.243571 550.000000 3
712.240926 550.000000 3
710.235636 550.000000 3
700.209187 550.000000 3
699.206543 550.000000 3
698.203898 550.000000 3
694.193318 550.000000 3
692.188029 550.000000 3
684.166870 550.000000 3
681.158935 550.000000 3
677.148356 550.000000 3
676.145711 550.000000 3
675.143066 550.000000 3
674.140421 550.000000 3
673.137776 550.000000 3
671.132487 550.000000 3
671.132487 550.000000 2
668.129202 544.798158 2
664.625369 538.729343 2
663.123727 536.128422 2
661.121537 532.660527 2
660.620990 531.793554 2
658.118252 527.458685 2
657.617705 526.591712 2
656.116063 523.990791 2
655.114968 522.256843 2
654.113873 520.522896 2
653.613325 519.655923 2
652.111683 517.055002 2
651.110588 515.321054 2
650.109493 513.587107 2
647.106208 508.385265 2
646.605661 507.518292 2
646.105113 506.651318 2
645.604566 505.784344 2
644.603471 504.050397 2
642.601281 500.582502 2
642.100734 499.715529 2
641.600186 498.848555 2
641.099639 497.981582 2
639.597996 495.380661 2
638.596901 493.646713 2
637.095259 491.045792 2
636.094164 489.311845 2
633.090879 484.110003 2
631.088689 480.642109 2
629.086499 477.174214 2
628.585952 476.307241 2
628.085405 475.440267 2
627.584857 474.573293 2
624.581572 469.371451 2
623.580477 467.637504 2
621.077740 463.302636 2
619.576098 460.701715 2
619.075550 459.834741 2
618.575003 458.967768 2
616.572813 455.499873 2
616.072265 454.632899 2
615.571718 453.765926 2
613.068981 449.431058 2
612.568433 448.564084 2
612.067886 447.697110 2
611.066791 445.963163 2
610.566243 445.096189 2
608.063506 440.761321 2
607.562958 439.894348 2
607.062411 439.027374 2
605.560769 436.426453 2
604.559674 434.692506 2
603.058031 432.091585 2
602.056936 430.357638 2
600.054747 426.889743 2
599.053652 425.155796 2
598.553104 424.288822 2
598.052557 423.421848 2
596.050367 419.953954 2
595.549819 419.086980 2
594.548724 417.353033 2
590.544345 410.417244 2
589.042702 407.816323 2
588.041607 406.082376 2
587.040512 404.348428 2
585.038323 400.880534 2
581.534490 394.811718 2
580.032848 392.210797 2
579.532300 391.343824 2
578.531206 389.609876 2
577.530111 387.875929 2
575.527921 384.408035 2
571.022994 376.605272 2
570.522446 375.738298 2
569.521351 374.004351 2
569.020804 373.137377 2
568.019709 371.403430 2
567.519161 370.536456 2
567.018614 369.669483 2
566.518066 368.802509 2
566.017519 367.935535 2
565.516971 367.068562 2
565.016424 366.201588 2
564.515876 365.334614 2
563.014234 362.733694 2
561.012044 359.265799 2
559.510402 356.664878 2
559.009854 355.797904 2
558.509307 354.930931 2
558.008759 354.063957 2
557.508212 353.196983 2
556.507117 351.463036 2
556.006570 350.596063 2
555.506022 349.729089 2
554.504927 347.995142 2
553.503832 346.261194 2
553.003285 345.394221 2
552.502737 344.527247 2
551.501642 342.793300 2
550.500547 341.059353 2
550.000000 340.192379 2
550.000000 340.192379 1
548.998905 341.926326 1
548.498358 342.793300 1
547.997810 343.660273 1
545.995620 347.128168 1
544.493978 349.729089 1
541.991241 354.063957 1
538.987956 359.265799 1
536.985766 362.733694 1
535.984671 364.467641 1
534.983576 366.201588 1
533.481934 368.802509 1
532.480839 370.536456 1
531.479744 372.270404 1
526.474269 380.940140 1
524.472079 384.408035 1
523.971532 385.275008 1
523.470984 386.141982 1
521.468794 389.609876 1
520.467700 391.343824 1
519.466605 393.077771 1
518.966057 393.944745 1
518.465510 394.811718 1
516.463320 398.279613 1
515.462225 400.013560 1
514.961677 400.880534 1
510.456750 408.683297 1
509.455655 410.417244 1
508.454560 412.151191 1
507.954013 413.018165 1
507.453465 413.885138 1
506.452371 415.619086 1
505.451276 417.353033 1
504.450181 419.086980 1
501.947443 423.421848 1
501.446896 424.288822 1
500.946348 425.155796 1
498.443611 429.490664 1
494.939779 435.559479 1
494.439231 436.426453 1
492.937589 439.027374 1
491.936494 440.761321 1
491.435947 441.628295 1
490.935399 442.495269 1
486.931019 449.431058 1
483.927735 454.632899 1
482.426092 457.233820 1
481.925545 458.100794 1
481.424997 458.967768 1
480.423902 460.701715 1
479.422807 462.435662 1
478.922260 463.302636 1
475.918975 468.504478 1
474.917880 470.238425 1
473.916785 471.972372 1
473.416238 472.839346 1
471.414048 476.307241 1
467.409668 483.243030 1
466.909121 484.110003 1
464.906931 487.577898 1
463.405289 490.178819 1
459.901456 496.247634 1
459.400909 497.114608 1
458.900361 497.981582 1
458.399814 498.848555 1
455.396529 504.050397 1
452.893792 508.385265 1
452.393244 509.252239 1
451.392149 510.986186 1
450.891602 511.853160 1
449.890507 513.587107 1
448.889412 515.321054 1
447.387770 517.921975 1
446.887222 518.788949 1
445.385580 521.389870 1
442.882842 525.724738 1
442.382295 526.591712 1
440.380105 530.059606 1
439.379010 531.793554 1
438.878463 532.660527 1
435.374631 538.729343 1
432.871893 543.064211 1
432.371346 543.931185 1
431.870798 544.798158 1
431.370251 545.665132 1
430.369156 547.399079 1
429.368061 549.133026 1
425.859579 550.000000 0
423.854289 550.000000 0
415.833130 550.000000 0
414.830485 550.000000 0
410.819906 550.000000 0
409.817261 550.000000 0
406.809327 550.000000 0
405.806682 550.000000 0
403.801392 550.000000 0
401.796102 550.000000 0
398.788168 550.000000 0
396.782878 550.000000 0
395.780233 550.000000 0
390.767009 550.000000 0
389.764364 550.000000 0
385.753785 550.000000 0
383.748495 550.000000 0
379.737915 550.000000 0
378.735271 550.000000 0
373.722046 550.000000 0
372.719401 550.000000 0
365.700887 550.000000 0
363.695598 550.000000 0
356.677084 550.000000 0
355.674439 550.000000 0
354.671794 550.000000 0
352.666504 550.000000 0
349.658570 550.000000 0
344.645345 550.000000 0
342.640056 550.000000 0
337.626831 550.000000 0
336.624187 550.000000 0
334.618897 550.000000 0
331.610962 550.000000 0
330.608317 550.000000 0
329.605673 550.000000 0
328.603028 550.000000 0
325.595093 550.000000 0
324.592448 550.000000 0
323.589803 550.000000 0
316.571289 550.000000 0
312.560710 550.000000 0
309.552775 550.000000 0
299.526327 550.000000 0
293.510458 550.000000 0
292.507813 550.000000 0
290.502523 550.000000 0
289.499878 550.000000 0
288.497233 550.000000 0
281.478719 550.000000 0
278.470785 550.000000 0
277.468140 550.000000 0
274.460205 550.000000 0
273.457560 550.000000 0
272.454916 550.000000 0
266.439046 550.000000 0
259.420532 550.000000 0
246.386149 550.000000 0
245.383504 550.000000 0
244.380860 550.000000 0
241.372925 550.000000 0
239.367635 550.000000 0
231.346476 550.000000 0
230.343832 550.000000 0
227.335897 550.000000 0
226.333252 550.000000 0
224.327962 550.000000 0
222.322673 550.000000 0
219.314738 550.000000 0
211.293579 550.000000 0
207.283000 550.000000 0
206.280355 550.000000 0
201.267131 550.000000 0
200.264486 550.000000 0
199.261841 550.000000 0
198.259196 550.000000 0
194.248617 550.000000 0
192.243327 550.000000 0
189.235392 550.000000 0
187.230103 550.000000 0
186.227458 550.000000 0
185.224813 550.000000 0
183.219523 550.000000 0
179.208944 550.000000 0
178.206299 550.000000 0
175.198364 550.000000 0
174.195720 550.000000 0
167.177205 550.000000 0
164.169271 550.000000 0
163.166626 550.000000 0
158.153402 550.000000 0
155.145467 550.000000 0
150.132243 550.000000 0
149.129598 550.000000 0
146.121663 550.000000 0
145.119019 550.000000 0
143.113729 550.000000 0
141.108439 550.000000 0
140.105794 550.000000 0
139.103149 550.000000 0
135.092570 550.000000 0
128.074056 550.000000 0
122.058187 550.000000 0
120.052897 550.000000 0
119.050252 550.000000 0
116.042318 550.000000 0
115.039673 550.000000 0
111.029093 550.000000 0
106.015869 550.000000 0
105.013224 550.000000 0
102.005290 550.000000 0
100.000000 550.000000 0
