1730
100.000000 450.000000 8
101.000489 450.000000 8
102.000978 450.000000 8
103.001467 450.000000 8
104.001956 450.000000 8
105.002444 450.000000 8
107.003422 450.000000 8
108.003911 450.000000 8
109.004400 450.000000 8
110.004889 450.000000 8
111.005378 450.000000 8
112.005867 450.000000 8
113.006355 450.000000 8
114.006844 450.000000 8
115.007333 450.000000 8
116.007822 450.000000 8
117.008311 450.000000 8
119.009289 450.000000 8
120.009778 450.000000 8
121.010266 450.000000 8
122.010755 450.000000 8
123.011244 450.000000 8
124.011733 450.000000 8
127.013200 450.000000 8
128.013689 450.000000 8
129.014178 450.000000 8
130.014666 450.000000 8
131.015155 450.000000 8
132.015644 450.000000 8
133.016133 450.000000 8
135.017111 450.000000 8
137.018089 450.000000 8
138.018577 450.000000 8
140.019555 450.000000 8
141.020044 450.000000 8
142.020533 450.000000 8
145.022000 450.000000 8
146.022488 450.000000 8
147.022977 450.000000 8
148.023466 450.000000 8
149.023955 450.000000 8
151.024933 450.000000 8
152.025422 450.000000 8
153.025911 450.000000 8
154.026400 450.000000 8
155.026888 450.000000 8
156.027377 450.000000 8
157.027866 450.000000 8
158.028355 450.000000 8
159.028844 450.000000 8
161.029822 450.000000 8
163.030799 450.000000 8
164.031288 450.000000 8
165.031777 450.000000 8
166.032266 450.000000 8
167.032755 450.000000 8
168.033244 450.000000 8
169.033733 450.000000 8
170.034222 450.000000 8
171.034710 450.000000 8
172.035199 450.000000 8
175.036666 450.000000 8
176.037155 450.000000 8
178.038133 450.000000 8
179.038622 450.000000 8
180.039110 450.000000 8
181.039599 450.000000 8
182.040088 450.000000 8
183.040577 450.000000 8
186.042044 450.000000 8
189.043510 450.000000 8
191.044488 450.000000 8
192.044977 450.000000 8
195.046444 450.000000 8
196.046933 450.000000 8
197.047421 450.000000 8
198.047910 450.000000 8
199.048399 450.000000 8
200.048888 450.000000 8
201.049377 450.000000 8
203.050355 450.000000 8
204.050844 450.000000 8
205.051332 450.000000 8
207.052310 450.000000 8
208.052799 450.000000 8
211.054266 450.000000 8
212.054755 450.000000 8
213.055243 450.000000 8
214.055732 450.000000 8
215.056221 450.000000 8
216.056710 450.000000 8
217.057199 450.000000 8
218.057688 450.000000 8
220.058666 450.000000 8
222.059643 450.000000 8
223.060132 450.000000 8
224.060621 450.000000 8
225.061110 450.000000 8
226.061599 450.000000 8
230.063554 450.000000 8
231.064043 450.000000 8
232.064532 450.000000 8
234.065510 450.000000 8
235.065999 450.000000 8
236.066488 450.000000 8
237.066977 450.000000 8
238.067465 450.000000 8
239.067954 450.000000 8
240.068443 450.000000 8
241.068932 450.000000 8
243.069910 450.000000 8
246.071377 450.000000 8
247.071865 450.000000 8
248.072354 450.000000 8
249.072843 450.000000 8
250.073332 450.000000 8
252.074310 450.000000 8
253.074799 450.000000 8
255.075776 450.000000 8
256.076265 450.000000 8
258.077243 450.000000 8
259.077732 450.000000 8
260.078221 450.000000 8
261.078710 450.000000 8
264.080176 450.000000 8
265.080665 450.000000 8
266.081154 450.000000 8
267.081643 450.000000 8
269.082621 450.000000 8
271.083599 450.000000 8
272.084087 450.000000 8
273.084576 450.000000 8
275.085554 450.000000 8
276.086043 450.000000 8
277.086532 450.000000 8
278.087021 450.000000 8
279.087510 450.000000 8
280.087998 450.000000 8
281.088487 450.000000 8
282.088976 450.000000 8
283.089465 450.000000 8
284.089954 450.000000 8
286.090932 450.000000 8
287.091421 450.000000 8
289.092398 450.000000 8
292.093865 450.000000 8
294.094843 450.000000 8
295.095332 450.000000 8
296.095821 450.000000 8
297.096309 450.000000 8
298.096798 450.000000 8
299.097287 450.000000 8
300.097776 450.000000 8
301.098265 450.000000 8
303.099243 450.000000 8
304.099732 450.000000 8
305.100220 450.000000 8
306.100709 450.000000 8
309.102176 450.000000 8
313.104131 450.000000 8
314.104620 450.000000 8
315.105109 450.000000 8
316.105598 450.000000 8
317.106087 450.000000 8
319.107065 450.000000 8
320.107554 450.000000 8
322.108531 450.000000 8
323.109020 450.000000 8
324.109509 450.000000 8
325.109998 450.000000 8
326.110487 450.000000 8
327.110976 450.000000 8
328.111465 450.000000 8
329.111954 450.000000 8
330.112442 450.000000 8
331.112931 450.000000 8
332.113420 450.000000 8
333.113909 450.000000 8
335.114887 450.000000 8
337.115865 450.000000 8
340.117331 450.000000 8
341.117820 450.000000 8
342.118309 450.000000 8
345.119776 450.000000 8
346.120265 450.000000 8
349.121731 450.000000 8
350.122220 450.000000 8
351.122709 450.000000 8
352.123198 450.000000 8
354.124176 450.000000 8
355.124664 450.000000 8
358.126131 450.000000 8
359.126620 450.000000 8
361.127598 450.000000 8
363.128575 450.000000 8
364.129064 450.000000 8
365.129553 450.000000 8
366.130042 450.000000 8
367.130531 450.000000 8
368.131020 450.000000 8
369.131509 450.000000 8
371.132487 450.000000 8
371.132487 450.000000 7
371.633516 449.132192 7
372.635575 447.396575 7
373.136604 446.528766 7
373.637634 445.660958 7
374.138663 444.793149 7
374.639693 443.925341 7
377.144840 439.586298 7
377.645869 438.718490 7
378.647928 436.982873 7
379.649987 435.247256 7
381.654105 431.776022 7
382.656164 430.040405 7
384.660282 426.569172 7
386.163370 423.965746 7
387.165429 422.230129 7
388.668517 419.626704 7
390.171606 417.023278 7
391.173665 415.287661 7
392.676753 412.684236 7
394.179841 410.080811 7
395.181900 408.345194 7
395.682930 407.477385 7
396.183959 406.609577 7
396.684988 405.741768 7
397.186018 404.873960 7
397.687047 404.006151 7
398.689106 402.270535 7
399.190136 401.402726 7
399.691165 400.534918 7
400.693224 398.799301 7
401.194254 397.931492 7
401.695283 397.063684 7
402.196312 396.195875 7
403.198371 394.460258 7
404.200430 392.724641 7
405.202489 390.989025 7
406.204548 389.253408 7
407.707636 386.649982 7
408.208666 385.782174 7
408.709695 384.914365 7
409.210725 384.046557 7
409.711754 383.178748 7
410.212784 382.310940 7
410.713813 381.443131 7
411.214842 380.575323 7
411.715872 379.707515 7
412.216901 378.839706 7
412.717931 377.971898 7
414.221019 375.368472 7
414.722049 374.500664 7
415.223078 373.632855 7
415.724108 372.765047 7
416.726166 371.029430 7
417.728225 369.293813 7
418.229255 368.426005 7
418.730284 367.558196 7
419.231314 366.690388 7
420.233373 364.954771 7
420.734402 364.086962 7
421.235431 363.219154 7
422.237490 361.483537 7
422.738520 360.615728 7
423.239549 359.747920 7
423.740579 358.880111 7
424.742638 357.144495 7
425.243667 356.276686 7
425.744697 355.408878 7
427.247785 352.805452 7
429.251903 349.334218 7
430.253962 347.598601 7
430.754991 346.730793 7
431.256020 345.862984 7
431.757050 344.995176 7
432.258079 344.127368 7
432.759109 343.259559 7
433.260138 342.391751 7
433.761168 341.523942 7
435.264256 338.920517 7
435.765286 338.052708 7
436.266315 337.184900 7
436.767344 336.317091 7
437.268374 335.449283 7
438.270433 333.713666 7
439.773521 331.110241 7
440.274551 330.242432 7
441.276609 328.506815 7
441.777639 327.639007 7
442.278668 326.771198 7
442.779698 325.903390 7
443.781757 324.167773 7
444.282786 323.299964 7
444.783816 322.432156 7
445.284845 321.564348 7
445.785875 320.696539 7
447.288963 318.093114 7
447.789992 317.225305 7
448.291022 316.357497 7
449.293081 314.621880 7
449.794110 313.754071 7
451.297198 311.150646 7
452.299257 309.415029 7
452.800287 308.547221 7
454.303375 305.943795 7
454.804405 305.075987 7
456.808522 301.604753 7
457.309552 300.736944 7
457.810581 299.869136 7
459.313670 297.265711 7
460.315729 295.530094 7
460.816758 294.662285 7
461.317787 293.794477 7
461.818817 292.926668 7
462.319846 292.058860 7
462.820876 291.191051 7
463.321905 290.323243 7
463.822935 289.455434 7
464.323964 288.587626 7
465.827052 285.984201 7
466.328082 285.116392 7
468.833229 280.777350 7
469.334259 279.909541 7
469.835288 279.041733 7
470.336318 278.173924 7
471.338376 276.438307 7
471.839406 275.570499 7
472.841465 273.834882 7
473.342494 272.967074 7
474.344553 271.231457 7
476.348671 267.760223 7
478.853818 263.421181 7
479.855877 261.685564 7
481.358965 259.082138 7
482.361024 257.346521 7
482.862054 256.478713 7
483.363083 255.610904 7
483.864113 254.743096 7
484.365142 253.875287 7
486.369260 250.404054 7
486.870289 249.536245 7
487.371319 248.668437 7
488.373378 246.932820 7
488.874407 246.065011 7
489.876466 244.329394 7
490.377496 243.461586 7
490.878525 242.593777 7
491.379554 241.725969 7
492.381613 239.990352 7
492.882643 239.122544 7
494.385731 236.519118 7
494.886761 235.651310 7
495.387790 234.783501 7
495.888819 233.915693 7
496.389849 233.047884 7
498.393967 229.576651 7
498.894996 228.708842 7
499.396026 227.841034 7
500.899114 225.237608 7
501.901173 223.501991 7
502.903232 221.766374 7
504.406320 219.162949 7
504.907350 218.295140 7
505.408379 217.427332 7
506.410438 215.691715 7
506.911467 214.823907 7
507.412497 213.956098 7
507.913526 213.088290 7
508.414556 212.220481 7
508.915585 211.352673 7
509.917644 209.617056 7
510.418673 208.749247 7
511.420732 207.013630 7
511.921762 206.145822 7
512.422791 205.278014 7
512.923821 204.410205 7
513.424850 203.542397 7
514.426909 201.806780 7
515.428968 200.071163 7
515.929997 199.203354 7
516.431027 198.335546 7
516.932056 197.467737 7
517.433086 196.599929 7
517.934115 195.732120 7
518.936174 193.996504 7
520.940292 190.525270 7
521.441321 189.657461 7
522.443380 187.921844 7
522.944410 187.054036 7
523.445439 186.186227 7
523.946469 185.318419 7
524.447498 184.450610 7
525.449557 182.714994 7
525.950586 181.847185 7
526.451616 180.979377 7
526.952645 180.111568 7
527.453675 179.243760 7
527.954704 178.375951 7
528.455734 177.508143 7
528.956763 176.640334 7
529.958822 174.904717 7
530.459851 174.036909 7
530.960881 173.169100 7
531.461910 172.301292 7
532.964999 169.697867 7
533.466028 168.830058 7
533.967058 167.962250 7
536.472205 163.623207 7
537.474264 161.887590 7
537.975293 161.019782 7
538.476323 160.151974 7
539.478382 158.416357 7
540.480440 156.680740 7
540.981470 155.812931 7
541.482499 154.945123 7
541.983529 154.077314 7
543.987647 150.606080 7
544.989706 148.870463 7
546.492794 146.267038 7
546.993823 145.399230 7
548.997941 141.927996 7
549.498971 141.060187 7
550.000000 140.192379 6
550.501029 141.060187 6
552.505147 144.531421 6
553.006177 145.399230 6
553.507206 146.267038 6
554.509265 148.002655 6
555.010294 148.870463 6
556.012353 150.606080 6
556.513383 151.473889 6
558.016471 154.077314 6
558.517501 154.945123 6
560.020589 157.548548 6
560.521618 158.416357 6
562.525736 161.887590 6
563.026766 162.755399 6
564.028825 164.491016 6
564.529854 165.358824 6
566.032942 167.962250 6
566.533972 168.830058 6
567.035001 169.697867 6
567.536031 170.565675 6
568.037060 171.433484 6
568.538090 172.301292 6
569.540149 174.036909 6
571.544266 177.508143 6
572.045296 178.375951 6
572.546325 179.243760 6
573.047355 180.111568 6
574.550443 182.714994 6
575.051472 183.582802 6
575.552502 184.450610 6
576.053531 185.318419 6
576.554561 186.186227 6
577.055590 187.054036 6
577.556620 187.921844 6
578.558679 189.657461 6
579.059708 190.525270 6
579.560738 191.393078 6
580.061767 192.260887 6
581.063826 193.996504 6
581.564855 194.864312 6
582.065885 195.732120 6
582.566914 196.599929 6
583.067944 197.467737 6
583.568973 198.335546 6
584.070003 199.203354 6
584.571032 200.071163 6
585.072061 200.938971 6
586.074120 202.674588 6
586.575150 203.542397 6
587.577209 205.278014 6
588.078238 206.145822 6
588.579268 207.013630 6
589.581327 208.749247 6
592.587503 213.956098 6
594.591621 217.427332 6
595.092650 218.295140 6
595.593680 219.162949 6
596.094709 220.030757 6
597.096768 221.766374 6
597.597798 222.634183 6
598.599857 224.369800 6
599.100886 225.237608 6
599.601915 226.105417 6
600.102945 226.973225 6
601.105004 228.708842 6
601.606033 229.576651 6
602.608092 231.312267 6
603.109122 232.180076 6
604.111181 233.915693 6
605.113239 235.651310 6
605.614269 236.519118 6
606.115298 237.386927 6
607.117357 239.122544 6
608.119416 240.858161 6
608.620446 241.725969 6
609.121475 242.593777 6
609.622504 243.461586 6
610.624563 245.197203 6
611.125593 246.065011 6
611.626622 246.932820 6
612.127652 247.800628 6
615.634858 253.875287 6
616.135887 254.743096 6
617.638976 257.346521 6
618.140005 258.214330 6
618.641035 259.082138 6
619.142064 259.949947 6
619.643093 260.817755 6
620.144123 261.685564 6
621.647211 264.288989 6
623.651329 267.760223 6
624.653388 269.495840 6
625.154417 270.363648 6
626.156476 272.099265 6
627.158535 273.834882 6
627.659565 274.702691 6
628.661624 276.438307 6
629.162653 277.306116 6
630.164712 279.041733 6
630.665741 279.909541 6
632.669859 283.380775 6
633.170889 284.248584 6
634.673977 286.852009 6
635.175006 287.719818 6
635.676036 288.587626 6
636.177065 289.455434 6
636.678095 290.323243 6
637.680154 292.058860 6
638.181183 292.926668 6
638.682213 293.794477 6
639.183242 294.662285 6
640.686330 297.265711 6
641.688389 299.001328 6
642.189419 299.869136 6
642.690448 300.736944 6
643.692507 302.472561 6
644.694566 304.208178 6
645.195595 305.075987 6
645.696625 305.943795 6
646.197654 306.811604 6
647.199713 308.547221 6
647.700743 309.415029 6
648.201772 310.282838 6
649.203831 312.018454 6
650.706919 314.621880 6
651.207949 315.489688 6
651.708978 316.357497 6
652.711037 318.093114 6
653.212067 318.960922 6
653.713096 319.828731 6
654.214125 320.696539 6
656.218243 324.167773 6
656.719273 325.035581 6
657.721332 326.771198 6
658.222361 327.639007 6
659.725449 330.242432 6
660.727508 331.978049 6
662.230597 334.581474 6
662.731626 335.449283 6
663.733685 337.184900 6
664.735744 338.920517 6
665.737803 340.656134 6
666.238832 341.523942 6
668.242950 344.995176 6
669.245009 346.730793 6
670.748097 349.334218 6
671.249127 350.202027 6
671.750156 351.069835 6
673.253245 353.673261 6
673.754274 354.541069 6
674.756333 356.276686 6
675.257362 357.144495 6
675.758392 358.012303 6
678.263539 362.351345 6
679.265598 364.086962 6
680.267657 365.822579 6
680.768686 366.690388 6
681.269716 367.558196 6
681.770745 368.426005 6
682.772804 370.161621 6
684.275892 372.765047 6
685.277951 374.500664 6
686.280010 376.236281 6
686.781040 377.104089 6
687.282069 377.971898 6
688.284128 379.707515 6
689.787216 382.310940 6
690.288246 383.178748 6
690.789275 384.046557 6
691.791334 385.782174 6
692.793393 387.517791 6
693.294423 388.385599 6
693.795452 389.253408 6
694.797511 390.989025 6
695.298540 391.856833 6
695.799570 392.724641 6
696.300599 393.592450 6
697.302658 395.328067 6
697.803688 396.195875 6
698.304717 397.063684 6
698.805746 397.931492 6
699.807805 399.667109 6
701.310894 402.270535 6
701.811923 403.138343 6
702.312953 404.006151 6
703.315012 405.741768 6
704.317070 407.477385 6
704.818100 408.345194 6
706.822218 411.816428 6
707.824277 413.552045 6
708.826335 415.287661 6
709.828394 417.023278 6
711.331483 419.626704 6
712.333542 421.362321 6
712.834571 422.230129 6
713.335601 423.097938 6
713.836630 423.965746 6
714.337659 424.833555 6
714.838689 425.701363 6
716.341777 428.304788 6
717.343836 430.040405 6
718.846924 432.643831 6
719.347954 433.511639 6
719.848983 434.379448 6
720.350013 435.247256 6
723.356190 440.454107 6
723.857219 441.321915 6
724.358248 442.189724 6
724.859278 443.057532 6
725.861337 444.793149 6
726.362366 445.660958 6
727.865455 448.264383 6
728.867513 450.000000 5
729.868002 450.000000 5
730.868491 450.000000 5
731.868980 450.000000 5
732.869469 450.000000 5
733.869958 450.000000 5
734.870447 450.000000 5
737.871913 450.000000 5
738.872402 450.000000 5
739.872891 450.000000 5
740.873380 450.000000 5
741.873869 450.000000 5
742.874358 450.000000 5
745.875824 450.000000 5
746.876313 450.000000 5
747.876802 450.000000 5
748.877291 450.000000 5
750.878269 450.000000 5
751.878758 450.000000 5
752.879247 450.000000 5
753.879735 450.000000 5
754.880224 450.000000 5
757.881691 450.000000 5
758.882180 450.000000 5
760.883158 450.000000 5
761.883647 450.000000 5
762.884135 450.000000 5
763.884624 450.000000 5
764.885113 450.000000 5
765.885602 450.000000 5
768.887069 450.000000 5
770.888046 450.000000 5
771.888535 450.000000 5
772.889024 450.000000 5
773.889513 450.000000 5
774.890002 450.000000 5
775.890491 450.000000 5
776.890980 450.000000 5
778.891957 450.000000 5
779.892446 450.000000 5
781.893424 450.000000 5
783.894402 450.000000 5
786.895869 450.000000 5
787.896357 450.000000 5
788.896846 450.000000 5
789.897335 450.000000 5
790.897824 450.000000 5
791.898313 450.000000 5
792.898802 450.000000 5
793.899291 450.000000 5
795.900268 450.000000 5
797.901246 450.000000 5
798.901735 450.000000 5
799.902224 450.000000 5
800.902713 450.000000 5
801.903202 450.000000 5
802.903691 450.000000 5
803.904179 450.000000 5
804.904668 450.000000 5
805.905157 450.000000 5
806.905646 450.000000 5
807.906135 450.000000 5
809.907113 450.000000 5
810.907602 450.000000 5
811.908091 450.000000 5
812.908579 450.000000 5
813.909068 450.000000 5
814.909557 450.000000 5
815.910046 450.000000 5
816.910535 450.000000 5
817.911024 450.000000 5
818.911513 450.000000 5
819.912002 450.000000 5
820.912490 450.000000 5
822.913468 450.000000 5
823.913957 450.000000 5
826.915424 450.000000 5
827.915913 450.000000 5
831.917868 450.000000 5
832.918357 450.000000 5
833.918846 450.000000 5
834.919335 450.000000 5
835.919824 450.000000 5
836.920313 450.000000 5
837.920801 450.000000 5
840.922268 450.000000 5
841.922757 450.000000 5
842.923246 450.000000 5
843.923735 450.000000 5
844.924224 450.000000 5
846.925201 450.000000 5
847.925690 450.000000 5
848.926179 450.000000 5
849.926668 450.000000 5
851.927646 450.000000 5
852.928135 450.000000 5
853.928623 450.000000 5
854.929112 450.000000 5
855.929601 450.000000 5
856.930090 450.000000 5
857.930579 450.000000 5
858.931068 450.000000 5
859.931557 450.000000 5
861.932535 450.000000 5
862.933023 450.000000 5
863.933512 450.000000 5
864.934001 450.000000 5
865.934490 450.000000 5
866.934979 450.000000 5
868.935957 450.000000 5
870.936934 450.000000 5
871.937423 450.000000 5
872.937912 450.000000 5
873.938401 450.000000 5
876.939868 450.000000 5
877.940357 450.000000 5
878.940845 450.000000 5
880.941823 450.000000 5
881.942312 450.000000 5
882.942801 450.000000 5
883.943290 450.000000 5
884.943779 450.000000 5
885.944268 450.000000 5
886.944757 450.000000 5
887.945245 450.000000 5
889.946223 450.000000 5
890.946712 450.000000 5
893.948179 450.000000 5
894.948668 450.000000 5
895.949156 450.000000 5
896.949645 450.000000 5
898.950623 450.000000 5
899.951112 450.000000 5
900.951601 450.000000 5
901.952090 450.000000 5
902.952579 450.000000 5
903.953067 450.000000 5
904.953556 450.000000 5
908.955512 450.000000 5
909.956001 450.000000 5
910.956490 450.000000 5
911.956979 450.000000 5
912.957467 450.000000 5
913.957956 450.000000 5
914.958445 450.000000 5
917.959912 450.000000 5
918.960401 450.000000 5
920.961378 450.000000 5
921.961867 450.000000 5
922.962356 450.000000 5
923.962845 450.000000 5
924.963334 450.000000 5
926.964312 450.000000 5
927.964801 450.000000 5
930.966267 450.000000 5
932.967245 450.000000 5
934.968223 450.000000 5
935.968712 450.000000 5
936.969201 450.000000 5
938.970178 450.000000 5
939.970667 450.000000 5
940.971156 450.000000 5
941.971645 450.000000 5
942.972134 450.000000 5
943.972623 450.000000 5
946.974089 450.000000 5
947.974578 450.000000 5
948.975067 450.000000 5
950.976045 450.000000 5
952.977023 450.000000 5
953.977512 450.000000 5
954.978000 450.000000 5
955.978489 450.000000 5
956.978978 450.000000 5
957.979467 450.000000 5
959.980445 450.000000 5
960.980934 450.000000 5
964.982889 450.000000 5
966.983867 450.000000 5
967.984356 450.000000 5
968.984845 450.000000 5
970.985822 450.000000 5
971.986311 450.000000 5
972.986800 450.000000 5
973.987289 450.000000 5
974.987778 450.000000 5
976.988756 450.000000 5
978.989734 450.000000 5
979.990222 450.000000 5
980.990711 450.000000 5
981.991200 450.000000 5
982.991689 450.000000 5
983.992178 450.000000 5
984.992667 450.000000 5
985.993156 450.000000 5
986.993645 450.000000 5
987.994133 450.000000 5
988.994622 450.000000 5
990.995600 450.000000 5
992.996578 450.000000 5
993.997067 450.000000 5
994.997556 450.000000 5
998.999511 450.000000 5
1000.000000 450.000000 5
1000.000000 450.000000 4
1000.000000 451.000000 4
1000.000000 452.000000 4
1000.000000 453.000000 4
1000.000000 454.000000 4
1000.000000 455.000000 4
1000.000000 456.000000 4
1000.000000 457.000000 4
1000.000000 458.000000 4
1000.000000 459.000000 4
1000.000000 460.000000 4
1000.000000 461.000000 4
1000.000000 462.000000 4
1000.000000 463.000000 4
1000.000000 464.000000 4
1000.000000 465.000000 4
1000.000000 466.000000 4
1000.000000 467.000000 4
1000.000000 468.000000 4
1000.000000 469.000000 4
1000.000000 470.000000 4
1000.000000 471.000000 4
1000.000000 472.000000 4
1000.000000 473.000000 4
1000.000000 474.000000 4
1000.000000 475.000000 4
1000.000000 476.000000 4
1000.000000 477.000000 4
1000.000000 478.000000 4
1000.000000 479.000000 4
1000.000000 480.000000 4
1000.000000 481.000000 4
1000.000000 483.000000 4
1000.000000 484.000000 4
1000.000000 485.000000 4
1000.000000 486.000000 4
1000.000000 487.000000 4
1000.000000 488.000000 4
1000.000000 489.000000 4
1000.000000 490.000000 4
1000.000000 491.000000 4
1000.000000 492.000000 4
1000.000000 493.000000 4
1000.000000 494.000000 4
1000.000000 495.000000 4
1000.000000 496.000000 4
1000.000000 497.000000 4
1000.000000 498.000000 4
1000.000000 499.000000 4
1000.000000 500.000000 4
1000.000000 501.000000 4
1000.000000 502.000000 4
1000.000000 504.000000 4
1000.000000 505.000000 4
1000.000000 506.000000 4
1000.000000 507.000000 4
1000.000000 508.000000 4
1000.000000 509.000000 4
1000.000000 510.000000 4
1000.000000 511.000000 4
1000.000000 512.000000 4
1000.000000 513.000000 4
1000.000000 514.000000 4
1000.000000 515.000000 4
1000.000000 516.000000 4
1000.000000 517.000000 4
1000.000000 518.000000 4
1000.000000 519.000000 4
1000.000000 520.000000 4
1000.000000 521.000000 4
1000.000000 522.000000 4
1000.000000 523.000000 4
1000.000000 524.000000 4
1000.000000 525.000000 4
1000.000000 526.000000 4
1000.000000 527.000000 4
1000.000000 528.000000 4
1000.000000 529.000000 4
1000.000000 530.000000 4
1000.000000 531.000000 4
1000.000000 532.000000 4
1000.000000 533.000000 4
1000.000000 534.000000 4
1000.000000 535.000000 4
1000.000000 536.000000 4
1000.000000 537.000000 4
1000.000000 538.000000 4
1000.000000 539.000000 4
1000.000000 540.000000 4
1000.000000 541.000000 4
1000.000000 542.000000 4
1000.000000 543.000000 4
1000.000000 544.000000 4
1000.000000 545.000000 4
1000.000000 546.000000 4
1000.000000 547.000000 4
1000.000000 548.000000 4
1000.000000 549.000000 4
1000.000000 550.000000 4
1000.000000 550.000000 3
998.997355 550.000000 3
996.992065 550.000000 3
995.989421 550.000000 3
994.986776 550.000000 3
993.984131 550.000000 3
991.978841 550.000000 3
989.973551 550.000000 3
984.960327 550.000000 3
983.957682 550.000000 3
982.955037 550.000000 3
981.952393 550.000000 3
979.947103 550.000000 3
977.941813 550.000000 3
975.936523 550.000000 3
974.933879 550.000000 3
973.931234 550.000000 3
972.928589 550.000000 3
971.925944 550.000000 3
970.923299 550.000000 3
968.918009 550.000000 3
967.915365 550.000000 3
964.907430 550.000000 3
959.894206 550.000000 3
958.891561 550.000000 3
957.888916 550.000000 3
956.886271 550.000000 3
953.878337 550.000000 3
952.875692 550.000000 3
951.873047 550.000000 3
950.870402 550.000000 3
948.865112 550.000000 3
944.854533 550.000000 3
943.851888 550.000000 3
941.846598 550.000000 3
940.843953 550.000000 3
939.841309 550.000000 3
938.838664 550.000000 3
935.830729 550.000000 3
934.828084 550.000000 3
933.825439 550.000000 3
932.822795 550.000000 3
931.820150 550.000000 3
930.817505 550.000000 3
929.814860 550.000000 3
928.812215 550.000000 3
925.804280 550.000000 3
924.801636 550.000000 3
923.798991 550.000000 3
922.796346 550.000000 3
921.793701 550.000000 3
918.785766 550.000000 3
917.783122 550.000000 3
915.777832 550.000000 3
914.775187 550.000000 3
913.772542 550.000000 3
912.769897 550.000000 3
910.764608 550.000000 3
909.761963 550.000000 3
906.754028 550.000000 3
904.748738 550.000000 3
903.746094 550.000000 3
901.740804 550.000000 3
899.735514 550.000000 3
898.732869 550.000000 3
897.730224 550.000000 3
896.727580 550.000000 3
895.724935 550.000000 3
894.722290 550.000000 3
893.719645 550.000000 3
890.711710 550.000000 3
888.706421 550.000000 3
887.703776 550.000000 3
884.695841 550.000000 3
883.693196 550.000000 3
879.682617 550.000000 3
875.672038 550.000000 3
874.669393 550.000000 3
871.661458 550.000000 3
870.658813 550.000000 3
869.656168 550.000000 3
868.653524 550.000000 3
866.648234 550.000000 3
865.645589 550.000000 3
864.642944 550.000000 3
863.640299 550.000000 3
862.637654 550.000000 3
859.629720 550.000000 3
858.627075 550.000000 3
857.624430 550.000000 3
856.621785 550.000000 3
855.619140 550.000000 3
854.616496 550.000000 3
851.608561 550.000000 3
849.603271 550.000000 3
848.600626 550.000000 3
847.597982 550.000000 3
845.592692 550.000000 3
844.590047 550.000000 3
842.584757 550.000000 3
840.579468 550.000000 3
839.576823 550.000000 3
838.574178 550.000000 3
837.571533 550.000000 3
836.568888 550.000000 3
834.563598 550.000000 3
832.558309 550.000000 3
831.555664 550.000000 3
830.553019 550.000000 3
829.550374 550.000000 3
828.547729 550.000000 3
827.545084 550.000000 3
825.539795 550.000000 3
824.537150 550.000000 3
822.531860 550.000000 3
821.529215 550.000000 3
819.523926 550.000000 3
818.521281 550.000000 3
817.518636 550.000000 3
816.515991 550.000000 3
812.505412 550.000000 3
809.497477 550.000000 3
807.492187 550.000000 3
805.486898 550.000000 3
804.484253 550.000000 3
803.481608 550.000000 3
802.478963 550.000000 3
801.476318 550.000000 3
800.473673 550.000000 3
797.465739 550.000000 3
795.460449 550.000000 3
794.457804 550.000000 3
791.449870 550.000000 3
790.447225 550.000000 3
788.441935 550.000000 3
787.439290 550.000000 3
785.434000 550.000000 3
784.431356 550.000000 3
783.428711 550.000000 3
780.420776 550.000000 3
778.415486 550.000000 3
777.412841 550.000000 3
776.410197 550.000000 3
775.407552 550.000000 3
773.402262 550.000000 3
771.396972 550.000000 3
770.394327 550.000000 3
768.389038 550.000000 3
764.378458 550.000000 3
762.373169 550.000000 3
758.362589 550.000000 3
757.359944 550.000000 3
756.357299 550.000000 3
754.352010 550.000000 3
752.346720 550.000000 3
750.341430 550.000000 3
749.338785 550.000000 3
746.330851 550.000000 3
743.322916 550.000000 3
742.320271 550.000000 3
740.314982 550.000000 3
737.307047 550.000000 3
735.301757 550.000000 3
734.299113 550.000000 3
732.293823 550.000000 3
731.291178 550.000000 3
730.288533 550.000000 3
729.285888 550.000000 3
728.283243 550.000000 3
727.280599 550.000000 3
726.277954 550.000000 3
724.272664 550.000000 3
722.267374 550.000000 3
721.264729 550.000000 3
720.262085 550.000000 3
719.259440 550.000000 3
716.251505 550.000000 3
715.248860 550.000000 3
714.246215 550.000000 3
713.243571 550.000000 3
712.240926 550.000000 3
709.232991 550.000000 3
707.227701 550.000000 3
705.222412 550.000000 3
704.219767 550.000000 3
702.214477 550.000000 3
700.209187 550.000000 3
699.206543 550.000000 3
698.203898 550.000000 3
697.201253 550.000000 3
696.198608 550.000000 3
694.193318 550.000000 3
692.188029 550.000000 3
690.182739 550.000000 3
689.180094 550.000000 3
688.177449 550.000000 3
687.174804 550.000000 3
686.172159 550.000000 3
685.169515 550.000000 3
684.166870 550.000000 3
683.164225 550.000000 3
682.161580 550.000000 3
681.158935 550.000000 3
680.156290 550.000000 3
679.153645 550.000000 3
678.151001 550.000000 3
676.145711 550.000000 3
672.135131 550.000000 3
671.132487 550.000000 3
671.132487 550.000000 2
670.131392 548.266053 2
669.630844 547.399079 2
668.629749 545.665132 2
668.129202 544.798158 2
667.128107 543.064211 2
666.627559 542.197237 2
666.127012 541.330264 2
664.625369 538.729343 2
664.124822 537.862369 2
663.624275 536.995395 2
663.123727 536.128422 2
662.122632 534.394474 2
661.622085 533.527501 2
661.121537 532.660527 2
660.620990 531.793554 2
658.618800 528.325659 2
658.118252 527.458685 2
657.617705 526.591712 2
657.117158 525.724738 2
656.616610 524.857764 2
656.116063 523.990791 2
655.615515 523.123817 2
655.114968 522.256843 2
654.614420 521.389870 2
654.113873 520.522896 2
653.613325 519.655923 2
653.112778 518.788949 2
652.612230 517.921975 2
651.611135 516.188028 2
650.610040 514.454081 2
650.109493 513.587107 2
649.608946 512.720133 2
648.107303 510.119213 2
647.606756 509.252239 2
646.605661 507.518292 2
646.105113 506.651318 2
645.604566 505.784344 2
645.104018 504.917371 2
644.603471 504.050397 2
644.102923 503.183423 2
643.602376 502.316450 2
642.601281 500.582502 2
642.100734 499.715529 2
641.600186 498.848555 2
641.099639 497.981582 2
640.599091 497.114608 2
640.098544 496.247634 2
639.597996 495.380661 2
639.097449 494.513687 2
638.596901 493.646713 2
637.595806 491.912766 2
637.095259 491.045792 2
636.594711 490.178819 2
636.094164 489.311845 2
635.593617 488.444871 2
634.592522 486.710924 2
634.091974 485.843951 2
633.591427 484.976977 2
632.590332 483.243030 2
632.089784 482.376056 2
631.088689 480.642109 2
630.588142 479.775135 2
629.086499 477.174214 2
628.585952 476.307241 2
627.584857 474.573293 2
627.084310 473.706320 2
626.583762 472.839346 2
625.582667 471.105399 2
625.082120 470.238425 2
624.081025 468.504478 2
623.580477 467.637504 2
622.579382 465.903557 2
622.078835 465.036583 2
621.077740 463.302636 2
620.076645 461.568689 2
619.576098 460.701715 2
619.075550 459.834741 2
618.575003 458.967768 2
617.573908 457.233820 2
617.073360 456.366847 2
616.572813 455.499873 2
615.571718 453.765926 2
615.071170 452.898952 2
613.569528 450.298031 2
613.068981 449.431058 2
612.568433 448.564084 2
612.067886 447.697110 2
610.566243 445.096189 2
610.065696 444.229216 2
609.565148 443.362242 2
609.064601 442.495269 2
608.063506 440.761321 2
607.562958 439.894348 2
607.062411 439.027374 2
606.061316 437.293427 2
605.560769 436.426453 2
605.060221 435.559479 2
604.059126 433.825532 2
603.058031 432.091585 2
602.056936 430.357638 2
601.556389 429.490664 2
600.555294 427.756717 2
600.054747 426.889743 2
599.554199 426.022769 2
599.053652 425.155796 2
598.553104 424.288822 2
598.052557 423.421848 2
597.552009 422.554875 2
596.550914 420.820927 2
596.050367 419.953954 2
595.549819 419.086980 2
595.049272 418.220007 2
594.048177 416.486059 2
593.547629 415.619086 2
593.047082 414.752112 2
590.544345 410.417244 2
589.543250 408.683297 2
589.042702 407.816323 2
588.542155 406.949349 2
588.041607 406.082376 2
586.539965 403.481455 2
586.039417 402.614481 2
585.038323 400.880534 2
584.537775 400.013560 2
584.037228 399.146586 2
582.535585 396.545666 2
579.532300 391.343824 2
579.031753 390.476850 2
578.531206 389.609876 2
578.030658 388.742903 2
577.029563 387.008955 2
576.529016 386.141982 2
576.028468 385.275008 2
575.527921 384.408035 2
575.027373 383.541061 2
574.026278 381.807114 2
573.025183 380.073166 2
572.524636 379.206193 2
572.024088 378.339219 2
571.523541 377.472245 2
571.022994 376.605272 2
570.522446 375.738298 2
569.521351 374.004351 2
569.020804 373.137377 2
568.520256 372.270404 2
566.518066 368.802509 2
566.017519 367.935535 2
565.516971 367.068562 2
565.016424 366.201588 2
564.515876 365.334614 2
563.014234 362.733694 2
562.013139 360.999746 2
561.512592 360.132773 2
561.012044 359.265799 2
559.009854 355.797904 2
558.509307 354.930931 2
558.008759 354.063957 2
557.007665 352.330010 2
556.507117 351.463036 2
556.006570 350.596063 2
555.506022 349.729089 2
554.004380 347.128168 2
552.502737 344.527247 2
552.002190 343.660273 2
551.501642 342.793300 2
550.500547 341.059353 2
550.000000 340.192379 1
549.499453 341.059353 1
548.998905 341.926326 1
548.498358 342.793300 1
547.997810 343.660273 1
547.497263 344.527247 1
546.996715 345.394221 1
546.496168 346.261194 1
545.995620 347.128168 1
545.495073 347.995142 1
544.994525 348.862115 1
544.493978 349.729089 1
543.492883 351.463036 1
542.992335 352.330010 1
542.491788 353.196983 1
541.991241 354.063957 1
541.490693 354.930931 1
540.990146 355.797904 1
540.489598 356.664878 1
539.989051 357.531852 1
537.486313 361.866720 1
536.485218 363.600667 1
535.984671 364.467641 1
534.483029 367.068562 1
533.481934 368.802509 1
532.981386 369.669483 1
532.480839 370.536456 1
531.479744 372.270404 1
530.979196 373.137377 1
530.478649 374.004351 1
529.477554 375.738298 1
528.977006 376.605272 1
528.476459 377.472245 1
527.975912 378.339219 1
527.475364 379.206193 1
526.974817 380.073166 1
525.973722 381.807114 1
525.473174 382.674087 1
524.972627 383.541061 1
523.971532 385.275008 1
522.970437 387.008955 1
522.469889 387.875929 1
521.969342 388.742903 1
521.468794 389.609876 1
520.968247 390.476850 1
520.467700 391.343824 1
519.967152 392.210797 1
519.466605 393.077771 1
518.966057 393.944745 1
516.463320 398.279613 1
515.962772 399.146586 1
514.961677 400.880534 1
513.960583 402.614481 1
513.460035 403.481455 1
512.959488 404.348428 1
512.458940 405.215402 1
511.958393 406.082376 1
511.457845 406.949349 1
510.957298 407.816323 1
510.456750 408.683297 1
509.455655 410.417244 1
508.955108 411.284217 1
508.454560 412.151191 1
507.453465 413.885138 1
506.452371 415.619086 1
505.951823 416.486059 1
505.451276 417.353033 1
504.950728 418.220007 1
504.450181 419.086980 1
503.949633 419.953954 1
503.449086 420.820927 1
502.948538 421.687901 1
502.447991 422.554875 1
501.947443 423.421848 1
501.446896 424.288822 1
500.946348 425.155796 1
500.445801 426.022769 1
499.945253 426.889743 1
499.444706 427.756717 1
498.944159 428.623690 1
498.443611 429.490664 1
497.943064 430.357638 1
497.442516 431.224611 1
496.941969 432.091585 1
495.940874 433.825532 1
495.440326 434.692506 1
494.939779 435.559479 1
494.439231 436.426453 1
493.938684 437.293427 1
493.438136 438.160400 1
492.937589 439.027374 1
492.437042 439.894348 1
491.936494 440.761321 1
491.435947 441.628295 1
490.935399 442.495269 1
490.434852 443.362242 1
489.934304 444.229216 1
489.433757 445.096189 1
488.933209 445.963163 1
488.432662 446.830137 1
487.932114 447.697110 1
486.430472 450.298031 1
485.929924 451.165005 1
485.429377 452.031979 1
484.928830 452.898952 1
483.427187 455.499873 1
482.926640 456.366847 1
481.925545 458.100794 1
481.424997 458.967768 1
480.924450 459.834741 1
480.423902 460.701715 1
479.923355 461.568689 1
478.922260 463.302636 1
478.421712 464.169610 1
477.921165 465.036583 1
476.920070 466.770530 1
475.918975 468.504478 1
475.418428 469.371451 1
474.917880 470.238425 1
474.417333 471.105399 1
473.916785 471.972372 1
473.416238 472.839346 1
472.915690 473.706320 1
472.415143 474.573293 1
471.914595 475.440267 1
471.414048 476.307241 1
469.411858 479.775135 1
468.911311 480.642109 1
468.410763 481.509082 1
467.910216 482.376056 1
467.409668 483.243030 1
466.909121 484.110003 1
466.408573 484.976977 1
465.908026 485.843951 1
465.407478 486.710924 1
464.906931 487.577898 1
464.406383 488.444871 1
463.905836 489.311845 1
463.405289 490.178819 1
462.904741 491.045792 1
462.404194 491.912766 1
461.903646 492.779740 1
460.902551 494.513687 1
460.402004 495.380661 1
457.899266 499.715529 1
456.898172 501.449476 1
455.897077 503.183423 1
455.396529 504.050397 1
454.895982 504.917371 1
454.395434 505.784344 1
453.894887 506.651318 1
453.394339 507.518292 1
452.893792 508.385265 1
452.393244 509.252239 1
451.892697 510.119213 1
451.392149 510.986186 1
450.891602 511.853160 1
450.391054 512.720133 1
449.890507 513.587107 1
449.389960 514.454081 1
448.388865 516.188028 1
447.888317 517.055002 1
447.387770 517.921975 1
446.887222 518.788949 1
446.386675 519.655923 1
445.385580 521.389870 1
444.885032 522.256843 1
444.384485 523.123817 1
443.883937 523.990791 1
443.383390 524.857764 1
441.881748 527.458685 1
441.381200 528.325659 1
440.880653 529.192633 1
440.380105 530.059606 1
439.879558 530.926580 1
439.379010 531.793554 1
438.878463 532.660527 1
437.877368 534.394474 1
436.876273 536.128422 1
435.875178 537.862369 1
435.374631 538.729343 1
434.874083 539.596316 1
434.373536 540.463290 1
433.872988 541.330264 1
432.871893 543.064211 1
432.371346 543.931185 1
431.870798 544.798158 1
431.370251 545.665132 1
430.869703 546.532105 1
429.368061 549.133026 1
428.867513 550.000000 1
428.867513 550.000000 0
427.864869 550.000000 0
424.856934 550.000000 0
422.851644 550.000000 0
420.846355 550.000000 0
419.843710 550.000000 0
418.841065 550.000000 0
417.838420 550.000000 0
414.830485 550.000000 0
413.827841 550.000000 0
412.825196 550.000000 0
411.822551 550.000000 0
410.819906 550.000000 0
408.814616 550.000000 0
407.811971 550.000000 0
406.809327 550.000000 0
404.804037 550.000000 0
403.801392 550.000000 0
401.796102 550.000000 0
400.793457 550.000000 0
396.782878 550.000000 0
395.780233 550.000000 0
394.777588 550.000000 0
392.772299 550.000000 0
391.769654 550.000000 0
390.767009 550.000000 0
389.764364 550.000000 0
387.759074 550.000000 0
385.753785 550.000000 0
383.748495 550.000000 0
382.745850 550.000000 0
377.732626 550.000000 0
375.727336 550.000000 0
373.722046 550.000000 0
372.719401 550.000000 0
371.716757 550.000000 0
370.714112 550.000000 0
369.711467 550.000000 0
368.708822 550.000000 0
365.700887 550.000000 0
364.698243 550.000000 0
361.690308 550.000000 0
358.682373 550.000000 0
357.679729 550.000000 0
356.677084 550.000000 0
355.674439 550.000000 0
354.671794 550.000000 0
353.669149 550.000000 0
351.663859 550.000000 0
350.661215 550.000000 0
349.658570 550.000000 0
348.655925 550.000000 0
346.650635 550.000000 0
345.647990 550.000000 0
344.645345 550.000000 0
343.642701 550.000000 0
342.640056 550.000000 0
341.637411 550.000000 0
340.634766 550.000000 0
338.629476 550.000000 0
336.624187 550.000000 0
335.621542 550.000000 0
334.618897 550.000000 0
332.613607 550.000000 0
330.608317 550.000000 0
329.605673 550.000000 0
323.589803 550.000000 0
322.587159 550.000000 0
321.584514 550.000000 0
320.581869 550.000000 0
319.579224 550.000000 0
316.571289 550.000000 0
315.568644 550.000000 0
314.566000 550.000000 0
313.563355 550.000000 0
312.560710 550.000000 0
309.552775 550.000000 0
308.550130 550.000000 0
303.536906 550.000000 0
302.534261 550.000000 0
301.531616 550.000000 0
300.528972 550.000000 0
299.526327 550.000000 0
298.523682 550.000000 0
297.521037 550.000000 0
295.515747 550.000000 0
294.513102 550.000000 0
293.510458 550.000000 0
292.507813 550.000000 0
291.505168 550.000000 0
290.502523 550.000000 0
289.499878 550.000000 0
288.497233 550.000000 0
287.494588 550.000000 0
286.491944 550.000000 0
283.484009 550.000000 0
282.481364 550.000000 0
281.478719 550.000000 0
279.473430 550.000000 0
278.470785 550.000000 0
277.468140 550.000000 0
275.462850 550.000000 0
273.457560 550.000000 0
272.454916 550.000000 0
268.444336 550.000000 0
267.441691 550.000000 0
266.439046 550.000000 0
265.436402 550.000000 0
259.420532 550.000000 0
257.415243 550.000000 0
256.412598 550.000000 0
255.409953 550.000000 0
254.407308 550.000000 0
253.404663 550.000000 0
252.402018 550.000000 0
251.399374 550.000000 0
249.394084 550.000000 0
248.391439 550.000000 0
246.386149 550.000000 0
243.378215 550.000000 0
242.375570 550.000000 0
241.372925 550.000000 0
240.370280 550.000000 0
239.367635 550.000000 0
238.364990 550.000000 0
237.362346 550.000000 0
236.359701 550.000000 0
235.357056 550.000000 0
234.354411 550.000000 0
231.346476 550.000000 0
230.343832 550.000000 0
229.341187 550.000000 0
228.338542 550.000000 0
227.335897 550.000000 0
226.333252 550.000000 0
225.330607 550.000000 0
223.325318 550.000000 0
221.320028 550.000000 0
220.317383 550.000000 0
218.312093 550.000000 0
217.309448 550.000000 0
216.306804 550.000000 0
214.301514 550.000000 0
213.298869 550.000000 0
212.296224 550.000000 0
211.293579 550.000000 0
210.290934 550.000000 0
208.285645 550.000000 0
207.283000 550.000000 0
205.277710 550.000000 0
204.275065 550.000000 0
202.269776 550.000000 0
201.267131 550.000000 0
200.264486 550.000000 0
199.261841 550.000000 0
198.259196 550.000000 0
197.256551 550.000000 0
194.248617 550.000000 0
192.243327 550.000000 0
191.240682 550.000000 0
189.235392 550.000000 0
188.232748 550.000000 0
187.230103 550.000000 0
186.227458 550.000000 0
183.219523 550.000000 0
182.216878 550.000000 0
181.214234 550.000000 0
180.211589 550.000000 0
178.206299 550.000000 0
177.203654 550.000000 0
176.201009 550.000000 0
175.198364 550.000000 0
174.195720 550.000000 0
173.193075 550.000000 0
172.190430 550.000000 0
169.182495 550.000000 0
167.177205 550.000000 0
166.174561 550.000000 0
165.171916 550.000000 0
163.166626 550.000000 0
160.158691 550.000000 0
159.156047 550.000000 0
158.153402 550.000000 0
157.150757 550.000000 0
156.148112 550.000000 0
154.142822 550.000000 0
152.137533 550.000000 0
151.134888 550.000000 0
149.129598 550.000000 0
148.126953 550.000000 0
147.124308 550.000000 0
146.121663 550.000000 0
145.119019 550.000000 0
144.116374 550.000000 0
143.113729 550.000000 0
142.111084 550.000000 0
141.108439 550.000000 0
140.105794 550.000000 0
138.100505 550.000000 0
134.089925 550.000000 0
133.087280 550.000000 0
131.081991 550.000000 0
129.076701 550.000000 0
128.074056 550.000000 0
127.071411 550.000000 0
126.068766 550.000000 0
125.066121 550.000000 0
124.063477 550.000000 0
123.060832 550.000000 0
121.055542 550.000000 0
120.052897 550.000000 0
119.050252 550.000000 0
118.047607 550.000000 0
117.044963 550.000000 0
116.042318 550.000000 0
113.034383 550.000000 0
111.029093 550.000000 0
110.026449 550.000000 0
108.021159 550.000000 0
106.015869 550.000000 0
105.013224 550.000000 0
104.010579 550.000000 0
103.007935 550.000000 0
100.000000 550.000000 0
