1720
100.000000 450.000000 8
101.000489 450.000000 8
102.000978 450.000000 8
103.001467 450.000000 8
104.001956 450.000000 8
105.002444 450.000000 8
106.002933 450.000000 8
108.003911 450.000000 8
109.004400 450.000000 8
110.004889 450.000000 8
111.005378 450.000000 8
112.005867 450.000000 8
114.006844 450.000000 8
116.007822 450.000000 8
117.008311 450.000000 8
119.009289 450.000000 8
121.010266 450.000000 8
122.010755 450.000000 8
123.011244 450.000000 8
126.012711 450.000000 8
127.013200 450.000000 8
129.014178 450.000000 8
130.014666 450.000000 8
131.015155 450.000000 8
133.016133 450.000000 8
134.016622 450.000000 8
135.017111 450.000000 8
136.017600 450.000000 8
137.018089 450.000000 8
139.019066 450.000000 8
140.019555 450.000000 8
141.020044 450.000000 8
142.020533 450.000000 8
143.021022 450.000000 8
144.021511 450.000000 8
145.022000 450.000000 8
146.022488 450.000000 8
147.022977 450.000000 8
148.023466 450.000000 8
149.023955 450.000000 8
150.024444 450.000000 8
151.024933 450.000000 8
152.025422 450.000000 8
155.026888 450.000000 8
157.027866 450.000000 8
158.028355 450.000000 8
160.029333 450.000000 8
161.029822 450.000000 8
162.030311 450.000000 8
164.031288 450.000000 8
165.031777 450.000000 8
166.032266 450.000000 8
167.032755 450.000000 8
168.033244 450.000000 8
169.033733 450.000000 8
170.034222 450.000000 8
171.034710 450.000000 8
172.035199 450.000000 8
173.035688 450.000000 8
174.036177 450.000000 8
175.036666 450.000000 8
176.037155 450.000000 8
178.038133 450.000000 8
179.038622 450.000000 8
180.039110 450.000000 8
181.039599 450.000000 8
182.040088 450.000000 8
183.040577 450.000000 8
184.041066 450.000000 8
186.042044 450.000000 8
187.042533 450.000000 8
188.043021 450.000000 8
190.043999 450.000000 8
191.044488 450.000000 8
193.045466 450.000000 8
194.045955 450.000000 8
196.046933 450.000000 8
197.047421 450.000000 8
200.048888 450.000000 8
201.049377 450.000000 8
202.049866 450.000000 8
204.050844 450.000000 8
205.051332 450.000000 8
208.052799 450.000000 8
209.053288 450.000000 8
210.053777 450.000000 8
211.054266 450.000000 8
212.054755 450.000000 8
213.055243 450.000000 8
214.055732 450.000000 8
215.056221 450.000000 8
216.056710 450.000000 8
217.057199 450.000000 8
218.057688 450.000000 8
219.058177 450.000000 8
220.058666 450.000000 8
221.059155 450.000000 8
226.061599 450.000000 8
228.062577 450.000000 8
229.063066 450.000000 8
230.063554 450.000000 8
231.064043 450.000000 8
232.064532 450.000000 8
234.065510 450.000000 8
236.066488 450.000000 8
237.066977 450.000000 8
238.067465 450.000000 8
239.067954 450.000000 8
244.070399 450.000000 8
245.070888 450.000000 8
246.071377 450.000000 8
247.071865 450.000000 8
248.072354 450.000000 8
250.073332 450.000000 8
251.073821 450.000000 8
252.074310 450.000000 8
253.074799 450.000000 8
254.075288 450.000000 8
256.076265 450.000000 8
257.076754 450.000000 8
258.077243 450.000000 8
260.078221 450.000000 8
261.078710 450.000000 8
263.079687 450.000000 8
264.080176 450.000000 8
265.080665 450.000000 8
266.081154 450.000000 8
268.082132 450.000000 8
270.083110 450.000000 8
271.083599 450.000000 8
272.084087 450.000000 8
274.085065 450.000000 8
276.086043 450.000000 8
277.086532 450.000000 8
279.087510 450.000000 8
281.088487 450.000000 8
283.089465 450.000000 8
284.089954 450.000000 8
286.090932 450.000000 8
287.091421 450.000000 8
291.093376 450.000000 8
293.094354 450.000000 8
294.094843 450.000000 8
295.095332 450.000000 8
296.095821 450.000000 8
298.096798 450.000000 8
300.097776 450.000000 8
301.098265 450.000000 8
302.098754 450.000000 8
303.099243 450.000000 8
304.099732 450.000000 8
305.100220 450.000000 8
307.101198 450.000000 8
308.101687 450.000000 8
309.102176 450.000000 8
311.103154 450.000000 8
313.104131 450.000000 8
314.104620 450.000000 8
315.105109 450.000000 8
316.105598 450.000000 8
317.106087 450.000000 8
318.106576 450.000000 8
319.107065 450.000000 8
320.107554 450.000000 8
322.108531 450.000000 8
324.109509 450.000000 8
325.109998 450.000000 8
327.110976 450.000000 8
328.111465 450.000000 8
330.112442 450.000000 8
331.112931 450.000000 8
332.113420 450.000000 8
334.114398 450.000000 8
335.114887 450.000000 8
337.115865 450.000000 8
338.116353 450.000000 8
339.116842 450.000000 8
342.118309 450.000000 8
343.118798 450.000000 8
344.119287 450.000000 8
347.120753 450.000000 8
348.121242 450.000000 8
349.121731 450.000000 8
350.122220 450.000000 8
351.122709 450.000000 8
353.123687 450.000000 8
355.124664 450.000000 8
356.125153 450.000000 8
361.127598 450.000000 8
362.128087 450.000000 8
363.128575 450.000000 8
364.129064 450.000000 8
365.129553 450.000000 8
367.130531 450.000000 8
368.131020 450.000000 8
369.131509 450.000000 8
370.131998 450.000000 8
371.132487 450.000000 8
371.132487 450.000000 7
371.633516 449.132192 7
372.134545 448.264383 7
373.637634 445.660958 7
374.138663 444.793149 7
374.639693 443.925341 7
375.140722 443.057532 7
375.641752 442.189724 7
376.643810 440.454107 7
377.645869 438.718490 7
378.146899 437.850682 7
378.647928 436.982873 7
379.148958 436.115065 7
379.649987 435.247256 7
380.652046 433.511639 7
381.153076 432.643831 7
381.654105 431.776022 7
383.658223 428.304788 7
384.660282 426.569172 7
386.664399 423.097938 7
387.165429 422.230129 7
388.668517 419.626704 7
389.169547 418.758895 7
390.171606 417.023278 7
390.672635 416.155470 7
392.175723 413.552045 7
392.676753 412.684236 7
393.177782 411.816428 7
393.678812 410.948619 7
394.680871 409.213002 7
395.181900 408.345194 7
395.682930 407.477385 7
396.183959 406.609577 7
396.684988 405.741768 7
397.186018 404.873960 7
397.687047 404.006151 7
399.190136 401.402726 7
400.693224 398.799301 7
401.194254 397.931492 7
401.695283 397.063684 7
402.697342 395.328067 7
403.198371 394.460258 7
403.699401 393.592450 7
404.200430 392.724641 7
404.701460 391.856833 7
405.202489 390.989025 7
405.703519 390.121216 7
406.204548 389.253408 7
407.707636 386.649982 7
408.709695 384.914365 7
409.711754 383.178748 7
410.713813 381.443131 7
412.216901 378.839706 7
412.717931 377.971898 7
413.719990 376.236281 7
415.223078 373.632855 7
415.724108 372.765047 7
416.726166 371.029430 7
417.227196 370.161621 7
417.728225 369.293813 7
418.229255 368.426005 7
418.730284 367.558196 7
419.231314 366.690388 7
420.233373 364.954771 7
421.235431 363.219154 7
421.736461 362.351345 7
423.740579 358.880111 7
424.241608 358.012303 7
425.243667 356.276686 7
425.744697 355.408878 7
426.746755 353.673261 7
427.748814 351.937644 7
428.249844 351.069835 7
429.251903 349.334218 7
430.253962 347.598601 7
431.757050 344.995176 7
432.759109 343.259559 7
433.761168 341.523942 7
434.262197 340.656134 7
435.264256 338.920517 7
437.268374 335.449283 7
437.769403 334.581474 7
438.771462 332.845858 7
439.272492 331.978049 7
440.274551 330.242432 7
440.775580 329.374624 7
441.276609 328.506815 7
441.777639 327.639007 7
442.779698 325.903390 7
443.781757 324.167773 7
444.282786 323.299964 7
444.783816 322.432156 7
445.284845 321.564348 7
445.785875 320.696539 7
446.286904 319.828731 7
446.787933 318.960922 7
448.291022 316.357497 7
448.792051 315.489688 7
450.295140 312.886263 7
450.796169 312.018454 7
451.297198 311.150646 7
451.798228 310.282838 7
452.299257 309.415029 7
452.800287 308.547221 7
453.301316 307.679412 7
453.802346 306.811604 7
454.303375 305.943795 7
456.307493 302.472561 7
456.808522 301.604753 7
458.311611 299.001328 7
458.812640 298.133519 7
459.313670 297.265711 7
459.814699 296.397902 7
460.315729 295.530094 7
462.319846 292.058860 7
462.820876 291.191051 7
463.321905 290.323243 7
463.822935 289.455434 7
466.829111 284.248584 7
467.831170 282.512967 7
468.833229 280.777350 7
470.336318 278.173924 7
471.338376 276.438307 7
471.839406 275.570499 7
472.841465 273.834882 7
473.342494 272.967074 7
475.847641 268.628031 7
476.348671 267.760223 7
478.352789 264.288989 7
478.853818 263.421181 7
479.354848 262.553372 7
480.356907 260.817755 7
481.859995 258.214330 7
482.361024 257.346521 7
483.363083 255.610904 7
484.365142 253.875287 7
484.866172 253.007479 7
485.367201 252.139671 7
485.868230 251.271862 7
486.369260 250.404054 7
486.870289 249.536245 7
487.371319 248.668437 7
488.373378 246.932820 7
488.874407 246.065011 7
489.375437 245.197203 7
489.876466 244.329394 7
490.377496 243.461586 7
490.878525 242.593777 7
491.379554 241.725969 7
491.880584 240.858161 7
492.882643 239.122544 7
493.383672 238.254735 7
494.886761 235.651310 7
495.387790 234.783501 7
496.389849 233.047884 7
497.892937 230.444459 7
499.396026 227.841034 7
500.398085 226.105417 7
500.899114 225.237608 7
501.901173 223.501991 7
502.402202 222.634183 7
503.404261 220.898566 7
503.905291 220.030757 7
504.406320 219.162949 7
504.907350 218.295140 7
505.909408 216.559524 7
506.410438 215.691715 7
506.911467 214.823907 7
507.913526 213.088290 7
508.414556 212.220481 7
508.915585 211.352673 7
510.919703 207.881439 7
511.921762 206.145822 7
512.422791 205.278014 7
512.923821 204.410205 7
513.424850 203.542397 7
514.927939 200.938971 7
515.929997 199.203354 7
516.431027 198.335546 7
516.932056 197.467737 7
517.934115 195.732120 7
518.435145 194.864312 7
518.936174 193.996504 7
519.437204 193.128695 7
520.439262 191.393078 7
524.447498 184.450610 7
524.948528 183.582802 7
525.449557 182.714994 7
525.950586 181.847185 7
526.952645 180.111568 7
527.453675 179.243760 7
527.954704 178.375951 7
528.455734 177.508143 7
528.956763 176.640334 7
529.457793 175.772526 7
529.958822 174.904717 7
530.459851 174.036909 7
530.960881 173.169100 7
531.461910 172.301292 7
531.962940 171.433484 7
533.466028 168.830058 7
533.967058 167.962250 7
535.971175 164.491016 7
536.472205 163.623207 7
536.973234 162.755399 7
537.975293 161.019782 7
539.478382 158.416357 7
540.480440 156.680740 7
540.981470 155.812931 7
541.482499 154.945123 7
542.985588 152.341697 7
543.486617 151.473889 7
544.488676 149.738272 7
546.492794 146.267038 7
547.995882 143.663613 7
548.496912 142.795804 7
549.498971 141.060187 7
550.501029 141.060187 6
551.503088 142.795804 6
552.004118 143.663613 6
552.505147 144.531421 6
553.006177 145.399230 6
553.507206 146.267038 6
554.008236 147.134847 6
554.509265 148.002655 6
555.010294 148.870463 6
556.012353 150.606080 6
556.513383 151.473889 6
558.016471 154.077314 6
558.517501 154.945123 6
559.519560 156.680740 6
561.523677 160.151974 6
562.525736 161.887590 6
564.028825 164.491016 6
564.529854 165.358824 6
565.030883 166.226633 6
565.531913 167.094441 6
566.032942 167.962250 6
567.035001 169.697867 6
568.538090 172.301292 6
569.039119 173.169100 6
569.540149 174.036909 6
570.041178 174.904717 6
570.542207 175.772526 6
571.043237 176.640334 6
572.546325 179.243760 6
573.548384 180.979377 6
574.049414 181.847185 6
575.051472 183.582802 6
577.055590 187.054036 6
577.556620 187.921844 6
578.558679 189.657461 6
580.061767 192.260887 6
580.562796 193.128695 6
581.063826 193.996504 6
581.564855 194.864312 6
582.065885 195.732120 6
582.566914 196.599929 6
585.072061 200.938971 6
585.573091 201.806780 6
586.575150 203.542397 6
587.076179 204.410205 6
587.577209 205.278014 6
588.078238 206.145822 6
588.579268 207.013630 6
589.581327 208.749247 6
590.082356 209.617056 6
591.084415 211.352673 6
591.585444 212.220481 6
592.086474 213.088290 6
592.587503 213.956098 6
593.088533 214.823907 6
594.090592 216.559524 6
594.591621 217.427332 6
596.094709 220.030757 6
596.595739 220.898566 6
598.599857 224.369800 6
599.601915 226.105417 6
600.603974 227.841034 6
601.105004 228.708842 6
602.107063 230.444459 6
602.608092 231.312267 6
603.109122 232.180076 6
604.111181 233.915693 6
605.614269 236.519118 6
607.117357 239.122544 6
608.119416 240.858161 6
608.620446 241.725969 6
609.622504 243.461586 6
610.123534 244.329394 6
610.624563 245.197203 6
611.125593 246.065011 6
611.626622 246.932820 6
612.628681 248.668437 6
613.129711 249.536245 6
613.630740 250.404054 6
614.131770 251.271862 6
614.632799 252.139671 6
615.133828 253.007479 6
615.634858 253.875287 6
617.137946 256.478713 6
618.140005 258.214330 6
618.641035 259.082138 6
619.142064 259.949947 6
619.643093 260.817755 6
621.146182 263.421181 6
621.647211 264.288989 6
622.148241 265.156797 6
623.150300 266.892414 6
624.653388 269.495840 6
625.154417 270.363648 6
625.655447 271.231457 6
626.156476 272.099265 6
627.659565 274.702691 6
628.160594 275.570499 6
628.661624 276.438307 6
630.665741 279.909541 6
631.166771 280.777350 6
632.168830 282.512967 6
633.170889 284.248584 6
633.671918 285.116392 6
634.172948 285.984201 6
635.175006 287.719818 6
636.177065 289.455434 6
636.678095 290.323243 6
637.179124 291.191051 6
637.680154 292.058860 6
638.181183 292.926668 6
638.682213 293.794477 6
639.183242 294.662285 6
639.684271 295.530094 6
640.686330 297.265711 6
641.187360 298.133519 6
642.189419 299.869136 6
643.692507 302.472561 6
644.193536 303.340370 6
646.698684 307.679412 6
648.201772 310.282838 6
648.702802 311.150646 6
649.203831 312.018454 6
649.704860 312.886263 6
650.205890 313.754071 6
650.706919 314.621880 6
651.207949 315.489688 6
651.708978 316.357497 6
652.210008 317.225305 6
652.711037 318.093114 6
655.216184 322.432156 6
657.721332 326.771198 6
658.222361 327.639007 6
658.723391 328.506815 6
659.725449 330.242432 6
660.727508 331.978049 6
662.731626 335.449283 6
663.232656 336.317091 6
663.733685 337.184900 6
665.236773 339.788325 6
665.737803 340.656134 6
666.238832 341.523942 6
667.741921 344.127368 6
668.242950 344.995176 6
669.245009 346.730793 6
670.247068 348.466410 6
670.748097 349.334218 6
671.750156 351.069835 6
672.752215 352.805452 6
673.253245 353.673261 6
673.754274 354.541069 6
675.257362 357.144495 6
675.758392 358.012303 6
676.259421 358.880111 6
676.760451 359.747920 6
677.261480 360.615728 6
678.263539 362.351345 6
678.764569 363.219154 6
679.265598 364.086962 6
679.766627 364.954771 6
680.267657 365.822579 6
681.269716 367.558196 6
682.271775 369.293813 6
682.772804 370.161621 6
683.273834 371.029430 6
683.774863 371.897238 6
685.778981 375.368472 6
687.282069 377.971898 6
687.783099 378.839706 6
688.284128 379.707515 6
689.286187 381.443131 6
690.288246 383.178748 6
690.789275 384.046557 6
691.290305 384.914365 6
691.791334 385.782174 6
692.793393 387.517791 6
693.294423 388.385599 6
693.795452 389.253408 6
694.296481 390.121216 6
694.797511 390.989025 6
695.799570 392.724641 6
696.300599 393.592450 6
696.801629 394.460258 6
697.302658 395.328067 6
698.304717 397.063684 6
698.805746 397.931492 6
699.306776 398.799301 6
699.807805 399.667109 6
700.308835 400.534918 6
700.809864 401.402726 6
701.310894 402.270535 6
702.813982 404.873960 6
703.315012 405.741768 6
703.816041 406.609577 6
704.317070 407.477385 6
704.818100 408.345194 6
705.820159 410.080811 6
707.323247 412.684236 6
707.824277 413.552045 6
708.826335 415.287661 6
709.327365 416.155470 6
710.830453 418.758895 6
711.832512 420.494512 6
712.834571 422.230129 6
713.836630 423.965746 6
714.337659 424.833555 6
714.838689 425.701363 6
715.339718 426.569172 6
716.842807 429.172597 6
717.844866 430.908214 6
719.347954 433.511639 6
719.848983 434.379448 6
720.350013 435.247256 6
721.853101 437.850682 6
722.855160 439.586298 6
723.857219 441.321915 6
725.360307 443.925341 6
726.863396 446.528766 6
727.364425 447.396575 6
727.865455 448.264383 6
728.867513 450.000000 6
728.867513 450.000000 5
729.868002 450.000000 5
730.868491 450.000000 5
731.868980 450.000000 5
732.869469 450.000000 5
735.870936 450.000000 5
736.871425 450.000000 5
737.871913 450.000000 5
740.873380 450.000000 5
741.873869 450.000000 5
742.874358 450.000000 5
743.874847 450.000000 5
744.875336 450.000000 5
746.876313 450.000000 5
747.876802 450.000000 5
749.877780 450.000000 5
750.878269 450.000000 5
751.878758 450.000000 5
752.879247 450.000000 5
753.879735 450.000000 5
754.880224 450.000000 5
755.880713 450.000000 5
757.881691 450.000000 5
758.882180 450.000000 5
759.882669 450.000000 5
761.883647 450.000000 5
763.884624 450.000000 5
765.885602 450.000000 5
766.886091 450.000000 5
768.887069 450.000000 5
769.887558 450.000000 5
771.888535 450.000000 5
773.889513 450.000000 5
774.890002 450.000000 5
775.890491 450.000000 5
778.891957 450.000000 5
779.892446 450.000000 5
780.892935 450.000000 5
781.893424 450.000000 5
782.893913 450.000000 5
783.894402 450.000000 5
784.894891 450.000000 5
786.895869 450.000000 5
787.896357 450.000000 5
789.897335 450.000000 5
790.897824 450.000000 5
791.898313 450.000000 5
793.899291 450.000000 5
794.899780 450.000000 5
795.900268 450.000000 5
796.900757 450.000000 5
797.901246 450.000000 5
799.902224 450.000000 5
800.902713 450.000000 5
805.905157 450.000000 5
806.905646 450.000000 5
807.906135 450.000000 5
811.908091 450.000000 5
812.908579 450.000000 5
813.909068 450.000000 5
814.909557 450.000000 5
815.910046 450.000000 5
816.910535 450.000000 5
817.911024 450.000000 5
818.911513 450.000000 5
819.912002 450.000000 5
820.912490 450.000000 5
821.912979 450.000000 5
822.913468 450.000000 5
824.914446 450.000000 5
825.914935 450.000000 5
826.915424 450.000000 5
827.915913 450.000000 5
829.916890 450.000000 5
831.917868 450.000000 5
833.918846 450.000000 5
835.919824 450.000000 5
838.921290 450.000000 5
839.921779 450.000000 5
840.922268 450.000000 5
841.922757 450.000000 5
842.923246 450.000000 5
845.924712 450.000000 5
846.925201 450.000000 5
851.927646 450.000000 5
852.928135 450.000000 5
855.929601 450.000000 5
856.930090 450.000000 5
857.930579 450.000000 5
858.931068 450.000000 5
859.931557 450.000000 5
860.932046 450.000000 5
861.932535 450.000000 5
863.933512 450.000000 5
864.934001 450.000000 5
865.934490 450.000000 5
866.934979 450.000000 5
867.935468 450.000000 5
869.936446 450.000000 5
870.936934 450.000000 5
871.937423 450.000000 5
873.938401 450.000000 5
875.939379 450.000000 5
876.939868 450.000000 5
877.940357 450.000000 5
879.941334 450.000000 5
880.941823 450.000000 5
881.942312 450.000000 5
882.942801 450.000000 5
883.943290 450.000000 5
885.944268 450.000000 5
886.944757 450.000000 5
889.946223 450.000000 5
890.946712 450.000000 5
891.947201 450.000000 5
893.948179 450.000000 5
895.949156 450.000000 5
896.949645 450.000000 5
897.950134 450.000000 5
899.951112 450.000000 5
900.951601 450.000000 5
901.952090 450.000000 5
902.952579 450.000000 5
905.954045 450.000000 5
906.954534 450.000000 5
907.955023 450.000000 5
910.956490 450.000000 5
911.956979 450.000000 5
917.959912 450.000000 5
919.960890 450.000000 5
921.961867 450.000000 5
923.962845 450.000000 5
924.963334 450.000000 5
925.963823 450.000000 5
926.964312 450.000000 5
927.964801 450.000000 5
928.965290 450.000000 5
929.965778 450.000000 5
930.966267 450.000000 5
932.967245 450.000000 5
933.967734 450.000000 5
935.968712 450.000000 5
936.969201 450.000000 5
938.970178 450.000000 5
940.971156 450.000000 5
942.972134 450.000000 5
943.972623 450.000000 5
944.973112 450.000000 5
945.973600 450.000000 5
947.974578 450.000000 5
948.975067 450.000000 5
949.975556 450.000000 5
950.976045 450.000000 5
953.977512 450.000000 5
954.978000 450.000000 5
956.978978 450.000000 5
958.979956 450.000000 5
959.980445 450.000000 5
960.980934 450.000000 5
961.981423 450.000000 5
966.983867 450.000000 5
967.984356 450.000000 5
969.985334 450.000000 5
970.985822 450.000000 5
971.986311 450.000000 5
972.986800 450.000000 5
973.987289 450.000000 5
976.988756 450.000000 5
977.989245 450.000000 5
978.989734 450.000000 5
979.990222 450.000000 5
981.991200 450.000000 5
982.991689 450.000000 5
983.992178 450.000000 5
984.992667 450.000000 5
987.994133 450.000000 5
989.995111 450.000000 5
990.995600 450.000000 5
992.996578 450.000000 5
993.997067 450.000000 5
994.997556 450.000000 5
998.999511 450.000000 5
1000.000000 450.000000 5
1000.000000 450.000000 4
1000.000000 451.000000 4
1000.000000 452.000000 4
1000.000000 453.000000 4
1000.000000 454.000000 4
1000.000000 455.000000 4
1000.000000 456.000000 4
1000.000000 457.000000 4
1000.000000 459.000000 4
1000.000000 460.000000 4
1000.000000 461.000000 4
1000.000000 462.000000 4
1000.000000 464.000000 4
1000.000000 465.000000 4
1000.000000 466.000000 4
1000.000000 467.000000 4
1000.000000 468.000000 4
1000.000000 469.000000 4
1000.000000 470.000000 4
1000.000000 471.000000 4
1000.000000 472.000000 4
1000.000000 473.000000 4
1000.000000 475.000000 4
1000.000000 476.000000 4
1000.000000 477.000000 4
1000.000000 478.000000 4
1000.000000 479.000000 4
1000.000000 480.000000 4
1000.000000 481.000000 4
1000.000000 482.000000 4
1000.000000 483.000000 4
1000.000000 484.000000 4
1000.000000 485.000000 4
1000.000000 486.000000 4
1000.000000 487.000000 4
1000.000000 488.000000 4
1000.000000 489.000000 4
1000.000000 490.000000 4
1000.000000 491.000000 4
1000.000000 493.000000 4
1000.000000 494.000000 4
1000.000000 495.000000 4
1000.000000 496.000000 4
1000.000000 497.000000 4
1000.000000 498.000000 4
1000.000000 499.000000 4
1000.000000 500.000000 4
1000.000000 501.000000 4
1000.000000 502.000000 4
1000.000000 503.000000 4
1000.000000 504.000000 4
1000.000000 505.000000 4
1000.000000 506.000000 4
1000.000000 507.000000 4
1000.000000 509.000000 4
1000.000000 510.000000 4
1000.000000 511.000000 4
1000.000000 512.000000 4
1000.000000 513.000000 4
1000.000000 514.000000 4
1000.000000 515.000000 4
1000.000000 516.000000 4
1000.000000 517.000000 4
1000.000000 518.000000 4
1000.000000 519.000000 4
1000.000000 520.000000 4
1000.000000 521.000000 4
1000.000000 522.000000 4
1000.000000 523.000000 4
1000.000000 524.000000 4
1000.000000 525.000000 4
1000.000000 526.000000 4
1000.000000 527.000000 4
1000.000000 528.000000 4
1000.000000 529.000000 4
1000.000000 530.000000 4
1000.000000 531.000000 4
1000.000000 532.000000 4
1000.000000 533.000000 4
1000.000000 534.000000 4
1000.000000 535.000000 4
1000.000000 536.000000 4
1000.000000 537.000000 4
1000.000000 538.000000 4
1000.000000 539.000000 4
1000.000000 541.000000 4
1000.000000 542.000000 4
1000.000000 543.000000 4
1000.000000 544.000000 4
1000.000000 545.000000 4
1000.000000 546.000000 4
1000.000000 547.000000 4
1000.000000 548.000000 4
1000.000000 549.000000 4
1000.000000 550.000000 4
998.997355 550.000000 3
997.994710 550.000000 3
996.992065 550.000000 3
995.989421 550.000000 3
994.986776 550.000000 3
992.981486 550.000000 3
989.973551 550.000000 3
988.970907 550.000000 3
987.968262 550.000000 3
986.965617 550.000000 3
984.960327 550.000000 3
982.955037 550.000000 3
979.947103 550.000000 3
978.944458 550.000000 3
975.936523 550.000000 3
974.933879 550.000000 3
973.931234 550.000000 3
972.928589 550.000000 3
971.925944 550.000000 3
970.923299 550.000000 3
969.920654 550.000000 3
968.918009 550.000000 3
967.915365 550.000000 3
966.912720 550.000000 3
965.910075 550.000000 3
962.902140 550.000000 3
960.896851 550.000000 3
958.891561 550.000000 3
957.888916 550.000000 3
955.883626 550.000000 3
954.880981 550.000000 3
953.878337 550.000000 3
952.875692 550.000000 3
951.873047 550.000000 3
950.870402 550.000000 3
949.867757 550.000000 3
948.865112 550.000000 3
947.862467 550.000000 3
946.859823 550.000000 3
945.857178 550.000000 3
943.851888 550.000000 3
941.846598 550.000000 3
940.843953 550.000000 3
938.838664 550.000000 3
934.828084 550.000000 3
931.820150 550.000000 3
929.814860 550.000000 3
927.809570 550.000000 3
926.806925 550.000000 3
924.801636 550.000000 3
923.798991 550.000000 3
922.796346 550.000000 3
918.785766 550.000000 3
917.783122 550.000000 3
915.777832 550.000000 3
914.775187 550.000000 3
913.772542 550.000000 3
912.769897 550.000000 3
911.767252 550.000000 3
909.761963 550.000000 3
907.756673 550.000000 3
906.754028 550.000000 3
904.748738 550.000000 3
903.746094 550.000000 3
901.740804 550.000000 3
896.727580 550.000000 3
895.724935 550.000000 3
893.719645 550.000000 3
891.714355 550.000000 3
889.709066 550.000000 3
888.706421 550.000000 3
885.698486 550.000000 3
884.695841 550.000000 3
881.687907 550.000000 3
877.677327 550.000000 3
875.672038 550.000000 3
874.669393 550.000000 3
873.666748 550.000000 3
872.664103 550.000000 3
871.661458 550.000000 3
870.658813 550.000000 3
869.656168 550.000000 3
868.653524 550.000000 3
867.650879 550.000000 3
865.645589 550.000000 3
864.642944 550.000000 3
863.640299 550.000000 3
862.637654 550.000000 3
861.635010 550.000000 3
853.613851 550.000000 3
852.611206 550.000000 3
851.608561 550.000000 3
849.603271 550.000000 3
848.600626 550.000000 3
847.597982 550.000000 3
846.595337 550.000000 3
844.590047 550.000000 3
843.587402 550.000000 3
842.584757 550.000000 3
840.579468 550.000000 3
839.576823 550.000000 3
838.574178 550.000000 3
837.571533 550.000000 3
836.568888 550.000000 3
835.566243 550.000000 3
834.563598 550.000000 3
829.550374 550.000000 3
827.545084 550.000000 3
826.542440 550.000000 3
824.537150 550.000000 3
823.534505 550.000000 3
821.529215 550.000000 3
820.526570 550.000000 3
819.523926 550.000000 3
818.521281 550.000000 3
817.518636 550.000000 3
816.515991 550.000000 3
813.508056 550.000000 3
812.505412 550.000000 3
810.500122 550.000000 3
808.494832 550.000000 3
806.489542 550.000000 3
805.486898 550.000000 3
804.484253 550.000000 3
802.478963 550.000000 3
801.476318 550.000000 3
800.473673 550.000000 3
799.471028 550.000000 3
798.468384 550.000000 3
797.465739 550.000000 3
796.463094 550.000000 3
794.457804 550.000000 3
793.455159 550.000000 3
792.452514 550.000000 3
791.449870 550.000000 3
790.447225 550.000000 3
788.441935 550.000000 3
787.439290 550.000000 3
784.431356 550.000000 3
783.428711 550.000000 3
782.426066 550.000000 3
778.415486 550.000000 3
777.412841 550.000000 3
776.410197 550.000000 3
773.402262 550.000000 3
771.396972 550.000000 3
767.386393 550.000000 3
766.383748 550.000000 3
765.381103 550.000000 3
763.375813 550.000000 3
762.373169 550.000000 3
760.367879 550.000000 3
759.365234 550.000000 3
758.362589 550.000000 3
757.359944 550.000000 3
756.357299 550.000000 3
755.354655 550.000000 3
754.352010 550.000000 3
753.349365 550.000000 3
752.346720 550.000000 3
751.344075 550.000000 3
750.341430 550.000000 3
749.338785 550.000000 3
747.333496 550.000000 3
746.330851 550.000000 3
744.325561 550.000000 3
742.320271 550.000000 3
741.317627 550.000000 3
740.314982 550.000000 3
739.312337 550.000000 3
737.307047 550.000000 3
735.301757 550.000000 3
733.296468 550.000000 3
732.293823 550.000000 3
730.288533 550.000000 3
729.285888 550.000000 3
728.283243 550.000000 3
723.270019 550.000000 3
722.267374 550.000000 3
721.264729 550.000000 3
720.262085 550.000000 3
718.256795 550.000000 3
717.254150 550.000000 3
716.251505 550.000000 3
714.246215 550.000000 3
713.243571 550.000000 3
710.235636 550.000000 3
709.232991 550.000000 3
708.230346 550.000000 3
707.227701 550.000000 3
704.219767 550.000000 3
703.217122 550.000000 3
702.214477 550.000000 3
701.211832 550.000000 3
700.209187 550.000000 3
698.203898 550.000000 3
696.198608 550.000000 3
694.193318 550.000000 3
693.190673 550.000000 3
692.188029 550.000000 3
691.185384 550.000000 3
690.182739 550.000000 3
689.180094 550.000000 3
688.177449 550.000000 3
687.174804 550.000000 3
686.172159 550.000000 3
685.169515 550.000000 3
682.161580 550.000000 3
679.153645 550.000000 3
678.151001 550.000000 3
677.148356 550.000000 3
675.143066 550.000000 3
672.135131 550.000000 3
671.132487 550.000000 3
671.132487 550.000000 2
670.631939 549.133026 2
670.131392 548.266053 2
669.630844 547.399079 2
669.130297 546.532105 2
668.629749 545.665132 2
668.129202 544.798158 2
667.628654 543.931185 2
666.627559 542.197237 2
665.626464 540.463290 2
663.123727 536.128422 2
662.623180 535.261448 2
661.622085 533.527501 2
661.121537 532.660527 2
660.620990 531.793554 2
660.120442 530.926580 2
659.119347 529.192633 2
657.617705 526.591712 2
657.117158 525.724738 2
656.616610 524.857764 2
656.116063 523.990791 2
655.615515 523.123817 2
655.114968 522.256843 2
654.614420 521.389870 2
653.613325 519.655923 2
653.112778 518.788949 2
652.612230 517.921975 2
652.111683 517.055002 2
651.611135 516.188028 2
650.610040 514.454081 2
650.109493 513.587107 2
649.608946 512.720133 2
648.607851 510.986186 2
648.107303 510.119213 2
647.606756 509.252239 2
646.105113 506.651318 2
645.604566 505.784344 2
645.104018 504.917371 2
644.603471 504.050397 2
644.102923 503.183423 2
643.101828 501.449476 2
642.601281 500.582502 2
642.100734 499.715529 2
641.099639 497.981582 2
640.599091 497.114608 2
640.098544 496.247634 2
639.597996 495.380661 2
639.097449 494.513687 2
638.596901 493.646713 2
638.096354 492.779740 2
637.595806 491.912766 2
637.095259 491.045792 2
636.594711 490.178819 2
635.093069 487.577898 2
634.592522 486.710924 2
634.091974 485.843951 2
633.591427 484.976977 2
633.090879 484.110003 2
632.590332 483.243030 2
631.589237 481.509082 2
631.088689 480.642109 2
630.588142 479.775135 2
630.087594 478.908161 2
629.587047 478.041188 2
629.086499 477.174214 2
627.084310 473.706320 2
626.083215 471.972372 2
625.582667 471.105399 2
625.082120 470.238425 2
624.581572 469.371451 2
624.081025 468.504478 2
623.580477 467.637504 2
623.079930 466.770530 2
622.579382 465.903557 2
621.578288 464.169610 2
621.077740 463.302636 2
620.577193 462.435662 2
619.576098 460.701715 2
618.575003 458.967768 2
618.074455 458.100794 2
617.573908 457.233820 2
617.073360 456.366847 2
616.572813 455.499873 2
616.072265 454.632899 2
614.570623 452.031979 2
613.068981 449.431058 2
612.067886 447.697110 2
611.567338 446.830137 2
611.066791 445.963163 2
610.566243 445.096189 2
610.065696 444.229216 2
609.565148 443.362242 2
609.064601 442.495269 2
608.564053 441.628295 2
608.063506 440.761321 2
607.562958 439.894348 2
607.062411 439.027374 2
606.561864 438.160400 2
605.560769 436.426453 2
605.060221 435.559479 2
604.559674 434.692506 2
604.059126 433.825532 2
603.558579 432.958558 2
603.058031 432.091585 2
602.557484 431.224611 2
602.056936 430.357638 2
601.556389 429.490664 2
601.055841 428.623690 2
600.555294 427.756717 2
599.554199 426.022769 2
598.052557 423.421848 2
596.550914 420.820927 2
596.050367 419.953954 2
595.549819 419.086980 2
595.049272 418.220007 2
594.548724 417.353033 2
594.048177 416.486059 2
593.547629 415.619086 2
593.047082 414.752112 2
592.546535 413.885138 2
592.045987 413.018165 2
591.545440 412.151191 2
591.044892 411.284217 2
590.544345 410.417244 2
590.043797 409.550270 2
589.042702 407.816323 2
588.542155 406.949349 2
588.041607 406.082376 2
587.541060 405.215402 2
587.040512 404.348428 2
586.539965 403.481455 2
586.039417 402.614481 2
585.538870 401.747507 2
584.537775 400.013560 2
584.037228 399.146586 2
583.536680 398.279613 2
583.036133 397.412639 2
582.535585 396.545666 2
582.035038 395.678692 2
581.534490 394.811718 2
581.033943 393.944745 2
580.533395 393.077771 2
580.032848 392.210797 2
579.532300 391.343824 2
579.031753 390.476850 2
578.030658 388.742903 2
577.530111 387.875929 2
577.029563 387.008955 2
576.028468 385.275008 2
575.027373 383.541061 2
574.526826 382.674087 2
573.525731 380.940140 2
573.025183 380.073166 2
572.524636 379.206193 2
572.024088 378.339219 2
571.523541 377.472245 2
571.022994 376.605272 2
570.522446 375.738298 2
569.020804 373.137377 2
568.520256 372.270404 2
568.019709 371.403430 2
567.519161 370.536456 2
567.018614 369.669483 2
566.017519 367.935535 2
565.016424 366.201588 2
564.515876 365.334614 2
563.514782 363.600667 2
562.513687 361.866720 2
561.012044 359.265799 2
560.010949 357.531852 2
559.510402 356.664878 2
559.009854 355.797904 2
558.509307 354.930931 2
558.008759 354.063957 2
557.508212 353.196983 2
557.007665 352.330010 2
556.507117 351.463036 2
556.006570 350.596063 2
555.005475 348.862115 2
554.004380 347.128168 2
552.502737 344.527247 2
551.501642 342.793300 2
550.500547 341.059353 2
550.000000 340.192379 2
550.000000 340.192379 1
549.499453 341.059353 1
548.998905 341.926326 1
548.498358 342.793300 1
547.997810 343.660273 1
547.497263 344.527247 1
545.995620 347.128168 1
545.495073 347.995142 1
544.994525 348.862115 1
544.493978 349.729089 1
543.993430 350.596063 1
543.492883 351.463036 1
542.992335 352.330010 1
542.491788 353.196983 1
541.991241 354.063957 1
541.490693 354.930931 1
540.990146 355.797904 1
540.489598 356.664878 1
539.989051 357.531852 1
539.488503 358.398825 1
538.987956 359.265799 1
538.487408 360.132773 1
537.986861 360.999746 1
536.985766 362.733694 1
536.485218 363.600667 1
535.984671 364.467641 1
535.484124 365.334614 1
534.983576 366.201588 1
534.483029 367.068562 1
533.481934 368.802509 1
532.981386 369.669483 1
532.480839 370.536456 1
531.980291 371.403430 1
531.479744 372.270404 1
530.979196 373.137377 1
530.478649 374.004351 1
529.978101 374.871325 1
529.477554 375.738298 1
528.476459 377.472245 1
527.975912 378.339219 1
526.474269 380.940140 1
525.973722 381.807114 1
525.473174 382.674087 1
524.972627 383.541061 1
524.472079 384.408035 1
523.971532 385.275008 1
523.470984 386.141982 1
522.970437 387.008955 1
522.469889 387.875929 1
521.969342 388.742903 1
521.468794 389.609876 1
520.968247 390.476850 1
520.467700 391.343824 1
519.967152 392.210797 1
518.966057 393.944745 1
518.465510 394.811718 1
517.964962 395.678692 1
516.463320 398.279613 1
515.462225 400.013560 1
514.461130 401.747507 1
513.460035 403.481455 1
512.959488 404.348428 1
512.458940 405.215402 1
511.958393 406.082376 1
510.456750 408.683297 1
509.956203 409.550270 1
509.455655 410.417244 1
507.453465 413.885138 1
506.952918 414.752112 1
505.951823 416.486059 1
505.451276 417.353033 1
504.450181 419.086980 1
503.949633 419.953954 1
502.948538 421.687901 1
502.447991 422.554875 1
501.947443 423.421848 1
501.446896 424.288822 1
500.445801 426.022769 1
499.945253 426.889743 1
498.944159 428.623690 1
498.443611 429.490664 1
497.442516 431.224611 1
496.941969 432.091585 1
496.441421 432.958558 1
495.440326 434.692506 1
494.939779 435.559479 1
494.439231 436.426453 1
493.938684 437.293427 1
493.438136 438.160400 1
492.937589 439.027374 1
492.437042 439.894348 1
491.435947 441.628295 1
490.935399 442.495269 1
489.934304 444.229216 1
489.433757 445.096189 1
488.933209 445.963163 1
487.932114 447.697110 1
487.431567 448.564084 1
486.931019 449.431058 1
486.430472 450.298031 1
485.429377 452.031979 1
484.928830 452.898952 1
484.428282 453.765926 1
483.927735 454.632899 1
483.427187 455.499873 1
482.926640 456.366847 1
482.426092 457.233820 1
481.925545 458.100794 1
481.424997 458.967768 1
480.924450 459.834741 1
480.423902 460.701715 1
479.923355 461.568689 1
479.422807 462.435662 1
478.922260 463.302636 1
478.421712 464.169610 1
477.921165 465.036583 1
477.420618 465.903557 1
475.918975 468.504478 1
475.418428 469.371451 1
474.917880 470.238425 1
473.916785 471.972372 1
473.416238 472.839346 1
472.915690 473.706320 1
472.415143 474.573293 1
471.414048 476.307241 1
470.913501 477.174214 1
470.412953 478.041188 1
468.410763 481.509082 1
467.910216 482.376056 1
466.909121 484.110003 1
466.408573 484.976977 1
465.407478 486.710924 1
464.906931 487.577898 1
464.406383 488.444871 1
463.905836 489.311845 1
462.904741 491.045792 1
462.404194 491.912766 1
461.903646 492.779740 1
461.403099 493.646713 1
460.902551 494.513687 1
460.402004 495.380661 1
459.901456 496.247634 1
459.400909 497.114608 1
458.900361 497.981582 1
458.399814 498.848555 1
457.899266 499.715529 1
457.398719 500.582502 1
456.397624 502.316450 1
455.897077 503.183423 1
455.396529 504.050397 1
454.895982 504.917371 1
454.395434 505.784344 1
453.894887 506.651318 1
452.893792 508.385265 1
452.393244 509.252239 1
451.892697 510.119213 1
451.392149 510.986186 1
450.891602 511.853160 1
450.391054 512.720133 1
449.890507 513.587107 1
449.389960 514.454081 1
448.388865 516.188028 1
447.888317 517.055002 1
447.387770 517.921975 1
446.386675 519.655923 1
445.385580 521.389870 1
444.885032 522.256843 1
444.384485 523.123817 1
443.383390 524.857764 1
442.882842 525.724738 1
441.881748 527.458685 1
441.381200 528.325659 1
440.880653 529.192633 1
440.380105 530.059606 1
439.879558 530.926580 1
439.379010 531.793554 1
438.878463 532.660527 1
437.376820 535.261448 1
436.876273 536.128422 1
436.375725 536.995395 1
435.875178 537.862369 1
434.874083 539.596316 1
433.372441 542.197237 1
432.871893 543.064211 1
432.371346 543.931185 1
431.370251 545.665132 1
429.868608 548.266053 1
429.368061 549.133026 1
428.867513 550.000000 1
428.867513 550.000000 0
427.864869 550.000000 0
426.862224 550.000000 0
422.851644 550.000000 0
419.843710 550.000000 0
418.841065 550.000000 0
417.838420 550.000000 0
416.835775 550.000000 0
415.833130 550.000000 0
414.830485 550.000000 0
410.819906 550.000000 0
409.817261 550.000000 0
408.814616 550.000000 0
407.811971 550.000000 0
406.809327 550.000000 0
404.804037 550.000000 0
402.798747 550.000000 0
401.796102 550.000000 0
400.793457 550.000000 0
398.788168 550.000000 0
396.782878 550.000000 0
395.780233 550.000000 0
394.777588 550.000000 0
393.774943 550.000000 0
392.772299 550.000000 0
390.767009 550.000000 0
389.764364 550.000000 0
387.759074 550.000000 0
386.756429 550.000000 0
383.748495 550.000000 0
382.745850 550.000000 0
380.740560 550.000000 0
378.735271 550.000000 0
375.727336 550.000000 0
373.722046 550.000000 0
372.719401 550.000000 0
370.714112 550.000000 0
368.708822 550.000000 0
367.706177 550.000000 0
366.703532 550.000000 0
365.700887 550.000000 0
364.698243 550.000000 0
363.695598 550.000000 0
360.687663 550.000000 0
359.685018 550.000000 0
357.679729 550.000000 0
356.677084 550.000000 0
355.674439 550.000000 0
354.671794 550.000000 0
353.669149 550.000000 0
352.666504 550.000000 0
348.655925 550.000000 0
347.653280 550.000000 0
345.647990 550.000000 0
344.645345 550.000000 0
342.640056 550.000000 0
341.637411 550.000000 0
340.634766 550.000000 0
339.632121 550.000000 0
337.626831 550.000000 0
336.624187 550.000000 0
335.621542 550.000000 0
334.618897 550.000000 0
333.616252 550.000000 0
332.613607 550.000000 0
328.603028 550.000000 0
326.597738 550.000000 0
324.592448 550.000000 0
323.589803 550.000000 0
322.587159 550.000000 0
320.581869 550.000000 0
319.579224 550.000000 0
318.576579 550.000000 0
317.573934 550.000000 0
316.571289 550.000000 0
313.563355 550.000000 0
312.560710 550.000000 0
311.558065 550.000000 0
310.555420 550.000000 0
309.552775 550.000000 0
308.550130 550.000000 0
307.547486 550.000000 0
306.544841 550.000000 0
303.536906 550.000000 0
302.534261 550.000000 0
301.531616 550.000000 0
298.523682 550.000000 0
297.521037 550.000000 0
296.518392 550.000000 0
295.515747 550.000000 0
294.513102 550.000000 0
292.507813 550.000000 0
291.505168 550.000000 0
290.502523 550.000000 0
289.499878 550.000000 0
288.497233 550.000000 0
286.491944 550.000000 0
285.489299 550.000000 0
284.486654 550.000000 0
282.481364 550.000000 0
280.476074 550.000000 0
279.473430 550.000000 0
278.470785 550.000000 0
277.468140 550.000000 0
276.465495 550.000000 0
275.462850 550.000000 0
274.460205 550.000000 0
272.454916 550.000000 0
271.452271 550.000000 0
270.449626 550.000000 0
269.446981 550.000000 0
265.436402 550.000000 0
263.431112 550.000000 0
262.428467 550.000000 0
259.420532 550.000000 0
258.417888 550.000000 0
257.415243 550.000000 0
255.409953 550.000000 0
254.407308 550.000000 0
252.402018 550.000000 0
251.399374 550.000000 0
249.394084 550.000000 0
247.388794 550.000000 0
246.386149 550.000000 0
244.380860 550.000000 0
243.378215 550.000000 0
242.375570 550.000000 0
241.372925 550.000000 0
238.364990 550.000000 0
237.362346 550.000000 0
236.359701 550.000000 0
234.354411 550.000000 0
232.349121 550.000000 0
231.346476 550.000000 0
230.343832 550.000000 0
229.341187 550.000000 0
228.338542 550.000000 0
227.335897 550.000000 0
226.333252 550.000000 0
225.330607 550.000000 0
224.327962 550.000000 0
223.325318 550.000000 0
222.322673 550.000000 0
221.320028 550.000000 0
220.317383 550.000000 0
219.314738 550.000000 0
218.312093 550.000000 0
217.309448 550.000000 0
215.304159 550.000000 0
214.301514 550.000000 0
209.288290 550.000000 0
206.280355 550.000000 0
205.277710 550.000000 0
203.272420 550.000000 0
201.267131 550.000000 0
198.259196 550.000000 0
196.253906 550.000000 0
195.251262 550.000000 0
194.248617 550.000000 0
191.240682 550.000000 0
187.230103 550.000000 0
186.227458 550.000000 0
184.222168 550.000000 0
183.219523 550.000000 0
182.216878 550.000000 0
180.211589 550.000000 0
178.206299 550.000000 0
177.203654 550.000000 0
176.201009 550.000000 0
174.195720 550.000000 0
172.190430 550.000000 0
171.187785 550.000000 0
170.185140 550.000000 0
167.177205 550.000000 0
166.174561 550.000000 0
165.171916 550.000000 0
164.169271 550.000000 0
163.166626 550.000000 0
162.163981 550.000000 0
159.156047 550.000000 0
158.153402 550.000000 0
156.148112 550.000000 0
154.142822 550.000000 0
152.137533 550.000000 0
149.129598 550.000000 0
148.126953 550.000000 0
147.124308 550.000000 0
146.121663 550.000000 0
144.116374 550.000000 0
143.113729 550.000000 0
138.100505 550.000000 0
137.097860 550.000000 0
136.095215 550.000000 0
134.089925 550.000000 0
133.087280 550.000000 0
132.084635 550.000000 0
131.081991 550.000000 0
130.079346 550.000000 0
129.076701 550.000000 0
127.071411 550.000000 0
125.066121 550.000000 0
122.058187 550.000000 0
121.055542 550.000000 0
120.052897 550.000000 0
119.050252 550.000000 0
117.044963 550.000000 0
116.042318 550.000000 0
115.039673 550.000000 0
114.037028 550.000000 0
111.029093 550.000000 0
110.026449 550.000000 0
109.023804 550.000000 0
108.021159 550.000000 0
107.018514 550.000000 0
105.013224 550.000000 0
104.010579 550.000000 0
102.005290 550.000000 0
101.002645 550.000000 0
100.000000 550.000000 0
