1310
100.000000 450.000000 32
101.001866 450.000000 32
104.007464 450.000000 32
106.011196 450.000000 32
108.014928 450.000000 32
109.016794 450.000000 32
110.018660 450.000000 32
113.024258 450.000000 32
114.026124 450.000000 32
117.031722 450.000000 32
122.041052 450.000000 32
126.048516 450.000000 32
127.050382 450.000000 32
129.054114 450.000000 32
131.057846 450.000000 32
132.059712 450.000000 32
133.061578 450.000000 32
134.063444 450.000000 32
139.072775 450.000000 32
140.074641 450.000000 32
141.076507 450.000000 32
142.078373 450.000000 32
145.083971 450.000000 32
146.085837 450.000000 32
148.089569 450.000000 32
150.093301 450.000000 32
151.095167 450.000000 32
152.097033 450.000000 32
153.098899 450.000000 32
156.104497 450.000000 32
158.108229 450.000000 32
159.110095 450.000000 32
162.115693 450.000000 32
163.117559 450.000000 32
164.119425 450.000000 32
169.128755 450.000000 32
171.132487 450.000000 32
172.639510 447.389760 31
176.155895 441.299201 31
177.662918 438.688962 31
178.165259 437.818882 31
179.169941 436.078722 31
180.676963 433.468482 31
183.188667 429.118083 31
183.691008 428.248003 31
184.193349 427.377923 31
186.705053 423.027524 31
187.709735 421.287364 31
189.216757 418.677125 31
189.719098 417.807045 31
195.747189 407.366086 31
196.249529 406.496006 31
197.254211 404.755847 31
197.756552 403.885767 31
198.761234 402.145607 31
199.765915 400.405447 31
200.268256 399.535367 31
200.770597 398.665288 31
201.775279 396.925128 31
204.286983 392.574728 31
206.296346 389.094409 31
207.803369 386.484169 31
208.305710 385.614089 31
208.808051 384.744010 31
210.315073 382.133770 31
210.817414 381.263690 31
212.826777 377.783371 31
213.831459 376.043211 31
217.850186 369.082572 31
218.352527 368.212492 31
222.873594 360.381773 31
223.375935 359.511693 31
226.389980 354.291214 31
227.394662 352.551054 31
228.901684 349.940815 31
229.404025 349.070735 31
231.915730 344.720335 31
232.418070 343.850256 31
233.925093 341.240016 31
235.432115 338.629776 31
236.436797 336.889617 31
236.939138 336.019537 31
238.446161 333.409297 31
239.953183 330.799057 31
244.976592 322.098259 31
245.478932 321.228179 31
245.981273 320.358099 31
246.483614 319.488019 31
250.502341 314.267540 30
251.004682 315.137620 30
252.009363 316.877779 30
254.018727 320.358099 30
257.032772 325.578578 30
257.535113 326.448658 30
259.042135 329.058898 30
261.051499 332.539217 30
262.558521 335.149457 30
263.060862 336.019537 30
264.065544 337.759696 30
265.572566 340.369936 30
267.079589 342.980176 30
273.107679 353.421134 30
273.610020 354.291214 30
276.121724 358.641613 30
276.624065 359.511693 30
278.633428 362.992013 30
280.140451 365.602252 30
283.154496 370.822732 30
284.661518 373.432971 30
286.168541 376.043211 30
286.670882 376.913291 30
290.689609 383.873930 30
291.191949 384.744010 30
296.215358 393.444808 30
297.722380 396.055048 30
303.248130 405.625926 30
303.750471 406.496006 30
304.252811 407.366086 30
304.755152 408.236166 30
306.764516 411.716486 30
308.271538 414.326725 30
308.773879 415.196805 30
309.778561 416.936965 30
310.783243 418.677125 30
311.285583 419.547204 30
311.787924 420.417284 30
313.294947 423.027524 30
315.304310 426.507843 30
316.811333 429.118083 30
321.332400 436.948802 30
322.839423 439.559042 30
323.844105 441.299201 30
324.346445 442.169281 30
325.351127 443.909441 30
328.365172 449.129920 30
328.867513 450.000000 30
329.873822 450.000000 29
330.880131 450.000000 29
333.899058 450.000000 29
334.905366 450.000000 29
335.911675 450.000000 29
337.924293 450.000000 29
338.930602 450.000000 29
339.936911 450.000000 29
341.949529 450.000000 29
344.968455 450.000000 29
345.974764 450.000000 29
346.981073 450.000000 29
347.987382 450.000000 29
348.993691 450.000000 29
351.006309 450.000000 29
353.018927 450.000000 29
355.031545 450.000000 29
356.037853 450.000000 29
357.044162 450.000000 29
358.050471 450.000000 29
359.056780 450.000000 29
361.069398 450.000000 29
365.094634 450.000000 29
366.100942 450.000000 29
367.107251 450.000000 29
368.113560 450.000000 29
369.119869 450.000000 29
370.126178 450.000000 29
371.132487 450.000000 29
371.635641 449.128511 28
372.641950 447.385533 28
373.648259 445.642555 28
374.654568 443.899577 28
375.157722 443.028088 28
375.660877 442.156599 28
378.679803 436.927664 28
379.686112 435.184686 28
380.692421 433.441708 28
381.195576 432.570219 28
381.698730 431.698730 28
382.201884 430.827241 28
382.705039 429.955752 28
383.208193 429.084263 28
384.214502 427.341285 28
384.717657 426.469796 28
385.723965 424.726818 28
386.227120 423.855329 28
387.736583 421.240861 28
388.239738 420.369372 28
388.742892 419.497883 28
389.246046 418.626394 28
389.749201 417.754905 28
391.258664 415.140438 28
392.264973 413.397460 28
388.246246 406.436821 27
386.236883 402.956501 27
385.734542 402.086422 27
385.232201 401.216342 27
384.227519 399.476182 27
382.218156 395.995862 27
380.711134 393.385623 27
378.701770 389.905303 27
377.697088 388.165144 27
374.180703 382.074584 27
371.166657 376.854105 27
367.650271 370.763546 27
365.640908 367.283226 27
363.129204 362.932827 27
362.626863 362.062747 27
359.612818 356.842268 27
359.110477 355.972188 27
358.105795 354.232028 27
356.598773 351.621789 27
353.082387 345.531229 27
344.542593 330.739871 27
343.537911 328.999712 27
343.035570 328.129632 27
342.030888 326.389472 27
341.026207 324.649312 27
339.016843 321.168993 27
338.514502 320.298913 27
337.509821 318.558753 27
335.500457 315.078434 27
334.495776 313.338274 27
332.988753 310.728034 27
332.486412 309.857954 27
331.481730 308.117795 27
326.458322 299.416996 27
323.946618 295.066596 27
322.941936 293.326437 27
321.434914 290.716197 27
320.430232 288.976037 27
316.913846 282.885478 27
316.411505 282.015398 27
314.402142 278.535079 27
314.402142 276.794919 26
318.420869 276.794919 26
321.434914 276.794919 26
324.448959 276.794919 26
326.458322 276.794919 26
330.477049 276.794919 26
332.486412 276.794919 26
335.500457 276.794919 26
338.514503 276.794919 26
339.519184 276.794919 26
345.547274 276.794919 26
348.561320 276.794919 26
350.570683 276.794919 26
355.594091 276.794919 26
356.598773 276.794919 26
360.617500 276.794919 26
363.631545 276.794919 26
365.640908 276.794919 26
367.650272 276.794919 26
368.654954 276.794919 26
370.664317 276.794919 26
371.668999 276.794919 26
374.683044 276.794919 26
377.697089 276.794919 26
383.725179 276.794919 26
384.729861 276.794919 26
388.748588 276.794919 26
392.767314 276.794919 26
393.771996 276.794919 26
395.781359 276.794919 26
396.786041 276.794919 26
401.809450 276.794919 26
402.814131 276.794919 26
405.828176 276.794919 26
413.865630 276.794919 26
414.870312 276.794919 26
421.903084 276.794919 26
424.917129 276.794919 26
425.921810 276.794919 26
431.949901 276.794919 26
445.010763 276.794919 26
447.020126 276.794919 26
449.029490 276.794919 26
451.038853 276.794919 26
455.057580 276.794919 26
458.071625 276.794919 26
459.076307 276.794919 26
463.095033 276.794919 26
464.099715 276.794919 26
469.123124 276.794919 26
472.137169 275.054759 25
473.141850 273.314600 25
474.648873 270.704360 25
475.151214 269.834280 25
475.653555 268.964200 25
479.672281 262.003561 25
481.681645 258.523242 25
483.188667 255.913002 25
485.700372 251.562603 25
487.709735 248.082283 25
488.212076 247.212203 25
489.216757 245.472044 25
490.221439 243.731884 25
492.230803 240.251564 25
493.235484 238.511405 25
496.751870 232.420845 25
497.254211 231.550766 25
497.756552 230.680686 25
499.263574 228.070446 25
501.272938 224.590127 25
506.296346 215.889328 25
507.301028 214.149168 25
508.808051 211.538929 25
509.812732 209.798769 25
510.315073 208.928689 25
511.822096 206.318449 25
514.836141 201.097970 25
516.845504 197.617651 25
517.850186 195.877491 25
518.854867 194.137331 25
519.859549 192.397171 25
525.385298 182.826293 25
526.389980 181.086133 25
526.892321 180.216053 25
529.404025 175.865654 25
532.418070 170.645175 25
533.925093 168.034935 25
534.427434 167.164855 25
534.929775 166.294775 25
535.432115 165.424695 25
535.934456 164.554615 25
540.957865 155.853817 25
541.962546 154.113657 25
542.464887 153.243577 25
543.469569 151.503417 25
548.492977 142.802619 25
549.497659 141.062459 25
551.004682 141.932539 24
556.028090 150.633337 24
556.530431 151.503417 24
559.544476 156.723897 24
560.046817 157.593976 24
564.065544 164.554615 24
567.079589 169.775095 24
568.586611 172.385334 24
569.088952 173.255414 24
569.591293 174.125494 24
570.093634 174.995574 24
570.595975 175.865654 24
572.102997 178.475893 24
575.117042 183.696373 24
576.121724 185.436532 24
576.624065 186.306612 24
577.126406 187.176692 24
577.628747 188.046772 24
578.633428 189.786932 24
579.135769 190.657012 24
586.168541 202.838130 24
591.191949 211.538929 24
593.201313 215.019248 24
595.713017 219.369647 24
596.215358 220.239727 24
596.717699 221.109807 24
603.248130 232.420845 24
607.769197 240.251564 24
608.271538 241.121644 24
608.773879 241.991724 24
609.778561 243.731884 24
610.280902 244.601964 24
610.783243 245.472044 24
611.285583 246.342123 24
613.294947 249.822443 24
613.797288 250.692523 24
614.299628 251.562603 24
615.806651 254.172842 24
616.811333 255.913002 24
618.318355 258.523242 24
623.844105 268.094120 24
624.346445 268.964200 24
626.355809 272.444520 24
633.890922 276.794919 23
642.933057 276.794919 23
649.965829 276.794919 23
650.970510 276.794919 23
652.979874 276.794919 23
660.012646 276.794919 23
664.031373 276.794919 23
667.045418 276.794919 23
670.059463 276.794919 23
673.073508 276.794919 23
674.078190 276.794919 23
680.106280 276.794919 23
682.115643 276.794919 23
684.125007 276.794919 23
685.129688 276.794919 23
686.134370 276.794919 23
687.139052 276.794919 23
688.143733 276.794919 23
690.153097 276.794919 23
691.157778 276.794919 23
695.176505 276.794919 23
703.213959 276.794919 23
704.218641 276.794919 23
707.232686 276.794919 23
710.246731 276.794919 23
718.284184 276.794919 23
721.298229 276.794919 23
745.410590 276.794919 23
749.429317 276.794919 23
750.433999 276.794919 23
751.438680 276.794919 23
758.471452 276.794919 23
763.494861 276.794919 23
764.499543 276.794919 23
766.508906 276.794919 23
768.518269 276.794919 23
772.536996 276.794919 23
775.551041 276.794919 23
776.555723 276.794919 23
777.560405 276.794919 23
779.569768 276.794919 23
782.583813 276.794919 23
783.588495 276.794919 23
786.602540 276.794919 22
786.100199 277.664999 22
784.090836 281.145318 22
783.086154 282.885478 22
779.067427 289.846117 22
775.551041 295.936676 22
774.546360 297.676836 22
771.532315 302.897315 22
771.029974 303.767395 22
769.020610 307.247715 22
768.015929 308.987875 22
765.504224 313.338274 22
765.001884 314.208354 22
761.987838 319.428833 22
761.485498 320.298913 22
760.480816 322.039073 22
758.973793 324.649312 22
755.457407 330.739871 22
752.443362 335.960351 22
748.926976 342.050910 22
748.424636 342.920990 22
747.922295 343.791070 22
746.415272 346.401309 22
745.912931 347.271389 22
745.410591 348.141469 22
743.903568 350.751709 22
742.898886 352.491868 22
741.894205 354.232028 22
740.889523 355.972188 22
740.387182 356.842268 22
738.880160 359.452508 22
730.842706 373.373786 22
729.838024 375.113945 22
727.326320 379.464345 22
724.312275 384.684824 22
723.809934 385.554904 22
723.307593 386.424984 22
721.298230 389.905303 22
720.293548 391.645463 22
719.288866 393.385623 22
718.786526 394.255703 22
717.279503 396.865942 22
715.772481 399.476182 22
711.753754 406.436821 22
710.246731 409.047061 22
708.237368 412.527380 22
707.735027 413.397460 21
708.741336 415.140438 21
709.244490 416.011927 21
710.250799 417.754905 21
711.257108 419.497883 21
711.760262 420.369372 21
712.263417 421.240861 21
712.766571 422.112350 21
713.772880 423.855329 21
714.779189 425.598307 21
715.282343 426.469796 21
715.785498 427.341285 21
716.791807 429.084263 21
717.294961 429.955752 21
718.301270 431.698730 21
718.804424 432.570219 21
719.810733 434.313197 21
720.313888 435.184686 21
721.320197 436.927664 21
722.326505 438.670642 21
722.829660 439.542131 21
723.835969 441.285110 21
724.339123 442.156599 21
724.842278 443.028088 21
725.848586 444.771066 21
726.351741 445.642555 21
726.854895 446.514044 21
727.358050 447.385533 21
727.861204 448.257022 21
728.364359 449.128511 21
728.867513 450.000000 21
728.867513 450.000000 20
729.873822 450.000000 20
730.880131 450.000000 20
731.886440 450.000000 20
732.892749 450.000000 20
734.905366 450.000000 20
736.917984 450.000000 20
737.924293 450.000000 20
739.936911 450.000000 20
740.943220 450.000000 20
742.955838 450.000000 20
743.962147 450.000000 20
744.968455 450.000000 20
745.974764 450.000000 20
747.987382 450.000000 20
748.993691 450.000000 20
750.000000 450.000000 20
751.006309 450.000000 20
753.018927 450.000000 20
754.025236 450.000000 20
755.031545 450.000000 20
757.044162 450.000000 20
758.050471 450.000000 20
759.056780 450.000000 20
760.063089 450.000000 20
761.069398 450.000000 20
767.107251 450.000000 20
769.119869 450.000000 20
770.126178 450.000000 20
771.132487 450.000000 20
776.658236 440.429121 19
779.169941 436.078722 19
779.672281 435.208642 19
782.183986 430.858243 19
782.686326 429.988163 19
786.202712 423.897604 19
787.709735 421.287364 19
788.714417 419.547204 19
791.728462 414.326725 19
792.733143 412.586565 19
793.737825 410.846406 19
794.240166 409.976326 19
797.254211 404.755847 19
797.756552 403.885767 19
800.268256 399.535367 19
801.272938 397.795208 19
802.779960 395.184968 19
803.784642 393.444808 19
804.286983 392.574728 19
804.789324 391.704649 19
805.291665 390.834569 19
807.301028 387.354249 19
808.808051 384.744010 19
812.826777 377.783371 19
814.333800 375.173131 19
814.836141 374.303051 19
816.343163 371.692811 19
816.845504 370.822732 19
817.347845 369.952652 19
817.850186 369.082572 19
818.352527 368.212492 19
819.859549 365.602252 19
821.366572 362.992013 19
821.868913 362.121933 19
822.371253 361.251853 19
822.873594 360.381773 19
823.878276 358.641613 19
825.385298 356.031374 19
827.897003 351.680974 19
831.413389 345.590415 19
833.422752 342.110096 19
834.427434 340.369936 19
835.934456 337.759696 19
838.948501 332.539217 19
840.455524 329.928978 19
840.957865 329.058898 19
845.981273 320.358099 19
847.990637 316.877779 19
850.000000 313.397460 19
850.502341 314.267540 18
851.507023 316.007700 18
852.511704 317.747859 18
854.521068 321.228179 18
855.525749 322.968339 18
856.028090 323.838418 18
857.032772 325.578578 18
860.549158 331.669137 18
861.051499 332.539217 18
862.558521 335.149457 18
864.567885 338.629776 18
866.577248 342.110096 18
867.079589 342.980176 18
867.581930 343.850256 18
868.586611 345.590415 18
871.600656 350.810895 18
872.102997 351.680974 18
872.605338 352.551054 18
874.112361 355.161294 18
878.131087 362.121933 18
879.135769 363.862093 18
881.145133 367.342412 18
883.656837 371.692811 18
885.163859 374.303051 18
885.666200 375.173131 18
887.173223 377.783371 18
888.680245 380.393610 18
889.182586 381.263690 18
892.698972 387.354249 18
893.703654 389.094409 18
895.210676 391.704649 18
895.713017 392.574728 18
896.215358 393.444808 18
896.717699 394.314888 18
897.722380 396.055048 18
899.731744 399.535367 18
903.750471 406.496006 18
906.262175 410.846406 18
907.769197 413.456645 18
908.271538 414.326725 18
910.280902 417.807045 18
912.290265 421.287364 18
913.797288 423.897604 18
914.299628 424.767684 18
914.801969 425.637764 18
916.308992 428.248003 18
917.313674 429.988163 18
918.318355 431.728323 18
920.327719 435.208642 18
921.332400 436.948802 18
922.337082 438.688962 18
923.341764 440.429121 18
924.346445 442.169281 18
924.848786 443.039361 18
925.351127 443.909441 18
925.853468 444.779521 18
926.355809 445.649601 18
927.360490 447.389760 18
928.867513 450.000000 17
931.873111 450.000000 17
932.874977 450.000000 17
933.876843 450.000000 17
935.880575 450.000000 17
936.882441 450.000000 17
938.886173 450.000000 17
940.889905 450.000000 17
941.891771 450.000000 17
946.901101 450.000000 17
955.917895 450.000000 17
957.921627 450.000000 17
960.927225 450.000000 17
961.929091 450.000000 17
962.930957 450.000000 17
964.934690 450.000000 17
965.936556 450.000000 17
966.938422 450.000000 17
967.940288 450.000000 17
968.942154 450.000000 17
970.945886 450.000000 17
971.947752 450.000000 17
972.949618 450.000000 17
975.955216 450.000000 17
976.957082 450.000000 17
980.964546 450.000000 17
982.968278 450.000000 17
984.972010 450.000000 17
986.975742 450.000000 17
988.979474 450.000000 17
991.985072 450.000000 17
992.986938 450.000000 17
994.990670 450.000000 17
995.992536 450.000000 17
1000.000000 451.000000 16
1000.000000 456.000000 16
1000.000000 458.000000 16
1000.000000 465.000000 16
1000.000000 468.000000 16
1000.000000 470.000000 16
1000.000000 471.000000 16
1000.000000 473.000000 16
1000.000000 475.000000 16
1000.000000 476.000000 16
1000.000000 479.000000 16
1000.000000 480.000000 16
1000.000000 481.000000 16
1000.000000 485.000000 16
1000.000000 486.000000 16
1000.000000 487.000000 16
1000.000000 489.000000 16
1000.000000 491.000000 16
1000.000000 492.000000 16
1000.000000 494.000000 16
1000.000000 496.000000 16
1000.000000 502.000000 16
1000.000000 503.000000 16
1000.000000 506.000000 16
1000.000000 510.000000 16
1000.000000 511.000000 16
1000.000000 516.000000 16
1000.000000 517.000000 16
1000.000000 518.000000 16
1000.000000 523.000000 16
1000.000000 524.000000 16
1000.000000 530.000000 16
1000.000000 533.000000 16
1000.000000 534.000000 16
1000.000000 536.000000 16
1000.000000 540.000000 16
1000.000000 543.000000 16
1000.000000 546.000000 16
1000.000000 549.000000 16
1000.000000 550.000000 16
992.952558 550.000000 15
991.945780 550.000000 15
989.932226 550.000000 15
988.925448 550.000000 15
985.905116 550.000000 15
982.884783 550.000000 15
981.878006 550.000000 15
979.864451 550.000000 15
978.857674 550.000000 15
975.837341 550.000000 15
970.803454 550.000000 15
969.796677 550.000000 15
961.742457 550.000000 15
960.735680 550.000000 15
958.722125 550.000000 15
957.715347 550.000000 15
956.708570 550.000000 15
951.674683 550.000000 15
946.640795 550.000000 15
945.634018 550.000000 15
942.613686 550.000000 15
941.606908 550.000000 15
939.593353 550.000000 15
936.573021 550.000000 15
934.559466 550.000000 15
932.545911 550.000000 15
928.518801 550.000000 15
925.498469 550.000000 15
923.484914 550.000000 15
921.471359 550.000000 15
920.464582 550.000000 15
911.403585 550.000000 15
909.390030 550.000000 15
907.376475 550.000000 15
903.349365 550.000000 15
902.342588 550.000000 15
900.329033 550.000000 15
898.315478 550.000000 15
896.301923 550.000000 15
888.247704 550.000000 15
885.227371 550.000000 15
884.220594 550.000000 15
880.193484 550.000000 15
878.179929 550.000000 15
872.139264 550.000000 15
871.132487 550.000000 14
870.629333 549.128511 14
870.126178 548.257022 14
869.623024 547.385533 14
869.119869 546.514044 14
868.616715 545.642555 14
867.610406 543.899577 14
867.107251 543.028088 14
866.604097 542.156599 14
864.591479 538.670642 14
864.088325 537.799153 14
863.585170 536.927664 14
863.082016 536.056175 14
862.578861 535.184686 14
862.075707 534.313197 14
861.069398 532.570219 14
860.566243 531.698730 14
859.559935 529.955752 14
859.056780 529.084263 14
858.553626 528.212774 14
858.050471 527.341285 14
855.534699 522.983840 14
855.031545 522.112350 14
853.522081 519.497883 14
853.018927 518.626394 14
852.515772 517.754905 14
852.012618 516.883416 14
851.006309 515.140438 14
850.503154 514.268949 14
850.000000 513.397460 13
849.496846 514.268949 13
848.490537 516.011927 13
847.987382 516.883416 13
847.484228 517.754905 13
846.981073 518.626394 13
846.477919 519.497883 13
845.974764 520.369372 13
844.968455 522.112350 13
844.465301 522.983840 13
842.955838 525.598307 13
842.452683 526.469796 13
841.949529 527.341285 13
841.446374 528.212774 13
840.440065 529.955752 13
839.936911 530.827241 13
839.433757 531.698730 13
838.930602 532.570219 13
837.924293 534.313197 13
837.421139 535.184686 13
836.917984 536.056175 13
836.414830 536.927664 13
835.911675 537.799153 13
835.408521 538.670642 13
834.905366 539.542131 13
834.402212 540.413620 13
833.899058 541.285110 13
833.395903 542.156599 13
832.389594 543.899577 13
831.886440 544.771066 13
831.383285 545.642555 13
830.880131 546.514044 13
830.376976 547.385533 13
829.873822 548.257022 13
829.370667 549.128511 13
828.867513 550.000000 13
809.778561 550.000000 12
806.764516 550.000000 12
798.727062 550.000000 12
793.703654 550.000000 12
789.684927 550.000000 12
783.656837 550.000000 12
780.642792 550.000000 12
778.633428 550.000000 12
776.624065 550.000000 12
773.610020 550.000000 12
765.572566 550.000000 12
761.553839 550.000000 12
757.535113 550.000000 12
756.530431 550.000000 12
751.507023 550.000000 12
749.497659 550.000000 12
748.492977 550.000000 12
747.488296 550.000000 12
741.460206 550.000000 12
740.455524 550.000000 12
738.446161 550.000000 12
736.436797 550.000000 12
731.413389 550.000000 12
730.408707 550.000000 12
729.404025 550.000000 12
728.399344 550.000000 12
722.371253 550.000000 12
720.361890 550.000000 12
719.357208 550.000000 12
717.347845 550.000000 12
710.315073 550.000000 12
709.310391 550.000000 12
706.296346 550.000000 12
705.291665 550.000000 12
701.272938 550.000000 12
695.244848 550.000000 12
692.230803 550.000000 12
691.226121 550.000000 12
690.221439 550.000000 12
689.216757 550.000000 12
682.183986 550.000000 12
681.179304 550.000000 12
672.137169 550.000000 12
671.132487 550.000000 12
670.127805 548.259840 11
667.616101 543.909441 11
663.597374 536.948802 11
661.588011 533.468482 11
661.085670 532.598403 11
660.080988 530.858243 11
656.564602 524.767684 11
655.559921 523.027524 11
654.052898 520.417284 11
653.550557 519.547204 11
651.038853 515.196805 11
650.536512 514.326725 11
649.029489 511.716486 11
646.517785 507.366086 11
645.513103 505.625926 11
641.996717 499.535367 11
641.494377 498.665288 11
640.489695 496.925128 11
636.973309 490.834569 11
636.470968 489.964489 11
635.968627 489.094409 11
634.963946 487.354249 11
633.959264 485.614089 11
633.456923 484.744010 11
632.452241 483.003850 11
630.945219 480.393610 11
627.428833 474.303051 11
625.419469 470.822732 11
622.907765 466.472332 11
621.400743 463.862093 11
619.391379 460.381773 11
618.889038 459.511693 11
615.372652 453.421134 11
613.865630 450.810895 11
613.363289 449.940815 11
611.353925 446.460495 11
610.349244 444.720335 11
608.842221 442.110096 11
607.837539 440.369936 11
607.335199 439.499856 11
603.818813 433.409297 11
602.814131 431.669137 11
601.307108 429.058898 11
599.800086 426.448658 11
598.795404 424.708498 11
597.790722 422.968339 11
592.264973 413.397460 11
592.264973 413.397460 10
593.271282 411.654482 10
593.774436 410.782993 10
594.277591 409.911504 10
595.283900 408.168526 10
595.787054 407.297036 10
596.290209 406.425547 10
596.793363 405.554058 10
597.296518 404.682569 10
598.302826 402.939591 10
598.805981 402.068102 10
599.309135 401.196613 10
600.818599 398.582146 10
601.321753 397.710657 10
602.328062 395.967679 10
602.831216 395.096190 10
603.334371 394.224700 10
603.837525 393.353211 10
604.340680 392.481722 10
604.843834 391.610233 10
605.346989 390.738744 10
605.850143 389.867255 10
606.856452 388.124277 10
607.359607 387.252788 10
607.862761 386.381299 10
608.365915 385.509810 10
608.869070 384.638321 10
609.372224 383.766832 10
609.875379 382.895342 10
610.378533 382.023853 10
610.881688 381.152364 10
611.384842 380.280875 10
611.887997 379.409386 10
612.391151 378.537897 10
613.397460 376.794919 10
611.384842 376.794919 9
610.378533 376.794919 9
609.372224 376.794919 9
608.365916 376.794919 9
607.359607 376.794919 9
606.353298 376.794919 9
603.334371 376.794919 9
601.321753 376.794919 9
598.302827 376.794919 9
597.296518 376.794919 9
596.290209 376.794919 9
595.283900 376.794919 9
594.277591 376.794919 9
591.258665 376.794919 9
588.239738 376.794919 9
585.220811 376.794919 9
584.214502 376.794919 9
583.208194 376.794919 9
582.201885 376.794919 9
581.195576 376.794919 9
580.189267 376.794919 9
578.176649 376.794919 9
577.170340 376.794919 9
576.164031 376.794919 9
575.157723 376.794919 9
573.145105 376.794919 9
572.138796 376.794919 9
571.132487 376.794919 9
571.132487 376.794919 8
570.126178 375.051941 8
569.623024 374.180452 8
569.119869 373.308963 8
566.604097 368.951518 8
566.100942 368.080029 8
565.597788 367.208539 8
565.094634 366.337050 8
564.591479 365.465561 8
564.088325 364.594072 8
563.585170 363.722583 8
563.082016 362.851094 8
562.578861 361.979605 8
562.075707 361.108116 8
561.572552 360.236627 8
561.069398 359.365138 8
560.566243 358.493649 8
559.056780 355.879182 8
558.553626 355.007693 8
558.050471 354.136204 8
557.547317 353.264715 8
557.044162 352.393226 8
556.541008 351.521737 8
556.037853 350.650248 8
555.534699 349.778759 8
555.031545 348.907269 8
554.528390 348.035780 8
554.025236 347.164291 8
553.522081 346.292802 8
553.018927 345.421313 8
552.515772 344.549824 8
552.012618 343.678335 8
551.509463 342.806846 8
550.000000 340.192379 8
550.000000 340.192379 7
549.496846 341.063868 7
548.993691 341.935357 7
548.490537 342.806846 7
547.987382 343.678335 7
547.484228 344.549824 7
546.477919 346.292802 7
545.974764 347.164291 7
544.968455 348.907269 7
544.465301 349.778759 7
543.458992 351.521737 7
542.955838 352.393226 7
542.452683 353.264715 7
541.949529 354.136204 7
541.446374 355.007693 7
540.943220 355.879182 7
540.440065 356.750671 7
539.936911 357.622160 7
539.433757 358.493649 7
538.930602 359.365138 7
538.427448 360.236627 7
537.924293 361.108116 7
536.917984 362.851094 7
536.414830 363.722583 7
535.911675 364.594072 7
535.408521 365.465561 7
534.905366 366.337050 7
534.402212 367.208539 7
533.395903 368.951518 7
532.892749 369.823007 7
532.389594 370.694496 7
531.886440 371.565985 7
531.383285 372.437474 7
530.880131 373.308963 7
529.873822 375.051941 7
529.370667 375.923430 7
528.867513 376.794919 7
528.867513 376.794919 6
527.861204 376.794919 6
526.854895 376.794919 6
525.848586 376.794919 6
524.842277 376.794919 6
523.835969 376.794919 6
522.829660 376.794919 6
521.823351 376.794919 6
519.810733 376.794919 6
517.798115 376.794919 6
515.785498 376.794919 6
514.779189 376.794919 6
513.772880 376.794919 6
512.766571 376.794919 6
511.760262 376.794919 6
510.753953 376.794919 6
509.747644 376.794919 6
508.741335 376.794919 6
507.735027 376.794919 6
505.722409 376.794919 6
502.703482 376.794919 6
501.697173 376.794919 6
500.690864 376.794919 6
499.684555 376.794919 6
498.678247 376.794919 6
497.671938 376.794919 6
496.665629 376.794919 6
495.659320 376.794919 6
494.653011 376.794919 6
493.646702 376.794919 6
492.640393 376.794919 6
490.627776 376.794919 6
487.608849 376.794919 6
486.602540 376.794919 6
489.118312 381.152364 5
489.621467 382.023853 5
490.124621 382.895342 5
490.627776 383.766832 5
491.130930 384.638321 5
492.137239 386.381299 5
492.640393 387.252788 5
493.646702 388.995766 5
494.149857 389.867255 5
494.653011 390.738744 5
495.156166 391.610233 5
495.659320 392.481722 5
496.162475 393.353211 5
498.175092 396.839168 5
498.678247 397.710657 5
499.181401 398.582146 5
499.684556 399.453635 5
500.187710 400.325124 5
500.690865 401.196613 5
502.200328 403.811080 5
502.703482 404.682569 5
503.709791 406.425547 5
504.212946 407.297036 5
504.716100 408.168526 5
505.219255 409.040015 5
505.722409 409.911504 5
506.225564 410.782993 5
506.728718 411.654482 5
507.231873 412.525971 5
507.232686 414.267540 4
506.730345 415.137620 4
503.213959 421.228179 4
502.711618 422.098259 4
500.199914 426.448658 4
499.195232 428.188818 4
498.692892 429.058898 4
494.674165 436.019537 4
491.157779 442.110096 4
490.153097 443.850256 4
488.646075 446.460495 4
487.139052 449.070735 4
486.636711 449.940815 4
485.129689 452.551054 4
484.627348 453.421134 4
484.125007 454.291214 4
483.120325 456.031374 4
481.613303 458.641613 4
479.101598 462.992013 4
478.599257 463.862093 4
477.594576 465.602252 4
474.078190 471.692811 4
471.064145 476.913291 4
470.561804 477.783371 4
469.054781 480.393610 4
468.552440 481.263690 4
466.040736 485.614089 4
464.533714 488.224329 4
464.031373 489.094409 4
461.017328 494.314888 4
459.510305 496.925128 4
458.003283 499.535367 4
457.500942 500.405447 4
455.491578 503.885767 4
453.984556 506.496006 4
453.482215 507.366086 4
452.979874 508.236166 4
452.477533 509.106246 4
451.472851 510.846406 4
450.970511 511.716486 4
447.454125 517.807045 4
443.435398 524.767684 4
440.421353 529.988163 4
439.416671 531.728323 4
434.895603 539.559042 4
433.890922 541.299201 4
429.369854 549.129920 4
428.867513 550.000000 4
424.848786 550.000000 3
420.830059 550.000000 3
415.806651 550.000000 3
413.797288 550.000000 3
411.787924 550.000000 3
408.773879 550.000000 3
405.759834 550.000000 3
395.713017 550.000000 3
394.708335 550.000000 3
391.694290 550.000000 3
390.689609 550.000000 3
385.666200 550.000000 3
384.661518 550.000000 3
383.656837 550.000000 3
381.647473 550.000000 3
375.619383 550.000000 3
374.614702 550.000000 3
371.600656 550.000000 3
370.595975 550.000000 3
364.567885 550.000000 3
358.539794 550.000000 3
357.535113 550.000000 3
355.525749 550.000000 3
354.521068 550.000000 3
348.492977 550.000000 3
347.488296 550.000000 3
340.455524 550.000000 3
338.446161 550.000000 3
337.441479 550.000000 3
332.418070 550.000000 3
321.366572 550.000000 3
318.352527 550.000000 3
317.347845 550.000000 3
311.319755 550.000000 3
310.315073 550.000000 3
308.305710 550.000000 3
304.286983 550.000000 3
301.272938 550.000000 3
297.254211 550.000000 3
295.244848 550.000000 3
293.235484 550.000000 3
288.212076 550.000000 3
281.179304 550.000000 3
275.151214 550.000000 3
274.146532 550.000000 3
271.132487 550.000000 3
271.132487 550.000000 2
270.629333 549.128511 2
270.126178 548.257022 2
269.623024 547.385533 2
268.616715 545.642555 2
268.113560 544.771066 2
267.610406 543.899577 2
266.604097 542.156599 2
266.100942 541.285110 2
265.094634 539.542131 2
264.591479 538.670642 2
263.082016 536.056175 2
262.578861 535.184686 2
262.075707 534.313197 2
261.572552 533.441708 2
260.063089 530.827241 2
259.559935 529.955752 2
259.056780 529.084263 2
258.553626 528.212774 2
258.050471 527.341285 2
257.547317 526.469796 2
256.541008 524.726818 2
256.037853 523.855329 2
255.534699 522.983840 2
255.031545 522.112350 2
254.025236 520.369372 2
253.522081 519.497883 2
252.515772 517.754905 2
252.012618 516.883416 2
251.509463 516.011927 2
251.006309 515.140438 2
250.503154 514.268949 2
250.000000 513.397460 2
250.000000 513.397460 1
249.496846 514.268949 1
248.993691 515.140438 1
248.490537 516.011927 1
247.987382 516.883416 1
247.484228 517.754905 1
246.981073 518.626394 1
246.477919 519.497883 1
245.974764 520.369372 1
245.471610 521.240861 1
244.968455 522.112350 1
244.465301 522.983840 1
243.962147 523.855329 1
243.458992 524.726818 1
241.446374 528.212774 1
239.936911 530.827241 1
239.433757 531.698730 1
238.930602 532.570219 1
238.427448 533.441708 1
237.924293 534.313197 1
237.421139 535.184686 1
236.414830 536.927664 1
235.911675 537.799153 1
235.408521 538.670642 1
234.905366 539.542131 1
234.402212 540.413620 1
233.899058 541.285110 1
233.395903 542.156599 1
230.880131 546.514044 1
229.873822 548.257022 1
228.867513 550.000000 1
224.840403 550.000000 0
218.799739 550.000000 0
214.772629 550.000000 0
213.765851 550.000000 0
211.752296 550.000000 0
209.738742 550.000000 0
208.731964 550.000000 0
206.718409 550.000000 0
202.691299 550.000000 0
198.664190 550.000000 0
197.657412 550.000000 0
196.650635 550.000000 0
194.637080 550.000000 0
192.623525 550.000000 0
191.616748 550.000000 0
187.589638 550.000000 0
186.582860 550.000000 0
185.576083 550.000000 0
182.555751 550.000000 0
180.542196 550.000000 0
175.508308 550.000000 0
174.501531 550.000000 0
171.481199 550.000000 0
164.433757 550.000000 0
163.426979 550.000000 0
162.420202 550.000000 0
155.372759 550.000000 0
154.365982 550.000000 0
153.359205 550.000000 0
152.352427 550.000000 0
151.345650 550.000000 0
150.338872 550.000000 0
144.298208 550.000000 0
139.264320 550.000000 0
136.243988 550.000000 0
131.210101 550.000000 0
128.189768 550.000000 0
127.182991 550.000000 0
126.176214 550.000000 0
123.155881 550.000000 0
122.149104 550.000000 0
121.142326 550.000000 0
120.135549 550.000000 0
116.108439 550.000000 0
115.101662 550.000000 0
114.094884 550.000000 0
113.088107 550.000000 0
112.081329 550.000000 0
111.074552 550.000000 0
106.040665 550.000000 0
104.027110 550.000000 0
103.020332 550.000000 0
