700
103.005598 450.000000 32
104.007464 450.000000 32
107.013062 450.000000 32
113.024258 450.000000 32
114.026124 450.000000 32
115.027990 450.000000 32
117.031722 450.000000 32
124.044784 450.000000 32
125.046650 450.000000 32
126.048516 450.000000 32
127.050382 450.000000 32
128.052248 450.000000 32
129.054114 450.000000 32
133.061578 450.000000 32
134.063444 450.000000 32
136.067177 450.000000 32
137.069043 450.000000 32
138.070909 450.000000 32
146.085837 450.000000 32
148.089569 450.000000 32
149.091435 450.000000 32
150.093301 450.000000 32
151.095167 450.000000 32
153.098899 450.000000 32
155.102631 450.000000 32
158.108229 450.000000 32
166.123157 450.000000 32
169.128755 450.000000 32
177.662918 438.688962 31
181.179304 432.598403 31
182.686326 429.988163 31
185.198031 425.637764 31
186.202712 423.897604 31
193.235484 411.716486 31
196.249529 406.496006 31
201.775279 396.925128 31
207.301028 387.354249 31
209.310391 383.873930 31
214.836141 374.303051 31
220.864231 363.862093 31
227.394662 352.551054 31
237.441479 335.149457 31
239.953183 330.799057 31
254.018727 320.358099 30
260.046817 330.799057 30
261.553839 333.409297 30
266.074907 341.240016 30
277.126406 360.381773 30
278.633428 362.992013 30
281.647473 368.212492 30
283.656837 371.692811 30
286.168541 376.043211 30
298.727062 397.795208 30
301.238766 402.145607 30
308.271538 414.326725 30
320.327719 435.208642 30
324.848786 443.039361 30
326.355809 445.649601 30
326.858150 446.519681 30
328.867513 450.000000 29
330.880131 450.000000 29
333.899058 450.000000 29
334.905366 450.000000 29
337.924293 450.000000 29
338.930602 450.000000 29
343.962147 450.000000 29
344.968455 450.000000 29
346.981073 450.000000 29
350.000000 450.000000 29
351.006309 450.000000 29
353.018927 450.000000 29
354.025236 450.000000 29
356.037853 450.000000 29
358.050471 450.000000 29
359.056780 450.000000 29
365.094634 450.000000 29
366.100942 450.000000 29
368.113560 450.000000 29
369.119869 450.000000 29
370.126178 450.000000 29
371.635641 449.128511 28
372.138796 448.257022 28
372.641950 447.385533 28
374.151414 444.771066 28
374.654568 443.899577 28
375.157722 443.028088 28
375.660877 442.156599 28
376.667186 440.413620 28
377.170340 439.542131 28
377.673495 438.670642 28
378.679803 436.927664 28
379.182958 436.056175 28
379.686112 435.184686 28
381.698730 431.698730 28
382.201884 430.827241 28
383.208193 429.084263 28
384.214502 427.341285 28
385.723965 424.726818 28
388.742892 419.497883 28
389.749201 417.754905 28
390.252355 416.883416 28
390.755510 416.011927 28
391.258664 415.140438 28
391.761819 414.268949 28
392.264973 413.397460 28
392.264973 413.397460 27
389.753269 409.047061 27
388.246246 406.436821 27
384.729860 400.346262 27
383.222838 397.736022 27
382.218156 395.995862 27
379.204111 390.775383 27
378.199429 389.035223 27
376.190066 385.554904 27
373.176021 380.334425 27
368.654953 372.503706 27
363.631545 363.802907 27
356.598773 351.621789 27
355.091750 349.011549 27
353.584728 346.401309 27
351.575364 342.920990 27
345.547274 332.480031 27
345.044933 331.609951 27
343.035570 328.129632 27
342.533229 327.259552 27
337.509821 318.558753 27
333.491094 311.598114 27
330.979390 307.247715 27
329.472367 304.637475 27
325.955981 298.546916 27
320.932573 289.846117 27
320.430232 288.976037 27
315.909164 281.145318 27
327.463004 276.794919 26
344.542593 276.794919 26
352.580046 276.794919 26
358.608137 276.794919 26
363.631545 276.794919 26
365.640908 276.794919 26
369.659635 276.794919 26
384.729861 276.794919 26
385.734542 276.794919 26
392.767314 276.794919 26
399.800086 276.794919 26
411.856267 276.794919 26
423.912447 276.794919 26
426.926492 276.794919 26
427.931174 276.794919 26
432.954582 276.794919 26
436.973309 276.794919 26
438.982673 276.794919 26
453.048216 276.794919 26
458.071625 276.794919 26
480.174622 261.133481 25
481.179304 259.393322 25
490.723780 242.861804 25
491.226121 241.991724 25
492.733143 239.381484 25
495.747189 234.161005 25
499.263574 228.070446 25
505.794005 216.759408 25
509.310391 210.668849 25
516.343163 198.487730 25
522.371253 188.046772 25
523.878276 185.436532 25
526.389980 181.086133 25
526.892321 180.216053 25
532.920411 169.775095 25
536.939138 162.814456 25
537.441479 161.944376 25
539.953183 157.593976 25
541.962546 154.113657 25
547.990637 143.672698 25
549.497659 141.062459 25
554.521068 148.023098 24
557.535113 153.243577 24
558.037454 154.113657 24
565.572566 167.164855 24
569.088952 173.255414 24
571.600656 177.605814 24
573.107679 180.216053 24
575.117042 183.696373 24
575.619383 184.566453 24
577.126406 187.176692 24
578.633428 189.786932 24
580.642792 193.267251 24
582.149814 195.877491 24
583.154496 197.617651 24
586.168541 202.838130 24
591.191949 211.538929 24
593.703654 215.889328 24
597.722380 222.849967 24
604.252811 234.161005 24
605.257493 235.901165 24
606.764516 238.511405 24
609.276220 242.861804 24
617.816014 257.653162 24
618.318355 258.523242 24
620.830059 262.873641 24
626.355809 272.444520 24
637.909648 276.794919 23
641.928375 276.794919 23
659.007964 276.794919 23
661.017327 276.794919 23
680.106280 276.794919 23
690.153097 276.794919 23
698.190550 276.794919 23
704.218641 276.794919 23
708.237367 276.794919 23
709.242049 276.794919 23
715.270139 276.794919 23
717.279503 276.794919 23
719.288866 276.794919 23
734.359092 276.794919 23
736.368455 276.794919 23
749.429317 276.794919 23
756.462089 276.794919 23
757.466771 276.794919 23
768.518269 276.794919 23
775.551041 276.794919 23
778.565086 276.794919 23
783.588495 276.794919 23
786.602540 276.794919 23
786.602540 276.794919 22
785.095517 279.405159 22
780.574450 287.235878 22
780.072109 288.105957 22
778.062746 291.586277 22
775.551041 295.936676 22
774.044019 298.546916 22
771.532315 302.897315 22
768.518270 308.117795 22
766.006565 312.468194 22
765.504224 313.338274 22
763.494861 316.818593 22
761.987838 319.428833 22
760.983157 321.168993 22
758.471453 325.519392 22
757.969112 326.389472 22
754.955067 331.609951 22
750.936340 338.570590 22
749.931658 340.310750 22
746.917613 345.531229 22
746.415272 346.401309 22
743.903568 350.751709 22
740.889523 355.972188 22
727.828661 378.594265 22
721.800571 389.035223 22
711.753754 406.436821 22
709.242050 410.787220 22
707.735027 413.397460 21
708.238181 414.268949 21
708.741336 415.140438 21
709.747645 416.883416 21
712.263417 421.240861 21
713.269726 422.983840 21
714.276035 424.726818 21
714.779189 425.598307 21
715.282343 426.469796 21
716.791807 429.084263 21
718.301270 431.698730 21
719.810733 434.313197 21
720.313888 435.184686 21
720.817042 436.056175 21
722.829660 439.542131 21
725.345432 443.899577 21
726.351741 445.642555 21
726.854895 446.514044 21
728.867513 450.000000 20
729.873822 450.000000 20
731.886440 450.000000 20
732.892749 450.000000 20
733.899058 450.000000 20
734.905366 450.000000 20
737.924293 450.000000 20
738.930602 450.000000 20
742.955838 450.000000 20
743.962147 450.000000 20
744.968455 450.000000 20
745.974764 450.000000 20
752.012618 450.000000 20
754.025236 450.000000 20
757.044162 450.000000 20
761.069398 450.000000 20
768.113560 450.000000 20
769.119869 450.000000 20
771.132487 450.000000 20
772.137169 448.259840 19
777.160577 439.559042 19
777.662918 438.688962 19
784.695690 426.507843 19
796.249529 406.496006 19
800.268256 399.535367 19
805.794005 389.964489 19
807.803369 386.484169 19
812.826777 377.783371 19
815.840822 372.562891 19
816.343163 371.692811 19
819.859549 365.602252 19
822.371253 361.251853 19
822.873594 360.381773 19
825.385298 356.031374 19
825.887639 355.161294 19
828.901684 349.940815 19
832.418070 343.850256 19
835.432115 338.629776 19
842.464887 326.448658 19
853.516386 319.488019 18
856.530431 324.708498 18
858.539794 328.188818 18
875.117042 356.901454 18
885.163859 374.303051 18
891.191949 384.744010 18
894.708335 390.834569 18
903.248130 405.625926 18
905.759834 409.976326 18
914.801969 425.637764 18
917.313674 429.988163 18
920.327719 435.208642 18
923.844105 441.299201 18
926.355809 445.649601 18
927.862831 448.259840 18
928.365172 449.129920 18
928.867513 450.000000 18
928.867513 450.000000 17
930.871245 450.000000 17
931.873111 450.000000 17
935.880575 450.000000 17
940.889905 450.000000 17
941.891771 450.000000 17
942.893637 450.000000 17
946.901101 450.000000 17
948.904833 450.000000 17
950.908565 450.000000 17
952.912297 450.000000 17
960.927225 450.000000 17
961.929091 450.000000 17
962.930957 450.000000 17
967.940288 450.000000 17
971.947752 450.000000 17
975.955216 450.000000 17
984.972010 450.000000 17
986.975742 450.000000 17
988.979474 450.000000 17
990.983206 450.000000 17
994.990670 450.000000 17
998.998134 450.000000 17
1000.000000 451.000000 16
1000.000000 454.000000 16
1000.000000 462.000000 16
1000.000000 464.000000 16
1000.000000 477.000000 16
1000.000000 478.000000 16
1000.000000 480.000000 16
1000.000000 481.000000 16
1000.000000 484.000000 16
1000.000000 489.000000 16
1000.000000 497.000000 16
1000.000000 498.000000 16
1000.000000 499.000000 16
1000.000000 502.000000 16
1000.000000 503.000000 16
1000.000000 504.000000 16
1000.000000 505.000000 16
1000.000000 506.000000 16
1000.000000 513.000000 16
1000.000000 523.000000 16
1000.000000 531.000000 16
1000.000000 534.000000 16
1000.000000 536.000000 16
1000.000000 542.000000 16
992.952558 550.000000 15
984.898338 550.000000 15
981.878006 550.000000 15
961.742457 550.000000 15
960.735680 550.000000 15
958.722125 550.000000 15
957.715347 550.000000 15
955.701792 550.000000 15
947.647573 550.000000 15
939.593353 550.000000 15
931.539134 550.000000 15
925.498469 550.000000 15
921.471359 550.000000 15
920.464582 550.000000 15
912.410362 550.000000 15
910.396807 550.000000 15
902.342588 550.000000 15
901.335810 550.000000 15
891.268036 550.000000 15
890.261258 550.000000 15
888.247704 550.000000 15
876.166374 550.000000 15
869.623024 547.385533 14
868.616715 545.642555 14
866.604097 542.156599 14
865.094634 539.542131 14
864.591479 538.670642 14
864.088325 537.799153 14
863.082016 536.056175 14
862.578861 535.184686 14
862.075707 534.313197 14
861.069398 532.570219 14
860.566243 531.698730 14
860.063089 530.827241 14
859.559935 529.955752 14
859.056780 529.084263 14
858.050471 527.341285 14
857.547317 526.469796 14
857.044162 525.598307 14
854.025236 520.369372 14
853.018927 518.626394 14
852.515772 517.754905 14
852.012618 516.883416 14
850.503154 514.268949 14
850.000000 513.397460 13
849.496846 514.268949 13
848.490537 516.011927 13
847.484228 517.754905 13
846.477919 519.497883 13
845.974764 520.369372 13
845.471610 521.240861 13
844.968455 522.112350 13
844.465301 522.983840 13
843.962147 523.855329 13
841.949529 527.341285 13
840.943220 529.084263 13
840.440065 529.955752 13
838.427448 533.441708 13
834.402212 540.413620 13
832.892749 543.028088 13
832.389594 543.899577 13
831.886440 544.771066 13
831.383285 545.642555 13
822.839423 550.000000 12
818.820696 550.000000 12
816.811333 550.000000 12
814.801969 550.000000 12
810.783243 550.000000 12
808.773879 550.000000 12
801.741107 550.000000 12
789.684927 550.000000 12
787.675564 550.000000 12
783.656837 550.000000 12
777.628747 550.000000 12
771.600656 550.000000 12
768.586611 550.000000 12
763.563203 550.000000 12
759.544476 550.000000 12
757.535113 550.000000 12
751.507023 550.000000 12
745.478932 550.000000 12
742.464887 550.000000 12
736.436797 550.000000 12
734.427434 550.000000 12
719.357208 550.000000 12
717.347845 550.000000 12
709.310391 550.000000 12
700.268256 550.000000 12
694.240166 550.000000 12
686.202712 550.000000 12
679.169941 550.000000 12
671.132487 550.000000 12
668.620783 545.649601 11
667.616101 543.909441 11
655.559921 523.027524 11
655.057580 522.157444 11
653.550557 519.547204 11
653.048216 518.677125 11
650.536512 514.326725 11
645.513103 505.625926 11
644.006081 503.015687 11
637.977991 492.574728 11
636.973309 490.834569 11
635.466286 488.224329 11
633.456923 484.744010 11
628.935855 476.913291 11
627.428833 474.303051 11
626.926492 473.432971 11
625.921810 471.692811 11
624.414788 469.082572 11
618.386697 458.641613 11
608.339880 441.240016 11
606.330517 437.759696 11
604.823494 435.149457 11
603.818813 433.409297 11
602.814131 431.669137 11
601.809449 429.928978 11
601.307108 429.058898 11
599.800086 426.448658 11
595.279018 418.617939 11
593.271282 411.654482 10
595.787054 407.297036 10
596.290209 406.425547 10
596.793363 405.554058 10
598.302826 402.939591 10
598.805981 402.068102 10
599.812290 400.325124 10
601.824908 396.839168 10
602.831216 395.096190 10
603.334371 394.224700 10
603.837525 393.353211 10
604.340680 392.481722 10
605.346989 390.738744 10
606.353298 388.995766 10
607.359607 387.252788 10
609.372224 383.766832 10
609.875379 382.895342 10
610.378533 382.023853 10
610.881688 381.152364 10
611.887997 379.409386 10
612.894306 377.666408 10
612.391151 376.794919 9
610.378533 376.794919 9
609.372224 376.794919 9
608.365916 376.794919 9
607.359607 376.794919 9
605.346989 376.794919 9
603.334371 376.794919 9
602.328062 376.794919 9
598.302827 376.794919 9
596.290209 376.794919 9
594.277591 376.794919 9
593.271282 376.794919 9
592.264973 376.794919 9
590.252356 376.794919 9
588.239738 376.794919 9
587.233429 376.794919 9
586.227120 376.794919 9
585.220811 376.794919 9
584.214502 376.794919 9
581.195576 376.794919 9
579.182958 376.794919 9
577.170340 376.794919 9
575.157723 376.794919 9
574.151414 376.794919 9
571.132487 376.794919 9
570.126178 375.051941 8
569.119869 373.308963 8
568.113560 371.565985 8
565.597788 367.208539 8
565.094634 366.337050 8
562.578861 361.979605 8
561.572552 360.236627 8
561.069398 359.365138 8
557.044162 352.393226 8
556.541008 351.521737 8
555.031545 348.907269 8
554.528390 348.035780 8
554.025236 347.164291 8
551.509463 342.806846 8
550.000000 340.192379 7
548.993691 341.935357 7
547.484228 344.549824 7
546.981073 345.421313 7
545.974764 347.164291 7
544.968455 348.907269 7
541.446374 355.007693 7
540.440065 356.750671 7
539.433757 358.493649 7
538.427448 360.236627 7
534.402212 367.208539 7
533.899058 368.080029 7
531.383285 372.437474 7
530.376976 374.180452 7
528.867513 376.794919 6
522.829660 376.794919 6
521.823351 376.794919 6
517.798115 376.794919 6
515.785498 376.794919 6
514.779189 376.794919 6
510.753953 376.794919 6
507.735027 376.794919 6
500.690864 376.794919 6
498.678247 376.794919 6
497.671938 376.794919 6
493.646702 376.794919 6
489.621467 376.794919 6
488.615158 376.794919 6
486.602540 376.794919 6
487.608849 378.537897 5
488.112003 379.409386 5
489.118312 381.152364 5
489.621467 382.023853 5
490.124621 382.895342 5
491.130930 384.638321 5
493.646702 388.995766 5
494.149857 389.867255 5
494.653011 390.738744 5
497.168784 395.096190 5
498.175092 396.839168 5
499.181401 398.582146 5
499.684556 399.453635 5
500.187710 400.325124 5
503.206637 405.554058 5
505.219255 409.040015 5
506.225564 410.782993 5
507.231873 412.525971 5
507.735027 413.397460 5
498.692892 429.058898 4
492.162461 440.369936 4
490.153097 443.850256 4
484.125007 454.291214 4
477.092235 466.472332 4
473.575849 472.562891 4
471.064145 476.913291 4
469.054781 480.393610 4
467.045418 483.873930 4
463.529032 489.964489 4
463.026691 490.834569 4
458.505623 498.665288 4
451.975192 509.976326 4
430.374536 547.389760 4
422.839423 550.000000 3
415.806651 550.000000 3
406.764516 550.000000 3
400.736426 550.000000 3
396.717699 550.000000 3
393.703654 550.000000 3
382.652155 550.000000 3
371.600656 550.000000 3
368.586611 550.000000 3
355.525749 550.000000 3
353.516386 550.000000 3
347.488296 550.000000 3
343.469569 550.000000 3
341.460206 550.000000 3
339.450842 550.000000 3
333.422752 550.000000 3
320.361890 550.000000 3
317.347845 550.000000 3
313.329118 550.000000 3
307.301028 550.000000 3
304.286983 550.000000 3
303.282301 550.000000 3
298.258893 550.000000 3
287.207394 550.000000 3
282.183986 550.000000 3
280.174622 550.000000 3
279.169941 550.000000 3
275.151214 550.000000 3
274.146532 550.000000 3
271.132487 550.000000 2
270.629333 549.128511 2
266.100942 541.285110 2
265.094634 539.542131 2
264.591479 538.670642 2
264.088325 537.799153 2
263.585170 536.927664 2
263.082016 536.056175 2
261.069398 532.570219 2
260.566244 531.698730 2
260.063089 530.827241 2
259.559935 529.955752 2
259.056780 529.084263 2
258.553626 528.212774 2
258.050471 527.341285 2
254.528390 521.240861 2
254.025236 520.369372 2
251.509463 516.011927 2
251.006309 515.140438 2
250.000000 513.397460 2
249.496846 514.268949 1
248.993691 515.140438 1
246.477919 519.497883 1
245.471610 521.240861 1
244.968455 522.112350 1
243.962147 523.855329 1
243.458992 524.726818 1
240.943220 529.084263 1
240.440065 529.955752 1
238.930602 532.570219 1
236.917984 536.056175 1
235.408521 538.670642 1
234.905366 539.542131 1
233.899058 541.285110 1
232.389594 543.899577 1
230.376976 547.385533 1
228.867513 550.000000 1
228.867513 550.000000 0
227.860736 550.000000 0
216.786184 550.000000 0
212.759074 550.000000 0
201.684522 550.000000 0
188.596415 550.000000 0
186.582860 550.000000 0
172.487976 550.000000 0
159.399869 550.000000 0
156.379537 550.000000 0
151.345650 550.000000 0
149.332095 550.000000 0
142.284653 550.000000 0
140.271098 550.000000 0
138.257543 550.000000 0
134.230433 550.000000 0
131.210101 550.000000 0
128.189768 550.000000 0
117.115217 550.000000 0
108.054220 550.000000 0
104.027110 550.000000 0
