1240
100.000000 450.000000 8
101.000489 450.000000 8
102.000978 450.000000 8
103.001467 450.000000 8
104.001956 450.000000 8
109.004400 450.000000 8
110.004889 450.000000 8
111.005378 450.000000 8
112.005867 450.000000 8
113.006355 450.000000 8
114.006844 450.000000 8
117.008311 450.000000 8
118.008800 450.000000 8
119.009289 450.000000 8
120.009778 450.000000 8
123.011244 450.000000 8
124.011733 450.000000 8
125.012222 450.000000 8
126.012711 450.000000 8
128.013689 450.000000 8
129.014178 450.000000 8
130.014666 450.000000 8
133.016133 450.000000 8
134.016622 450.000000 8
135.017111 450.000000 8
139.019066 450.000000 8
141.020044 450.000000 8
144.021511 450.000000 8
145.022000 450.000000 8
146.022488 450.000000 8
147.022977 450.000000 8
155.026888 450.000000 8
158.028355 450.000000 8
162.030311 450.000000 8
165.031777 450.000000 8
169.033733 450.000000 8
172.035199 450.000000 8
176.037155 450.000000 8
177.037644 450.000000 8
178.038133 450.000000 8
179.038622 450.000000 8
180.039110 450.000000 8
182.040088 450.000000 8
183.040577 450.000000 8
184.041066 450.000000 8
185.041555 450.000000 8
189.043510 450.000000 8
190.043999 450.000000 8
196.046933 450.000000 8
199.048399 450.000000 8
200.048888 450.000000 8
201.049377 450.000000 8
202.049866 450.000000 8
203.050355 450.000000 8
204.050844 450.000000 8
206.051821 450.000000 8
207.052310 450.000000 8
208.052799 450.000000 8
209.053288 450.000000 8
212.054755 450.000000 8
213.055243 450.000000 8
215.056221 450.000000 8
216.056710 450.000000 8
217.057199 450.000000 8
219.058177 450.000000 8
221.059155 450.000000 8
222.059643 450.000000 8
223.060132 450.000000 8
225.061110 450.000000 8
226.061599 450.000000 8
227.062088 450.000000 8
230.063554 450.000000 8
232.064532 450.000000 8
234.065510 450.000000 8
240.068443 450.000000 8
242.069421 450.000000 8
243.069910 450.000000 8
244.070399 450.000000 8
246.071377 450.000000 8
250.073332 450.000000 8
253.074799 450.000000 8
257.076754 450.000000 8
258.077243 450.000000 8
259.077732 450.000000 8
261.078710 450.000000 8
262.079199 450.000000 8
264.080176 450.000000 8
265.080665 450.000000 8
266.081154 450.000000 8
268.082132 450.000000 8
270.083110 450.000000 8
276.086043 450.000000 8
278.087021 450.000000 8
279.087510 450.000000 8
280.087998 450.000000 8
282.088976 450.000000 8
283.089465 450.000000 8
284.089954 450.000000 8
287.091421 450.000000 8
288.091909 450.000000 8
289.092398 450.000000 8
290.092887 450.000000 8
291.093376 450.000000 8
292.093865 450.000000 8
295.095332 450.000000 8
297.096309 450.000000 8
298.096798 450.000000 8
299.097287 450.000000 8
300.097776 450.000000 8
301.098265 450.000000 8
303.099243 450.000000 8
304.099732 450.000000 8
305.100220 450.000000 8
306.100709 450.000000 8
307.101198 450.000000 8
308.101687 450.000000 8
311.103154 450.000000 8
312.103643 450.000000 8
314.104620 450.000000 8
315.105109 450.000000 8
316.105598 450.000000 8
317.106087 450.000000 8
319.107065 450.000000 8
320.107554 450.000000 8
321.108043 450.000000 8
324.109509 450.000000 8
325.109998 450.000000 8
330.112442 450.000000 8
332.113420 450.000000 8
333.113909 450.000000 8
335.114887 450.000000 8
337.115865 450.000000 8
340.117331 450.000000 8
344.119287 450.000000 8
347.120753 450.000000 8
348.121242 450.000000 8
352.123198 450.000000 8
354.124176 450.000000 8
355.124664 450.000000 8
356.125153 450.000000 8
357.125642 450.000000 8
361.127598 450.000000 8
363.128575 450.000000 8
366.130042 450.000000 8
371.132487 450.000000 8
371.633516 449.132192 7
374.639693 443.925341 7
375.140722 443.057532 7
376.643810 440.454107 7
377.645869 438.718490 7
378.647928 436.982873 7
380.151017 434.379448 7
381.153076 432.643831 7
381.654105 431.776022 7
382.155134 430.908214 7
383.658223 428.304788 7
384.660282 426.569172 7
385.662341 424.833555 7
388.167488 420.494512 7
390.171606 417.023278 7
390.672635 416.155470 7
391.674694 414.419853 7
392.175723 413.552045 7
393.177782 411.816428 7
394.680871 409.213002 7
395.181900 408.345194 7
397.687047 404.006151 7
398.689106 402.270535 7
399.190136 401.402726 7
399.691165 400.534918 7
400.693224 398.799301 7
401.194254 397.931492 7
401.695283 397.063684 7
404.200430 392.724641 7
405.202489 390.989025 7
406.705577 388.385599 7
407.206607 387.517791 7
408.208666 385.782174 7
408.709695 384.914365 7
409.210725 384.046557 7
413.719990 376.236281 7
415.724108 372.765047 7
416.726166 371.029430 7
418.730284 367.558196 7
423.239549 359.747920 7
424.241608 358.012303 7
425.243667 356.276686 7
426.245726 354.541069 7
426.746755 353.673261 7
427.748814 351.937644 7
431.256020 345.862984 7
431.757050 344.995176 7
433.761168 341.523942 7
434.763227 339.788325 7
436.767344 336.317091 7
437.769403 334.581474 7
438.270433 333.713666 7
438.771462 332.845858 7
439.773521 331.110241 7
440.274551 330.242432 7
443.280727 325.035581 7
445.284845 321.564348 7
446.787933 318.960922 7
448.792051 315.489688 7
451.297198 311.150646 7
452.800287 308.547221 7
457.309552 300.736944 7
459.313670 297.265711 7
459.814699 296.397902 7
461.317787 293.794477 7
462.319846 292.058860 7
462.820876 291.191051 7
463.321905 290.323243 7
463.822935 289.455434 7
465.326023 286.852009 7
466.328082 285.116392 7
466.829111 284.248584 7
467.330141 283.380775 7
467.831170 282.512967 7
468.833229 280.777350 7
469.334259 279.909541 7
469.835288 279.041733 7
470.336318 278.173924 7
471.839406 275.570499 7
472.340435 274.702691 7
472.841465 273.834882 7
473.843524 272.099265 7
477.350730 266.024606 7
477.851759 265.156797 7
478.352789 264.288989 7
479.354848 262.553372 7
481.358965 259.082138 7
482.361024 257.346521 7
483.363083 255.610904 7
483.864113 254.743096 7
485.367201 252.139671 7
485.868230 251.271862 7
487.371319 248.668437 7
488.874407 246.065011 7
489.375437 245.197203 7
489.876466 244.329394 7
491.880584 240.858161 7
492.381613 239.990352 7
492.882643 239.122544 7
494.385731 236.519118 7
494.886761 235.651310 7
495.387790 234.783501 7
497.391908 231.312267 7
497.892937 230.444459 7
498.393967 229.576651 7
498.894996 228.708842 7
501.901173 223.501991 7
502.903232 221.766374 7
504.406320 219.162949 7
504.907350 218.295140 7
505.408379 217.427332 7
506.911467 214.823907 7
507.913526 213.088290 7
508.414556 212.220481 7
508.915585 211.352673 7
510.418673 208.749247 7
511.420732 207.013630 7
512.422791 205.278014 7
514.426909 201.806780 7
514.927939 200.938971 7
516.431027 198.335546 7
517.433086 196.599929 7
518.435145 194.864312 7
519.437204 193.128695 7
519.938233 192.260887 7
523.445439 186.186227 7
525.950586 181.847185 7
526.451616 180.979377 7
526.952645 180.111568 7
529.457793 175.772526 7
529.958822 174.904717 7
530.459851 174.036909 7
533.466028 168.830058 7
534.468087 167.094441 7
534.969117 166.226633 7
535.470146 165.358824 7
537.474264 161.887590 7
539.478382 158.416357 7
539.979411 157.548548 7
542.484558 153.209506 7
543.486617 151.473889 7
543.987647 150.606080 7
544.488676 149.738272 7
544.989706 148.870463 7
545.991764 147.134847 7
547.995882 143.663613 7
551.002059 141.927996 6
552.004118 143.663613 6
552.505147 144.531421 6
554.008236 147.134847 6
554.509265 148.002655 6
555.010294 148.870463 6
556.012353 150.606080 6
556.513383 151.473889 6
559.018530 155.812931 6
563.026766 162.755399 6
563.527795 163.623207 6
564.028825 164.491016 6
565.030883 166.226633 6
566.032942 167.962250 6
566.533972 168.830058 6
567.536031 170.565675 6
569.540149 174.036909 6
571.544266 177.508143 6
572.045296 178.375951 6
573.047355 180.111568 6
573.548384 180.979377 6
578.558679 189.657461 6
579.059708 190.525270 6
580.562796 193.128695 6
581.564855 194.864312 6
582.065885 195.732120 6
583.067944 197.467737 6
584.070003 199.203354 6
585.072061 200.938971 6
585.573091 201.806780 6
586.074120 202.674588 6
587.076179 204.410205 6
587.577209 205.278014 6
588.078238 206.145822 6
589.080297 207.881439 6
590.583385 210.484864 6
592.086474 213.088290 6
592.587503 213.956098 6
595.092650 218.295140 6
596.094709 220.030757 6
597.096768 221.766374 6
598.599857 224.369800 6
602.107063 230.444459 6
602.608092 231.312267 6
603.610151 233.047884 6
604.111181 233.915693 6
605.113239 235.651310 6
607.117357 239.122544 6
609.121475 242.593777 6
610.123534 244.329394 6
610.624563 245.197203 6
611.125593 246.065011 6
611.626622 246.932820 6
612.127652 247.800628 6
614.632799 252.139671 6
615.634858 253.875287 6
617.638976 257.346521 6
618.140005 258.214330 6
619.142064 259.949947 6
619.643093 260.817755 6
621.647211 264.288989 6
622.148241 265.156797 6
624.653388 269.495840 6
625.655447 271.231457 6
626.156476 272.099265 6
628.160594 275.570499 6
628.661624 276.438307 6
630.665741 279.909541 6
631.667800 281.645158 6
634.673977 286.852009 6
635.676036 288.587626 6
636.177065 289.455434 6
637.179124 291.191051 6
637.680154 292.058860 6
640.185301 296.397902 6
640.686330 297.265711 6
642.690448 300.736944 6
643.191478 301.604753 6
644.193536 303.340370 6
645.696625 305.943795 6
646.197654 306.811604 6
647.199713 308.547221 6
647.700743 309.415029 6
648.201772 310.282838 6
650.205890 313.754071 6
650.706919 314.621880 6
651.708978 316.357497 6
652.711037 318.093114 6
653.713096 319.828731 6
654.214125 320.696539 6
654.715155 321.564348 6
655.216184 322.432156 6
655.717214 323.299964 6
656.218243 324.167773 6
656.719273 325.035581 6
657.721332 326.771198 6
658.723391 328.506815 6
659.224420 329.374624 6
660.727508 331.978049 6
661.729567 333.713666 6
662.230597 334.581474 6
662.731626 335.449283 6
664.234714 338.052708 6
664.735744 338.920517 6
667.741921 344.127368 6
670.247068 348.466410 6
670.748097 349.334218 6
671.750156 351.069835 6
672.752215 352.805452 6
673.253245 353.673261 6
673.754274 354.541069 6
674.255303 355.408878 6
674.756333 356.276686 6
675.758392 358.012303 6
676.259421 358.880111 6
677.261480 360.615728 6
677.762510 361.483537 6
678.263539 362.351345 6
679.265598 364.086962 6
679.766627 364.954771 6
680.267657 365.822579 6
680.768686 366.690388 6
681.269716 367.558196 6
683.774863 371.897238 6
684.275892 372.765047 6
686.781040 377.104089 6
687.282069 377.971898 6
689.286187 381.443131 6
689.787216 382.310940 6
690.288246 383.178748 6
691.791334 385.782174 6
692.292364 386.649982 6
695.298540 391.856833 6
696.300599 393.592450 6
697.302658 395.328067 6
698.805746 397.931492 6
699.306776 398.799301 6
700.308835 400.534918 6
702.813982 404.873960 6
709.828394 417.023278 6
710.329424 417.891087 6
710.830453 418.758895 6
711.832512 420.494512 6
712.834571 422.230129 6
713.335601 423.097938 6
713.836630 423.965746 6
715.339718 426.569172 6
715.840748 427.436980 6
717.343836 430.040405 6
718.345895 431.776022 6
722.354131 438.718490 6
723.356190 440.454107 6
724.358248 442.189724 6
724.859278 443.057532 6
725.861337 444.793149 6
728.867513 450.000000 6
728.867513 450.000000 5
730.868491 450.000000 5
731.868980 450.000000 5
734.870447 450.000000 5
735.870936 450.000000 5
741.873869 450.000000 5
742.874358 450.000000 5
743.874847 450.000000 5
747.876802 450.000000 5
749.877780 450.000000 5
751.878758 450.000000 5
752.879247 450.000000 5
754.880224 450.000000 5
756.881202 450.000000 5
758.882180 450.000000 5
759.882669 450.000000 5
760.883158 450.000000 5
761.883647 450.000000 5
763.884624 450.000000 5
765.885602 450.000000 5
767.886580 450.000000 5
768.887069 450.000000 5
773.889513 450.000000 5
777.891469 450.000000 5
779.892446 450.000000 5
782.893913 450.000000 5
783.894402 450.000000 5
784.894891 450.000000 5
786.895869 450.000000 5
794.899780 450.000000 5
796.900757 450.000000 5
797.901246 450.000000 5
798.901735 450.000000 5
801.903202 450.000000 5
802.903691 450.000000 5
805.905157 450.000000 5
806.905646 450.000000 5
807.906135 450.000000 5
809.907113 450.000000 5
810.907602 450.000000 5
813.909068 450.000000 5
818.911513 450.000000 5
821.912979 450.000000 5
822.913468 450.000000 5
823.913957 450.000000 5
825.914935 450.000000 5
826.915424 450.000000 5
827.915913 450.000000 5
833.918846 450.000000 5
836.920313 450.000000 5
838.921290 450.000000 5
839.921779 450.000000 5
840.922268 450.000000 5
844.924224 450.000000 5
846.925201 450.000000 5
848.926179 450.000000 5
849.926668 450.000000 5
850.927157 450.000000 5
852.928135 450.000000 5
855.929601 450.000000 5
858.931068 450.000000 5
859.931557 450.000000 5
860.932046 450.000000 5
863.933512 450.000000 5
865.934490 450.000000 5
869.936446 450.000000 5
870.936934 450.000000 5
871.937423 450.000000 5
873.938401 450.000000 5
874.938890 450.000000 5
875.939379 450.000000 5
876.939868 450.000000 5
877.940357 450.000000 5
878.940845 450.000000 5
881.942312 450.000000 5
882.942801 450.000000 5
883.943290 450.000000 5
887.945245 450.000000 5
888.945734 450.000000 5
890.946712 450.000000 5
893.948179 450.000000 5
896.949645 450.000000 5
898.950623 450.000000 5
903.953067 450.000000 5
907.955023 450.000000 5
908.955512 450.000000 5
911.956979 450.000000 5
912.957467 450.000000 5
913.957956 450.000000 5
914.958445 450.000000 5
915.958934 450.000000 5
917.959912 450.000000 5
918.960401 450.000000 5
920.961378 450.000000 5
922.962356 450.000000 5
923.962845 450.000000 5
926.964312 450.000000 5
927.964801 450.000000 5
928.965290 450.000000 5
929.965778 450.000000 5
930.966267 450.000000 5
931.966756 450.000000 5
932.967245 450.000000 5
934.968223 450.000000 5
937.969689 450.000000 5
942.972134 450.000000 5
948.975067 450.000000 5
949.975556 450.000000 5
954.978000 450.000000 5
956.978978 450.000000 5
959.980445 450.000000 5
960.980934 450.000000 5
964.982889 450.000000 5
965.983378 450.000000 5
966.983867 450.000000 5
967.984356 450.000000 5
968.984845 450.000000 5
969.985334 450.000000 5
971.986311 450.000000 5
974.987778 450.000000 5
975.988267 450.000000 5
977.989245 450.000000 5
979.990222 450.000000 5
983.992178 450.000000 5
984.992667 450.000000 5
986.993645 450.000000 5
987.994133 450.000000 5
990.995600 450.000000 5
991.996089 450.000000 5
994.997556 450.000000 5
996.998533 450.000000 5
1000.000000 450.000000 4
1000.000000 451.000000 4
1000.000000 452.000000 4
1000.000000 453.000000 4
1000.000000 454.000000 4
1000.000000 455.000000 4
1000.000000 456.000000 4
1000.000000 457.000000 4
1000.000000 458.000000 4
1000.000000 461.000000 4
1000.000000 462.000000 4
1000.000000 463.000000 4
1000.000000 464.000000 4
1000.000000 465.000000 4
1000.000000 466.000000 4
1000.000000 467.000000 4
1000.000000 469.000000 4
1000.000000 470.000000 4
1000.000000 471.000000 4
1000.000000 473.000000 4
1000.000000 474.000000 4
1000.000000 476.000000 4
1000.000000 477.000000 4
1000.000000 478.000000 4
1000.000000 479.000000 4
1000.000000 480.000000 4
1000.000000 481.000000 4
1000.000000 482.000000 4
1000.000000 483.000000 4
1000.000000 485.000000 4
1000.000000 487.000000 4
1000.000000 488.000000 4
1000.000000 489.000000 4
1000.000000 490.000000 4
1000.000000 491.000000 4
1000.000000 492.000000 4
1000.000000 493.000000 4
1000.000000 494.000000 4
1000.000000 495.000000 4
1000.000000 496.000000 4
1000.000000 498.000000 4
1000.000000 499.000000 4
1000.000000 500.000000 4
1000.000000 501.000000 4
1000.000000 502.000000 4
1000.000000 504.000000 4
1000.000000 505.000000 4
1000.000000 506.000000 4
1000.000000 507.000000 4
1000.000000 508.000000 4
1000.000000 509.000000 4
1000.000000 510.000000 4
1000.000000 511.000000 4
1000.000000 513.000000 4
1000.000000 515.000000 4
1000.000000 516.000000 4
1000.000000 517.000000 4
1000.000000 518.000000 4
1000.000000 519.000000 4
1000.000000 520.000000 4
1000.000000 521.000000 4
1000.000000 522.000000 4
1000.000000 523.000000 4
1000.000000 524.000000 4
1000.000000 525.000000 4
1000.000000 526.000000 4
1000.000000 527.000000 4
1000.000000 528.000000 4
1000.000000 529.000000 4
1000.000000 530.000000 4
1000.000000 532.000000 4
1000.000000 533.000000 4
1000.000000 534.000000 4
1000.000000 535.000000 4
1000.000000 536.000000 4
1000.000000 538.000000 4
1000.000000 540.000000 4
1000.000000 541.000000 4
1000.000000 543.000000 4
1000.000000 544.000000 4
1000.000000 546.000000 4
1000.000000 547.000000 4
1000.000000 548.000000 4
1000.000000 549.000000 4
997.994710 550.000000 3
996.992065 550.000000 3
993.984131 550.000000 3
992.981486 550.000000 3
991.978841 550.000000 3
986.965617 550.000000 3
984.960327 550.000000 3
980.949748 550.000000 3
979.947103 550.000000 3
977.941813 550.000000 3
976.939168 550.000000 3
975.936523 550.000000 3
974.933879 550.000000 3
973.931234 550.000000 3
972.928589 550.000000 3
971.925944 550.000000 3
970.923299 550.000000 3
966.912720 550.000000 3
964.907430 550.000000 3
961.899495 550.000000 3
958.891561 550.000000 3
957.888916 550.000000 3
955.883626 550.000000 3
952.875692 550.000000 3
951.873047 550.000000 3
950.870402 550.000000 3
949.867757 550.000000 3
948.865112 550.000000 3
947.862467 550.000000 3
946.859823 550.000000 3
945.857178 550.000000 3
939.841309 550.000000 3
936.833374 550.000000 3
935.830729 550.000000 3
934.828084 550.000000 3
933.825439 550.000000 3
930.817505 550.000000 3
927.809570 550.000000 3
926.806925 550.000000 3
924.801636 550.000000 3
923.798991 550.000000 3
921.793701 550.000000 3
920.791056 550.000000 3
914.775187 550.000000 3
912.769897 550.000000 3
908.759318 550.000000 3
906.754028 550.000000 3
904.748738 550.000000 3
898.732869 550.000000 3
895.724935 550.000000 3
891.714355 550.000000 3
889.709066 550.000000 3
888.706421 550.000000 3
885.698486 550.000000 3
882.690552 550.000000 3
878.679972 550.000000 3
876.674682 550.000000 3
873.666748 550.000000 3
871.661458 550.000000 3
870.658813 550.000000 3
865.645589 550.000000 3
862.637654 550.000000 3
861.635010 550.000000 3
858.627075 550.000000 3
856.621785 550.000000 3
851.608561 550.000000 3
849.603271 550.000000 3
846.595337 550.000000 3
843.587402 550.000000 3
841.582112 550.000000 3
840.579468 550.000000 3
837.571533 550.000000 3
836.568888 550.000000 3
834.563598 550.000000 3
833.560954 550.000000 3
832.558309 550.000000 3
831.555664 550.000000 3
829.550374 550.000000 3
820.526570 550.000000 3
819.523926 550.000000 3
818.521281 550.000000 3
816.515991 550.000000 3
815.513346 550.000000 3
814.510701 550.000000 3
813.508056 550.000000 3
812.505412 550.000000 3
810.500122 550.000000 3
809.497477 550.000000 3
805.486898 550.000000 3
804.484253 550.000000 3
801.476318 550.000000 3
796.463094 550.000000 3
792.452514 550.000000 3
791.449870 550.000000 3
789.444580 550.000000 3
787.439290 550.000000 3
785.434000 550.000000 3
784.431356 550.000000 3
783.428711 550.000000 3
781.423421 550.000000 3
777.412841 550.000000 3
775.407552 550.000000 3
771.396972 550.000000 3
770.394327 550.000000 3
768.389038 550.000000 3
767.386393 550.000000 3
763.375813 550.000000 3
762.373169 550.000000 3
761.370524 550.000000 3
759.365234 550.000000 3
758.362589 550.000000 3
757.359944 550.000000 3
752.346720 550.000000 3
750.341430 550.000000 3
749.338785 550.000000 3
748.336141 550.000000 3
746.330851 550.000000 3
744.325561 550.000000 3
742.320271 550.000000 3
740.314982 550.000000 3
739.312337 550.000000 3
737.307047 550.000000 3
735.301757 550.000000 3
732.293823 550.000000 3
731.291178 550.000000 3
728.283243 550.000000 3
726.277954 550.000000 3
725.275309 550.000000 3
722.267374 550.000000 3
720.262085 550.000000 3
719.259440 550.000000 3
717.254150 550.000000 3
716.251505 550.000000 3
714.246215 550.000000 3
711.238281 550.000000 3
710.235636 550.000000 3
709.232991 550.000000 3
706.225057 550.000000 3
703.217122 550.000000 3
699.206543 550.000000 3
697.201253 550.000000 3
694.193318 550.000000 3
693.190673 550.000000 3
692.188029 550.000000 3
689.180094 550.000000 3
688.177449 550.000000 3
686.172159 550.000000 3
685.169515 550.000000 3
684.166870 550.000000 3
682.161580 550.000000 3
681.158935 550.000000 3
679.153645 550.000000 3
678.151001 550.000000 3
675.143066 550.000000 3
672.135131 550.000000 3
671.132487 550.000000 3
671.132487 550.000000 2
670.131392 548.266053 2
668.129202 544.798158 2
667.628654 543.931185 2
667.128107 543.064211 2
666.627559 542.197237 2
665.125917 539.596316 2
664.625369 538.729343 2
664.124822 537.862369 2
663.624275 536.995395 2
663.123727 536.128422 2
662.122632 534.394474 2
661.622085 533.527501 2
661.121537 532.660527 2
660.120442 530.926580 2
659.119347 529.192633 2
658.618800 528.325659 2
658.118252 527.458685 2
657.117158 525.724738 2
656.616610 524.857764 2
656.116063 523.990791 2
655.114968 522.256843 2
654.614420 521.389870 2
653.613325 519.655923 2
652.612230 517.921975 2
652.111683 517.055002 2
650.610040 514.454081 2
648.107303 510.119213 2
647.606756 509.252239 2
647.106208 508.385265 2
645.104018 504.917371 2
642.601281 500.582502 2
642.100734 499.715529 2
641.099639 497.981582 2
640.599091 497.114608 2
639.597996 495.380661 2
638.096354 492.779740 2
637.595806 491.912766 2
637.095259 491.045792 2
636.094164 489.311845 2
635.093069 487.577898 2
634.592522 486.710924 2
632.590332 483.243030 2
630.588142 479.775135 2
630.087594 478.908161 2
629.086499 477.174214 2
628.585952 476.307241 2
627.584857 474.573293 2
627.084310 473.706320 2
626.583762 472.839346 2
625.582667 471.105399 2
625.082120 470.238425 2
624.581572 469.371451 2
624.081025 468.504478 2
623.580477 467.637504 2
623.079930 466.770530 2
622.579382 465.903557 2
621.077740 463.302636 2
620.577193 462.435662 2
620.076645 461.568689 2
619.576098 460.701715 2
618.074455 458.100794 2
617.573908 457.233820 2
616.572813 455.499873 2
615.071170 452.898952 2
613.569528 450.298031 2
611.567338 446.830137 2
609.565148 443.362242 2
609.064601 442.495269 2
608.564053 441.628295 2
608.063506 440.761321 2
606.561864 438.160400 2
606.061316 437.293427 2
605.560769 436.426453 2
605.060221 435.559479 2
604.559674 434.692506 2
602.557484 431.224611 2
602.056936 430.357638 2
601.055841 428.623690 2
599.554199 426.022769 2
599.053652 425.155796 2
598.052557 423.421848 2
597.552009 422.554875 2
597.051462 421.687901 2
596.050367 419.953954 2
595.549819 419.086980 2
592.546535 413.885138 2
592.045987 413.018165 2
590.043797 409.550270 2
589.543250 408.683297 2
589.042702 407.816323 2
588.041607 406.082376 2
587.541060 405.215402 2
587.040512 404.348428 2
586.039417 402.614481 2
585.038323 400.880534 2
584.537775 400.013560 2
584.037228 399.146586 2
582.035038 395.678692 2
581.534490 394.811718 2
581.033943 393.944745 2
580.533395 393.077771 2
580.032848 392.210797 2
579.532300 391.343824 2
578.030658 388.742903 2
577.530111 387.875929 2
577.029563 387.008955 2
576.529016 386.141982 2
576.028468 385.275008 2
575.527921 384.408035 2
575.027373 383.541061 2
574.526826 382.674087 2
574.026278 381.807114 2
573.525731 380.940140 2
572.024088 378.339219 2
571.022994 376.605272 2
570.522446 375.738298 2
569.521351 374.004351 2
569.020804 373.137377 2
568.520256 372.270404 2
568.019709 371.403430 2
567.519161 370.536456 2
566.518066 368.802509 2
566.017519 367.935535 2
565.516971 367.068562 2
565.016424 366.201588 2
564.515876 365.334614 2
563.514782 363.600667 2
563.014234 362.733694 2
562.513687 361.866720 2
562.013139 360.999746 2
560.511497 358.398825 2
560.010949 357.531852 2
559.510402 356.664878 2
558.509307 354.930931 2
558.008759 354.063957 2
557.508212 353.196983 2
557.007665 352.330010 2
556.507117 351.463036 2
556.006570 350.596063 2
555.506022 349.729089 2
555.005475 348.862115 2
554.504927 347.995142 2
554.004380 347.128168 2
553.503832 346.261194 2
551.501642 342.793300 2
550.500547 341.059353 2
550.000000 340.192379 1
549.499453 341.059353 1
544.994525 348.862115 1
544.493978 349.729089 1
543.492883 351.463036 1
542.992335 352.330010 1
542.491788 353.196983 1
541.991241 354.063957 1
540.990146 355.797904 1
540.489598 356.664878 1
539.488503 358.398825 1
538.987956 359.265799 1
538.487408 360.132773 1
537.986861 360.999746 1
536.985766 362.733694 1
533.481934 368.802509 1
532.981386 369.669483 1
531.479744 372.270404 1
530.979196 373.137377 1
530.478649 374.004351 1
527.975912 378.339219 1
526.974817 380.073166 1
525.973722 381.807114 1
525.473174 382.674087 1
524.472079 384.408035 1
523.470984 386.141982 1
522.970437 387.008955 1
521.468794 389.609876 1
518.966057 393.944745 1
517.964962 395.678692 1
517.464415 396.545666 1
516.963867 397.412639 1
516.463320 398.279613 1
515.462225 400.013560 1
514.961677 400.880534 1
514.461130 401.747507 1
513.960583 402.614481 1
512.959488 404.348428 1
510.957298 407.816323 1
510.456750 408.683297 1
509.956203 409.550270 1
508.955108 411.284217 1
506.952918 414.752112 1
506.452371 415.619086 1
505.451276 417.353033 1
504.950728 418.220007 1
503.949633 419.953954 1
501.947443 423.421848 1
500.946348 425.155796 1
498.443611 429.490664 1
496.941969 432.091585 1
495.440326 434.692506 1
494.439231 436.426453 1
493.938684 437.293427 1
493.438136 438.160400 1
492.937589 439.027374 1
490.935399 442.495269 1
489.934304 444.229216 1
489.433757 445.096189 1
488.933209 445.963163 1
488.432662 446.830137 1
485.929924 451.165005 1
484.928830 452.898952 1
482.426092 457.233820 1
481.925545 458.100794 1
481.424997 458.967768 1
480.924450 459.834741 1
479.923355 461.568689 1
477.420618 465.903557 1
474.917880 470.238425 1
474.417333 471.105399 1
472.915690 473.706320 1
470.412953 478.041188 1
469.411858 479.775135 1
468.911311 480.642109 1
468.410763 481.509082 1
466.408573 484.976977 1
465.407478 486.710924 1
463.905836 489.311845 1
461.403099 493.646713 1
460.402004 495.380661 1
459.901456 496.247634 1
459.400909 497.114608 1
457.899266 499.715529 1
456.898172 501.449476 1
456.397624 502.316450 1
455.897077 503.183423 1
455.396529 504.050397 1
454.895982 504.917371 1
454.395434 505.784344 1
453.894887 506.651318 1
452.393244 509.252239 1
450.391054 512.720133 1
448.889412 515.321054 1
446.887222 518.788949 1
446.386675 519.655923 1
445.886127 520.522896 1
445.385580 521.389870 1
444.885032 522.256843 1
443.883937 523.990791 1
442.882842 525.724738 1
442.382295 526.591712 1
441.381200 528.325659 1
440.880653 529.192633 1
440.380105 530.059606 1
439.879558 530.926580 1
438.377915 533.527501 1
437.877368 534.394474 1
437.376820 535.261448 1
436.375725 536.995395 1
435.875178 537.862369 1
434.874083 539.596316 1
433.872988 541.330264 1
432.371346 543.931185 1
431.870798 544.798158 1
431.370251 545.665132 1
430.869703 546.532105 1
430.369156 547.399079 1
429.368061 549.133026 1
428.867513 550.000000 0
427.864869 550.000000 0
424.856934 550.000000 0
422.851644 550.000000 0
419.843710 550.000000 0
417.838420 550.000000 0
416.835775 550.000000 0
415.833130 550.000000 0
412.825196 550.000000 0
411.822551 550.000000 0
408.814616 550.000000 0
405.806682 550.000000 0
403.801392 550.000000 0
402.798747 550.000000 0
401.796102 550.000000 0
400.793457 550.000000 0
398.788168 550.000000 0
397.785523 550.000000 0
396.782878 550.000000 0
392.772299 550.000000 0
390.767009 550.000000 0
389.764364 550.000000 0
387.759074 550.000000 0
386.756429 550.000000 0
384.751140 550.000000 0
382.745850 550.000000 0
381.743205 550.000000 0
380.740560 550.000000 0
379.737915 550.000000 0
377.732626 550.000000 0
373.722046 550.000000 0
371.716757 550.000000 0
370.714112 550.000000 0
369.711467 550.000000 0
367.706177 550.000000 0
366.703532 550.000000 0
361.690308 550.000000 0
358.682373 550.000000 0
357.679729 550.000000 0
355.674439 550.000000 0
354.671794 550.000000 0
350.661215 550.000000 0
345.647990 550.000000 0
344.645345 550.000000 0
342.640056 550.000000 0
341.637411 550.000000 0
340.634766 550.000000 0
338.629476 550.000000 0
337.626831 550.000000 0
336.624187 550.000000 0
334.618897 550.000000 0
330.608317 550.000000 0
328.603028 550.000000 0
327.600383 550.000000 0
324.592448 550.000000 0
320.581869 550.000000 0
318.576579 550.000000 0
312.560710 550.000000 0
311.558065 550.000000 0
309.552775 550.000000 0
304.539551 550.000000 0
303.536906 550.000000 0
302.534261 550.000000 0
299.526327 550.000000 0
295.515747 550.000000 0
294.513102 550.000000 0
293.510458 550.000000 0
292.507813 550.000000 0
289.499878 550.000000 0
288.497233 550.000000 0
285.489299 550.000000 0
284.486654 550.000000 0
282.481364 550.000000 0
280.476074 550.000000 0
278.470785 550.000000 0
277.468140 550.000000 0
274.460205 550.000000 0
271.452271 550.000000 0
270.449626 550.000000 0
269.446981 550.000000 0
268.444336 550.000000 0
266.439046 550.000000 0
265.436402 550.000000 0
263.431112 550.000000 0
262.428467 550.000000 0
261.425822 550.000000 0
260.423177 550.000000 0
258.417888 550.000000 0
257.415243 550.000000 0
256.412598 550.000000 0
255.409953 550.000000 0
252.402018 550.000000 0
250.396729 550.000000 0
247.388794 550.000000 0
244.380860 550.000000 0
242.375570 550.000000 0
241.372925 550.000000 0
240.370280 550.000000 0
238.364990 550.000000 0
233.351766 550.000000 0
230.343832 550.000000 0
227.335897 550.000000 0
226.333252 550.000000 0
225.330607 550.000000 0
222.322673 550.000000 0
217.309448 550.000000 0
216.306804 550.000000 0
213.298869 550.000000 0
210.290934 550.000000 0
208.285645 550.000000 0
207.283000 550.000000 0
206.280355 550.000000 0
203.272420 550.000000 0
202.269776 550.000000 0
200.264486 550.000000 0
198.259196 550.000000 0
196.253906 550.000000 0
193.245972 550.000000 0
192.243327 550.000000 0
186.227458 550.000000 0
184.222168 550.000000 0
183.219523 550.000000 0
182.216878 550.000000 0
181.214234 550.000000 0
180.211589 550.000000 0
177.203654 550.000000 0
176.201009 550.000000 0
175.198364 550.000000 0
173.193075 550.000000 0
167.177205 550.000000 0
165.171916 550.000000 0
158.153402 550.000000 0
156.148112 550.000000 0
155.145467 550.000000 0
151.134888 550.000000 0
150.132243 550.000000 0
149.129598 550.000000 0
145.119019 550.000000 0
140.105794 550.000000 0
133.087280 550.000000 0
131.081991 550.000000 0
129.076701 550.000000 0
124.063477 550.000000 0
123.060832 550.000000 0
121.055542 550.000000 0
120.052897 550.000000 0
118.047607 550.000000 0
115.039673 550.000000 0
114.037028 550.000000 0
112.031738 550.000000 0
111.029093 550.000000 0
110.026449 550.000000 0
107.018514 550.000000 0
106.015869 550.000000 0
103.007935 550.000000 0
101.002645 550.000000 0
