1480
101.000489 450.000000 20
102.000978 450.000000 20
103.001467 450.000000 20
110.004889 450.000000 20
116.007822 450.000000 20
118.008800 450.000000 20
119.009289 450.000000 20
120.009778 450.000000 20
123.011244 450.000000 20
129.014178 450.000000 20
141.020044 450.000000 20
147.022977 450.000000 20
149.023955 450.000000 20
154.026400 450.000000 20
156.027377 450.000000 20
164.031288 450.000000 20
165.031777 450.000000 20
167.032755 450.000000 20
169.033733 450.000000 20
170.034222 450.000000 20
171.034711 450.000000 20
174.036177 450.000000 20
175.036666 450.000000 20
178.038133 450.000000 20
182.040088 450.000000 20
186.042044 450.000000 20
189.043510 450.000000 20
193.045466 450.000000 20
202.049866 450.000000 20
203.050355 450.000000 20
209.053288 450.000000 20
211.054266 450.000000 20
212.054755 450.000000 20
213.055244 450.000000 20
214.055733 450.000000 20
220.058666 450.000000 20
224.060621 450.000000 20
225.061110 450.000000 20
226.061599 450.000000 20
228.062577 450.000000 20
229.063066 450.000000 20
230.063555 450.000000 20
232.064532 450.000000 20
234.065510 450.000000 20
236.066488 450.000000 20
238.067466 450.000000 20
241.068932 450.000000 20
245.070888 450.000000 20
246.071377 450.000000 20
250.073332 450.000000 20
255.075777 450.000000 20
256.076266 450.000000 20
257.076754 450.000000 20
258.077243 450.000000 20
259.077732 450.000000 20
263.079688 450.000000 20
264.080177 450.000000 20
268.082132 450.000000 20
269.082621 450.000000 20
271.083599 450.000000 20
274.085065 450.000000 20
275.085554 450.000000 20
277.086532 450.000000 20
278.087021 450.000000 20
283.089465 450.000000 20
285.090443 450.000000 20
286.090932 450.000000 20
287.091421 450.000000 20
288.091910 450.000000 20
289.092399 450.000000 20
290.092888 450.000000 20
291.093376 450.000000 20
292.093865 450.000000 20
294.094843 450.000000 20
295.095332 450.000000 20
298.096799 450.000000 20
300.097776 450.000000 20
302.098754 450.000000 20
307.101199 450.000000 20
309.102176 450.000000 20
313.104132 450.000000 20
314.104621 450.000000 20
319.107065 450.000000 20
320.107554 450.000000 20
321.108043 450.000000 20
322.108532 450.000000 20
324.109510 450.000000 20
330.112443 450.000000 20
331.112932 450.000000 20
335.114887 450.000000 20
340.117332 450.000000 20
345.119776 450.000000 20
349.121732 450.000000 20
350.122220 450.000000 20
351.122709 450.000000 20
353.123687 450.000000 20
355.124665 450.000000 20
356.125154 450.000000 20
362.128087 450.000000 20
366.130043 450.000000 20
368.131020 450.000000 20
371.132487 450.000000 20
371.132487 450.000000 19
371.635641 449.128511 19
372.138796 448.257022 19
372.641950 447.385533 19
373.145105 446.514044 19
373.648259 445.642555 19
374.151414 444.771066 19
374.654568 443.899577 19
375.157722 443.028088 19
375.660877 442.156599 19
376.164031 441.285110 19
376.667186 440.413620 19
377.170340 439.542131 19
377.673495 438.670642 19
378.176649 437.799153 19
378.679803 436.927664 19
379.182958 436.056175 19
380.189267 434.313197 19
380.692421 433.441708 19
381.195576 432.570219 19
381.698730 431.698730 19
382.201884 430.827241 19
382.705039 429.955752 19
383.208193 429.084263 19
383.711348 428.212774 19
384.214502 427.341285 19
384.717657 426.469796 19
385.220811 425.598307 19
385.723965 424.726818 19
386.227120 423.855329 19
386.730274 422.983840 19
387.233429 422.112350 19
387.736583 421.240861 19
388.239738 420.369372 19
388.742892 419.497883 19
389.246046 418.626394 19
389.749201 417.754905 19
390.252355 416.883416 19
390.755510 416.011927 19
391.258664 415.140438 19
391.761819 414.268949 19
392.264973 413.397460 19
392.264973 413.397460 18
391.762632 412.527380 18
391.260291 411.657300 18
390.255610 409.917140 18
389.753269 409.047061 18
388.748587 407.306901 18
387.743905 405.566741 18
387.241565 404.696661 18
386.739224 403.826581 18
386.236883 402.956501 18
385.734542 402.086422 18
384.227519 399.476182 18
382.720497 396.865942 18
381.715815 395.125783 18
378.199429 389.035223 18
375.687725 384.684824 18
375.185384 383.814744 18
374.180703 382.074584 18
372.673680 379.464345 18
370.664317 375.984025 18
369.659635 374.243865 18
369.157294 373.373786 18
368.654953 372.503706 18
367.650271 370.763546 18
367.147931 369.893466 18
366.143249 368.153306 18
365.640908 367.283226 18
364.636226 365.543067 18
364.133886 364.672987 18
363.129204 362.932827 18
361.119840 359.452508 18
360.115159 357.712348 18
359.612818 356.842268 18
356.598773 351.621789 18
356.096432 350.751709 18
355.594091 349.881629 18
355.091750 349.011549 18
354.589409 348.141469 18
353.584728 346.401309 18
351.575364 342.920990 18
351.073024 342.050910 18
350.570683 341.180830 18
349.566001 339.440670 18
349.063660 338.570590 18
348.561319 337.700511 18
348.058978 336.830431 18
347.556638 335.960351 18
347.054297 335.090271 18
346.551956 334.220191 18
346.049615 333.350111 18
343.537911 328.999712 18
343.035570 328.129632 18
342.030888 326.389472 18
341.528547 325.519392 18
340.021525 322.909153 18
338.514502 320.298913 18
337.007480 317.688673 18
336.505139 316.818593 18
335.500457 315.078434 18
333.491094 311.598114 18
332.988753 310.728034 18
332.486412 309.857954 18
331.984071 308.987875 18
329.974708 305.507555 18
327.965345 302.027235 18
327.463004 301.157156 18
326.458322 299.416996 18
325.453640 297.676836 18
324.951299 296.806756 18
324.448959 295.936676 18
323.946618 295.066596 18
323.444277 294.196517 18
322.941936 293.326437 18
322.439595 292.456357 18
321.937254 291.586277 18
320.932573 289.846117 18
320.430232 288.976037 18
318.420868 285.495718 18
317.918528 284.625638 18
317.416187 283.755558 18
316.913846 282.885478 18
315.909164 281.145318 18
314.402142 278.535079 18
315.406823 276.794919 17
317.416187 276.794919 17
320.430232 276.794919 17
321.434914 276.794919 17
322.439595 276.794919 17
327.463004 276.794919 17
328.467686 276.794919 17
329.472367 276.794919 17
331.481731 276.794919 17
332.486412 276.794919 17
334.495776 276.794919 17
335.500457 276.794919 17
336.505139 276.794919 17
337.509821 276.794919 17
338.514503 276.794919 17
339.519184 276.794919 17
340.523866 276.794919 17
341.528548 276.794919 17
343.537911 276.794919 17
344.542593 276.794919 17
347.556638 276.794919 17
348.561320 276.794919 17
350.570683 276.794919 17
351.575365 276.794919 17
354.589410 276.794919 17
355.594091 276.794919 17
356.598773 276.794919 17
357.603455 276.794919 17
361.622182 276.794919 17
368.654954 276.794919 17
372.673680 276.794919 17
375.687725 276.794919 17
377.697089 276.794919 17
378.701771 276.794919 17
381.715816 276.794919 17
383.725179 276.794919 17
385.734542 276.794919 17
386.739224 276.794919 17
390.757951 276.794919 17
391.762633 276.794919 17
392.767314 276.794919 17
393.771996 276.794919 17
394.776678 276.794919 17
395.781359 276.794919 17
396.786041 276.794919 17
398.795405 276.794919 17
399.800086 276.794919 17
402.814131 276.794919 17
406.832858 276.794919 17
407.837540 276.794919 17
413.865630 276.794919 17
415.874993 276.794919 17
416.879675 276.794919 17
418.889039 276.794919 17
419.893720 276.794919 17
422.907765 276.794919 17
424.917129 276.794919 17
426.926492 276.794919 17
427.931174 276.794919 17
428.935856 276.794919 17
429.940537 276.794919 17
430.945219 276.794919 17
431.949901 276.794919 17
433.959264 276.794919 17
435.968627 276.794919 17
437.977991 276.794919 17
438.982673 276.794919 17
439.987354 276.794919 17
440.992036 276.794919 17
441.996718 276.794919 17
443.001399 276.794919 17
444.006081 276.794919 17
450.034171 276.794919 17
452.043535 276.794919 17
453.048216 276.794919 17
455.057580 276.794919 17
457.066943 276.794919 17
459.076307 276.794919 17
460.080988 276.794919 17
465.104397 276.794919 17
469.123124 276.794919 17
470.127805 276.794919 17
471.634828 275.924839 16
472.137169 275.054759 16
472.639510 274.184679 16
473.141850 273.314600 16
473.644191 272.444520 16
474.146532 271.574440 16
475.151214 269.834280 16
475.653555 268.964200 16
476.155895 268.094120 16
477.662918 265.483881 16
478.165259 264.613801 16
478.667600 263.743721 16
479.169941 262.873641 16
480.174622 261.133481 16
481.179304 259.393322 16
482.686326 256.783082 16
483.188667 255.913002 16
483.691008 255.042922 16
484.695690 253.302762 16
487.709735 248.082283 16
489.216757 245.472044 16
490.221439 243.731884 16
490.723780 242.861804 16
491.226121 241.991724 16
491.728462 241.121644 16
492.230803 240.251564 16
493.737825 237.641325 16
494.240166 236.771245 16
494.742507 235.901165 16
496.249529 233.290925 16
496.751870 232.420845 16
499.765915 227.200366 16
500.770597 225.460207 16
501.272938 224.590127 16
502.779960 221.979887 16
504.286983 219.369647 16
504.789324 218.499568 16
506.798687 215.019248 16
507.803369 213.279088 16
509.310391 210.668849 16
509.812732 209.798769 16
510.315073 208.928689 16
511.319755 207.188529 16
511.822096 206.318449 16
513.329118 203.708210 16
513.831459 202.838130 16
514.333800 201.968050 16
514.836141 201.097970 16
516.845504 197.617651 16
517.850186 195.877491 16
518.352527 195.007411 16
519.357208 193.267251 16
520.361890 191.527091 16
520.864231 190.657012 16
521.868913 188.916852 16
522.371253 188.046772 16
523.878276 185.436532 16
524.380617 184.566453 16
525.385298 182.826293 16
525.887639 181.956213 16
526.389980 181.086133 16
526.892321 180.216053 16
527.394662 179.345973 16
528.399344 177.605814 16
529.404025 175.865654 16
530.408707 174.125494 16
530.911048 173.255414 16
531.915730 171.515254 16
532.920411 169.775095 16
534.929775 166.294775 16
535.934456 164.554615 16
536.436797 163.684536 16
536.939138 162.814456 16
537.441479 161.944376 16
538.948501 159.334136 16
539.953183 157.593976 16
540.455524 156.723897 16
543.469569 151.503417 16
543.971910 150.633337 16
545.478932 148.023098 16
545.981273 147.153018 16
547.488296 144.542778 16
547.990637 143.672698 16
548.492977 142.802619 16
550.000000 140.192379 16
553.014045 145.412858 15
553.516386 146.282938 15
555.023408 148.893178 15
556.028090 150.633337 15
557.032772 152.373497 15
557.535113 153.243577 15
558.037454 154.113657 15
559.042135 155.853817 15
559.544476 156.723897 15
560.549158 158.464056 15
561.051499 159.334136 15
563.060862 162.814456 15
563.563203 163.684536 15
564.567885 165.424695 15
566.074907 168.034935 15
567.079589 169.775095 15
567.581930 170.645175 15
568.586611 172.385334 15
569.088952 173.255414 15
569.591293 174.125494 15
570.595975 175.865654 15
573.107679 180.216053 15
574.112361 181.956213 15
574.614702 182.826293 15
575.117042 183.696373 15
576.121724 185.436532 15
577.126406 187.176692 15
579.135769 190.657012 15
581.145133 194.137331 15
582.652155 196.747571 15
583.154496 197.617651 15
583.656837 198.487730 15
584.159178 199.357810 15
584.661518 200.227890 15
585.666200 201.968050 15
586.168541 202.838130 15
587.675564 205.448369 15
588.680245 207.188529 15
589.684927 208.928689 15
590.187268 209.798769 15
593.703654 215.889328 15
594.708335 217.629488 15
595.210676 218.499568 15
596.215358 220.239727 15
597.220040 221.979887 15
597.722380 222.849967 15
598.224721 223.720047 15
598.727062 224.590127 15
599.731744 226.330286 15
601.741107 229.810606 15
602.243448 230.680686 15
602.745789 231.550766 15
603.248130 232.420845 15
604.252811 234.161005 15
604.755152 235.031085 15
606.262175 237.641325 15
607.266857 239.381484 15
607.769197 240.251564 15
608.271538 241.121644 15
609.276220 242.861804 15
610.280902 244.601964 15
610.783243 245.472044 15
611.285583 246.342123 15
612.290265 248.082283 15
612.792606 248.952363 15
613.294947 249.822443 15
613.797288 250.692523 15
614.299628 251.562603 15
615.304310 253.302762 15
616.308992 255.042922 15
617.313674 256.783082 15
617.816014 257.653162 15
618.318355 258.523242 15
619.323037 260.263401 15
619.825378 261.133481 15
620.327719 262.003561 15
620.830059 262.873641 15
622.839423 266.353961 15
623.341764 267.224040 15
624.346445 268.964200 15
624.848786 269.834280 15
625.351127 270.704360 15
628.867513 276.794919 14
630.876876 276.794919 14
632.886240 276.794919 14
637.909648 276.794919 14
640.923693 276.794919 14
641.928375 276.794919 14
644.942420 276.794919 14
647.956465 276.794919 14
648.961147 276.794919 14
649.965829 276.794919 14
651.975192 276.794919 14
652.979874 276.794919 14
654.989237 276.794919 14
656.998601 276.794919 14
658.003282 276.794919 14
659.007964 276.794919 14
661.017327 276.794919 14
664.031373 276.794919 14
665.036054 276.794919 14
668.050099 276.794919 14
669.054781 276.794919 14
671.064144 276.794919 14
673.073508 276.794919 14
674.078190 276.794919 14
678.096916 276.794919 14
679.101598 276.794919 14
680.106280 276.794919 14
682.115643 276.794919 14
683.120325 276.794919 14
687.139052 276.794919 14
689.148415 276.794919 14
690.153097 276.794919 14
691.157778 276.794919 14
694.171824 276.794919 14
695.176505 276.794919 14
696.181187 276.794919 14
697.185869 276.794919 14
700.199914 276.794919 14
702.209277 276.794919 14
704.218641 276.794919 14
705.223322 276.794919 14
707.232686 276.794919 14
708.237367 276.794919 14
709.242049 276.794919 14
711.251412 276.794919 14
712.256094 276.794919 14
713.260776 276.794919 14
714.265458 276.794919 14
715.270139 276.794919 14
718.284184 276.794919 14
720.293548 276.794919 14
722.302911 276.794919 14
723.307593 276.794919 14
724.312275 276.794919 14
730.340365 276.794919 14
732.349728 276.794919 14
734.359092 276.794919 14
735.363773 276.794919 14
738.377818 276.794919 14
739.382500 276.794919 14
741.391863 276.794919 14
742.396545 276.794919 14
743.401227 276.794919 14
744.405909 276.794919 14
745.410590 276.794919 14
748.424635 276.794919 14
751.438680 276.794919 14
753.448044 276.794919 14
755.457407 276.794919 14
756.462089 276.794919 14
757.466771 276.794919 14
760.480816 276.794919 14
762.490179 276.794919 14
764.499543 276.794919 14
765.504224 276.794919 14
766.508906 276.794919 14
767.513588 276.794919 14
768.518269 276.794919 14
771.532314 276.794919 14
772.536996 276.794919 14
774.546360 276.794919 14
776.555723 276.794919 14
778.565086 276.794919 14
780.574450 276.794919 14
781.579131 276.794919 14
782.583813 276.794919 14
784.593177 276.794919 14
785.597858 276.794919 14
786.602540 276.794919 13
786.100199 277.664999 13
785.597858 278.535079 13
785.095517 279.405159 13
783.086154 282.885478 13
779.569768 288.976037 13
779.067427 289.846117 13
778.565086 290.716197 13
778.062746 291.586277 13
777.560405 292.456357 13
776.053382 295.066596 13
774.546360 297.676836 13
773.541678 299.416996 13
773.039337 300.287076 13
772.536996 301.157156 13
772.034655 302.027235 13
769.020610 307.247715 13
768.518270 308.117795 13
767.011247 310.728034 13
766.508906 311.598114 13
763.997202 315.948514 13
763.494861 316.818593 13
762.490179 318.558753 13
761.987838 319.428833 13
760.983157 321.168993 13
760.480816 322.039073 13
757.969112 326.389472 13
756.964430 328.129632 13
756.462089 328.999712 13
755.959748 329.869792 13
755.457407 330.739871 13
754.452726 332.480031 13
752.945703 335.090271 13
751.438681 337.700511 13
750.936340 338.570590 13
750.433999 339.440670 13
749.429317 341.180830 13
748.926976 342.050910 13
748.424636 342.920990 13
747.922295 343.791070 13
746.917613 345.531229 13
745.410591 348.141469 13
744.908250 349.011549 13
744.405909 349.881629 13
743.903568 350.751709 13
742.898886 352.491868 13
739.884841 357.712348 13
739.382500 358.582428 13
738.880160 359.452508 13
737.875478 361.192667 13
737.373137 362.062747 13
736.368455 363.802907 13
733.856751 368.153306 13
733.354410 369.023386 13
732.852069 369.893466 13
732.349729 370.763546 13
731.847388 371.633626 13
729.838024 375.113945 13
726.321638 381.204504 13
724.814616 383.814744 13
723.307593 386.424984 13
722.805252 387.295064 13
722.302912 388.165144 13
721.298230 389.905303 13
720.293548 391.645463 13
719.791207 392.515543 13
719.288866 393.385623 13
718.786526 394.255703 13
718.284185 395.125783 13
717.279503 396.865942 13
716.777162 397.736022 13
716.274821 398.606102 13
715.270140 400.346262 13
714.767799 401.216342 13
714.265458 402.086422 13
713.260776 403.826581 13
712.758435 404.696661 13
710.749072 408.176981 13
710.246731 409.047061 13
708.739709 411.657300 13
707.735027 413.397460 12
708.238181 414.268949 12
708.741336 415.140438 12
709.244490 416.011927 12
709.747645 416.883416 12
710.250799 417.754905 12
710.753954 418.626394 12
711.257108 419.497883 12
711.760262 420.369372 12
712.263417 421.240861 12
712.766571 422.112350 12
713.269726 422.983840 12
713.772880 423.855329 12
714.276035 424.726818 12
714.779189 425.598307 12
715.282343 426.469796 12
715.785498 427.341285 12
716.288652 428.212774 12
716.791807 429.084263 12
717.294961 429.955752 12
717.798116 430.827241 12
718.804424 432.570219 12
719.810733 434.313197 12
720.313888 435.184686 12
720.817042 436.056175 12
721.320197 436.927664 12
721.823351 437.799153 12
722.326505 438.670642 12
722.829660 439.542131 12
723.332814 440.413620 12
723.835969 441.285110 12
724.339123 442.156599 12
725.848586 444.771066 12
726.351741 445.642555 12
726.854895 446.514044 12
727.358050 447.385533 12
728.364359 449.128511 12
728.867513 450.000000 12
729.868002 450.000000 11
730.868491 450.000000 11
736.871424 450.000000 11
739.872891 450.000000 11
740.873380 450.000000 11
742.874357 450.000000 11
743.874846 450.000000 11
746.876313 450.000000 11
747.876802 450.000000 11
750.878268 450.000000 11
755.880713 450.000000 11
759.882668 450.000000 11
761.883646 450.000000 11
763.884624 450.000000 11
770.888046 450.000000 11
773.889513 450.000000 11
777.891468 450.000000 11
782.893913 450.000000 11
784.894890 450.000000 11
785.895379 450.000000 11
786.895868 450.000000 11
788.896846 450.000000 11
790.897824 450.000000 11
797.901246 450.000000 11
798.901735 450.000000 11
802.903690 450.000000 11
806.905646 450.000000 11
808.906624 450.000000 11
810.907601 450.000000 11
811.908090 450.000000 11
814.909557 450.000000 11
815.910046 450.000000 11
816.910535 450.000000 11
818.911512 450.000000 11
820.912490 450.000000 11
821.912979 450.000000 11
823.913957 450.000000 11
825.914935 450.000000 11
830.917379 450.000000 11
832.918357 450.000000 11
833.918846 450.000000 11
835.919823 450.000000 11
836.920312 450.000000 11
838.921290 450.000000 11
839.921779 450.000000 11
840.922268 450.000000 11
842.923246 450.000000 11
843.923734 450.000000 11
845.924712 450.000000 11
847.925690 450.000000 11
848.926179 450.000000 11
851.927645 450.000000 11
853.928623 450.000000 11
854.929112 450.000000 11
856.930090 450.000000 11
857.930579 450.000000 11
858.931068 450.000000 11
864.934001 450.000000 11
867.935468 450.000000 11
874.938890 450.000000 11
875.939379 450.000000 11
881.942312 450.000000 11
885.944267 450.000000 11
889.946223 450.000000 11
893.948179 450.000000 11
897.950134 450.000000 11
898.950623 450.000000 11
900.951601 450.000000 11
901.952090 450.000000 11
904.953556 450.000000 11
909.956001 450.000000 11
910.956490 450.000000 11
916.959423 450.000000 11
919.960889 450.000000 11
924.963334 450.000000 11
926.964312 450.000000 11
931.966756 450.000000 11
932.967245 450.000000 11
936.969200 450.000000 11
942.972134 450.000000 11
944.973111 450.000000 11
947.974578 450.000000 11
948.975067 450.000000 11
952.977023 450.000000 11
954.978000 450.000000 11
957.979467 450.000000 11
963.982400 450.000000 11
965.983378 450.000000 11
966.983867 450.000000 11
969.985334 450.000000 11
971.986311 450.000000 11
972.986800 450.000000 11
973.987289 450.000000 11
975.988267 450.000000 11
977.989245 450.000000 11
978.989733 450.000000 11
982.991689 450.000000 11
985.993156 450.000000 11
988.994622 450.000000 11
990.995600 450.000000 11
991.996089 450.000000 11
995.998044 450.000000 11
998.999511 450.000000 11
1000.000000 450.000000 10
1000.000000 451.000000 10
1000.000000 452.000000 10
1000.000000 453.000000 10
1000.000000 456.000000 10
1000.000000 457.000000 10
1000.000000 459.000000 10
1000.000000 461.000000 10
1000.000000 462.000000 10
1000.000000 464.000000 10
1000.000000 466.000000 10
1000.000000 467.000000 10
1000.000000 468.000000 10
1000.000000 469.000000 10
1000.000000 470.000000 10
1000.000000 471.000000 10
1000.000000 472.000000 10
1000.000000 476.000000 10
1000.000000 477.000000 10
1000.000000 478.000000 10
1000.000000 481.000000 10
1000.000000 482.000000 10
1000.000000 485.000000 10
1000.000000 487.000000 10
1000.000000 488.000000 10
1000.000000 489.000000 10
1000.000000 493.000000 10
1000.000000 494.000000 10
1000.000000 495.000000 10
1000.000000 496.000000 10
1000.000000 498.000000 10
1000.000000 499.000000 10
1000.000000 501.000000 10
1000.000000 502.000000 10
1000.000000 503.000000 10
1000.000000 504.000000 10
1000.000000 507.000000 10
1000.000000 508.000000 10
1000.000000 509.000000 10
1000.000000 510.000000 10
1000.000000 512.000000 10
1000.000000 513.000000 10
1000.000000 514.000000 10
1000.000000 515.000000 10
1000.000000 516.000000 10
1000.000000 518.000000 10
1000.000000 520.000000 10
1000.000000 521.000000 10
1000.000000 522.000000 10
1000.000000 523.000000 10
1000.000000 525.000000 10
1000.000000 526.000000 10
1000.000000 527.000000 10
1000.000000 528.000000 10
1000.000000 529.000000 10
1000.000000 532.000000 10
1000.000000 534.000000 10
1000.000000 536.000000 10
1000.000000 537.000000 10
1000.000000 538.000000 10
1000.000000 539.000000 10
1000.000000 541.000000 10
1000.000000 544.000000 10
1000.000000 546.000000 10
1000.000000 547.000000 10
1000.000000 548.000000 10
1000.000000 549.000000 10
1000.000000 550.000000 10
995.989421 550.000000 9
992.981486 550.000000 9
987.968262 550.000000 9
985.962972 550.000000 9
984.960327 550.000000 9
981.952393 550.000000 9
972.928589 550.000000 9
971.925944 550.000000 9
969.920654 550.000000 9
968.918009 550.000000 9
959.894206 550.000000 9
956.886271 550.000000 9
953.878337 550.000000 9
952.875692 550.000000 9
950.870402 550.000000 9
947.862467 550.000000 9
943.851888 550.000000 9
942.849243 550.000000 9
940.843953 550.000000 9
939.841309 550.000000 9
926.806925 550.000000 9
924.801636 550.000000 9
920.791056 550.000000 9
919.788411 550.000000 9
918.785767 550.000000 9
916.780477 550.000000 9
907.756673 550.000000 9
905.751383 550.000000 9
904.748739 550.000000 9
899.735514 550.000000 9
893.719645 550.000000 9
892.717000 550.000000 9
887.703776 550.000000 9
882.690552 550.000000 9
879.682617 550.000000 9
870.658813 550.000000 9
868.653524 550.000000 9
867.650879 550.000000 9
865.645589 550.000000 9
864.642944 550.000000 9
861.635010 550.000000 9
855.619141 550.000000 9
854.616496 550.000000 9
853.613851 550.000000 9
852.611206 550.000000 9
844.590047 550.000000 9
841.582113 550.000000 9
840.579468 550.000000 9
836.568888 550.000000 9
834.563599 550.000000 9
823.534505 550.000000 9
817.518636 550.000000 9
813.508057 550.000000 9
812.505412 550.000000 9
808.494832 550.000000 9
807.492188 550.000000 9
797.465739 550.000000 9
795.460449 550.000000 9
793.455160 550.000000 9
790.447225 550.000000 9
786.436646 550.000000 9
785.434001 550.000000 9
781.423421 550.000000 9
780.420776 550.000000 9
776.410197 550.000000 9
774.404907 550.000000 9
771.396973 550.000000 9
770.394328 550.000000 9
769.391683 550.000000 9
767.386393 550.000000 9
766.383748 550.000000 9
764.378459 550.000000 9
757.359945 550.000000 9
752.346720 550.000000 9
746.330851 550.000000 9
740.314982 550.000000 9
736.304403 550.000000 9
730.288534 550.000000 9
725.275309 550.000000 9
718.256795 550.000000 9
715.248861 550.000000 9
712.240926 550.000000 9
708.230347 550.000000 9
707.227702 550.000000 9
702.214478 550.000000 9
699.206543 550.000000 9
697.201253 550.000000 9
694.193319 550.000000 9
693.190674 550.000000 9
692.188029 550.000000 9
690.182739 550.000000 9
689.180094 550.000000 9
688.177450 550.000000 9
687.174805 550.000000 9
686.172160 550.000000 9
684.166870 550.000000 9
682.161580 550.000000 9
677.148356 550.000000 9
675.143066 550.000000 9
673.137777 550.000000 9
670.630146 549.129920 8
670.127805 548.259840 8
668.620783 545.649601 8
668.118442 544.779521 8
667.616101 543.909441 8
666.611419 542.169281 8
666.109078 541.299201 8
665.606738 540.429121 8
663.597374 536.948802 8
663.095033 536.078722 8
662.592692 535.208642 8
662.090352 534.338562 8
660.080988 530.858243 8
659.578647 529.988163 8
659.076307 529.118083 8
658.071625 527.377923 8
657.066943 525.637764 8
656.564602 524.767684 8
656.062261 523.897604 8
655.057580 522.157444 8
654.555239 521.287364 8
653.550557 519.547204 8
653.048216 518.677125 8
652.043535 516.936965 8
651.541194 516.066885 8
651.038853 515.196805 8
650.034171 513.456645 8
648.527149 510.846406 8
648.024808 509.976326 8
647.522467 509.106246 8
646.517785 507.366086 8
646.015444 506.496006 8
645.010763 504.755847 8
644.508422 503.885767 8
644.006081 503.015687 8
643.001399 501.275527 8
642.499058 500.405447 8
639.987354 496.055048 8
638.982672 494.314888 8
637.475650 491.704649 8
636.973309 490.834569 8
636.470968 489.964489 8
634.963946 487.354249 8
634.461605 486.484169 8
632.954582 483.873930 8
632.452241 483.003850 8
630.945219 480.393610 8
625.921810 471.692811 8
625.419469 470.822732 8
624.917128 469.952652 8
624.414788 469.082572 8
622.405424 465.602252 8
621.903083 464.732172 8
621.400743 463.862093 8
620.898402 462.992013 8
620.396061 462.121933 8
619.893720 461.251853 8
617.884357 457.771534 8
616.377334 455.161294 8
615.372652 453.421134 8
614.367971 451.680974 8
613.865630 450.810895 8
612.860948 449.070735 8
611.353925 446.460495 8
610.851585 445.590415 8
606.832858 438.629776 8
606.330517 437.759696 8
605.828176 436.889617 8
604.321153 434.279377 8
603.316472 432.539217 8
602.814131 431.669137 8
602.311790 430.799057 8
601.809449 429.928978 8
601.307108 429.058898 8
600.302427 427.318738 8
599.800086 426.448658 8
599.297745 425.578578 8
598.293063 423.838418 8
597.790722 422.968339 8
595.279018 418.617939 8
594.274336 416.877779 8
593.771996 416.007700 8
593.269655 415.137620 8
592.767314 414.267540 8
592.264973 413.397460 8
592.264973 413.397460 7
592.768127 412.525971 7
593.271282 411.654482 7
593.774436 410.782993 7
594.277591 409.911504 7
594.780745 409.040015 7
595.283900 408.168526 7
595.787054 407.297036 7
596.290209 406.425547 7
596.793363 405.554058 7
597.296518 404.682569 7
598.302826 402.939591 7
598.805981 402.068102 7
599.309135 401.196613 7
599.812290 400.325124 7
600.818599 398.582146 7
601.321753 397.710657 7
601.824908 396.839168 7
602.328062 395.967679 7
602.831216 395.096190 7
603.837525 393.353211 7
604.340680 392.481722 7
604.843834 391.610233 7
605.850143 389.867255 7
606.353298 388.995766 7
606.856452 388.124277 7
607.359607 387.252788 7
607.862761 386.381299 7
608.365915 385.509810 7
608.869070 384.638321 7
609.875379 382.895342 7
610.378533 382.023853 7
610.881688 381.152364 7
611.384842 380.280875 7
611.887997 379.409386 7
612.391151 378.537897 7
612.894306 377.666408 7
613.397460 376.794919 7
613.397460 376.794919 6
612.391151 376.794919 6
611.384842 376.794919 6
610.378533 376.794919 6
609.372224 376.794919 6
608.365916 376.794919 6
607.359607 376.794919 6
606.353298 376.794919 6
605.346989 376.794919 6
604.340680 376.794919 6
603.334371 376.794919 6
602.328062 376.794919 6
601.321753 376.794919 6
600.315445 376.794919 6
599.309136 376.794919 6
598.302827 376.794919 6
597.296518 376.794919 6
596.290209 376.794919 6
595.283900 376.794919 6
594.277591 376.794919 6
593.271282 376.794919 6
592.264973 376.794919 6
591.258665 376.794919 6
590.252356 376.794919 6
589.246047 376.794919 6
588.239738 376.794919 6
587.233429 376.794919 6
586.227120 376.794919 6
585.220811 376.794919 6
584.214502 376.794919 6
583.208194 376.794919 6
581.195576 376.794919 6
580.189267 376.794919 6
579.182958 376.794919 6
577.170340 376.794919 6
576.164031 376.794919 6
575.157723 376.794919 6
574.151414 376.794919 6
573.145105 376.794919 6
572.138796 376.794919 6
571.132487 376.794919 6
571.132487 376.794919 5
570.629333 375.923430 5
570.126178 375.051941 5
569.623024 374.180452 5
569.119869 373.308963 5
568.616715 372.437474 5
568.113560 371.565985 5
567.610406 370.694496 5
567.107251 369.823007 5
566.604097 368.951518 5
566.100942 368.080029 5
565.094634 366.337050 5
564.591479 365.465561 5
564.088325 364.594072 5
563.585170 363.722583 5
563.082016 362.851094 5
562.578861 361.979605 5
562.075707 361.108116 5
561.069398 359.365138 5
560.566243 358.493649 5
560.063089 357.622160 5
559.559935 356.750671 5
559.056780 355.879182 5
558.553626 355.007693 5
558.050471 354.136204 5
557.547317 353.264715 5
556.541008 351.521737 5
556.037853 350.650248 5
555.534699 349.778759 5
555.031545 348.907269 5
554.528390 348.035780 5
554.025236 347.164291 5
553.522081 346.292802 5
553.018927 345.421313 5
552.515772 344.549824 5
552.012618 343.678335 5
551.509463 342.806846 5
551.006309 341.935357 5
550.503154 341.063868 5
550.000000 340.192379 5
550.000000 340.192379 4
549.496846 341.063868 4
548.993691 341.935357 4
548.490537 342.806846 4
547.987382 343.678335 4
547.484228 344.549824 4
546.981073 345.421313 4
546.477919 346.292802 4
545.974764 347.164291 4
545.471610 348.035780 4
544.968455 348.907269 4
543.962147 350.650248 4
543.458992 351.521737 4
542.955838 352.393226 4
542.452683 353.264715 4
541.949529 354.136204 4
541.446374 355.007693 4
540.943220 355.879182 4
540.440065 356.750671 4
539.936911 357.622160 4
539.433757 358.493649 4
538.930602 359.365138 4
538.427448 360.236627 4
537.924293 361.108116 4
537.421139 361.979605 4
536.917984 362.851094 4
536.414830 363.722583 4
535.911675 364.594072 4
535.408521 365.465561 4
534.905366 366.337050 4
534.402212 367.208539 4
533.899058 368.080029 4
533.395903 368.951518 4
532.892749 369.823007 4
531.886440 371.565985 4
531.383285 372.437474 4
530.880131 373.308963 4
530.376976 374.180452 4
529.873822 375.051941 4
529.370667 375.923430 4
528.867513 376.794919 3
527.861204 376.794919 3
526.854895 376.794919 3
525.848586 376.794919 3
524.842277 376.794919 3
523.835969 376.794919 3
522.829660 376.794919 3
521.823351 376.794919 3
520.817042 376.794919 3
519.810733 376.794919 3
517.798115 376.794919 3
516.791806 376.794919 3
515.785498 376.794919 3
514.779189 376.794919 3
513.772880 376.794919 3
511.760262 376.794919 3
510.753953 376.794919 3
509.747644 376.794919 3
508.741335 376.794919 3
507.735027 376.794919 3
506.728718 376.794919 3
505.722409 376.794919 3
504.716100 376.794919 3
501.697173 376.794919 3
500.690864 376.794919 3
499.684555 376.794919 3
498.678247 376.794919 3
497.671938 376.794919 3
495.659320 376.794919 3
494.653011 376.794919 3
493.646702 376.794919 3
492.640393 376.794919 3
491.634084 376.794919 3
490.627776 376.794919 3
489.621467 376.794919 3
488.615158 376.794919 3
487.608849 376.794919 3
486.602540 376.794919 3
487.105694 377.666408 2
487.608849 378.537897 2
488.112003 379.409386 2
488.615158 380.280875 2
489.118312 381.152364 2
489.621467 382.023853 2
490.124621 382.895342 2
490.627776 383.766832 2
491.130930 384.638321 2
491.634085 385.509810 2
492.137239 386.381299 2
492.640393 387.252788 2
493.143548 388.124277 2
493.646702 388.995766 2
494.149857 389.867255 2
494.653011 390.738744 2
495.156166 391.610233 2
495.659320 392.481722 2
496.162475 393.353211 2
496.665629 394.224700 2
497.168784 395.096190 2
497.671938 395.967679 2
498.175092 396.839168 2
498.678247 397.710657 2
499.181401 398.582146 2
499.684556 399.453635 2
500.187710 400.325124 2
500.690865 401.196613 2
501.194019 402.068102 2
501.697174 402.939591 2
502.200328 403.811080 2
502.703482 404.682569 2
503.206637 405.554058 2
503.709791 406.425547 2
504.212946 407.297036 2
504.716100 408.168526 2
505.219255 409.040015 2
505.722409 409.911504 2
506.225564 410.782993 2
506.728718 411.654482 2
507.231873 412.525971 2
507.735027 413.397460 2
507.735027 413.397460 1
506.228004 416.007700 1
505.725664 416.877779 1
505.223323 417.747859 1
504.720982 418.617939 1
504.218641 419.488019 1
503.716300 420.358099 1
503.213959 421.228179 1
502.711618 422.098259 1
501.706937 423.838418 1
501.204596 424.708498 1
499.697573 427.318738 1
499.195232 428.188818 1
497.688210 430.799057 1
496.683528 432.539217 1
496.181187 433.409297 1
494.171824 436.889617 1
493.669483 437.759696 1
492.162461 440.369936 1
491.660120 441.240016 1
491.157779 442.110096 1
490.655438 442.980176 1
490.153097 443.850256 1
489.650756 444.720335 1
489.148415 445.590415 1
488.646075 446.460495 1
488.143734 447.330575 1
487.641393 448.200655 1
486.636711 449.940815 1
486.134370 450.810895 1
485.632029 451.680974 1
485.129689 452.551054 1
484.125007 454.291214 1
483.622666 455.161294 1
482.617984 456.901454 1
481.613303 458.641613 1
481.110962 459.511693 1
480.608621 460.381773 1
480.106280 461.251853 1
477.594576 465.602252 1
476.589894 467.342412 1
475.585212 469.082572 1
473.575849 472.562891 1
472.571167 474.303051 1
472.068826 475.173131 1
471.064145 476.913291 1
470.561804 477.783371 1
469.557122 479.523530 1
468.050100 482.133770 1
467.547759 483.003850 1
467.045418 483.873930 1
465.538395 486.484169 1
465.036054 487.354249 1
464.533714 488.224329 1
463.026691 490.834569 1
462.524350 491.704649 1
462.022009 492.574728 1
461.017328 494.314888 1
460.514987 495.184968 1
460.012646 496.055048 1
459.510305 496.925128 1
457.500942 500.405447 1
456.998601 501.275527 1
456.496260 502.145607 1
454.989237 504.755847 1
453.482215 507.366086 1
452.477533 509.106246 1
451.472851 510.846406 1
449.965829 513.456645 1
449.463488 514.326725 1
448.961147 515.196805 1
448.458806 516.066885 1
447.454125 517.807045 1
446.449443 519.547204 1
445.444761 521.287364 1
444.942420 522.157444 1
444.440079 523.027524 1
443.937739 523.897604 1
442.430716 526.507843 1
440.923693 529.118083 1
440.421353 529.988163 1
439.919012 530.858243 1
438.411989 533.468482 1
437.909648 534.338562 1
437.407308 535.208642 1
436.904967 536.078722 1
435.397944 538.688962 1
434.895603 539.559042 1
434.393262 540.429121 1
433.388581 542.169281 1
432.886240 543.039361 1
432.383899 543.909441 1
431.379217 545.649601 1
430.876876 546.519681 1
428.867513 550.000000 1
428.867513 550.000000 0
426.862223 550.000000 0
425.859578 550.000000 0
424.856934 550.000000 0
420.846354 550.000000 0
418.841064 550.000000 0
413.827840 550.000000 0
412.825195 550.000000 0
411.822550 550.000000 0
393.774943 550.000000 0
392.772298 550.000000 0
389.764364 550.000000 0
388.761719 550.000000 0
387.759074 550.000000 0
384.751139 550.000000 0
382.745850 550.000000 0
364.698242 550.000000 0
358.682373 550.000000 0
357.679728 550.000000 0
356.677083 550.000000 0
355.674438 550.000000 0
353.669149 550.000000 0
350.661214 550.000000 0
347.653280 550.000000 0
343.642700 550.000000 0
342.640055 550.000000 0
341.637410 550.000000 0
340.634766 550.000000 0
337.626831 550.000000 0
336.624186 550.000000 0
331.610962 550.000000 0
328.603027 550.000000 0
325.595093 550.000000 0
321.584513 550.000000 0
317.573934 550.000000 0
315.568644 550.000000 0
301.531616 550.000000 0
299.526326 550.000000 0
298.523682 550.000000 0
295.515747 550.000000 0
291.505168 550.000000 0
288.497233 550.000000 0
287.494588 550.000000 0
286.491943 550.000000 0
281.478719 550.000000 0
277.468140 550.000000 0
274.460205 550.000000 0
271.452270 550.000000 0
270.449626 550.000000 0
269.446981 550.000000 0
264.433756 550.000000 0
263.431112 550.000000 0
254.407308 550.000000 0
252.402018 550.000000 0
250.396729 550.000000 0
247.388794 550.000000 0
246.386149 550.000000 0
243.378215 550.000000 0
240.370280 550.000000 0
237.362345 550.000000 0
234.354411 550.000000 0
233.351766 550.000000 0
230.343831 550.000000 0
228.338542 550.000000 0
223.325317 550.000000 0
216.306803 550.000000 0
214.301514 550.000000 0
213.298869 550.000000 0
212.296224 550.000000 0
210.290934 550.000000 0
207.283000 550.000000 0
206.280355 550.000000 0
204.275065 550.000000 0
203.272420 550.000000 0
200.264486 550.000000 0
197.256551 550.000000 0
194.248617 550.000000 0
193.245972 550.000000 0
192.243327 550.000000 0
191.240682 550.000000 0
189.235392 550.000000 0
188.232747 550.000000 0
181.214233 550.000000 0
176.201009 550.000000 0
174.195719 550.000000 0
171.187785 550.000000 0
170.185140 550.000000 0
169.182495 550.000000 0
168.179850 550.000000 0
165.171916 550.000000 0
161.161336 550.000000 0
160.158691 550.000000 0
157.150757 550.000000 0
154.142822 550.000000 0
146.121663 550.000000 0
141.108439 550.000000 0
134.089925 550.000000 0
130.079346 550.000000 0
129.076701 550.000000 0
128.074056 550.000000 0
127.071411 550.000000 0
125.066121 550.000000 0
123.060832 550.000000 0
119.050252 550.000000 0
111.029093 550.000000 0
107.018514 550.000000 0
106.015869 550.000000 0
103.007935 550.000000 0
