900
101.000489 450.000000 20
104.001956 450.000000 20
114.006844 450.000000 20
116.007822 450.000000 20
117.008311 450.000000 20
121.010267 450.000000 20
123.011244 450.000000 20
124.011733 450.000000 20
127.013200 450.000000 20
130.014666 450.000000 20
131.015155 450.000000 20
132.015644 450.000000 20
134.016622 450.000000 20
135.017111 450.000000 20
136.017600 450.000000 20
138.018578 450.000000 20
142.020533 450.000000 20
144.021511 450.000000 20
155.026889 450.000000 20
157.027866 450.000000 20
162.030311 450.000000 20
164.031288 450.000000 20
171.034711 450.000000 20
182.040088 450.000000 20
183.040577 450.000000 20
186.042044 450.000000 20
191.044488 450.000000 20
194.045955 450.000000 20
204.050844 450.000000 20
208.052799 450.000000 20
218.057688 450.000000 20
220.058666 450.000000 20
223.060132 450.000000 20
225.061110 450.000000 20
231.064044 450.000000 20
235.065999 450.000000 20
239.067955 450.000000 20
244.070399 450.000000 20
253.074799 450.000000 20
259.077732 450.000000 20
274.085065 450.000000 20
283.089465 450.000000 20
286.090932 450.000000 20
287.091421 450.000000 20
291.093376 450.000000 20
292.093865 450.000000 20
303.099243 450.000000 20
305.100221 450.000000 20
319.107065 450.000000 20
320.107554 450.000000 20
324.109510 450.000000 20
326.110487 450.000000 20
329.111954 450.000000 20
333.113909 450.000000 20
338.116354 450.000000 20
346.120265 450.000000 20
348.121243 450.000000 20
352.123198 450.000000 20
354.124176 450.000000 20
355.124665 450.000000 20
356.125154 450.000000 20
357.125643 450.000000 20
368.131020 450.000000 20
371.132487 450.000000 20
371.132487 450.000000 19
372.641950 447.385533 19
374.151414 444.771066 19
374.654568 443.899577 19
375.660877 442.156599 19
376.164031 441.285110 19
376.667186 440.413620 19
377.170340 439.542131 19
378.679803 436.927664 19
379.182958 436.056175 19
379.686112 435.184686 19
380.189267 434.313197 19
380.692421 433.441708 19
381.195576 432.570219 19
381.698730 431.698730 19
382.705039 429.955752 19
383.208193 429.084263 19
384.214502 427.341285 19
384.717657 426.469796 19
385.220811 425.598307 19
385.723965 424.726818 19
386.227120 423.855329 19
386.730274 422.983840 19
387.233429 422.112350 19
387.736583 421.240861 19
388.239738 420.369372 19
388.742892 419.497883 19
389.246046 418.626394 19
389.749201 417.754905 19
391.258664 415.140438 19
391.761819 414.268949 19
392.264973 413.397460 19
391.762632 412.527380 18
390.757950 410.787220 18
389.250928 408.176981 18
388.748587 407.306901 18
387.241565 404.696661 18
383.725179 398.606102 18
382.218156 395.995862 18
380.711134 393.385623 18
376.692407 386.424984 18
374.683043 382.944664 18
373.678362 381.204504 18
372.673680 379.464345 18
370.664317 375.984025 18
370.161976 375.113945 18
364.133886 364.672987 18
362.124522 361.192667 18
361.622181 360.322587 18
360.115159 357.712348 18
355.091750 349.011549 18
353.584728 346.401309 18
351.575364 342.920990 18
350.068342 340.310750 18
349.566001 339.440670 18
348.058978 336.830431 18
347.054297 335.090271 18
346.049615 333.350111 18
342.030888 326.389472 18
341.026207 324.649312 18
339.016843 321.168993 18
338.514502 320.298913 18
336.002798 315.948514 18
335.500457 315.078434 18
334.998116 314.208354 18
333.491094 311.598114 18
331.481730 308.117795 18
330.979390 307.247715 18
330.477049 306.377635 18
327.965345 302.027235 18
321.937254 291.586277 18
321.434914 290.716197 18
320.932573 289.846117 18
319.927891 288.105957 18
317.416187 283.755558 18
316.913846 282.885478 18
313.397460 276.794919 18
317.416187 276.794919 17
318.420869 276.794919 17
330.477049 276.794919 17
331.481731 276.794919 17
335.500457 276.794919 17
336.505139 276.794919 17
338.514503 276.794919 17
339.519184 276.794919 17
344.542593 276.794919 17
350.570683 276.794919 17
352.580046 276.794919 17
357.603455 276.794919 17
358.608137 276.794919 17
360.617500 276.794919 17
364.636227 276.794919 17
366.645590 276.794919 17
368.654954 276.794919 17
378.701771 276.794919 17
384.729861 276.794919 17
385.734542 276.794919 17
387.743906 276.794919 17
394.776678 276.794919 17
396.786041 276.794919 17
397.790723 276.794919 17
398.795405 276.794919 17
401.809450 276.794919 17
402.814131 276.794919 17
403.818813 276.794919 17
404.823495 276.794919 17
405.828176 276.794919 17
407.837540 276.794919 17
409.846903 276.794919 17
411.856267 276.794919 17
415.874993 276.794919 17
417.884357 276.794919 17
418.889039 276.794919 17
421.903084 276.794919 17
422.907765 276.794919 17
423.912447 276.794919 17
427.931174 276.794919 17
430.945219 276.794919 17
434.963946 276.794919 17
437.977991 276.794919 17
440.992036 276.794919 17
447.020126 276.794919 17
451.038853 276.794919 17
452.043535 276.794919 17
453.048216 276.794919 17
458.071625 276.794919 17
460.080988 276.794919 17
466.109078 276.794919 17
467.113760 276.794919 17
471.132487 276.794919 16
472.639510 274.184679 16
475.151214 269.834280 16
475.653555 268.964200 16
476.155895 268.094120 16
477.662918 265.483881 16
480.174622 261.133481 16
480.676963 260.263401 16
481.681645 258.523242 16
482.686326 256.783082 16
483.691008 255.042922 16
485.198031 252.432683 16
486.202712 250.692523 16
487.709735 248.082283 16
490.723780 242.861804 16
494.742507 235.901165 16
496.249529 233.290925 16
500.770597 225.460207 16
502.779960 221.979887 16
503.282301 221.109807 16
504.789324 218.499568 16
509.310391 210.668849 16
510.817414 208.058609 16
511.822096 206.318449 16
512.826777 204.578290 16
513.831459 202.838130 16
515.840822 199.357810 16
518.854867 194.137331 16
519.859549 192.397171 16
521.868913 188.916852 16
522.873594 187.176692 16
525.385298 182.826293 16
526.389980 181.086133 16
526.892321 180.216053 16
531.413389 172.385334 16
534.929775 166.294775 16
535.432115 165.424695 16
537.441479 161.944376 16
539.450842 158.464056 16
541.460206 154.983737 16
541.962546 154.113657 16
542.464887 153.243577 16
542.967228 152.373497 16
543.971910 150.633337 16
544.474251 149.763258 16
544.976592 148.893178 16
546.985955 145.412858 16
553.014045 145.412858 15
557.032772 152.373497 15
557.535113 153.243577 15
563.060862 162.814456 15
564.567885 165.424695 15
567.079589 169.775095 15
569.088952 173.255414 15
569.591293 174.125494 15
570.595975 175.865654 15
571.600656 177.605814 15
572.102997 178.475893 15
576.624065 186.306612 15
577.126406 187.176692 15
580.140451 192.397171 15
581.647473 195.007411 15
582.652155 196.747571 15
584.159178 199.357810 15
587.173223 204.578290 15
587.675564 205.448369 15
588.680245 207.188529 15
589.182586 208.058609 15
590.187268 209.798769 15
590.689609 210.668849 15
592.196631 213.279088 15
593.201313 215.019248 15
593.703654 215.889328 15
594.708335 217.629488 15
600.736426 228.070446 15
602.243448 230.680686 15
603.750471 233.290925 15
609.276220 242.861804 15
610.280902 244.601964 15
611.787924 247.212203 15
617.313674 256.783082 15
622.337082 265.483881 15
622.839423 266.353961 15
623.341764 267.224040 15
623.844105 268.094120 15
627.360490 274.184679 15
628.365172 275.924839 15
631.881558 276.794919 14
632.886240 276.794919 14
637.909648 276.794919 14
638.914330 276.794919 14
643.937739 276.794919 14
646.951784 276.794919 14
659.007964 276.794919 14
660.012646 276.794919 14
661.017327 276.794919 14
665.036054 276.794919 14
668.050099 276.794919 14
669.054781 276.794919 14
674.078190 276.794919 14
675.082871 276.794919 14
676.087553 276.794919 14
682.115643 276.794919 14
687.139052 276.794919 14
692.162460 276.794919 14
693.167142 276.794919 14
694.171824 276.794919 14
707.232686 276.794919 14
708.237367 276.794919 14
709.242049 276.794919 14
714.265458 276.794919 14
715.270139 276.794919 14
717.279503 276.794919 14
718.284184 276.794919 14
723.307593 276.794919 14
727.326320 276.794919 14
730.340365 276.794919 14
731.345046 276.794919 14
735.363773 276.794919 14
736.368455 276.794919 14
737.373137 276.794919 14
738.377818 276.794919 14
739.382500 276.794919 14
743.401227 276.794919 14
744.405909 276.794919 14
746.415272 276.794919 14
747.419954 276.794919 14
750.433999 276.794919 14
751.438680 276.794919 14
759.476134 276.794919 14
761.485497 276.794919 14
768.518269 276.794919 14
769.522951 276.794919 14
780.574450 276.794919 14
781.579132 285.495718 13
780.574450 287.235878 13
780.072109 288.105957 13
779.569768 288.976037 13
775.551041 295.936676 13
775.048701 296.806756 13
774.044019 298.546916 13
772.034655 302.027235 13
770.527633 304.637475 13
769.522951 306.377635 13
767.513588 309.857954 13
765.504224 313.338274 13
765.001884 314.208354 13
764.499543 315.078434 13
763.494861 316.818593 13
762.992520 317.688673 13
762.490179 318.558753 13
759.476134 323.779232 13
757.466771 327.259552 13
756.964430 328.129632 13
756.462089 328.999712 13
755.959748 329.869792 13
753.950385 333.350111 13
752.945703 335.090271 13
752.443362 335.960351 13
748.424636 342.920990 13
746.415272 346.401309 13
745.410591 348.141469 13
744.908250 349.011549 13
741.894205 354.232028 13
740.889523 355.972188 13
740.387182 356.842268 13
739.884841 357.712348 13
738.880160 359.452508 13
736.368455 363.802907 13
735.363774 365.543067 13
734.359092 367.283226 13
733.354410 369.023386 13
730.842706 373.373786 13
729.335683 375.984025 13
728.833343 376.854105 13
727.828661 378.594265 13
727.326320 379.464345 13
726.823979 380.334425 13
722.805252 387.295064 13
721.298230 389.905303 13
719.288866 393.385623 13
718.786526 394.255703 13
717.781844 395.995862 13
712.256095 405.566741 13
711.753754 406.436821 13
710.246731 409.047061 13
708.238181 414.268949 12
708.741336 415.140438 12
709.244490 416.011927 12
710.250799 417.754905 12
711.257108 419.497883 12
711.760262 420.369372 12
712.766571 422.112350 12
713.269726 422.983840 12
713.772880 423.855329 12
714.779189 425.598307 12
716.288652 428.212774 12
716.791807 429.084263 12
717.798116 430.827241 12
718.301270 431.698730 12
719.810733 434.313197 12
720.313888 435.184686 12
720.817042 436.056175 12
721.823351 437.799153 12
722.326505 438.670642 12
723.332814 440.413620 12
723.835969 441.285110 12
724.339123 442.156599 12
724.842278 443.028088 12
725.345432 443.899577 12
725.848586 444.771066 12
726.351741 445.642555 12
727.358050 447.385533 12
727.861204 448.257022 12
728.364359 449.128511 12
734.870446 450.000000 11
736.871424 450.000000 11
750.878268 450.000000 11
755.880713 450.000000 11
759.882668 450.000000 11
763.884624 450.000000 11
764.885113 450.000000 11
777.891468 450.000000 11
783.894402 450.000000 11
790.897824 450.000000 11
791.898313 450.000000 11
794.899779 450.000000 11
807.906135 450.000000 11
812.908579 450.000000 11
830.917379 450.000000 11
844.924223 450.000000 11
851.927645 450.000000 11
855.929601 450.000000 11
857.930579 450.000000 11
859.931557 450.000000 11
860.932045 450.000000 11
862.933023 450.000000 11
867.935468 450.000000 11
871.937423 450.000000 11
874.938890 450.000000 11
876.939868 450.000000 11
883.943290 450.000000 11
884.943779 450.000000 11
888.945734 450.000000 11
895.949156 450.000000 11
896.949645 450.000000 11
902.952578 450.000000 11
904.953556 450.000000 11
915.958934 450.000000 11
917.959912 450.000000 11
920.961378 450.000000 11
923.962845 450.000000 11
929.965778 450.000000 11
931.966756 450.000000 11
932.967245 450.000000 11
939.970667 450.000000 11
943.972623 450.000000 11
957.979467 450.000000 11
975.988267 450.000000 11
978.989733 450.000000 11
992.996578 450.000000 11
993.997067 450.000000 11
998.999511 450.000000 11
1000.000000 451.000000 10
1000.000000 455.000000 10
1000.000000 460.000000 10
1000.000000 463.000000 10
1000.000000 464.000000 10
1000.000000 466.000000 10
1000.000000 469.000000 10
1000.000000 472.000000 10
1000.000000 474.000000 10
1000.000000 475.000000 10
1000.000000 476.000000 10
1000.000000 477.000000 10
1000.000000 479.000000 10
1000.000000 480.000000 10
1000.000000 482.000000 10
1000.000000 486.000000 10
1000.000000 487.000000 10
1000.000000 490.000000 10
1000.000000 491.000000 10
1000.000000 492.000000 10
1000.000000 495.000000 10
1000.000000 498.000000 10
1000.000000 500.000000 10
1000.000000 501.000000 10
1000.000000 505.000000 10
1000.000000 508.000000 10
1000.000000 509.000000 10
1000.000000 510.000000 10
1000.000000 512.000000 10
1000.000000 515.000000 10
1000.000000 516.000000 10
1000.000000 518.000000 10
1000.000000 522.000000 10
1000.000000 524.000000 10
1000.000000 527.000000 10
1000.000000 529.000000 10
1000.000000 532.000000 10
1000.000000 533.000000 10
1000.000000 534.000000 10
1000.000000 536.000000 10
1000.000000 537.000000 10
1000.000000 539.000000 10
1000.000000 542.000000 10
1000.000000 543.000000 10
1000.000000 546.000000 10
1000.000000 547.000000 10
998.997355 550.000000 9
995.989421 550.000000 9
988.970907 550.000000 9
986.965617 550.000000 9
984.960327 550.000000 9
981.952393 550.000000 9
979.947103 550.000000 9
977.941813 550.000000 9
969.920654 550.000000 9
965.910075 550.000000 9
963.904785 550.000000 9
962.902140 550.000000 9
960.896851 550.000000 9
959.894206 550.000000 9
955.883626 550.000000 9
952.875692 550.000000 9
951.873047 550.000000 9
916.780477 550.000000 9
911.767253 550.000000 9
895.724935 550.000000 9
893.719645 550.000000 9
887.703776 550.000000 9
880.685262 550.000000 9
876.674683 550.000000 9
874.669393 550.000000 9
871.661458 550.000000 9
864.642944 550.000000 9
863.640299 550.000000 9
852.611206 550.000000 9
844.590047 550.000000 9
841.582113 550.000000 9
832.558309 550.000000 9
821.529216 550.000000 9
816.515991 550.000000 9
796.463094 550.000000 9
792.452515 550.000000 9
776.410197 550.000000 9
775.407552 550.000000 9
764.378459 550.000000 9
758.362590 550.000000 9
756.357300 550.000000 9
749.338786 550.000000 9
745.328206 550.000000 9
742.320272 550.000000 9
716.251506 550.000000 9
715.248861 550.000000 9
711.238281 550.000000 9
705.222412 550.000000 9
703.217122 550.000000 9
699.206543 550.000000 9
678.151001 550.000000 9
671.132487 550.000000 8
670.127805 548.259840 8
669.625464 547.389760 8
669.123124 546.519681 8
667.113760 543.039361 8
666.611419 542.169281 8
665.104397 539.559042 8
662.592692 535.208642 8
661.588011 533.468482 8
660.583329 531.728323 8
659.578647 529.988163 8
658.573966 528.248003 8
654.555239 521.287364 8
654.052898 520.417284 8
653.550557 519.547204 8
652.043535 516.936965 8
650.536512 514.326725 8
649.029489 511.716486 8
648.527149 510.846406 8
645.010763 504.755847 8
644.508422 503.885767 8
643.001399 501.275527 8
641.996717 499.535367 8
640.992036 497.795208 8
638.480332 493.444808 8
637.977991 492.574728 8
636.973309 490.834569 8
635.968627 489.094409 8
634.963946 487.354249 8
625.419469 470.822732 8
622.907765 466.472332 8
622.405424 465.602252 8
621.903083 464.732172 8
621.400743 463.862093 8
620.898402 462.992013 8
620.396061 462.121933 8
619.391379 460.381773 8
617.382016 456.901454 8
615.874993 454.291214 8
614.870311 452.551054 8
614.367971 451.680974 8
613.865630 450.810895 8
611.856266 447.330575 8
611.353925 446.460495 8
610.851585 445.590415 8
608.339880 441.240016 8
606.832858 438.629776 8
605.325835 436.019537 8
604.823494 435.149457 8
602.311790 430.799057 8
601.307108 429.058898 8
600.804768 428.188818 8
598.795404 424.708498 8
598.293063 423.838418 8
597.790722 422.968339 8
593.269655 415.137620 8
592.264973 413.397460 7
593.271282 411.654482 7
593.774436 410.782993 7
594.277591 409.911504 7
594.780745 409.040015 7
597.296518 404.682569 7
598.302826 402.939591 7
598.805981 402.068102 7
599.309135 401.196613 7
600.315444 399.453635 7
600.818599 398.582146 7
601.321753 397.710657 7
601.824908 396.839168 7
602.328062 395.967679 7
602.831216 395.096190 7
603.334371 394.224700 7
603.837525 393.353211 7
604.340680 392.481722 7
604.843834 391.610233 7
605.346989 390.738744 7
605.850143 389.867255 7
606.353298 388.995766 7
606.856452 388.124277 7
607.359607 387.252788 7
607.862761 386.381299 7
608.365915 385.509810 7
608.869070 384.638321 7
609.372224 383.766832 7
610.378533 382.023853 7
610.881688 381.152364 7
611.384842 380.280875 7
611.887997 379.409386 7
612.391151 378.537897 7
612.894306 377.666408 7
613.397460 376.794919 7
612.391151 376.794919 6
609.372224 376.794919 6
607.359607 376.794919 6
605.346989 376.794919 6
603.334371 376.794919 6
602.328062 376.794919 6
601.321753 376.794919 6
600.315445 376.794919 6
599.309136 376.794919 6
597.296518 376.794919 6
596.290209 376.794919 6
595.283900 376.794919 6
594.277591 376.794919 6
593.271282 376.794919 6
592.264973 376.794919 6
591.258665 376.794919 6
590.252356 376.794919 6
589.246047 376.794919 6
588.239738 376.794919 6
587.233429 376.794919 6
586.227120 376.794919 6
585.220811 376.794919 6
584.214502 376.794919 6
583.208194 376.794919 6
581.195576 376.794919 6
579.182958 376.794919 6
577.170340 376.794919 6
576.164031 376.794919 6
575.157723 376.794919 6
574.151414 376.794919 6
571.132487 376.794919 6
571.132487 376.794919 5
570.629333 375.923430 5
570.126178 375.051941 5
569.623024 374.180452 5
568.616715 372.437474 5
568.113560 371.565985 5
567.107251 369.823007 5
566.604097 368.951518 5
566.100942 368.080029 5
565.597788 367.208539 5
565.094634 366.337050 5
564.591479 365.465561 5
564.088325 364.594072 5
562.578861 361.979605 5
562.075707 361.108116 5
561.572552 360.236627 5
560.566243 358.493649 5
560.063089 357.622160 5
559.559935 356.750671 5
559.056780 355.879182 5
558.553626 355.007693 5
558.050471 354.136204 5
557.547317 353.264715 5
557.044162 352.393226 5
556.541008 351.521737 5
556.037853 350.650248 5
555.534699 349.778759 5
554.528390 348.035780 5
554.025236 347.164291 5
553.522081 346.292802 5
553.018927 345.421313 5
551.509463 342.806846 5
551.006309 341.935357 5
550.000000 340.192379 5
549.496846 341.063868 4
548.993691 341.935357 4
548.490537 342.806846 4
547.484228 344.549824 4
546.981073 345.421313 4
546.477919 346.292802 4
545.974764 347.164291 4
545.471610 348.035780 4
544.968455 348.907269 4
544.465301 349.778759 4
543.962147 350.650248 4
543.458992 351.521737 4
542.452683 353.264715 4
541.949529 354.136204 4
540.943220 355.879182 4
540.440065 356.750671 4
539.936911 357.622160 4
539.433757 358.493649 4
538.930602 359.365138 4
538.427448 360.236627 4
537.924293 361.108116 4
536.414830 363.722583 4
535.911675 364.594072 4
535.408521 365.465561 4
534.905366 366.337050 4
533.395903 368.951518 4
532.389594 370.694496 4
530.880131 373.308963 4
530.376976 374.180452 4
529.873822 375.051941 4
529.370667 375.923430 4
526.854895 376.794919 3
525.848586 376.794919 3
521.823351 376.794919 3
520.817042 376.794919 3
518.804424 376.794919 3
517.798115 376.794919 3
516.791806 376.794919 3
515.785498 376.794919 3
513.772880 376.794919 3
512.766571 376.794919 3
511.760262 376.794919 3
510.753953 376.794919 3
509.747644 376.794919 3
506.728718 376.794919 3
503.709791 376.794919 3
502.703482 376.794919 3
501.697173 376.794919 3
500.690864 376.794919 3
499.684555 376.794919 3
498.678247 376.794919 3
497.671938 376.794919 3
496.665629 376.794919 3
495.659320 376.794919 3
493.646702 376.794919 3
492.640393 376.794919 3
491.634084 376.794919 3
490.627776 376.794919 3
489.621467 376.794919 3
487.608849 376.794919 3
486.602540 376.794919 2
487.105694 377.666408 2
487.608849 378.537897 2
488.112003 379.409386 2
488.615158 380.280875 2
490.124621 382.895342 2
490.627776 383.766832 2
491.130930 384.638321 2
491.634085 385.509810 2
492.640393 387.252788 2
493.143548 388.124277 2
493.646702 388.995766 2
494.149857 389.867255 2
495.156166 391.610233 2
495.659320 392.481722 2
496.162475 393.353211 2
496.665629 394.224700 2
497.671938 395.967679 2
498.175092 396.839168 2
498.678247 397.710657 2
499.181401 398.582146 2
499.684556 399.453635 2
500.187710 400.325124 2
500.690865 401.196613 2
501.194019 402.068102 2
501.697174 402.939591 2
502.200328 403.811080 2
502.703482 404.682569 2
503.709791 406.425547 2
504.212946 407.297036 2
504.716100 408.168526 2
505.219255 409.040015 2
505.722409 409.911504 2
506.225564 410.782993 2
506.728718 411.654482 2
507.735027 413.397460 2
507.232686 414.267540 1
506.730345 415.137620 1
505.725664 416.877779 1
504.720982 418.617939 1
504.218641 419.488019 1
498.692892 429.058898 1
497.185869 431.669137 1
496.181187 433.409297 1
494.171824 436.889617 1
492.664801 439.499856 1
491.660120 441.240016 1
487.139052 449.070735 1
483.622666 455.161294 1
483.120325 456.031374 1
482.115643 457.771534 1
481.613303 458.641613 1
481.110962 459.511693 1
479.603939 462.121933 1
479.101598 462.992013 1
477.594576 465.602252 1
477.092235 466.472332 1
476.589894 467.342412 1
474.580531 470.822732 1
472.068826 475.173131 1
471.566486 476.043211 1
471.064145 476.913291 1
464.533714 488.224329 1
464.031373 489.094409 1
462.022009 492.574728 1
461.017328 494.314888 1
460.012646 496.055048 1
454.989237 504.755847 1
453.984556 506.496006 1
451.975192 509.976326 1
445.444761 521.287364 1
444.942420 522.157444 1
444.440079 523.027524 1
443.937739 523.897604 1
442.933057 525.637764 1
441.928375 527.377923 1
436.904967 536.078722 1
435.397944 538.688962 1
434.393262 540.429121 1
431.379217 545.649601 1
429.872195 548.259840 1
428.867513 550.000000 1
428.867513 550.000000 0
412.825195 550.000000 0
409.817261 550.000000 0
408.814616 550.000000 0
407.811971 550.000000 0
403.801392 550.000000 0
400.793457 550.000000 0
397.785522 550.000000 0
386.756429 550.000000 0
372.719401 550.000000 0
370.714111 550.000000 0
358.682373 550.000000 0
355.674438 550.000000 0
353.669149 550.000000 0
351.663859 550.000000 0
346.650635 550.000000 0
339.632121 550.000000 0
337.626831 550.000000 0
335.621541 550.000000 0
326.597738 550.000000 0
312.560710 550.000000 0
302.534261 550.000000 0
278.470784 550.000000 0
270.449626 550.000000 0
268.444336 550.000000 0
261.425822 550.000000 0
248.391439 550.000000 0
247.388794 550.000000 0
233.351766 550.000000 0
223.325317 550.000000 0
222.322673 550.000000 0
201.267131 550.000000 0
197.256551 550.000000 0
191.240682 550.000000 0
184.222168 550.000000 0
173.193075 550.000000 0
171.187785 550.000000 0
170.185140 550.000000 0
165.171916 550.000000 0
163.166626 550.000000 0
149.129598 550.000000 0
145.119019 550.000000 0
137.097860 550.000000 0
128.074056 550.000000 0
122.058187 550.000000 0
120.052897 550.000000 0
115.039673 550.000000 0
112.031738 550.000000 0
110.026449 550.000000 0
