730
100.000000 450.000000 20
103.001467 450.000000 20
111.005378 450.000000 20
114.006844 450.000000 20
115.007333 450.000000 20
121.010267 450.000000 20
129.014178 450.000000 20
133.016133 450.000000 20
138.018578 450.000000 20
142.020533 450.000000 20
153.025911 450.000000 20
158.028355 450.000000 20
161.029822 450.000000 20
165.031777 450.000000 20
166.032266 450.000000 20
168.033244 450.000000 20
186.042044 450.000000 20
201.049377 450.000000 20
204.050844 450.000000 20
211.054266 450.000000 20
237.066977 450.000000 20
242.069421 450.000000 20
251.073821 450.000000 20
261.078710 450.000000 20
263.079688 450.000000 20
265.080666 450.000000 20
271.083599 450.000000 20
272.084088 450.000000 20
277.086532 450.000000 20
279.087510 450.000000 20
280.087999 450.000000 20
285.090443 450.000000 20
296.095821 450.000000 20
297.096310 450.000000 20
307.101199 450.000000 20
309.102176 450.000000 20
315.105110 450.000000 20
323.109021 450.000000 20
324.109510 450.000000 20
331.112932 450.000000 20
340.117332 450.000000 20
341.117821 450.000000 20
346.120265 450.000000 20
348.121243 450.000000 20
351.122709 450.000000 20
357.125643 450.000000 20
359.126620 450.000000 20
361.127598 450.000000 20
370.131998 450.000000 20
371.132487 450.000000 19
372.138796 448.257022 19
373.145105 446.514044 19
373.648259 445.642555 19
374.151414 444.771066 19
375.157722 443.028088 19
375.660877 442.156599 19
377.170340 439.542131 19
377.673495 438.670642 19
378.679803 436.927664 19
379.686112 435.184686 19
380.189267 434.313197 19
380.692421 433.441708 19
381.195576 432.570219 19
382.201884 430.827241 19
382.705039 429.955752 19
383.208193 429.084263 19
384.214502 427.341285 19
384.717657 426.469796 19
385.220811 425.598307 19
385.723965 424.726818 19
386.730274 422.983840 19
387.233429 422.112350 19
388.239738 420.369372 19
388.742892 419.497883 19
389.246046 418.626394 19
390.252355 416.883416 19
391.761819 414.268949 19
392.264973 413.397460 19
391.762632 412.527380 18
386.739224 403.826581 18
385.232201 401.216342 18
384.227519 399.476182 18
383.222838 397.736022 18
375.185384 383.814744 18
374.180703 382.074584 18
372.171339 378.594265 18
368.152612 371.633626 18
367.147931 369.893466 18
365.640908 367.283226 18
365.138567 366.413147 18
364.636226 365.543067 18
363.129204 362.932827 18
360.115159 357.712348 18
357.101114 352.491868 18
356.598773 351.621789 18
352.077705 343.791070 18
351.575364 342.920990 18
351.073024 342.050910 18
350.068342 340.310750 18
349.063660 338.570590 18
348.561319 337.700511 18
348.058978 336.830431 18
345.547274 332.480031 18
336.002798 315.948514 18
333.993435 312.468194 18
333.491094 311.598114 18
332.988753 310.728034 18
329.974708 305.507555 18
327.965345 302.027235 18
327.463004 301.157156 18
326.960663 300.287076 18
323.946618 295.066596 18
321.937254 291.586277 18
320.430232 288.976037 18
319.927891 288.105957 18
318.420868 285.495718 18
317.918528 284.625638 18
317.416187 283.755558 18
316.411505 282.015398 18
314.402142 276.794919 17
321.434914 276.794919 17
325.453640 276.794919 17
339.519184 276.794919 17
340.523866 276.794919 17
346.551956 276.794919 17
349.566001 276.794919 17
351.575365 276.794919 17
355.594091 276.794919 17
363.631545 276.794919 17
366.645590 276.794919 17
368.654954 276.794919 17
381.715816 276.794919 17
386.739224 276.794919 17
394.776678 276.794919 17
395.781359 276.794919 17
396.786041 276.794919 17
405.828176 276.794919 17
416.879675 276.794919 17
418.889039 276.794919 17
423.912447 276.794919 17
430.945219 276.794919 17
433.959264 276.794919 17
436.973309 276.794919 17
445.010763 276.794919 17
447.020126 276.794919 17
449.029490 276.794919 17
450.034171 276.794919 17
452.043535 276.794919 17
457.066943 276.794919 17
463.095033 276.794919 17
468.118442 276.794919 17
471.132487 276.794919 17
473.141850 273.314600 16
476.155895 268.094120 16
476.658236 267.224040 16
478.165259 264.613801 16
481.179304 259.393322 16
481.681645 258.523242 16
483.188667 255.913002 16
484.695690 253.302762 16
485.198031 252.432683 16
486.202712 250.692523 16
486.705053 249.822443 16
488.714417 246.342123 16
491.226121 241.991724 16
496.751870 232.420845 16
498.258893 229.810606 16
498.761234 228.940526 16
499.263574 228.070446 16
505.291665 217.629488 16
505.794005 216.759408 16
508.808051 211.538929 16
509.310391 210.668849 16
511.822096 206.318449 16
512.826777 204.578290 16
514.333800 201.968050 16
515.338482 200.227890 16
518.352527 195.007411 16
520.361890 191.527091 16
521.366572 189.786932 16
526.389980 181.086133 16
530.911048 173.255414 16
532.418070 170.645175 16
533.925093 168.034935 16
535.934456 164.554615 16
536.939138 162.814456 16
539.450842 158.464056 16
543.971910 150.633337 16
544.976592 148.893178 16
545.478932 148.023098 16
548.492977 142.802619 16
551.004682 141.932539 15
552.009363 143.672698 15
554.018727 147.153018 15
560.046817 157.593976 15
560.549158 158.464056 15
563.060862 162.814456 15
567.581930 170.645175 15
568.084270 171.515254 15
568.586611 172.385334 15
573.610020 181.086133 15
575.619383 184.566453 15
577.628747 188.046772 15
578.633428 189.786932 15
583.154496 197.617651 15
583.656837 198.487730 15
584.661518 200.227890 15
586.168541 202.838130 15
586.670882 203.708210 15
587.173223 204.578290 15
587.675564 205.448369 15
590.689609 210.668849 15
593.201313 215.019248 15
593.703654 215.889328 15
594.708335 217.629488 15
595.713017 219.369647 15
596.215358 220.239727 15
599.731744 226.330286 15
602.243448 230.680686 15
603.248130 232.420845 15
603.750471 233.290925 15
605.257493 235.901165 15
606.262175 237.641325 15
610.280902 244.601964 15
611.787924 247.212203 15
613.294947 249.822443 15
616.811333 255.913002 15
617.816014 257.653162 15
618.318355 258.523242 15
620.830059 262.873641 15
622.839423 266.353961 15
623.341764 267.224040 15
624.346445 268.964200 15
625.351127 270.704360 15
628.867513 276.794919 14
633.890922 276.794919 14
634.895603 276.794919 14
637.909648 276.794919 14
640.923693 276.794919 14
647.956465 276.794919 14
655.993919 276.794919 14
662.022009 276.794919 14
665.036054 276.794919 14
666.040736 276.794919 14
671.064144 276.794919 14
672.068826 276.794919 14
675.082871 276.794919 14
680.106280 276.794919 14
681.110961 276.794919 14
684.125007 276.794919 14
685.129688 276.794919 14
689.148415 276.794919 14
693.167142 276.794919 14
700.199914 276.794919 14
702.209277 276.794919 14
708.237367 276.794919 14
710.246731 276.794919 14
716.274821 276.794919 14
719.288866 276.794919 14
723.307593 276.794919 14
724.312275 276.794919 14
729.335683 276.794919 14
747.419954 276.794919 14
753.448044 276.794919 14
764.499543 276.794919 14
767.513588 276.794919 14
768.518269 276.794919 14
774.546360 276.794919 14
777.560405 276.794919 14
781.579131 276.794919 14
784.593177 276.794919 14
785.597858 278.535079 13
783.588495 282.015398 13
781.076791 286.365798 13
779.067427 289.846117 13
777.560405 292.456357 13
776.053382 295.066596 13
772.536996 301.157156 13
768.015929 308.987875 13
765.001884 314.208354 13
760.983157 321.168993 13
756.964430 328.129632 13
756.462089 328.999712 13
752.945703 335.090271 13
750.936340 338.570590 13
739.884841 357.712348 13
733.856751 368.153306 13
729.838024 375.113945 13
725.819297 382.074584 13
723.809934 385.554904 13
722.302912 388.165144 13
721.298230 389.905303 13
720.795889 390.775383 13
719.791207 392.515543 13
719.288866 393.385623 13
718.786526 394.255703 13
718.284185 395.125783 13
716.274821 398.606102 13
713.763117 402.956501 13
713.260776 403.826581 13
709.744390 409.917140 13
708.238181 414.268949 12
709.244490 416.011927 12
710.250799 417.754905 12
710.753954 418.626394 12
711.760262 420.369372 12
712.263417 421.240861 12
712.766571 422.112350 12
713.772880 423.855329 12
714.276035 424.726818 12
715.282343 426.469796 12
715.785498 427.341285 12
716.288652 428.212774 12
717.294961 429.955752 12
717.798116 430.827241 12
718.804424 432.570219 12
719.307579 433.441708 12
720.313888 435.184686 12
720.817042 436.056175 12
721.320197 436.927664 12
721.823351 437.799153 12
722.829660 439.542131 12
723.332814 440.413620 12
723.835969 441.285110 12
724.842278 443.028088 12
725.345432 443.899577 12
725.848586 444.771066 12
726.351741 445.642555 12
726.854895 446.514044 12
727.358050 447.385533 12
727.861204 448.257022 12
728.364359 449.128511 12
747.876802 450.000000 11
753.879735 450.000000 11
764.885113 450.000000 11
773.889513 450.000000 11
774.890002 450.000000 11
778.891957 450.000000 11
782.893913 450.000000 11
784.894890 450.000000 11
792.898801 450.000000 11
797.901246 450.000000 11
803.904179 450.000000 11
816.910535 450.000000 11
819.912001 450.000000 11
824.914446 450.000000 11
825.914935 450.000000 11
835.919823 450.000000 11
852.928134 450.000000 11
855.929601 450.000000 11
857.930579 450.000000 11
872.937912 450.000000 11
878.940845 450.000000 11
879.941334 450.000000 11
882.942801 450.000000 11
883.943290 450.000000 11
893.948179 450.000000 11
906.954534 450.000000 11
910.956490 450.000000 11
911.956978 450.000000 11
919.960889 450.000000 11
922.962356 450.000000 11
923.962845 450.000000 11
929.965778 450.000000 11
938.970178 450.000000 11
966.983867 450.000000 11
984.992667 450.000000 11
985.993156 450.000000 11
987.994133 450.000000 11
994.997556 450.000000 11
1000.000000 451.000000 10
1000.000000 456.000000 10
1000.000000 457.000000 10
1000.000000 458.000000 10
1000.000000 461.000000 10
1000.000000 467.000000 10
1000.000000 468.000000 10
1000.000000 469.000000 10
1000.000000 470.000000 10
1000.000000 472.000000 10
1000.000000 473.000000 10
1000.000000 475.000000 10
1000.000000 483.000000 10
1000.000000 489.000000 10
1000.000000 490.000000 10
1000.000000 491.000000 10
1000.000000 492.000000 10
1000.000000 493.000000 10
1000.000000 494.000000 10
1000.000000 495.000000 10
1000.000000 500.000000 10
1000.000000 507.000000 10
1000.000000 510.000000 10
1000.000000 511.000000 10
1000.000000 512.000000 10
1000.000000 514.000000 10
1000.000000 519.000000 10
1000.000000 520.000000 10
1000.000000 521.000000 10
1000.000000 522.000000 10
1000.000000 524.000000 10
1000.000000 527.000000 10
1000.000000 532.000000 10
1000.000000 535.000000 10
1000.000000 539.000000 10
1000.000000 540.000000 10
1000.000000 541.000000 10
1000.000000 544.000000 10
1000.000000 546.000000 10
1000.000000 547.000000 10
1000.000000 548.000000 10
1000.000000 549.000000 10
994.986776 550.000000 9
986.965617 550.000000 9
978.944458 550.000000 9
968.918009 550.000000 9
966.912720 550.000000 9
938.838664 550.000000 9
935.830729 550.000000 9
920.791056 550.000000 9
909.761963 550.000000 9
896.727580 550.000000 9
893.719645 550.000000 9
891.714355 550.000000 9
885.698486 550.000000 9
875.672038 550.000000 9
872.664103 550.000000 9
862.637655 550.000000 9
859.629720 550.000000 9
854.616496 550.000000 9
849.603271 550.000000 9
842.584757 550.000000 9
836.568888 550.000000 9
833.560954 550.000000 9
821.529216 550.000000 9
810.500122 550.000000 9
805.486898 550.000000 9
804.484253 550.000000 9
800.473674 550.000000 9
793.455160 550.000000 9
789.444580 550.000000 9
786.436646 550.000000 9
781.423421 550.000000 9
778.415487 550.000000 9
775.407552 550.000000 9
774.404907 550.000000 9
768.389038 550.000000 9
763.375814 550.000000 9
761.370524 550.000000 9
752.346720 550.000000 9
739.312337 550.000000 9
727.280599 550.000000 9
722.267375 550.000000 9
720.262085 550.000000 9
705.222412 550.000000 9
694.193319 550.000000 9
690.182739 550.000000 9
687.174805 550.000000 9
685.169515 550.000000 9
682.161580 550.000000 9
677.148356 550.000000 9
671.132487 550.000000 8
670.630146 549.129920 8
667.113760 543.039361 8
665.104397 539.559042 8
659.076307 529.118083 8
655.559921 523.027524 8
648.024808 509.976326 8
640.992036 497.795208 8
640.489695 496.925128 8
633.456923 484.744010 8
632.954582 483.873930 8
628.935855 476.913291 8
627.428833 474.303051 8
626.926492 473.432971 8
623.912447 468.212492 8
618.386697 458.641613 8
616.377334 455.161294 8
614.870311 452.551054 8
613.865630 450.810895 8
609.846903 443.850256 8
607.335199 439.499856 8
599.800086 426.448658 8
597.288382 422.098259 8
596.786041 421.228179 8
595.781359 419.488019 8
594.776677 417.747859 8
592.264973 413.397460 8
592.264973 413.397460 7
592.768127 412.525971 7
593.271282 411.654482 7
594.780745 409.040015 7
595.787054 407.297036 7
597.799672 403.811080 7
598.302826 402.939591 7
598.805981 402.068102 7
599.309135 401.196613 7
599.812290 400.325124 7
600.315444 399.453635 7
600.818599 398.582146 7
601.321753 397.710657 7
601.824908 396.839168 7
602.328062 395.967679 7
602.831216 395.096190 7
603.837525 393.353211 7
604.340680 392.481722 7
604.843834 391.610233 7
605.346989 390.738744 7
605.850143 389.867255 7
606.353298 388.995766 7
606.856452 388.124277 7
607.862761 386.381299 7
608.365915 385.509810 7
609.372224 383.766832 7
609.875379 382.895342 7
610.378533 382.023853 7
610.881688 381.152364 7
611.384842 380.280875 7
611.887997 379.409386 7
612.391151 378.537897 7
613.397460 376.794919 6
612.391151 376.794919 6
606.353298 376.794919 6
604.340680 376.794919 6
602.328062 376.794919 6
601.321753 376.794919 6
599.309136 376.794919 6
598.302827 376.794919 6
597.296518 376.794919 6
596.290209 376.794919 6
595.283900 376.794919 6
591.258665 376.794919 6
590.252356 376.794919 6
588.239738 376.794919 6
587.233429 376.794919 6
585.220811 376.794919 6
583.208194 376.794919 6
582.201885 376.794919 6
581.195576 376.794919 6
577.170340 376.794919 6
576.164031 376.794919 6
575.157723 376.794919 6
573.145105 376.794919 6
572.138796 376.794919 6
571.132487 376.794919 6
570.629333 375.923430 5
570.126178 375.051941 5
569.119869 373.308963 5
568.113560 371.565985 5
567.610406 370.694496 5
567.107251 369.823007 5
566.604097 368.951518 5
566.100942 368.080029 5
565.094634 366.337050 5
564.591479 365.465561 5
564.088325 364.594072 5
562.075707 361.108116 5
561.069398 359.365138 5
560.566243 358.493649 5
559.559935 356.750671 5
559.056780 355.879182 5
558.553626 355.007693 5
558.050471 354.136204 5
557.044162 352.393226 5
556.037853 350.650248 5
555.534699 349.778759 5
554.528390 348.035780 5
552.515772 344.549824 5
550.503154 341.063868 5
550.000000 340.192379 5
550.000000 340.192379 4
549.496846 341.063868 4
548.490537 342.806846 4
547.484228 344.549824 4
546.477919 346.292802 4
545.974764 347.164291 4
545.471610 348.035780 4
544.465301 349.778759 4
543.458992 351.521737 4
542.955838 352.393226 4
541.949529 354.136204 4
540.943220 355.879182 4
539.936911 357.622160 4
538.427448 360.236627 4
537.924293 361.108116 4
537.421139 361.979605 4
536.414830 363.722583 4
535.911675 364.594072 4
534.905366 366.337050 4
534.402212 367.208539 4
533.899058 368.080029 4
533.395903 368.951518 4
532.892749 369.823007 4
532.389594 370.694496 4
531.383285 372.437474 4
530.880131 373.308963 4
528.867513 376.794919 4
528.867513 376.794919 3
527.861204 376.794919 3
526.854895 376.794919 3
525.848586 376.794919 3
524.842277 376.794919 3
523.835969 376.794919 3
522.829660 376.794919 3
521.823351 376.794919 3
520.817042 376.794919 3
519.810733 376.794919 3
518.804424 376.794919 3
517.798115 376.794919 3
515.785498 376.794919 3
514.779189 376.794919 3
513.772880 376.794919 3
512.766571 376.794919 3
510.753953 376.794919 3
509.747644 376.794919 3
507.735027 376.794919 3
506.728718 376.794919 3
504.716100 376.794919 3
502.703482 376.794919 3
501.697173 376.794919 3
496.665629 376.794919 3
495.659320 376.794919 3
494.653011 376.794919 3
493.646702 376.794919 3
491.634084 376.794919 3
490.627776 376.794919 3
489.621467 376.794919 3
487.105694 377.666408 2
488.615158 380.280875 2
489.118312 381.152364 2
490.124621 382.895342 2
490.627776 383.766832 2
492.137239 386.381299 2
492.640393 387.252788 2
493.143548 388.124277 2
493.646702 388.995766 2
494.653011 390.738744 2
495.156166 391.610233 2
495.659320 392.481722 2
496.665629 394.224700 2
497.168784 395.096190 2
498.175092 396.839168 2
498.678247 397.710657 2
499.181401 398.582146 2
500.187710 400.325124 2
500.690865 401.196613 2
501.194019 402.068102 2
502.200328 403.811080 2
502.703482 404.682569 2
503.709791 406.425547 2
504.212946 407.297036 2
505.219255 409.040015 2
505.722409 409.911504 2
506.225564 410.782993 2
507.735027 413.397460 2
507.232686 414.267540 1
506.730345 415.137620 1
506.228004 416.007700 1
505.725664 416.877779 1
504.218641 419.488019 1
503.716300 420.358099 1
502.209278 422.968339 1
501.204596 424.708498 1
500.199914 426.448658 1
499.697573 427.318738 1
498.190551 429.928978 1
497.185869 431.669137 1
496.181187 433.409297 1
494.674165 436.019537 1
494.171824 436.889617 1
492.664801 439.499856 1
492.162461 440.369936 1
490.153097 443.850256 1
489.148415 445.590415 1
488.143734 447.330575 1
485.632029 451.680974 1
482.617984 456.901454 1
481.110962 459.511693 1
474.078190 471.692811 1
468.552440 481.263690 1
459.510305 496.925128 1
459.007964 497.795208 1
458.505623 498.665288 1
458.003283 499.535367 1
455.993919 503.015687 1
455.491578 503.885767 1
450.468170 512.586565 1
446.951784 518.677125 1
443.937739 523.897604 1
437.909648 534.338562 1
435.900285 537.818882 1
434.393262 540.429121 1
431.881558 544.779521 1
430.876876 546.519681 1
429.369854 549.129920 1
422.851644 550.000000 0
411.822550 550.000000 0
396.782878 550.000000 0
395.780233 550.000000 0
394.777588 550.000000 0
389.764364 550.000000 0
388.761719 550.000000 0
376.729980 550.000000 0
356.677083 550.000000 0
349.658569 550.000000 0
341.637410 550.000000 0
330.608317 550.000000 0
325.595093 550.000000 0
322.587158 550.000000 0
309.552775 550.000000 0
300.528971 550.000000 0
297.521037 550.000000 0
296.518392 550.000000 0
295.515747 550.000000 0
274.460205 550.000000 0
268.444336 550.000000 0
259.420532 550.000000 0
229.341187 550.000000 0
223.325317 550.000000 0
175.198364 550.000000 0
174.195719 550.000000 0
171.187785 550.000000 0
169.182495 550.000000 0
166.174561 550.000000 0
162.163981 550.000000 0
144.116374 550.000000 0
142.111084 550.000000 0
139.103149 550.000000 0
117.044963 550.000000 0
105.013224 550.000000 0
