1290
100.000000 450.000000 32
102.003732 450.000000 32
105.009330 450.000000 32
106.011196 450.000000 32
113.024258 450.000000 32
114.026124 450.000000 32
115.027990 450.000000 32
117.031722 450.000000 32
118.033588 450.000000 32
119.035454 450.000000 32
120.037320 450.000000 32
122.041052 450.000000 32
123.042918 450.000000 32
126.048516 450.000000 32
127.050382 450.000000 32
128.052248 450.000000 32
129.054114 450.000000 32
130.055980 450.000000 32
131.057846 450.000000 32
132.059712 450.000000 32
133.061578 450.000000 32
136.067177 450.000000 32
138.070909 450.000000 32
142.078373 450.000000 32
143.080239 450.000000 32
144.082105 450.000000 32
145.083971 450.000000 32
147.087703 450.000000 32
149.091435 450.000000 32
151.095167 450.000000 32
152.097033 450.000000 32
155.102631 450.000000 32
157.106363 450.000000 32
160.111961 450.000000 32
162.115693 450.000000 32
164.119425 450.000000 32
165.121291 450.000000 32
167.125023 450.000000 32
168.126889 450.000000 32
169.128755 450.000000 32
171.132487 450.000000 32
171.634828 449.129920 31
174.146532 444.779521 31
174.648873 443.909441 31
175.151214 443.039361 31
176.658236 440.429121 31
179.169941 436.078722 31
180.676963 433.468482 31
182.183986 430.858243 31
182.686326 429.988163 31
184.695690 426.507843 31
185.198031 425.637764 31
186.202712 423.897604 31
190.723780 416.066885 31
191.226121 415.196805 31
191.728462 414.326725 31
192.230803 413.456645 31
193.737825 410.846406 31
194.742507 409.106246 31
195.747189 407.366086 31
197.756552 403.885767 31
200.268256 399.535367 31
202.277620 396.055048 31
202.779960 395.184968 31
203.282301 394.314888 31
204.789324 391.704649 31
207.803369 386.484169 31
209.310391 383.873930 31
210.817414 381.263690 31
212.324436 378.653450 31
213.329118 376.913291 31
214.333800 375.173131 31
215.338482 373.432971 31
215.840822 372.562891 31
216.845504 370.822732 31
217.850186 369.082572 31
221.868913 362.121933 31
223.375935 359.511693 31
224.380617 357.771534 31
224.882958 356.901454 31
225.887639 355.161294 31
229.906366 348.200655 31
232.418070 343.850256 31
233.925093 341.240016 31
234.929775 339.499856 31
236.939138 336.019537 31
238.446161 333.409297 31
239.450842 331.669137 31
240.957865 329.058898 31
242.464887 326.448658 31
242.967228 325.578578 31
243.971910 323.838418 31
244.976592 322.098259 31
246.483614 319.488019 31
250.000000 313.397460 31
253.014045 318.617939 30
253.516386 319.488019 30
259.042135 329.058898 30
259.544476 329.928978 30
260.046817 330.799057 30
260.549158 331.669137 30
261.553839 333.409297 30
262.056180 334.279377 30
263.060862 336.019537 30
264.065544 337.759696 30
264.567885 338.629776 30
265.070225 339.499856 30
265.572566 340.369936 30
268.586611 345.590415 30
270.093634 348.200655 30
272.605338 352.551054 30
273.107679 353.421134 30
274.112361 355.161294 30
274.614702 356.031374 30
275.117042 356.901454 30
275.619383 357.771534 30
276.624065 359.511693 30
279.135769 363.862093 30
282.149814 369.082572 30
282.652155 369.952652 30
283.656837 371.692811 30
284.661518 373.432971 30
286.168541 376.043211 30
286.670882 376.913291 30
288.680245 380.393610 30
294.708335 390.834569 30
295.210676 391.704649 30
299.731744 399.535367 30
306.764516 411.716486 30
307.266857 412.586565 30
308.271538 414.326725 30
308.773879 415.196805 30
309.778561 416.936965 30
311.285583 419.547204 30
313.294947 423.027524 30
316.308992 428.248003 30
317.816014 430.858243 30
319.825378 434.338562 30
321.332400 436.948802 30
324.346445 442.169281 30
324.848786 443.039361 30
325.351127 443.909441 30
325.853468 444.779521 30
328.365172 449.129920 30
328.867513 450.000000 29
329.873822 450.000000 29
333.899058 450.000000 29
334.905366 450.000000 29
335.911675 450.000000 29
336.917984 450.000000 29
337.924293 450.000000 29
338.930602 450.000000 29
340.943220 450.000000 29
342.955838 450.000000 29
343.962147 450.000000 29
344.968455 450.000000 29
345.974764 450.000000 29
347.987382 450.000000 29
348.993691 450.000000 29
351.006309 450.000000 29
352.012618 450.000000 29
353.018927 450.000000 29
354.025236 450.000000 29
356.037853 450.000000 29
357.044162 450.000000 29
358.050471 450.000000 29
359.056780 450.000000 29
361.069398 450.000000 29
362.075707 450.000000 29
364.088325 450.000000 29
365.094634 450.000000 29
366.100942 450.000000 29
367.107251 450.000000 29
368.113560 450.000000 29
370.126178 450.000000 29
371.132487 450.000000 29
371.132487 450.000000 28
371.635641 449.128511 28
372.138796 448.257022 28
373.145105 446.514044 28
373.648259 445.642555 28
374.151414 444.771066 28
374.654568 443.899577 28
375.157722 443.028088 28
376.164031 441.285110 28
376.667186 440.413620 28
377.170340 439.542131 28
378.176649 437.799153 28
378.679803 436.927664 28
379.182958 436.056175 28
379.686112 435.184686 28
380.189267 434.313197 28
380.692421 433.441708 28
381.195576 432.570219 28
381.698730 431.698730 28
382.705039 429.955752 28
383.208193 429.084263 28
384.214502 427.341285 28
384.717657 426.469796 28
385.723965 424.726818 28
386.227120 423.855329 28
387.233429 422.112350 28
387.736583 421.240861 28
388.239738 420.369372 28
389.246046 418.626394 28
389.749201 417.754905 28
390.252355 416.883416 28
390.755510 416.011927 28
391.258664 415.140438 28
392.264973 413.397460 28
390.255610 409.917140 27
386.739224 403.826581 27
384.227519 399.476182 27
379.204111 390.775383 27
375.687725 384.684824 27
374.683043 382.944664 27
372.673680 379.464345 27
371.668998 377.724185 27
367.147931 369.893466 27
365.640908 367.283226 27
363.129204 362.932827 27
362.124522 361.192667 27
360.617500 358.582428 27
360.115159 357.712348 27
349.063660 338.570590 27
348.058978 336.830431 27
345.547274 332.480031 27
345.044933 331.609951 27
342.030888 326.389472 27
341.528547 325.519392 27
339.519184 322.039073 27
337.509821 318.558753 27
333.993435 312.468194 27
332.486412 309.857954 27
331.984071 308.987875 27
331.481730 308.117795 27
330.979390 307.247715 27
326.458322 299.416996 27
324.448959 295.936676 27
323.946618 295.066596 27
321.434914 290.716197 27
320.932573 289.846117 27
318.923209 286.365798 27
318.420868 285.495718 27
317.918528 284.625638 27
315.406823 280.275239 27
314.904483 279.405159 27
313.397460 276.794919 27
315.406823 276.794919 26
319.425550 276.794919 26
321.434914 276.794919 26
323.444277 276.794919 26
326.458322 276.794919 26
327.463004 276.794919 26
329.472367 276.794919 26
332.486412 276.794919 26
333.491094 276.794919 26
339.519184 276.794919 26
340.523866 276.794919 26
344.542593 276.794919 26
346.551956 276.794919 26
348.561320 276.794919 26
354.589410 276.794919 26
355.594091 276.794919 26
356.598773 276.794919 26
357.603455 276.794919 26
361.622182 276.794919 26
373.678362 276.794919 26
376.692407 276.794919 26
378.701771 276.794919 26
379.706452 276.794919 26
381.715816 276.794919 26
384.729861 276.794919 26
385.734542 276.794919 26
387.743906 276.794919 26
390.757951 276.794919 26
396.786041 276.794919 26
397.790723 276.794919 26
403.818813 276.794919 26
405.828176 276.794919 26
406.832858 276.794919 26
407.837540 276.794919 26
408.842222 276.794919 26
410.851585 276.794919 26
414.870312 276.794919 26
417.884357 276.794919 26
418.889039 276.794919 26
421.903084 276.794919 26
422.907765 276.794919 26
424.917129 276.794919 26
425.921810 276.794919 26
432.954582 276.794919 26
434.963946 276.794919 26
443.001399 276.794919 26
445.010763 276.794919 26
446.015444 276.794919 26
450.034171 276.794919 26
451.038853 276.794919 26
454.052898 276.794919 26
459.076307 276.794919 26
460.080988 276.794919 26
462.090352 276.794919 26
466.109078 276.794919 26
468.118442 276.794919 26
469.123124 276.794919 26
471.132487 276.794919 26
472.137169 275.054759 25
475.151214 269.834280 25
475.653555 268.964200 25
479.672281 262.003561 25
480.676963 260.263401 25
482.183986 257.653162 25
482.686326 256.783082 25
486.202712 250.692523 25
486.705053 249.822443 25
487.709735 248.082283 25
488.714417 246.342123 25
492.733143 239.381484 25
493.235484 238.511405 25
495.747189 234.161005 25
497.254211 231.550766 25
498.761234 228.940526 25
501.775279 223.720047 25
502.277620 222.849967 25
502.779960 221.979887 25
509.310391 210.668849 25
510.315073 208.928689 25
512.324436 205.448369 25
513.831459 202.838130 25
514.836141 201.097970 25
519.859549 192.397171 25
522.371253 188.046772 25
524.882958 183.696373 25
529.404025 175.865654 25
531.915730 171.515254 25
532.920411 169.775095 25
533.925093 168.034935 25
538.446161 160.204216 25
542.967228 152.373497 25
544.474251 149.763258 25
545.981273 147.153018 25
552.511704 144.542778 24
553.014045 145.412858 24
554.018727 147.153018 24
556.028090 150.633337 24
556.530431 151.503417 24
557.535113 153.243577 24
561.051499 159.334136 24
561.553839 160.204216 24
562.056180 161.074296 24
563.060862 162.814456 24
563.563203 163.684536 24
567.079589 169.775095 24
568.084270 171.515254 24
569.088952 173.255414 24
570.595975 175.865654 24
573.610020 181.086133 24
574.614702 182.826293 24
578.131087 188.916852 24
580.642792 193.267251 24
581.647473 195.007411 24
583.154496 197.617651 24
586.670882 203.708210 24
587.173223 204.578290 24
588.680245 207.188529 24
591.191949 211.538929 24
592.196631 213.279088 24
593.201313 215.019248 24
597.220040 221.979887 24
604.755152 235.031085 24
606.764516 238.511405 24
609.276220 242.861804 24
614.801969 252.432683 24
619.323037 260.263401 24
621.332400 263.743721 24
622.337082 265.483881 24
622.839423 266.353961 24
624.346445 268.964200 24
627.360490 274.184679 24
627.862831 275.054759 24
643.937739 276.794919 23
644.942420 276.794919 23
645.947102 276.794919 23
646.951784 276.794919 23
650.970510 276.794919 23
654.989237 276.794919 23
656.998601 276.794919 23
658.003282 276.794919 23
659.007964 276.794919 23
667.045418 276.794919 23
671.064144 276.794919 23
672.068826 276.794919 23
677.092235 276.794919 23
678.096916 276.794919 23
679.101598 276.794919 23
687.139052 276.794919 23
692.162460 276.794919 23
695.176505 276.794919 23
696.181187 276.794919 23
698.190550 276.794919 23
699.195232 276.794919 23
700.199914 276.794919 23
710.246731 276.794919 23
712.256094 276.794919 23
716.274821 276.794919 23
718.284184 276.794919 23
719.288866 276.794919 23
726.321638 276.794919 23
727.326320 276.794919 23
731.345046 276.794919 23
733.354410 276.794919 23
747.419954 276.794919 23
748.424635 276.794919 23
750.433999 276.794919 23
751.438680 276.794919 23
754.452726 276.794919 23
755.457407 276.794919 23
759.476134 276.794919 23
761.485497 276.794919 23
762.490179 276.794919 23
763.494861 276.794919 23
764.499543 276.794919 23
765.504224 276.794919 23
768.518269 276.794919 23
771.532314 276.794919 23
776.555723 276.794919 23
777.560405 276.794919 23
784.593177 276.794919 23
786.602540 276.794919 23
785.597858 278.535079 22
779.067427 289.846117 22
778.565086 290.716197 22
776.555723 294.196517 22
775.048701 296.806756 22
773.541678 299.416996 22
773.039337 300.287076 22
771.029974 303.767395 22
768.518270 308.117795 22
766.508906 311.598114 22
763.997202 315.948514 22
762.992520 317.688673 22
761.987838 319.428833 22
760.983157 321.168993 22
759.476134 323.779232 22
757.466771 327.259552 22
756.964430 328.129632 22
752.945703 335.090271 22
751.941022 336.830431 22
747.922295 343.791070 22
745.912931 347.271389 22
744.405909 349.881629 22
742.396545 353.361948 22
739.382500 358.582428 22
738.377819 360.322587 22
736.368455 363.802907 22
735.363774 365.543067 22
734.861433 366.413147 22
732.852069 369.893466 22
729.838024 375.113945 22
728.833343 376.854105 22
728.331002 377.724185 22
727.828661 378.594265 22
726.823979 380.334425 22
726.321638 381.204504 22
724.814616 383.814744 22
723.307593 386.424984 22
721.298230 389.905303 22
720.795889 390.775383 22
719.288866 393.385623 22
717.781844 395.995862 22
713.260776 403.826581 22
711.753754 406.436821 22
707.735027 413.397460 22
707.735027 413.397460 21
708.238181 414.268949 21
708.741336 415.140438 21
709.244490 416.011927 21
709.747645 416.883416 21
710.753954 418.626394 21
711.257108 419.497883 21
711.760262 420.369372 21
712.263417 421.240861 21
714.276035 424.726818 21
715.785498 427.341285 21
716.288652 428.212774 21
716.791807 429.084263 21
717.798116 430.827241 21
718.301270 431.698730 21
718.804424 432.570219 21
719.307579 433.441708 21
720.313888 435.184686 21
720.817042 436.056175 21
721.320197 436.927664 21
721.823351 437.799153 21
722.326505 438.670642 21
722.829660 439.542131 21
724.842278 443.028088 21
725.345432 443.899577 21
725.848586 444.771066 21
726.351741 445.642555 21
727.358050 447.385533 21
728.364359 449.128511 21
728.867513 450.000000 20
729.873822 450.000000 20
730.880131 450.000000 20
732.892749 450.000000 20
733.899058 450.000000 20
735.911675 450.000000 20
736.917984 450.000000 20
738.930602 450.000000 20
740.943220 450.000000 20
742.955838 450.000000 20
743.962147 450.000000 20
744.968455 450.000000 20
745.974764 450.000000 20
747.987382 450.000000 20
748.993691 450.000000 20
751.006309 450.000000 20
752.012618 450.000000 20
753.018927 450.000000 20
755.031545 450.000000 20
758.050471 450.000000 20
759.056780 450.000000 20
761.069398 450.000000 20
762.075707 450.000000 20
763.082016 450.000000 20
765.094634 450.000000 20
766.100942 450.000000 20
767.107251 450.000000 20
768.113560 450.000000 20
769.119869 450.000000 20
770.126178 450.000000 20
771.132487 450.000000 20
771.132487 450.000000 19
774.146532 444.779521 19
775.151214 443.039361 19
776.658236 440.429121 19
780.676963 433.468482 19
781.179304 432.598403 19
783.691008 428.248003 19
784.695690 426.507843 19
787.709735 421.287364 19
789.216757 418.677125 19
790.723780 416.066885 19
793.235484 411.716486 19
795.244848 408.236166 19
795.747189 407.366086 19
796.249529 406.496006 19
796.751870 405.625926 19
797.254211 404.755847 19
800.268256 399.535367 19
801.775279 396.925128 19
802.277620 396.055048 19
802.779960 395.184968 19
804.286983 392.574728 19
804.789324 391.704649 19
805.794005 389.964489 19
806.296346 389.094409 19
809.310391 383.873930 19
809.812732 383.003850 19
812.826777 377.783371 19
813.831459 376.043211 19
816.343163 371.692811 19
817.347845 369.952652 19
820.864231 363.862093 19
822.873594 360.381773 19
823.375935 359.511693 19
825.385298 356.031374 19
825.887639 355.161294 19
826.892321 353.421134 19
828.901684 349.940815 19
829.404025 349.070735 19
830.408707 347.330575 19
831.413389 345.590415 19
832.920411 342.980176 19
833.925093 341.240016 19
834.929775 339.499856 19
836.436797 336.889617 19
839.450842 331.669137 19
841.460206 328.188818 19
842.464887 326.448658 19
842.967228 325.578578 19
843.971910 323.838418 19
848.492977 316.007700 19
849.497659 314.267540 19
850.000000 313.397460 18
858.037454 327.318738 18
861.051499 332.539217 18
863.563203 336.889617 18
864.567885 338.629776 18
866.577248 342.110096 18
867.079589 342.980176 18
867.581930 343.850256 18
868.586611 345.590415 18
869.591293 347.330575 18
870.093634 348.200655 18
877.628747 361.251853 18
878.633428 362.992013 18
879.638110 364.732172 18
883.154496 370.822732 18
883.656837 371.692811 18
884.159178 372.562891 18
884.661518 373.432971 18
885.163859 374.303051 18
886.168541 376.043211 18
887.173223 377.783371 18
888.177904 379.523530 18
888.680245 380.393610 18
889.182586 381.263690 18
892.698972 387.354249 18
896.215358 393.444808 18
898.727062 397.795208 18
899.731744 399.535367 18
901.741107 403.015687 18
902.745789 404.755847 18
904.252811 407.366086 18
904.755152 408.236166 18
910.280902 417.807045 18
911.285583 419.547204 18
912.792606 422.157444 18
915.806651 427.377923 18
916.308992 428.248003 18
920.327719 435.208642 18
920.830059 436.078722 18
922.839423 439.559042 18
927.360490 447.389760 18
927.862831 448.259840 18
929.869379 450.000000 17
930.871245 450.000000 17
932.874977 450.000000 17
935.880575 450.000000 17
937.884307 450.000000 17
938.886173 450.000000 17
942.893637 450.000000 17
943.895503 450.000000 17
944.897369 450.000000 17
945.899235 450.000000 17
946.901101 450.000000 17
948.904833 450.000000 17
950.908565 450.000000 17
954.916029 450.000000 17
955.917895 450.000000 17
956.919761 450.000000 17
959.925359 450.000000 17
961.929091 450.000000 17
962.930957 450.000000 17
964.934690 450.000000 17
966.938422 450.000000 17
967.940288 450.000000 17
968.942154 450.000000 17
970.945886 450.000000 17
972.949618 450.000000 17
973.951484 450.000000 17
976.957082 450.000000 17
977.958948 450.000000 17
979.962680 450.000000 17
980.964546 450.000000 17
983.970144 450.000000 17
986.975742 450.000000 17
988.979474 450.000000 17
991.985072 450.000000 17
995.992536 450.000000 17
996.994402 450.000000 17
997.996268 450.000000 17
1000.000000 451.000000 16
1000.000000 453.000000 16
1000.000000 456.000000 16
1000.000000 458.000000 16
1000.000000 459.000000 16
1000.000000 460.000000 16
1000.000000 461.000000 16
1000.000000 462.000000 16
1000.000000 464.000000 16
1000.000000 466.000000 16
1000.000000 467.000000 16
1000.000000 469.000000 16
1000.000000 472.000000 16
1000.000000 475.000000 16
1000.000000 476.000000 16
1000.000000 485.000000 16
1000.000000 488.000000 16
1000.000000 489.000000 16
1000.000000 490.000000 16
1000.000000 491.000000 16
1000.000000 497.000000 16
1000.000000 498.000000 16
1000.000000 501.000000 16
1000.000000 504.000000 16
1000.000000 507.000000 16
1000.000000 509.000000 16
1000.000000 514.000000 16
1000.000000 515.000000 16
1000.000000 523.000000 16
1000.000000 525.000000 16
1000.000000 528.000000 16
1000.000000 535.000000 16
1000.000000 538.000000 16
1000.000000 539.000000 16
1000.000000 543.000000 16
1000.000000 545.000000 16
1000.000000 547.000000 16
1000.000000 548.000000 16
1000.000000 549.000000 16
1000.000000 550.000000 16
1000.000000 550.000000 15
994.966113 550.000000 15
992.952558 550.000000 15
990.939003 550.000000 15
989.932226 550.000000 15
986.911893 550.000000 15
984.898338 550.000000 15
983.891561 550.000000 15
980.871229 550.000000 15
979.864451 550.000000 15
976.844119 550.000000 15
975.837341 550.000000 15
972.817009 550.000000 15
971.810232 550.000000 15
966.776344 550.000000 15
965.769567 550.000000 15
964.762789 550.000000 15
958.722125 550.000000 15
957.715347 550.000000 15
955.701792 550.000000 15
954.695015 550.000000 15
945.634018 550.000000 15
944.627241 550.000000 15
940.600131 550.000000 15
935.566243 550.000000 15
932.545911 550.000000 15
927.512024 550.000000 15
926.505246 550.000000 15
925.498469 550.000000 15
923.484914 550.000000 15
919.457804 550.000000 15
917.444249 550.000000 15
916.437472 550.000000 15
915.430695 550.000000 15
911.403585 550.000000 15
906.369698 550.000000 15
904.356143 550.000000 15
902.342588 550.000000 15
901.335810 550.000000 15
894.288368 550.000000 15
893.281591 550.000000 15
891.268036 550.000000 15
880.193484 550.000000 15
877.173152 550.000000 15
874.152819 550.000000 15
873.146042 550.000000 15
871.132487 550.000000 15
871.132487 550.000000 14
870.629333 549.128511 14
869.623024 547.385533 14
869.119869 546.514044 14
868.616715 545.642555 14
868.113560 544.771066 14
867.107251 543.028088 14
866.604097 542.156599 14
866.100942 541.285110 14
865.597788 540.413620 14
864.088325 537.799153 14
863.585170 536.927664 14
863.082016 536.056175 14
862.578861 535.184686 14
862.075707 534.313197 14
861.572552 533.441708 14
861.069398 532.570219 14
860.063089 530.827241 14
859.056780 529.084263 14
858.553626 528.212774 14
857.547317 526.469796 14
857.044162 525.598307 14
856.541008 524.726818 14
855.534699 522.983840 14
855.031545 522.112350 14
854.528390 521.240861 14
854.025236 520.369372 14
853.522081 519.497883 14
852.515772 517.754905 14
852.012618 516.883416 14
851.509463 516.011927 14
851.006309 515.140438 14
850.503154 514.268949 14
850.000000 513.397460 14
850.000000 513.397460 13
848.993691 515.140438 13
847.484228 517.754905 13
846.981073 518.626394 13
846.477919 519.497883 13
845.974764 520.369372 13
845.471610 521.240861 13
844.968455 522.112350 13
842.452683 526.469796 13
841.949529 527.341285 13
841.446374 528.212774 13
840.943220 529.084263 13
839.936911 530.827241 13
838.930602 532.570219 13
837.924293 534.313197 13
837.421139 535.184686 13
836.917984 536.056175 13
836.414830 536.927664 13
835.911675 537.799153 13
835.408521 538.670642 13
834.402212 540.413620 13
833.899058 541.285110 13
832.892749 543.028088 13
832.389594 543.899577 13
831.886440 544.771066 13
831.383285 545.642555 13
830.880131 546.514044 13
830.376976 547.385533 13
829.873822 548.257022 13
829.370667 549.128511 13
828.867513 550.000000 13
828.867513 550.000000 12
816.811333 550.000000 12
812.792606 550.000000 12
811.787924 550.000000 12
803.750471 550.000000 12
800.736426 550.000000 12
799.731744 550.000000 12
798.727062 550.000000 12
794.708335 550.000000 12
783.656837 550.000000 12
780.642792 550.000000 12
769.591293 550.000000 12
768.586611 550.000000 12
767.581930 550.000000 12
765.572566 550.000000 12
761.553839 550.000000 12
760.549158 550.000000 12
758.539794 550.000000 12
756.530431 550.000000 12
753.516386 550.000000 12
752.511704 550.000000 12
745.478932 550.000000 12
737.441479 550.000000 12
735.432115 550.000000 12
732.418070 550.000000 12
727.394662 550.000000 12
720.361890 550.000000 12
719.357208 550.000000 12
718.352527 550.000000 12
717.347845 550.000000 12
715.338482 550.000000 12
711.319755 550.000000 12
710.315073 550.000000 12
706.296346 550.000000 12
705.291665 550.000000 12
703.282301 550.000000 12
701.272938 550.000000 12
698.258893 550.000000 12
697.254211 550.000000 12
696.249529 550.000000 12
689.216757 550.000000 12
688.212076 550.000000 12
687.207394 550.000000 12
686.202712 550.000000 12
681.179304 550.000000 12
677.160577 550.000000 12
676.155895 550.000000 12
675.151214 550.000000 12
672.137169 550.000000 12
668.620783 545.649601 11
668.118442 544.779521 11
666.109078 541.299201 11
665.104397 539.559042 11
660.080988 530.858243 11
658.573966 528.248003 11
655.057580 522.157444 11
652.545875 517.807045 11
652.043535 516.936965 11
651.541194 516.066885 11
650.536512 514.326725 11
649.531830 512.586565 11
647.020126 508.236166 11
646.517785 507.366086 11
641.996717 499.535367 11
639.987354 496.055048 11
639.485013 495.184968 11
638.982672 494.314888 11
637.977991 492.574728 11
635.466286 488.224329 11
633.959264 485.614089 11
632.954582 483.873930 11
632.452241 483.003850 11
630.945219 480.393610 11
629.940537 478.653450 11
627.931174 475.173131 11
626.926492 473.432971 11
620.898402 462.992013 11
618.386697 458.641613 11
617.884357 457.771534 11
617.382016 456.901454 11
615.874993 454.291214 11
614.367971 451.680974 11
612.358607 448.200655 11
609.344562 442.980176 11
604.321153 434.279377 11
602.311790 430.799057 11
601.307108 429.058898 11
600.302427 427.318738 11
598.795404 424.708498 11
598.293063 423.838418 11
597.790722 422.968339 11
592.767314 414.267540 11
592.768127 412.525971 10
593.774436 410.782993 10
594.780745 409.040015 10
595.283900 408.168526 10
595.787054 407.297036 10
596.290209 406.425547 10
596.793363 405.554058 10
597.799672 403.811080 10
598.805981 402.068102 10
599.309135 401.196613 10
599.812290 400.325124 10
600.315444 399.453635 10
600.818599 398.582146 10
601.321753 397.710657 10
601.824908 396.839168 10
603.334371 394.224700 10
603.837525 393.353211 10
604.340680 392.481722 10
605.346989 390.738744 10
605.850143 389.867255 10
606.353298 388.995766 10
607.359607 387.252788 10
608.365915 385.509810 10
608.869070 384.638321 10
609.372224 383.766832 10
609.875379 382.895342 10
610.881688 381.152364 10
611.384842 380.280875 10
611.887997 379.409386 10
612.391151 378.537897 10
613.397460 376.794919 10
613.397460 376.794919 9
610.378533 376.794919 9
608.365916 376.794919 9
607.359607 376.794919 9
606.353298 376.794919 9
605.346989 376.794919 9
604.340680 376.794919 9
602.328062 376.794919 9
601.321753 376.794919 9
600.315445 376.794919 9
598.302827 376.794919 9
597.296518 376.794919 9
596.290209 376.794919 9
595.283900 376.794919 9
594.277591 376.794919 9
593.271282 376.794919 9
592.264973 376.794919 9
591.258665 376.794919 9
589.246047 376.794919 9
584.214502 376.794919 9
583.208194 376.794919 9
582.201885 376.794919 9
580.189267 376.794919 9
579.182958 376.794919 9
578.176649 376.794919 9
577.170340 376.794919 9
575.157723 376.794919 9
573.145105 376.794919 9
572.138796 376.794919 9
571.132487 376.794919 9
571.132487 376.794919 8
570.126178 375.051941 8
569.119869 373.308963 8
568.113560 371.565985 8
567.610406 370.694496 8
567.107251 369.823007 8
566.604097 368.951518 8
566.100942 368.080029 8
565.094634 366.337050 8
564.591479 365.465561 8
564.088325 364.594072 8
563.585170 363.722583 8
562.578861 361.979605 8
562.075707 361.108116 8
561.572552 360.236627 8
561.069398 359.365138 8
560.566243 358.493649 8
560.063089 357.622160 8
559.559935 356.750671 8
558.553626 355.007693 8
557.547317 353.264715 8
557.044162 352.393226 8
556.541008 351.521737 8
556.037853 350.650248 8
555.534699 349.778759 8
555.031545 348.907269 8
554.528390 348.035780 8
554.025236 347.164291 8
553.018927 345.421313 8
552.012618 343.678335 8
551.509463 342.806846 8
550.503154 341.063868 8
550.000000 340.192379 8
549.496846 341.063868 7
548.993691 341.935357 7
547.484228 344.549824 7
545.471610 348.035780 7
544.465301 349.778759 7
543.458992 351.521737 7
542.955838 352.393226 7
542.452683 353.264715 7
541.446374 355.007693 7
540.440065 356.750671 7
539.936911 357.622160 7
539.433757 358.493649 7
538.930602 359.365138 7
538.427448 360.236627 7
537.924293 361.108116 7
535.911675 364.594072 7
535.408521 365.465561 7
534.402212 367.208539 7
533.395903 368.951518 7
532.892749 369.823007 7
531.886440 371.565985 7
531.383285 372.437474 7
530.880131 373.308963 7
529.873822 375.051941 7
529.370667 375.923430 7
528.867513 376.794919 6
526.854895 376.794919 6
525.848586 376.794919 6
523.835969 376.794919 6
520.817042 376.794919 6
519.810733 376.794919 6
518.804424 376.794919 6
517.798115 376.794919 6
516.791806 376.794919 6
515.785498 376.794919 6
514.779189 376.794919 6
513.772880 376.794919 6
512.766571 376.794919 6
511.760262 376.794919 6
510.753953 376.794919 6
508.741335 376.794919 6
506.728718 376.794919 6
503.709791 376.794919 6
502.703482 376.794919 6
501.697173 376.794919 6
500.690864 376.794919 6
499.684555 376.794919 6
497.671938 376.794919 6
496.665629 376.794919 6
495.659320 376.794919 6
494.653011 376.794919 6
493.646702 376.794919 6
492.640393 376.794919 6
491.634084 376.794919 6
488.615158 376.794919 6
487.608849 376.794919 6
486.602540 376.794919 6
486.602540 376.794919 5
487.608849 378.537897 5
488.112003 379.409386 5
488.615158 380.280875 5
489.118312 381.152364 5
490.124621 382.895342 5
490.627776 383.766832 5
491.130930 384.638321 5
491.634085 385.509810 5
492.137239 386.381299 5
492.640393 387.252788 5
493.143548 388.124277 5
494.149857 389.867255 5
495.156166 391.610233 5
496.162475 393.353211 5
497.168784 395.096190 5
497.671938 395.967679 5
498.175092 396.839168 5
498.678247 397.710657 5
499.181401 398.582146 5
499.684556 399.453635 5
500.187710 400.325124 5
500.690865 401.196613 5
501.194019 402.068102 5
501.697174 402.939591 5
502.200328 403.811080 5
503.206637 405.554058 5
503.709791 406.425547 5
504.212946 407.297036 5
504.716100 408.168526 5
505.219255 409.040015 5
505.722409 409.911504 5
506.225564 410.782993 5
507.231873 412.525971 5
507.735027 413.397460 5
507.735027 413.397460 4
507.232686 414.267540 4
506.228004 416.007700 4
503.213959 421.228179 4
502.711618 422.098259 4
501.204596 424.708498 4
494.674165 436.019537 4
493.669483 437.759696 4
488.143734 447.330575 4
486.636711 449.940815 4
485.632029 451.680974 4
484.125007 454.291214 4
482.617984 456.901454 4
479.603939 462.121933 4
478.096917 464.732172 4
477.092235 466.472332 4
476.589894 467.342412 4
472.571167 474.303051 4
472.068826 475.173131 4
467.045418 483.873930 4
466.543077 484.744010 4
460.012646 496.055048 4
457.500942 500.405447 4
454.486897 505.625926 4
453.482215 507.366086 4
452.979874 508.236166 4
451.975192 509.976326 4
450.468170 512.586565 4
449.463488 514.326725 4
447.956465 516.936965 4
447.454125 517.807045 4
446.951784 518.677125 4
444.942420 522.157444 4
442.933057 525.637764 4
441.426034 528.248003 4
439.919012 530.858243 4
439.416671 531.728323 4
436.402626 536.948802 4
434.895603 539.559042 4
433.890922 541.299201 4
432.886240 543.039361 4
432.383899 543.909441 4
427.862831 550.000000 3
426.858150 550.000000 3
423.844105 550.000000 3
422.839423 550.000000 3
420.830059 550.000000 3
419.825378 550.000000 3
417.816014 550.000000 3
409.778561 550.000000 3
407.769197 550.000000 3
404.755152 550.000000 3
401.741107 550.000000 3
400.736426 550.000000 3
399.731744 550.000000 3
396.717699 550.000000 3
395.713017 550.000000 3
393.703654 550.000000 3
392.698972 550.000000 3
390.689609 550.000000 3
385.666200 550.000000 3
382.652155 550.000000 3
370.595975 550.000000 3
369.591293 550.000000 3
367.581930 550.000000 3
366.577248 550.000000 3
359.544476 550.000000 3
357.535113 550.000000 3
354.521068 550.000000 3
350.502341 550.000000 3
348.492977 550.000000 3
346.483614 550.000000 3
344.474251 550.000000 3
339.450842 550.000000 3
338.446161 550.000000 3
337.441479 550.000000 3
329.404025 550.000000 3
319.357208 550.000000 3
313.329118 550.000000 3
300.268256 550.000000 3
299.263574 550.000000 3
298.258893 550.000000 3
294.240166 550.000000 3
285.198031 550.000000 3
284.193349 550.000000 3
283.188667 550.000000 3
281.179304 550.000000 3
270.126178 548.257022 2
269.623024 547.385533 2
269.119869 546.514044 2
268.113560 544.771066 2
267.107251 543.028088 2
266.604097 542.156599 2
266.100942 541.285110 2
265.094634 539.542131 2
264.591479 538.670642 2
264.088325 537.799153 2
263.082016 536.056175 2
262.578861 535.184686 2
261.572552 533.441708 2
261.069398 532.570219 2
260.566244 531.698730 2
259.056780 529.084263 2
258.553626 528.212774 2
258.050471 527.341285 2
257.547317 526.469796 2
257.044162 525.598307 2
256.541008 524.726818 2
255.534699 522.983840 2
255.031545 522.112350 2
253.522081 519.497883 2
252.515772 517.754905 2
252.012618 516.883416 2
251.509463 516.011927 2
250.503154 514.268949 2
248.993691 515.140438 1
247.484228 517.754905 1
246.477919 519.497883 1
245.974764 520.369372 1
244.968455 522.112350 1
244.465301 522.983840 1
243.962147 523.855329 1
243.458992 524.726818 1
242.955838 525.598307 1
242.452683 526.469796 1
241.949529 527.341285 1
241.446374 528.212774 1
240.943220 529.084263 1
240.440065 529.955752 1
239.433757 531.698730 1
238.427448 533.441708 1
237.924293 534.313197 1
237.421139 535.184686 1
236.414830 536.927664 1
235.911675 537.799153 1
235.408521 538.670642 1
234.402212 540.413620 1
233.395903 542.156599 1
232.389594 543.899577 1
231.383285 545.642555 1
230.880131 546.514044 1
229.873822 548.257022 1
229.370667 549.128511 1
228.867513 550.000000 1
225.847181 550.000000 0
224.840403 550.000000 0
223.833626 550.000000 0
222.826848 550.000000 0
219.806516 550.000000 0
215.779406 550.000000 0
214.772629 550.000000 0
209.738742 550.000000 0
208.731964 550.000000 0
207.725187 550.000000 0
202.691299 550.000000 0
199.670967 550.000000 0
198.664190 550.000000 0
196.650635 550.000000 0
195.643857 550.000000 0
188.596415 550.000000 0
187.589638 550.000000 0
186.582860 550.000000 0
183.562528 550.000000 0
181.548973 550.000000 0
176.515086 550.000000 0
173.494754 550.000000 0
170.474421 550.000000 0
169.467644 550.000000 0
166.447311 550.000000 0
159.399869 550.000000 0
158.393092 550.000000 0
157.386314 550.000000 0
156.379537 550.000000 0
155.372759 550.000000 0
154.365982 550.000000 0
149.332095 550.000000 0
146.311762 550.000000 0
143.291430 550.000000 0
142.284653 550.000000 0
141.277875 550.000000 0
139.264320 550.000000 0
133.223656 550.000000 0
132.216878 550.000000 0
129.196546 550.000000 0
127.182991 550.000000 0
121.142326 550.000000 0
120.135549 550.000000 0
119.128771 550.000000 0
114.094884 550.000000 0
111.074552 550.000000 0
110.067774 550.000000 0
108.054220 550.000000 0
106.040665 550.000000 0
104.027110 550.000000 0
103.020332 550.000000 0
100.000000 550.000000 0
