1600
100.000000 450.000000 32
101.001866 450.000000 32
102.003732 450.000000 32
105.009330 450.000000 32
106.011196 450.000000 32
107.013062 450.000000 32
108.014928 450.000000 32
110.018660 450.000000 32
111.020526 450.000000 32
112.022392 450.000000 32
113.024258 450.000000 32
114.026124 450.000000 32
115.027990 450.000000 32
116.029856 450.000000 32
117.031722 450.000000 32
118.033588 450.000000 32
120.037320 450.000000 32
121.039186 450.000000 32
122.041052 450.000000 32
123.042918 450.000000 32
124.044784 450.000000 32
125.046650 450.000000 32
126.048516 450.000000 32
128.052248 450.000000 32
131.057846 450.000000 32
132.059712 450.000000 32
134.063444 450.000000 32
135.065310 450.000000 32
136.067177 450.000000 32
138.070909 450.000000 32
139.072775 450.000000 32
140.074641 450.000000 32
141.076507 450.000000 32
142.078373 450.000000 32
144.082105 450.000000 32
146.085837 450.000000 32
147.087703 450.000000 32
150.093301 450.000000 32
151.095167 450.000000 32
152.097033 450.000000 32
153.098899 450.000000 32
156.104497 450.000000 32
157.106363 450.000000 32
159.110095 450.000000 32
161.113827 450.000000 32
162.115693 450.000000 32
163.117559 450.000000 32
164.119425 450.000000 32
165.121291 450.000000 32
166.123157 450.000000 32
168.126889 450.000000 32
170.130621 450.000000 32
171.132487 450.000000 31
173.141850 446.519681 31
174.146532 444.779521 31
174.648873 443.909441 31
175.151214 443.039361 31
176.155895 441.299201 31
176.658236 440.429121 31
179.672281 435.208642 31
180.174622 434.338562 31
189.216757 418.677125 31
190.723780 416.066885 31
191.728462 414.326725 31
194.240166 409.976326 31
195.244848 408.236166 31
196.249529 406.496006 31
198.258893 403.015687 31
199.263574 401.275527 31
205.291665 390.834569 31
206.798687 388.224329 31
208.305710 385.614089 31
208.808051 384.744010 31
211.319755 380.393610 31
213.329118 376.913291 31
213.831459 376.043211 31
214.836141 374.303051 31
215.840822 372.562891 31
217.850186 369.082572 31
219.357208 366.472332 31
220.864231 363.862093 31
222.873594 360.381773 31
224.380617 357.771534 31
226.389980 354.291214 31
228.901684 349.940815 31
230.911048 346.460495 31
231.915730 344.720335 31
232.418070 343.850256 31
232.920411 342.980176 31
233.422752 342.110096 31
234.427434 340.369936 31
234.929775 339.499856 31
235.934456 337.759696 31
237.441479 335.149457 31
239.953183 330.799057 31
241.962546 327.318738 31
242.464887 326.448658 31
243.971910 323.838418 31
247.488296 317.747859 31
247.990637 316.877779 31
248.492977 316.007700 31
250.000000 313.397460 30
251.004682 315.137620 30
255.525749 322.968339 30
256.028090 323.838418 30
256.530431 324.708498 30
257.535113 326.448658 30
258.037454 327.318738 30
259.042135 329.058898 30
260.046817 330.799057 30
260.549158 331.669137 30
262.056180 334.279377 30
263.060862 336.019537 30
264.065544 337.759696 30
265.572566 340.369936 30
266.074907 341.240016 30
267.581930 343.850256 30
273.107679 353.421134 30
274.614702 356.031374 30
275.117042 356.901454 30
275.619383 357.771534 30
276.624065 359.511693 30
278.131087 362.121933 30
278.633428 362.992013 30
279.638110 364.732172 30
280.140451 365.602252 30
281.145133 367.342412 30
284.159178 372.562891 30
284.661518 373.432971 30
287.173223 377.783371 30
288.680245 380.393610 30
289.684927 382.133770 30
290.689609 383.873930 30
291.694290 385.614089 30
292.196631 386.484169 30
293.201313 388.224329 30
295.210676 391.704649 30
295.713017 392.574728 30
297.722380 396.055048 30
298.224721 396.925128 30
298.727062 397.795208 30
301.741107 403.015687 30
302.745789 404.755847 30
304.252811 407.366086 30
304.755152 408.236166 30
305.257493 409.106246 30
309.778561 416.936965 30
310.783243 418.677125 30
315.304310 426.507843 30
316.308992 428.248003 30
317.313674 429.988163 30
318.820696 432.598403 30
321.332400 436.948802 30
321.834741 437.818882 30
322.839423 439.559042 30
323.341764 440.429121 30
324.848786 443.039361 30
326.355809 445.649601 30
326.858150 446.519681 30
327.360490 447.389760 30
327.862831 448.259840 30
328.365172 449.129920 30
329.873822 450.000000 29
330.880131 450.000000 29
331.886440 450.000000 29
332.892749 450.000000 29
333.899058 450.000000 29
334.905366 450.000000 29
335.911675 450.000000 29
336.917984 450.000000 29
337.924293 450.000000 29
338.930602 450.000000 29
340.943220 450.000000 29
341.949529 450.000000 29
342.955838 450.000000 29
343.962147 450.000000 29
344.968455 450.000000 29
345.974764 450.000000 29
346.981073 450.000000 29
347.987382 450.000000 29
348.993691 450.000000 29
350.000000 450.000000 29
351.006309 450.000000 29
352.012618 450.000000 29
355.031545 450.000000 29
356.037853 450.000000 29
357.044162 450.000000 29
359.056780 450.000000 29
360.063089 450.000000 29
361.069398 450.000000 29
362.075707 450.000000 29
363.082016 450.000000 29
365.094634 450.000000 29
367.107251 450.000000 29
368.113560 450.000000 29
369.119869 450.000000 29
371.132487 450.000000 29
371.132487 450.000000 28
371.635641 449.128511 28
372.138796 448.257022 28
372.641950 447.385533 28
373.648259 445.642555 28
374.654568 443.899577 28
375.660877 442.156599 28
376.164031 441.285110 28
376.667186 440.413620 28
377.170340 439.542131 28
377.673495 438.670642 28
378.176649 437.799153 28
378.679803 436.927664 28
379.182958 436.056175 28
379.686112 435.184686 28
380.189267 434.313197 28
380.692421 433.441708 28
381.195576 432.570219 28
381.698730 431.698730 28
382.201884 430.827241 28
383.208193 429.084263 28
383.711348 428.212774 28
384.214502 427.341285 28
384.717657 426.469796 28
385.220811 425.598307 28
385.723965 424.726818 28
386.730274 422.983840 28
387.233429 422.112350 28
388.239738 420.369372 28
388.742892 419.497883 28
389.246046 418.626394 28
389.749201 417.754905 28
390.252355 416.883416 28
390.755510 416.011927 28
391.258664 415.140438 28
391.761819 414.268949 28
392.264973 413.397460 28
388.748587 407.306901 27
388.246246 406.436821 27
387.743905 405.566741 27
386.739224 403.826581 27
386.236883 402.956501 27
385.734542 402.086422 27
384.227519 399.476182 27
382.720497 396.865942 27
382.218156 395.995862 27
379.706452 391.645463 27
379.204111 390.775383 27
378.199429 389.035223 27
377.697088 388.165144 27
376.692407 386.424984 27
376.190066 385.554904 27
375.687725 384.684824 27
374.180703 382.074584 27
373.678362 381.204504 27
373.176021 380.334425 27
372.673680 379.464345 27
371.166657 376.854105 27
370.161976 375.113945 27
368.654953 372.503706 27
368.152612 371.633626 27
367.147931 369.893466 27
366.143249 368.153306 27
365.138567 366.413147 27
364.636226 365.543067 27
364.133886 364.672987 27
361.622181 360.322587 27
361.119840 359.452508 27
360.617500 358.582428 27
359.612818 356.842268 27
359.110477 355.972188 27
358.105795 354.232028 27
357.603455 353.361948 27
355.091750 349.011549 27
354.087069 347.271389 27
353.082387 345.531229 27
352.580046 344.661150 27
351.073024 342.050910 27
350.570683 341.180830 27
350.068342 340.310750 27
349.063660 338.570590 27
348.058978 336.830431 27
347.556638 335.960351 27
347.054297 335.090271 27
345.044933 331.609951 27
344.542593 330.739871 27
344.040252 329.869792 27
343.537911 328.999712 27
342.030888 326.389472 27
341.026207 324.649312 27
339.519184 322.039073 27
339.016843 321.168993 27
338.514502 320.298913 27
338.012162 319.428833 27
337.007480 317.688673 27
336.002798 315.948514 27
334.998116 314.208354 27
333.993435 312.468194 27
333.491094 311.598114 27
332.988753 310.728034 27
329.974708 305.507555 27
326.960663 300.287076 27
325.955981 298.546916 27
325.453640 297.676836 27
323.946618 295.066596 27
322.439595 292.456357 27
321.937254 291.586277 27
320.932573 289.846117 27
319.425550 287.235878 27
318.923209 286.365798 27
318.420868 285.495718 27
317.416187 283.755558 27
315.406823 276.794919 26
316.411505 276.794919 26
318.420869 276.794919 26
319.425550 276.794919 26
320.430232 276.794919 26
325.453640 276.794919 26
326.458322 276.794919 26
327.463004 276.794919 26
330.477049 276.794919 26
332.486412 276.794919 26
333.491094 276.794919 26
335.500457 276.794919 26
338.514503 276.794919 26
339.519184 276.794919 26
341.528548 276.794919 26
344.542593 276.794919 26
347.556638 276.794919 26
349.566001 276.794919 26
351.575365 276.794919 26
352.580046 276.794919 26
356.598773 276.794919 26
358.608137 276.794919 26
359.612818 276.794919 26
362.626863 276.794919 26
363.631545 276.794919 26
364.636227 276.794919 26
365.640908 276.794919 26
368.654954 276.794919 26
371.668999 276.794919 26
372.673680 276.794919 26
374.683044 276.794919 26
376.692407 276.794919 26
382.720497 276.794919 26
384.729861 276.794919 26
385.734542 276.794919 26
387.743906 276.794919 26
388.748588 276.794919 26
389.753269 276.794919 26
392.767314 276.794919 26
399.800086 276.794919 26
400.804768 276.794919 26
402.814131 276.794919 26
403.818813 276.794919 26
408.842222 276.794919 26
409.846903 276.794919 26
410.851585 276.794919 26
411.856267 276.794919 26
413.865630 276.794919 26
415.874993 276.794919 26
418.889039 276.794919 26
421.903084 276.794919 26
422.907765 276.794919 26
424.917129 276.794919 26
426.926492 276.794919 26
427.931174 276.794919 26
428.935856 276.794919 26
431.949901 276.794919 26
435.968627 276.794919 26
437.977991 276.794919 26
441.996718 276.794919 26
444.006081 276.794919 26
448.024808 276.794919 26
452.043535 276.794919 26
455.057580 276.794919 26
458.071625 276.794919 26
460.080988 276.794919 26
461.085670 276.794919 26
467.113760 276.794919 26
468.118442 276.794919 26
469.123124 276.794919 26
472.137169 275.054759 25
474.146532 271.574440 25
474.648873 270.704360 25
475.653555 268.964200 25
478.165259 264.613801 25
479.169941 262.873641 25
479.672281 262.003561 25
480.174622 261.133481 25
481.179304 259.393322 25
481.681645 258.523242 25
482.183986 257.653162 25
482.686326 256.783082 25
485.198031 252.432683 25
486.202712 250.692523 25
487.709735 248.082283 25
492.230803 240.251564 25
492.733143 239.381484 25
493.235484 238.511405 25
495.747189 234.161005 25
496.751870 232.420845 25
497.254211 231.550766 25
502.277620 222.849967 25
504.789324 218.499568 25
505.291665 217.629488 25
506.798687 215.019248 25
510.315073 208.928689 25
510.817414 208.058609 25
511.822096 206.318449 25
512.826777 204.578290 25
513.329118 203.708210 25
513.831459 202.838130 25
514.333800 201.968050 25
515.338482 200.227890 25
515.840822 199.357810 25
517.347845 196.747571 25
520.361890 191.527091 25
520.864231 190.657012 25
522.371253 188.046772 25
524.882958 183.696373 25
525.385298 182.826293 25
526.892321 180.216053 25
527.897003 178.475893 25
528.399344 177.605814 25
528.901684 176.735734 25
529.404025 175.865654 25
530.408707 174.125494 25
531.413389 172.385334 25
537.943820 161.074296 25
538.948501 159.334136 25
539.953183 157.593976 25
541.962546 154.113657 25
542.464887 153.243577 25
544.474251 149.763258 25
547.488296 144.542778 25
550.000000 140.192379 24
550.502341 141.062459 24
551.507023 142.802619 24
552.009363 143.672698 24
553.516386 146.282938 24
554.018727 147.153018 24
554.521068 148.023098 24
555.023408 148.893178 24
556.530431 151.503417 24
557.535113 153.243577 24
558.037454 154.113657 24
559.544476 156.723897 24
560.046817 157.593976 24
561.051499 159.334136 24
562.558521 161.944376 24
564.065544 164.554615 24
565.572566 167.164855 24
569.088952 173.255414 24
571.098316 176.735734 24
573.107679 180.216053 24
574.112361 181.956213 24
575.117042 183.696373 24
576.121724 185.436532 24
578.131087 188.916852 24
578.633428 189.786932 24
580.642792 193.267251 24
581.145133 194.137331 24
581.647473 195.007411 24
582.149814 195.877491 24
583.154496 197.617651 24
586.168541 202.838130 24
586.670882 203.708210 24
587.675564 205.448369 24
590.187268 209.798769 24
591.191949 211.538929 24
592.196631 213.279088 24
593.201313 215.019248 24
593.703654 215.889328 24
594.205995 216.759408 24
595.210676 218.499568 24
597.220040 221.979887 24
598.224721 223.720047 24
601.741107 229.810606 24
602.745789 231.550766 24
606.262175 237.641325 24
607.266857 239.381484 24
609.276220 242.861804 24
609.778561 243.731884 24
611.285583 246.342123 24
612.792606 248.952363 24
614.801969 252.432683 24
616.811333 255.913002 24
617.313674 256.783082 24
618.318355 258.523242 24
620.830059 262.873641 24
621.834741 264.613801 24
622.839423 266.353961 24
624.346445 268.964200 24
626.858150 273.314600 24
627.862831 275.054759 24
631.881558 276.794919 23
632.886240 276.794919 23
633.890922 276.794919 23
635.900285 276.794919 23
638.914330 276.794919 23
641.928375 276.794919 23
644.942420 276.794919 23
645.947102 276.794919 23
646.951784 276.794919 23
649.965829 276.794919 23
653.984556 276.794919 23
654.989237 276.794919 23
655.993919 276.794919 23
659.007964 276.794919 23
660.012646 276.794919 23
664.031373 276.794919 23
667.045418 276.794919 23
670.059463 276.794919 23
674.078190 276.794919 23
676.087553 276.794919 23
677.092235 276.794919 23
678.096916 276.794919 23
680.106280 276.794919 23
685.129688 276.794919 23
688.143733 276.794919 23
689.148415 276.794919 23
690.153097 276.794919 23
692.162460 276.794919 23
698.190550 276.794919 23
702.209277 276.794919 23
705.223322 276.794919 23
706.228004 276.794919 23
709.242049 276.794919 23
715.270139 276.794919 23
717.279503 276.794919 23
718.284184 276.794919 23
720.293548 276.794919 23
721.298229 276.794919 23
723.307593 276.794919 23
724.312275 276.794919 23
725.316956 276.794919 23
726.321638 276.794919 23
729.335683 276.794919 23
730.340365 276.794919 23
737.373137 276.794919 23
738.377818 276.794919 23
740.387182 276.794919 23
745.410590 276.794919 23
746.415272 276.794919 23
748.424635 276.794919 23
750.433999 276.794919 23
752.443362 276.794919 23
755.457407 276.794919 23
757.466771 276.794919 23
759.476134 276.794919 23
762.490179 276.794919 23
764.499543 276.794919 23
766.508906 276.794919 23
770.527633 276.794919 23
772.536996 276.794919 23
774.546360 276.794919 23
775.551041 276.794919 23
777.560405 276.794919 23
780.574450 276.794919 23
781.579131 276.794919 23
783.588495 276.794919 23
786.602540 276.794919 23
785.597858 278.535079 22
783.588495 282.015398 22
783.086154 282.885478 22
782.081472 284.625638 22
781.579132 285.495718 22
781.076791 286.365798 22
779.569768 288.976037 22
778.565086 290.716197 22
777.058064 293.326437 22
774.546360 297.676836 22
772.536996 301.157156 22
772.034655 302.027235 22
771.532315 302.897315 22
770.527633 304.637475 22
770.025292 305.507555 22
767.513588 309.857954 22
767.011247 310.728034 22
766.508906 311.598114 22
765.504224 313.338274 22
764.499543 315.078434 22
762.490179 318.558753 22
761.987838 319.428833 22
759.978475 322.909153 22
759.476134 323.779232 22
758.973793 324.649312 22
758.471453 325.519392 22
757.969112 326.389472 22
756.964430 328.129632 22
755.959748 329.869792 22
754.955067 331.609951 22
752.945703 335.090271 22
751.941022 336.830431 22
750.433999 339.440670 22
748.424636 342.920990 22
747.922295 343.791070 22
746.415272 346.401309 22
744.908250 349.011549 22
743.401227 351.621789 22
741.894205 354.232028 22
738.880160 359.452508 22
736.368455 363.802907 22
734.359092 367.283226 22
732.349729 370.763546 22
731.345047 372.503706 22
728.833343 376.854105 22
727.828661 378.594265 22
726.321638 381.204504 22
725.316957 382.944664 22
724.312275 384.684824 22
722.805252 387.295064 22
721.800571 389.035223 22
720.795889 390.775383 22
716.777162 397.736022 22
715.772481 399.476182 22
714.265458 402.086422 22
712.758435 404.696661 22
712.256095 405.566741 22
708.739709 411.657300 22
707.735027 413.397460 22
707.735027 413.397460 21
708.238181 414.268949 21
708.741336 415.140438 21
709.244490 416.011927 21
709.747645 416.883416 21
710.250799 417.754905 21
711.257108 419.497883 21
711.760262 420.369372 21
712.263417 421.240861 21
713.269726 422.983840 21
713.772880 423.855329 21
714.276035 424.726818 21
714.779189 425.598307 21
715.282343 426.469796 21
715.785498 427.341285 21
716.288652 428.212774 21
716.791807 429.084263 21
717.294961 429.955752 21
717.798116 430.827241 21
718.301270 431.698730 21
718.804424 432.570219 21
719.307579 433.441708 21
719.810733 434.313197 21
720.817042 436.056175 21
721.320197 436.927664 21
721.823351 437.799153 21
722.326505 438.670642 21
723.332814 440.413620 21
723.835969 441.285110 21
724.339123 442.156599 21
724.842278 443.028088 21
725.345432 443.899577 21
725.848586 444.771066 21
726.351741 445.642555 21
727.358050 447.385533 21
727.861204 448.257022 21
728.364359 449.128511 21
728.867513 450.000000 21
728.867513 450.000000 20
729.873822 450.000000 20
730.880131 450.000000 20
732.892749 450.000000 20
733.899058 450.000000 20
734.905366 450.000000 20
735.911675 450.000000 20
736.917984 450.000000 20
737.924293 450.000000 20
739.936911 450.000000 20
740.943220 450.000000 20
742.955838 450.000000 20
743.962147 450.000000 20
745.974764 450.000000 20
746.981073 450.000000 20
747.987382 450.000000 20
748.993691 450.000000 20
750.000000 450.000000 20
751.006309 450.000000 20
752.012618 450.000000 20
753.018927 450.000000 20
754.025236 450.000000 20
756.037853 450.000000 20
757.044162 450.000000 20
759.056780 450.000000 20
760.063089 450.000000 20
762.075707 450.000000 20
764.088325 450.000000 20
765.094634 450.000000 20
766.100942 450.000000 20
767.107251 450.000000 20
768.113560 450.000000 20
769.119869 450.000000 20
770.126178 450.000000 20
771.132487 450.000000 20
771.132487 450.000000 19
773.141850 446.519681 19
775.151214 443.039361 19
776.658236 440.429121 19
778.165259 437.818882 19
779.169941 436.078722 19
781.681645 431.728323 19
782.183986 430.858243 19
784.193349 427.377923 19
785.198031 425.637764 19
785.700372 424.767684 19
789.216757 418.677125 19
789.719098 417.807045 19
791.728462 414.326725 19
793.737825 410.846406 19
794.240166 409.976326 19
796.249529 406.496006 19
796.751870 405.625926 19
799.263574 401.275527 19
799.765915 400.405447 19
800.268256 399.535367 19
801.775279 396.925128 19
804.286983 392.574728 19
804.789324 391.704649 19
806.798687 388.224329 19
808.305710 385.614089 19
808.808051 384.744010 19
809.310391 383.873930 19
810.817414 381.263690 19
811.319755 380.393610 19
814.333800 375.173131 19
815.840822 372.562891 19
817.347845 369.952652 19
818.854867 367.342412 19
820.361890 364.732172 19
822.873594 360.381773 19
824.882958 356.901454 19
825.887639 355.161294 19
828.399344 350.810895 19
828.901684 349.940815 19
829.404025 349.070735 19
830.911048 346.460495 19
831.413389 345.590415 19
831.915730 344.720335 19
832.418070 343.850256 19
832.920411 342.980176 19
833.422752 342.110096 19
833.925093 341.240016 19
836.436797 336.889617 19
837.441479 335.149457 19
837.943820 334.279377 19
838.446161 333.409297 19
838.948501 332.539217 19
840.455524 329.928978 19
840.957865 329.058898 19
841.460206 328.188818 19
842.464887 326.448658 19
846.985955 318.617939 19
847.990637 316.877779 19
848.995318 315.137620 19
850.000000 313.397460 19
850.000000 313.397460 18
851.507023 316.007700 18
852.009363 316.877779 18
853.014045 318.617939 18
854.018727 320.358099 18
856.530431 324.708498 18
857.535113 326.448658 18
860.549158 331.669137 18
861.051499 332.539217 18
864.065544 337.759696 18
864.567885 338.629776 18
865.070225 339.499856 18
866.074907 341.240016 18
867.079589 342.980176 18
870.093634 348.200655 18
874.112361 355.161294 18
874.614702 356.031374 18
875.117042 356.901454 18
875.619383 357.771534 18
877.126406 360.381773 18
878.633428 362.992013 18
879.135769 363.862093 18
880.642792 366.472332 18
881.145133 367.342412 18
881.647473 368.212492 18
883.154496 370.822732 18
883.656837 371.692811 18
884.159178 372.562891 18
884.661518 373.432971 18
885.163859 374.303051 18
885.666200 375.173131 18
886.670882 376.913291 18
889.684927 382.133770 18
890.689609 383.873930 18
895.713017 392.574728 18
896.215358 393.444808 18
896.717699 394.314888 18
898.224721 396.925128 18
899.229403 398.665288 18
899.731744 399.535367 18
901.238766 402.145607 18
902.745789 404.755847 18
909.276220 416.066885 18
909.778561 416.936965 18
911.787924 420.417284 18
914.801969 425.637764 18
916.308992 428.248003 18
917.313674 429.988163 18
918.820696 432.598403 18
919.323037 433.468482 18
920.327719 435.208642 18
920.830059 436.078722 18
921.332400 436.948802 18
922.337082 438.688962 18
923.341764 440.429121 18
923.844105 441.299201 18
924.848786 443.039361 18
926.858150 446.519681 18
928.365172 449.129920 18
928.867513 450.000000 18
929.869379 450.000000 17
930.871245 450.000000 17
931.873111 450.000000 17
933.876843 450.000000 17
934.878709 450.000000 17
937.884307 450.000000 17
942.893637 450.000000 17
943.895503 450.000000 17
944.897369 450.000000 17
947.902967 450.000000 17
948.904833 450.000000 17
949.906699 450.000000 17
951.910431 450.000000 17
953.914163 450.000000 17
957.921627 450.000000 17
958.923493 450.000000 17
960.927225 450.000000 17
962.930957 450.000000 17
963.932823 450.000000 17
964.934690 450.000000 17
966.938422 450.000000 17
967.940288 450.000000 17
968.942154 450.000000 17
969.944020 450.000000 17
970.945886 450.000000 17
972.949618 450.000000 17
975.955216 450.000000 17
976.957082 450.000000 17
978.960814 450.000000 17
980.964546 450.000000 17
981.966412 450.000000 17
982.968278 450.000000 17
984.972010 450.000000 17
986.975742 450.000000 17
987.977608 450.000000 17
988.979474 450.000000 17
990.983206 450.000000 17
991.985072 450.000000 17
993.988804 450.000000 17
994.990670 450.000000 17
997.996268 450.000000 17
998.998134 450.000000 17
1000.000000 454.000000 16
1000.000000 456.000000 16
1000.000000 457.000000 16
1000.000000 458.000000 16
1000.000000 460.000000 16
1000.000000 465.000000 16
1000.000000 466.000000 16
1000.000000 468.000000 16
1000.000000 471.000000 16
1000.000000 472.000000 16
1000.000000 473.000000 16
1000.000000 474.000000 16
1000.000000 475.000000 16
1000.000000 478.000000 16
1000.000000 479.000000 16
1000.000000 481.000000 16
1000.000000 482.000000 16
1000.000000 483.000000 16
1000.000000 485.000000 16
1000.000000 486.000000 16
1000.000000 487.000000 16
1000.000000 488.000000 16
1000.000000 491.000000 16
1000.000000 498.000000 16
1000.000000 499.000000 16
1000.000000 503.000000 16
1000.000000 507.000000 16
1000.000000 510.000000 16
1000.000000 514.000000 16
1000.000000 516.000000 16
1000.000000 518.000000 16
1000.000000 519.000000 16
1000.000000 520.000000 16
1000.000000 521.000000 16
1000.000000 522.000000 16
1000.000000 525.000000 16
1000.000000 527.000000 16
1000.000000 530.000000 16
1000.000000 531.000000 16
1000.000000 532.000000 16
1000.000000 535.000000 16
1000.000000 536.000000 16
1000.000000 537.000000 16
1000.000000 538.000000 16
1000.000000 539.000000 16
1000.000000 540.000000 16
1000.000000 541.000000 16
1000.000000 545.000000 16
1000.000000 548.000000 16
1000.000000 549.000000 16
1000.000000 550.000000 16
1000.000000 550.000000 15
997.986445 550.000000 15
994.966113 550.000000 15
990.939003 550.000000 15
988.925448 550.000000 15
986.911893 550.000000 15
985.905116 550.000000 15
984.898338 550.000000 15
983.891561 550.000000 15
979.864451 550.000000 15
977.850896 550.000000 15
975.837341 550.000000 15
973.823786 550.000000 15
964.762789 550.000000 15
962.749235 550.000000 15
961.742457 550.000000 15
958.722125 550.000000 15
956.708570 550.000000 15
950.667905 550.000000 15
949.661128 550.000000 15
948.654350 550.000000 15
944.627241 550.000000 15
943.620463 550.000000 15
939.593353 550.000000 15
938.586576 550.000000 15
936.573021 550.000000 15
935.566243 550.000000 15
932.545911 550.000000 15
931.539134 550.000000 15
929.525579 550.000000 15
927.512024 550.000000 15
926.505246 550.000000 15
924.491692 550.000000 15
920.464582 550.000000 15
916.437472 550.000000 15
915.430695 550.000000 15
914.423917 550.000000 15
913.417140 550.000000 15
912.410362 550.000000 15
911.403585 550.000000 15
908.383252 550.000000 15
905.362920 550.000000 15
903.349365 550.000000 15
900.329033 550.000000 15
898.315478 550.000000 15
894.288368 550.000000 15
891.268036 550.000000 15
890.261258 550.000000 15
885.227371 550.000000 15
884.220594 550.000000 15
882.207039 550.000000 15
880.193484 550.000000 15
879.186707 550.000000 15
878.179929 550.000000 15
872.139264 550.000000 15
871.132487 550.000000 14
870.629333 549.128511 14
869.623024 547.385533 14
869.119869 546.514044 14
868.616715 545.642555 14
868.113560 544.771066 14
867.610406 543.899577 14
866.604097 542.156599 14
866.100942 541.285110 14
865.597788 540.413620 14
865.094634 539.542131 14
864.591479 538.670642 14
864.088325 537.799153 14
863.585170 536.927664 14
863.082016 536.056175 14
862.578861 535.184686 14
862.075707 534.313197 14
861.069398 532.570219 14
860.566243 531.698730 14
859.559935 529.955752 14
859.056780 529.084263 14
858.553626 528.212774 14
858.050471 527.341285 14
857.547317 526.469796 14
857.044162 525.598307 14
856.541008 524.726818 14
856.037853 523.855329 14
855.534699 522.983840 14
855.031545 522.112350 14
854.528390 521.240861 14
854.025236 520.369372 14
853.522081 519.497883 14
853.018927 518.626394 14
852.515772 517.754905 14
852.012618 516.883416 14
851.509463 516.011927 14
851.006309 515.140438 14
850.503154 514.268949 14
850.000000 513.397460 13
849.496846 514.268949 13
848.993691 515.140438 13
847.484228 517.754905 13
846.981073 518.626394 13
846.477919 519.497883 13
845.974764 520.369372 13
845.471610 521.240861 13
844.968455 522.112350 13
844.465301 522.983840 13
843.962147 523.855329 13
843.458992 524.726818 13
842.955838 525.598307 13
841.949529 527.341285 13
840.943220 529.084263 13
840.440065 529.955752 13
839.936911 530.827241 13
839.433757 531.698730 13
838.930602 532.570219 13
838.427448 533.441708 13
837.924293 534.313197 13
837.421139 535.184686 13
836.917984 536.056175 13
836.414830 536.927664 13
835.911675 537.799153 13
835.408521 538.670642 13
834.905366 539.542131 13
834.402212 540.413620 13
833.899058 541.285110 13
833.395903 542.156599 13
832.389594 543.899577 13
831.886440 544.771066 13
831.383285 545.642555 13
830.880131 546.514044 13
830.376976 547.385533 13
829.873822 548.257022 13
829.370667 549.128511 13
828.867513 550.000000 13
827.862831 550.000000 12
825.853468 550.000000 12
819.825378 550.000000 12
816.811333 550.000000 12
811.787924 550.000000 12
810.783243 550.000000 12
802.745789 550.000000 12
799.731744 550.000000 12
794.708335 550.000000 12
790.689609 550.000000 12
787.675564 550.000000 12
784.661518 550.000000 12
782.652155 550.000000 12
779.638110 550.000000 12
776.624065 550.000000 12
775.619383 550.000000 12
774.614702 550.000000 12
773.610020 550.000000 12
771.600656 550.000000 12
770.595975 550.000000 12
766.577248 550.000000 12
760.549158 550.000000 12
759.544476 550.000000 12
756.530431 550.000000 12
754.521068 550.000000 12
749.497659 550.000000 12
748.492977 550.000000 12
747.488296 550.000000 12
746.483614 550.000000 12
745.478932 550.000000 12
744.474251 550.000000 12
742.464887 550.000000 12
739.450842 550.000000 12
732.418070 550.000000 12
728.399344 550.000000 12
727.394662 550.000000 12
724.380617 550.000000 12
723.375935 550.000000 12
721.366572 550.000000 12
720.361890 550.000000 12
718.352527 550.000000 12
717.347845 550.000000 12
714.333800 550.000000 12
711.319755 550.000000 12
708.305710 550.000000 12
706.296346 550.000000 12
700.268256 550.000000 12
699.263574 550.000000 12
697.254211 550.000000 12
694.240166 550.000000 12
693.235484 550.000000 12
692.230803 550.000000 12
689.216757 550.000000 12
687.207394 550.000000 12
683.188667 550.000000 12
680.174622 550.000000 12
675.151214 550.000000 12
670.630146 549.129920 11
668.118442 544.779521 11
667.616101 543.909441 11
663.095033 536.078722 11
662.090352 534.338562 11
660.583329 531.728323 11
660.080988 530.858243 11
659.578647 529.988163 11
659.076307 529.118083 11
657.066943 525.637764 11
655.057580 522.157444 11
652.545875 517.807045 11
651.038853 515.196805 11
647.522467 509.106246 11
647.020126 508.236166 11
646.517785 507.366086 11
645.010763 504.755847 11
644.508422 503.885767 11
643.503740 502.145607 11
641.996717 499.535367 11
639.485013 495.184968 11
638.480332 493.444808 11
637.977991 492.574728 11
636.470968 489.964489 11
635.466286 488.224329 11
634.461605 486.484169 11
633.456923 484.744010 11
628.935855 476.913291 11
627.428833 474.303051 11
619.391379 460.381773 11
618.889038 459.511693 11
618.386697 458.641613 11
617.382016 456.901454 11
616.377334 455.161294 11
614.870311 452.551054 11
612.860948 449.070735 11
612.358607 448.200655 11
611.856266 447.330575 11
610.349244 444.720335 11
608.842221 442.110096 11
608.339880 441.240016 11
606.330517 437.759696 11
605.828176 436.889617 11
603.818813 433.409297 11
603.316472 432.539217 11
602.814131 431.669137 11
601.809449 429.928978 11
601.307108 429.058898 11
600.804768 428.188818 11
596.786041 421.228179 11
596.283700 420.358099 11
595.781359 419.488019 11
595.279018 418.617939 11
594.274336 416.877779 11
593.771996 416.007700 11
593.269655 415.137620 11
592.264973 413.397460 10
592.768127 412.525971 10
593.774436 410.782993 10
594.780745 409.040015 10
595.283900 408.168526 10
595.787054 407.297036 10
596.290209 406.425547 10
597.296518 404.682569 10
597.799672 403.811080 10
598.302826 402.939591 10
598.805981 402.068102 10
599.812290 400.325124 10
600.818599 398.582146 10
601.824908 396.839168 10
602.328062 395.967679 10
602.831216 395.096190 10
603.334371 394.224700 10
603.837525 393.353211 10
604.340680 392.481722 10
605.346989 390.738744 10
605.850143 389.867255 10
606.353298 388.995766 10
606.856452 388.124277 10
607.359607 387.252788 10
608.365915 385.509810 10
608.869070 384.638321 10
609.372224 383.766832 10
609.875379 382.895342 10
610.378533 382.023853 10
610.881688 381.152364 10
611.384842 380.280875 10
611.887997 379.409386 10
612.391151 378.537897 10
612.894306 377.666408 10
613.397460 376.794919 10
612.391151 376.794919 9
611.384842 376.794919 9
610.378533 376.794919 9
609.372224 376.794919 9
608.365916 376.794919 9
607.359607 376.794919 9
606.353298 376.794919 9
605.346989 376.794919 9
604.340680 376.794919 9
603.334371 376.794919 9
602.328062 376.794919 9
601.321753 376.794919 9
600.315445 376.794919 9
599.309136 376.794919 9
598.302827 376.794919 9
597.296518 376.794919 9
596.290209 376.794919 9
595.283900 376.794919 9
594.277591 376.794919 9
593.271282 376.794919 9
591.258665 376.794919 9
590.252356 376.794919 9
588.239738 376.794919 9
585.220811 376.794919 9
583.208194 376.794919 9
582.201885 376.794919 9
581.195576 376.794919 9
580.189267 376.794919 9
579.182958 376.794919 9
577.170340 376.794919 9
575.157723 376.794919 9
574.151414 376.794919 9
573.145105 376.794919 9
571.132487 376.794919 9
570.629333 375.923430 8
569.623024 374.180452 8
569.119869 373.308963 8
568.616715 372.437474 8
568.113560 371.565985 8
567.610406 370.694496 8
567.107251 369.823007 8
566.100942 368.080029 8
565.597788 367.208539 8
565.094634 366.337050 8
564.591479 365.465561 8
564.088325 364.594072 8
563.082016 362.851094 8
562.578861 361.979605 8
562.075707 361.108116 8
561.572552 360.236627 8
561.069398 359.365138 8
560.566243 358.493649 8
560.063089 357.622160 8
559.559935 356.750671 8
559.056780 355.879182 8
558.553626 355.007693 8
558.050471 354.136204 8
557.044162 352.393226 8
556.541008 351.521737 8
556.037853 350.650248 8
555.534699 349.778759 8
555.031545 348.907269 8
554.528390 348.035780 8
553.522081 346.292802 8
553.018927 345.421313 8
552.515772 344.549824 8
552.012618 343.678335 8
550.503154 341.063868 8
550.000000 340.192379 7
549.496846 341.063868 7
548.993691 341.935357 7
548.490537 342.806846 7
547.987382 343.678335 7
547.484228 344.549824 7
546.981073 345.421313 7
546.477919 346.292802 7
545.974764 347.164291 7
545.471610 348.035780 7
544.968455 348.907269 7
544.465301 349.778759 7
543.962147 350.650248 7
543.458992 351.521737 7
541.949529 354.136204 7
540.943220 355.879182 7
540.440065 356.750671 7
539.936911 357.622160 7
539.433757 358.493649 7
538.930602 359.365138 7
538.427448 360.236627 7
537.924293 361.108116 7
537.421139 361.979605 7
536.917984 362.851094 7
536.414830 363.722583 7
535.911675 364.594072 7
535.408521 365.465561 7
534.905366 366.337050 7
534.402212 367.208539 7
533.899058 368.080029 7
533.395903 368.951518 7
532.892749 369.823007 7
531.886440 371.565985 7
531.383285 372.437474 7
530.376976 374.180452 7
529.873822 375.051941 7
528.867513 376.794919 7
526.854895 376.794919 6
525.848586 376.794919 6
524.842277 376.794919 6
523.835969 376.794919 6
521.823351 376.794919 6
519.810733 376.794919 6
518.804424 376.794919 6
515.785498 376.794919 6
513.772880 376.794919 6
512.766571 376.794919 6
511.760262 376.794919 6
510.753953 376.794919 6
509.747644 376.794919 6
508.741335 376.794919 6
507.735027 376.794919 6
504.716100 376.794919 6
503.709791 376.794919 6
501.697173 376.794919 6
500.690864 376.794919 6
499.684555 376.794919 6
498.678247 376.794919 6
497.671938 376.794919 6
494.653011 376.794919 6
493.646702 376.794919 6
492.640393 376.794919 6
491.634084 376.794919 6
490.627776 376.794919 6
489.621467 376.794919 6
488.615158 376.794919 6
487.608849 376.794919 6
486.602540 376.794919 6
486.602540 376.794919 5
487.105694 377.666408 5
487.608849 378.537897 5
488.112003 379.409386 5
488.615158 380.280875 5
489.118312 381.152364 5
489.621467 382.023853 5
490.124621 382.895342 5
490.627776 383.766832 5
491.130930 384.638321 5
492.137239 386.381299 5
493.143548 388.124277 5
493.646702 388.995766 5
494.149857 389.867255 5
494.653011 390.738744 5
495.659320 392.481722 5
496.162475 393.353211 5
497.168784 395.096190 5
497.671938 395.967679 5
498.678247 397.710657 5
499.181401 398.582146 5
500.187710 400.325124 5
500.690865 401.196613 5
501.194019 402.068102 5
501.697174 402.939591 5
502.200328 403.811080 5
502.703482 404.682569 5
503.206637 405.554058 5
503.709791 406.425547 5
504.212946 407.297036 5
504.716100 408.168526 5
505.722409 409.911504 5
506.225564 410.782993 5
506.728718 411.654482 5
507.231873 412.525971 5
507.735027 413.397460 5
507.232686 414.267540 4
506.228004 416.007700 4
505.725664 416.877779 4
505.223323 417.747859 4
504.720982 418.617939 4
503.213959 421.228179 4
502.711618 422.098259 4
500.702255 425.578578 4
499.697573 427.318738 4
499.195232 428.188818 4
498.692892 429.058898 4
497.185869 431.669137 4
492.664801 439.499856 4
491.157779 442.110096 4
490.655438 442.980176 4
489.650756 444.720335 4
487.641393 448.200655 4
486.636711 449.940815 4
485.632029 451.680974 4
484.627348 453.421134 4
484.125007 454.291214 4
482.115643 457.771534 4
481.613303 458.641613 4
479.101598 462.992013 4
478.599257 463.862093 4
476.087553 468.212492 4
475.585212 469.082572 4
474.078190 471.692811 4
473.073508 473.432971 4
471.064145 476.913291 4
470.059463 478.653450 4
469.557122 479.523530 4
469.054781 480.393610 4
468.552440 481.263690 4
465.538395 486.484169 4
464.533714 488.224329 4
464.031373 489.094409 4
463.026691 490.834569 4
462.524350 491.704649 4
462.022009 492.574728 4
461.017328 494.314888 4
459.510305 496.925128 4
459.007964 497.795208 4
456.998601 501.275527 4
455.993919 503.015687 4
455.491578 503.885767 4
454.989237 504.755847 4
453.482215 507.366086 4
450.970511 511.716486 4
446.951784 518.677125 4
445.947102 520.417284 4
442.933057 525.637764 4
442.430716 526.507843 4
441.426034 528.248003 4
440.421353 529.988163 4
439.919012 530.858243 4
439.416671 531.728323 4
438.914330 532.598403 4
438.411989 533.468482 4
437.909648 534.338562 4
435.397944 538.688962 4
434.895603 539.559042 4
434.393262 540.429121 4
432.383899 543.909441 4
431.881558 544.779521 4
430.876876 546.519681 4
430.374536 547.389760 4
427.862831 550.000000 3
421.834741 550.000000 3
420.830059 550.000000 3
414.801969 550.000000 3
409.778561 550.000000 3
408.773879 550.000000 3
407.769197 550.000000 3
403.750471 550.000000 3
401.741107 550.000000 3
400.736426 550.000000 3
398.727062 550.000000 3
396.717699 550.000000 3
393.703654 550.000000 3
392.698972 550.000000 3
385.666200 550.000000 3
378.633428 550.000000 3
377.628747 550.000000 3
375.619383 550.000000 3
370.595975 550.000000 3
369.591293 550.000000 3
362.558521 550.000000 3
354.521068 550.000000 3
352.511704 550.000000 3
351.507023 550.000000 3
350.502341 550.000000 3
349.497659 550.000000 3
347.488296 550.000000 3
345.478932 550.000000 3
344.474251 550.000000 3
342.464887 550.000000 3
340.455524 550.000000 3
339.450842 550.000000 3
337.441479 550.000000 3
325.385298 550.000000 3
313.329118 550.000000 3
312.324436 550.000000 3
311.319755 550.000000 3
309.310391 550.000000 3
304.286983 550.000000 3
303.282301 550.000000 3
302.277620 550.000000 3
293.235484 550.000000 3
292.230803 550.000000 3
291.226121 550.000000 3
290.221439 550.000000 3
288.212076 550.000000 3
284.193349 550.000000 3
283.188667 550.000000 3
281.179304 550.000000 3
280.174622 550.000000 3
276.155895 550.000000 3
273.141850 550.000000 3
271.132487 550.000000 3
270.629333 549.128511 2
269.623024 547.385533 2
269.119869 546.514044 2
268.616715 545.642555 2
267.610406 543.899577 2
267.107251 543.028088 2
266.100942 541.285110 2
265.597788 540.413620 2
265.094634 539.542131 2
264.591479 538.670642 2
264.088325 537.799153 2
263.585170 536.927664 2
263.082016 536.056175 2
262.578861 535.184686 2
261.572552 533.441708 2
261.069398 532.570219 2
260.063089 530.827241 2
259.559935 529.955752 2
259.056780 529.084263 2
258.553626 528.212774 2
258.050471 527.341285 2
257.547317 526.469796 2
256.541008 524.726818 2
256.037853 523.855329 2
255.534699 522.983840 2
255.031545 522.112350 2
254.528390 521.240861 2
254.025236 520.369372 2
253.522081 519.497883 2
253.018927 518.626394 2
252.012618 516.883416 2
250.503154 514.268949 2
250.000000 513.397460 2
250.000000 513.397460 1
249.496846 514.268949 1
248.993691 515.140438 1
248.490537 516.011927 1
247.987382 516.883416 1
246.981073 518.626394 1
245.974764 520.369372 1
245.471610 521.240861 1
244.968455 522.112350 1
244.465301 522.983840 1
243.962147 523.855329 1
243.458992 524.726818 1
242.955838 525.598307 1
241.446374 528.212774 1
240.440065 529.955752 1
239.936911 530.827241 1
239.433757 531.698730 1
238.930602 532.570219 1
238.427448 533.441708 1
237.924293 534.313197 1
237.421139 535.184686 1
236.917984 536.056175 1
235.911675 537.799153 1
235.408521 538.670642 1
234.905366 539.542131 1
234.402212 540.413620 1
233.899058 541.285110 1
232.892749 543.028088 1
232.389594 543.899577 1
231.383285 545.642555 1
230.880131 546.514044 1
229.873822 548.257022 1
229.370667 549.128511 1
228.867513 550.000000 1
228.867513 550.000000 0
227.860736 550.000000 0
225.847181 550.000000 0
224.840403 550.000000 0
220.813293 550.000000 0
217.792961 550.000000 0
215.779406 550.000000 0
210.745519 550.000000 0
206.718409 550.000000 0
204.704854 550.000000 0
202.691299 550.000000 0
200.677745 550.000000 0
194.637080 550.000000 0
193.630302 550.000000 0
189.603193 550.000000 0
187.589638 550.000000 0
185.576083 550.000000 0
184.569305 550.000000 0
180.542196 550.000000 0
179.535418 550.000000 0
176.515086 550.000000 0
174.501531 550.000000 0
170.474421 550.000000 0
169.467644 550.000000 0
168.460866 550.000000 0
167.454089 550.000000 0
165.440534 550.000000 0
163.426979 550.000000 0
159.399869 550.000000 0
158.393092 550.000000 0
157.386314 550.000000 0
154.365982 550.000000 0
152.352427 550.000000 0
151.345650 550.000000 0
148.325317 550.000000 0
147.318540 550.000000 0
144.298208 550.000000 0
140.271098 550.000000 0
139.264320 550.000000 0
138.257543 550.000000 0
137.250765 550.000000 0
135.237211 550.000000 0
133.223656 550.000000 0
129.196546 550.000000 0
126.176214 550.000000 0
124.162659 550.000000 0
119.128771 550.000000 0
118.121994 550.000000 0
116.108439 550.000000 0
113.088107 550.000000 0
112.081329 550.000000 0
111.074552 550.000000 0
106.040665 550.000000 0
104.027110 550.000000 0
103.020332 550.000000 0
100.000000 550.000000 0
