1800
101.001866 450.000000 32
103.005598 450.000000 32
104.007464 450.000000 32
105.009330 450.000000 32
106.011196 450.000000 32
108.014928 450.000000 32
110.018660 450.000000 32
112.022392 450.000000 32
113.024258 450.000000 32
115.027990 450.000000 32
116.029856 450.000000 32
118.033588 450.000000 32
119.035454 450.000000 32
121.039186 450.000000 32
122.041052 450.000000 32
123.042918 450.000000 32
124.044784 450.000000 32
125.046650 450.000000 32
126.048516 450.000000 32
127.050382 450.000000 32
129.054114 450.000000 32
130.055980 450.000000 32
131.057846 450.000000 32
132.059712 450.000000 32
133.061578 450.000000 32
134.063444 450.000000 32
136.067177 450.000000 32
137.069043 450.000000 32
138.070909 450.000000 32
139.072775 450.000000 32
140.074641 450.000000 32
141.076507 450.000000 32
142.078373 450.000000 32
143.080239 450.000000 32
145.083971 450.000000 32
146.085837 450.000000 32
147.087703 450.000000 32
148.089569 450.000000 32
150.093301 450.000000 32
152.097033 450.000000 32
153.098899 450.000000 32
154.100765 450.000000 32
155.102631 450.000000 32
156.104497 450.000000 32
157.106363 450.000000 32
159.110095 450.000000 32
160.111961 450.000000 32
161.113827 450.000000 32
162.115693 450.000000 32
163.117559 450.000000 32
164.119425 450.000000 32
165.121291 450.000000 32
166.123157 450.000000 32
167.125023 450.000000 32
168.126889 450.000000 32
169.128755 450.000000 32
170.130621 450.000000 32
171.132487 450.000000 32
171.132487 450.000000 31
172.639510 447.389760 31
173.141850 446.519681 31
174.648873 443.909441 31
175.151214 443.039361 31
175.653555 442.169281 31
177.662918 438.688962 31
178.165259 437.818882 31
179.672281 435.208642 31
180.174622 434.338562 31
183.691008 428.248003 31
184.695690 426.507843 31
185.700372 424.767684 31
187.207394 422.157444 31
187.709735 421.287364 31
191.226121 415.196805 31
194.742507 409.106246 31
195.244848 408.236166 31
196.249529 406.496006 31
196.751870 405.625926 31
198.258893 403.015687 31
199.263574 401.275527 31
199.765915 400.405447 31
200.770597 398.665288 31
202.779960 395.184968 31
203.282301 394.314888 31
204.286983 392.574728 31
205.291665 390.834569 31
205.794005 389.964489 31
206.296346 389.094409 31
206.798687 388.224329 31
207.803369 386.484169 31
208.305710 385.614089 31
208.808051 384.744010 31
209.310391 383.873930 31
210.817414 381.263690 31
211.319755 380.393610 31
211.822096 379.523530 31
213.329118 376.913291 31
215.840822 372.562891 31
217.347845 369.952652 31
218.352527 368.212492 31
222.371253 361.251853 31
222.873594 360.381773 31
224.380617 357.771534 31
225.385298 356.031374 31
226.389980 354.291214 31
228.901684 349.940815 31
230.408707 347.330575 31
230.911048 346.460495 31
231.413389 345.590415 31
231.915730 344.720335 31
232.920411 342.980176 31
233.422752 342.110096 31
233.925093 341.240016 31
234.427434 340.369936 31
234.929775 339.499856 31
237.943820 334.279377 31
238.446161 333.409297 31
238.948501 332.539217 31
240.957865 329.058898 31
241.962546 327.318738 31
242.464887 326.448658 31
242.967228 325.578578 31
246.483614 319.488019 31
247.488296 317.747859 31
247.990637 316.877779 31
248.995318 315.137620 31
249.497659 314.267540 31
250.000000 313.397460 31
252.511704 317.747859 30
253.014045 318.617939 30
253.516386 319.488019 30
254.018727 320.358099 30
255.023408 322.098259 30
255.525749 322.968339 30
259.042135 329.058898 30
265.572566 340.369936 30
266.577248 342.110096 30
267.079589 342.980176 30
272.102997 351.680974 30
272.605338 352.551054 30
273.610020 354.291214 30
275.619383 357.771534 30
276.121724 358.641613 30
278.131087 362.121933 30
280.140451 365.602252 30
280.642792 366.472332 30
281.647473 368.212492 30
283.154496 370.822732 30
284.159178 372.562891 30
285.666200 375.173131 30
286.670882 376.913291 30
287.173223 377.783371 30
287.675564 378.653450 30
288.177904 379.523530 30
291.191949 384.744010 30
291.694290 385.614089 30
293.201313 388.224329 30
293.703654 389.094409 30
294.205995 389.964489 30
295.210676 391.704649 30
295.713017 392.574728 30
296.717699 394.314888 30
298.224721 396.925128 30
299.731744 399.535367 30
301.238766 402.145607 30
302.745789 404.755847 30
305.257493 409.106246 30
306.764516 411.716486 30
308.271538 414.326725 30
308.773879 415.196805 30
313.294947 423.027524 30
314.299628 424.767684 30
316.308992 428.248003 30
317.816014 430.858243 30
320.327719 435.208642 30
320.830059 436.078722 30
321.332400 436.948802 30
321.834741 437.818882 30
323.341764 440.429121 30
323.844105 441.299201 30
324.848786 443.039361 30
325.351127 443.909441 30
325.853468 444.779521 30
326.858150 446.519681 30
327.360490 447.389760 30
327.862831 448.259840 30
328.365172 449.129920 30
328.867513 450.000000 29
329.873822 450.000000 29
331.886440 450.000000 29
333.899058 450.000000 29
334.905366 450.000000 29
335.911675 450.000000 29
337.924293 450.000000 29
338.930602 450.000000 29
339.936911 450.000000 29
340.943220 450.000000 29
341.949529 450.000000 29
342.955838 450.000000 29
343.962147 450.000000 29
346.981073 450.000000 29
347.987382 450.000000 29
348.993691 450.000000 29
350.000000 450.000000 29
351.006309 450.000000 29
352.012618 450.000000 29
355.031545 450.000000 29
356.037853 450.000000 29
357.044162 450.000000 29
358.050471 450.000000 29
359.056780 450.000000 29
360.063089 450.000000 29
361.069398 450.000000 29
362.075707 450.000000 29
363.082016 450.000000 29
364.088325 450.000000 29
365.094634 450.000000 29
366.100942 450.000000 29
367.107251 450.000000 29
368.113560 450.000000 29
369.119869 450.000000 29
370.126178 450.000000 29
371.132487 450.000000 29
371.132487 450.000000 28
371.635641 449.128511 28
372.138796 448.257022 28
372.641950 447.385533 28
373.145105 446.514044 28
373.648259 445.642555 28
374.151414 444.771066 28
374.654568 443.899577 28
375.157722 443.028088 28
376.164031 441.285110 28
376.667186 440.413620 28
377.673495 438.670642 28
378.176649 437.799153 28
378.679803 436.927664 28
379.182958 436.056175 28
379.686112 435.184686 28
380.189267 434.313197 28
380.692421 433.441708 28
381.195576 432.570219 28
381.698730 431.698730 28
382.705039 429.955752 28
383.208193 429.084263 28
384.214502 427.341285 28
384.717657 426.469796 28
385.220811 425.598307 28
385.723965 424.726818 28
386.227120 423.855329 28
386.730274 422.983840 28
387.233429 422.112350 28
387.736583 421.240861 28
388.239738 420.369372 28
388.742892 419.497883 28
389.246046 418.626394 28
389.749201 417.754905 28
390.252355 416.883416 28
390.755510 416.011927 28
391.258664 415.140438 28
391.761819 414.268949 28
392.264973 413.397460 28
392.264973 413.397460 27
390.255610 409.917140 27
389.753269 409.047061 27
388.246246 406.436821 27
387.241565 404.696661 27
386.236883 402.956501 27
385.734542 402.086422 27
385.232201 401.216342 27
384.729860 400.346262 27
383.222838 397.736022 27
378.701770 389.905303 27
377.194748 387.295064 27
376.692407 386.424984 27
376.190066 385.554904 27
374.180703 382.074584 27
372.673680 379.464345 27
371.668998 377.724185 27
369.659635 374.243865 27
368.654953 372.503706 27
367.650271 370.763546 27
367.147931 369.893466 27
365.640908 367.283226 27
365.138567 366.413147 27
364.133886 364.672987 27
362.626863 362.062747 27
362.124522 361.192667 27
361.622181 360.322587 27
361.119840 359.452508 27
359.612818 356.842268 27
358.608136 355.102108 27
357.603455 353.361948 27
357.101114 352.491868 27
356.598773 351.621789 27
356.096432 350.751709 27
355.091750 349.011549 27
354.589409 348.141469 27
354.087069 347.271389 27
353.082387 345.531229 27
352.580046 344.661150 27
350.068342 340.310750 27
348.058978 336.830431 27
347.054297 335.090271 27
346.551956 334.220191 27
346.049615 333.350111 27
345.547274 332.480031 27
345.044933 331.609951 27
344.542593 330.739871 27
343.537911 328.999712 27
342.533229 327.259552 27
342.030888 326.389472 27
340.021525 322.909153 27
335.500457 315.078434 27
333.491094 311.598114 27
332.988753 310.728034 27
331.481730 308.117795 27
330.979390 307.247715 27
330.477049 306.377635 27
329.472367 304.637475 27
328.467685 302.897315 27
327.965345 302.027235 27
326.458322 299.416996 27
322.439595 292.456357 27
321.937254 291.586277 27
320.932573 289.846117 27
319.425550 287.235878 27
318.923209 286.365798 27
317.416187 283.755558 27
316.411505 282.015398 27
315.909164 281.145318 27
315.406823 280.275239 27
313.899801 277.664999 27
316.411505 276.794919 26
318.420869 276.794919 26
319.425550 276.794919 26
320.430232 276.794919 26
321.434914 276.794919 26
323.444277 276.794919 26
327.463004 276.794919 26
330.477049 276.794919 26
331.481731 276.794919 26
332.486412 276.794919 26
335.500457 276.794919 26
336.505139 276.794919 26
337.509821 276.794919 26
339.519184 276.794919 26
341.528548 276.794919 26
342.533229 276.794919 26
343.537911 276.794919 26
344.542593 276.794919 26
347.556638 276.794919 26
348.561320 276.794919 26
350.570683 276.794919 26
351.575365 276.794919 26
355.594091 276.794919 26
356.598773 276.794919 26
359.612818 276.794919 26
361.622182 276.794919 26
363.631545 276.794919 26
365.640908 276.794919 26
366.645590 276.794919 26
369.659635 276.794919 26
371.668999 276.794919 26
375.687725 276.794919 26
378.701771 276.794919 26
379.706452 276.794919 26
382.720497 276.794919 26
387.743906 276.794919 26
388.748588 276.794919 26
397.790723 276.794919 26
401.809450 276.794919 26
402.814131 276.794919 26
407.837540 276.794919 26
408.842222 276.794919 26
412.860948 276.794919 26
414.870312 276.794919 26
418.889039 276.794919 26
419.893720 276.794919 26
422.907765 276.794919 26
423.912447 276.794919 26
426.926492 276.794919 26
434.963946 276.794919 26
436.973309 276.794919 26
437.977991 276.794919 26
447.020126 276.794919 26
448.024808 276.794919 26
449.029490 276.794919 26
451.038853 276.794919 26
452.043535 276.794919 26
454.052898 276.794919 26
455.057580 276.794919 26
457.066943 276.794919 26
461.085670 276.794919 26
466.109078 276.794919 26
469.123124 276.794919 26
470.127805 276.794919 26
471.132487 276.794919 26
471.132487 276.794919 25
471.634828 275.924839 25
472.137169 275.054759 25
473.141850 273.314600 25
473.644191 272.444520 25
476.155895 268.094120 25
476.658236 267.224040 25
477.160577 266.353961 25
477.662918 265.483881 25
479.169941 262.873641 25
479.672281 262.003561 25
481.681645 258.523242 25
482.183986 257.653162 25
483.188667 255.913002 25
485.198031 252.432683 25
485.700372 251.562603 25
487.207394 248.952363 25
488.212076 247.212203 25
488.714417 246.342123 25
490.221439 243.731884 25
492.230803 240.251564 25
493.737825 237.641325 25
494.240166 236.771245 25
495.244848 235.031085 25
497.254211 231.550766 25
497.756552 230.680686 25
499.263574 228.070446 25
499.765915 227.200366 25
500.770597 225.460207 25
501.272938 224.590127 25
501.775279 223.720047 25
502.277620 222.849967 25
502.779960 221.979887 25
503.282301 221.109807 25
504.286983 219.369647 25
504.789324 218.499568 25
505.291665 217.629488 25
505.794005 216.759408 25
507.803369 213.279088 25
510.817414 208.058609 25
512.324436 205.448369 25
512.826777 204.578290 25
513.329118 203.708210 25
513.831459 202.838130 25
515.338482 200.227890 25
515.840822 199.357810 25
517.850186 195.877491 25
518.352527 195.007411 25
518.854867 194.137331 25
520.361890 191.527091 25
521.366572 189.786932 25
521.868913 188.916852 25
522.371253 188.046772 25
523.878276 185.436532 25
524.882958 183.696373 25
525.385298 182.826293 25
525.887639 181.956213 25
526.389980 181.086133 25
527.394662 179.345973 25
530.911048 173.255414 25
531.413389 172.385334 25
534.427434 167.164855 25
534.929775 166.294775 25
535.432115 165.424695 25
537.441479 161.944376 25
539.450842 158.464056 25
539.953183 157.593976 25
541.962546 154.113657 25
542.464887 153.243577 25
542.967228 152.373497 25
544.976592 148.893178 25
545.981273 147.153018 25
550.000000 140.192379 24
551.004682 141.932539 24
553.014045 145.412858 24
554.018727 147.153018 24
555.023408 148.893178 24
559.544476 156.723897 24
562.558521 161.944376 24
563.060862 162.814456 24
563.563203 163.684536 24
565.572566 167.164855 24
566.074907 168.034935 24
566.577248 168.905015 24
567.581930 170.645175 24
568.084270 171.515254 24
569.088952 173.255414 24
569.591293 174.125494 24
570.595975 175.865654 24
571.098316 176.735734 24
572.102997 178.475893 24
572.605338 179.345973 24
573.610020 181.086133 24
574.614702 182.826293 24
575.117042 183.696373 24
575.619383 184.566453 24
576.624065 186.306612 24
582.652155 196.747571 24
583.656837 198.487730 24
584.159178 199.357810 24
584.661518 200.227890 24
586.168541 202.838130 24
591.191949 211.538929 24
593.201313 215.019248 24
593.703654 215.889328 24
594.205995 216.759408 24
596.717699 221.109807 24
597.722380 222.849967 24
598.727062 224.590127 24
600.736426 228.070446 24
601.238766 228.940526 24
601.741107 229.810606 24
602.745789 231.550766 24
603.248130 232.420845 24
603.750471 233.290925 24
604.755152 235.031085 24
605.759834 236.771245 24
607.769197 240.251564 24
608.271538 241.121644 24
609.276220 242.861804 24
609.778561 243.731884 24
610.783243 245.472044 24
611.787924 247.212203 24
612.792606 248.952363 24
613.797288 250.692523 24
614.299628 251.562603 24
615.806651 254.172842 24
616.811333 255.913002 24
617.816014 257.653162 24
618.318355 258.523242 24
620.327719 262.003561 24
621.332400 263.743721 24
621.834741 264.613801 24
622.839423 266.353961 24
623.844105 268.094120 24
624.346445 268.964200 24
625.351127 270.704360 24
627.360490 274.184679 24
627.862831 275.054759 24
628.365172 275.924839 24
628.867513 276.794919 24
628.867513 276.794919 23
629.872195 276.794919 23
631.881558 276.794919 23
632.886240 276.794919 23
636.904967 276.794919 23
639.919012 276.794919 23
640.923693 276.794919 23
642.933057 276.794919 23
643.937739 276.794919 23
644.942420 276.794919 23
648.961147 276.794919 23
649.965829 276.794919 23
650.970510 276.794919 23
653.984556 276.794919 23
659.007964 276.794919 23
662.022009 276.794919 23
663.026691 276.794919 23
664.031373 276.794919 23
671.064144 276.794919 23
673.073508 276.794919 23
676.087553 276.794919 23
677.092235 276.794919 23
679.101598 276.794919 23
681.110961 276.794919 23
683.120325 276.794919 23
685.129688 276.794919 23
686.134370 276.794919 23
688.143733 276.794919 23
689.148415 276.794919 23
693.167142 276.794919 23
696.181187 276.794919 23
698.190550 276.794919 23
700.199914 276.794919 23
702.209277 276.794919 23
703.213959 276.794919 23
704.218641 276.794919 23
705.223322 276.794919 23
706.228004 276.794919 23
707.232686 276.794919 23
708.237367 276.794919 23
709.242049 276.794919 23
713.260776 276.794919 23
714.265458 276.794919 23
716.274821 276.794919 23
717.279503 276.794919 23
718.284184 276.794919 23
720.293548 276.794919 23
721.298229 276.794919 23
723.307593 276.794919 23
727.326320 276.794919 23
730.340365 276.794919 23
731.345046 276.794919 23
734.359092 276.794919 23
737.373137 276.794919 23
740.387182 276.794919 23
741.391863 276.794919 23
743.401227 276.794919 23
745.410590 276.794919 23
750.433999 276.794919 23
752.443362 276.794919 23
758.471452 276.794919 23
759.476134 276.794919 23
760.480816 276.794919 23
761.485497 276.794919 23
763.494861 276.794919 23
764.499543 276.794919 23
774.546360 276.794919 23
776.555723 276.794919 23
778.565086 276.794919 23
781.579131 276.794919 23
783.588495 276.794919 23
785.597858 276.794919 23
786.100199 277.664999 22
784.593177 280.275239 22
783.086154 282.885478 22
781.076791 286.365798 22
779.067427 289.846117 22
777.560405 292.456357 22
777.058064 293.326437 22
776.555723 294.196517 22
774.546360 297.676836 22
772.034655 302.027235 22
769.522951 306.377635 22
768.518270 308.117795 22
768.015929 308.987875 22
765.001884 314.208354 22
764.499543 315.078434 22
763.997202 315.948514 22
763.494861 316.818593 22
759.978475 322.909153 22
758.471453 325.519392 22
757.969112 326.389472 22
756.462089 328.999712 22
755.457407 330.739871 22
754.955067 331.609951 22
754.452726 332.480031 22
753.448044 334.220191 22
752.945703 335.090271 22
752.443362 335.960351 22
750.433999 339.440670 22
749.931658 340.310750 22
748.926976 342.050910 22
748.424636 342.920990 22
747.922295 343.791070 22
744.908250 349.011549 22
744.405909 349.881629 22
743.401227 351.621789 22
742.898886 352.491868 22
741.894205 354.232028 22
740.889523 355.972188 22
740.387182 356.842268 22
738.880160 359.452508 22
734.861433 366.413147 22
734.359092 367.283226 22
733.354410 369.023386 22
732.349729 370.763546 22
731.847388 371.633626 22
731.345047 372.503706 22
730.340365 374.243865 22
727.828661 378.594265 22
725.316957 382.944664 22
724.312275 384.684824 22
723.307593 386.424984 22
721.298230 389.905303 22
719.288866 393.385623 22
718.786526 394.255703 22
717.781844 395.995862 22
717.279503 396.865942 22
715.772481 399.476182 22
715.270140 400.346262 22
714.767799 401.216342 22
714.265458 402.086422 22
713.763117 402.956501 22
713.260776 403.826581 22
712.256095 405.566741 22
710.246731 409.047061 22
709.744390 409.917140 22
708.237368 412.527380 22
707.735027 413.397460 21
708.238181 414.268949 21
708.741336 415.140438 21
709.244490 416.011927 21
709.747645 416.883416 21
710.250799 417.754905 21
710.753954 418.626394 21
711.257108 419.497883 21
712.263417 421.240861 21
712.766571 422.112350 21
713.269726 422.983840 21
713.772880 423.855329 21
714.276035 424.726818 21
714.779189 425.598307 21
715.282343 426.469796 21
715.785498 427.341285 21
716.288652 428.212774 21
716.791807 429.084263 21
717.294961 429.955752 21
717.798116 430.827241 21
718.301270 431.698730 21
718.804424 432.570219 21
719.307579 433.441708 21
719.810733 434.313197 21
720.313888 435.184686 21
720.817042 436.056175 21
721.320197 436.927664 21
721.823351 437.799153 21
722.326505 438.670642 21
722.829660 439.542131 21
723.332814 440.413620 21
723.835969 441.285110 21
724.339123 442.156599 21
724.842278 443.028088 21
725.345432 443.899577 21
725.848586 444.771066 21
726.854895 446.514044 21
728.364359 449.128511 21
728.867513 450.000000 21
728.867513 450.000000 20
729.873822 450.000000 20
730.880131 450.000000 20
731.886440 450.000000 20
732.892749 450.000000 20
733.899058 450.000000 20
734.905366 450.000000 20
735.911675 450.000000 20
736.917984 450.000000 20
737.924293 450.000000 20
738.930602 450.000000 20
739.936911 450.000000 20
740.943220 450.000000 20
741.949529 450.000000 20
742.955838 450.000000 20
743.962147 450.000000 20
744.968455 450.000000 20
745.974764 450.000000 20
746.981073 450.000000 20
747.987382 450.000000 20
748.993691 450.000000 20
750.000000 450.000000 20
752.012618 450.000000 20
753.018927 450.000000 20
754.025236 450.000000 20
755.031545 450.000000 20
757.044162 450.000000 20
758.050471 450.000000 20
759.056780 450.000000 20
760.063089 450.000000 20
761.069398 450.000000 20
762.075707 450.000000 20
763.082016 450.000000 20
764.088325 450.000000 20
766.100942 450.000000 20
767.107251 450.000000 20
769.119869 450.000000 20
770.126178 450.000000 20
771.132487 450.000000 20
773.141850 446.519681 19
773.644191 445.649601 19
774.146532 444.779521 19
774.648873 443.909441 19
775.151214 443.039361 19
776.155895 441.299201 19
776.658236 440.429121 19
777.160577 439.559042 19
777.662918 438.688962 19
778.667600 436.948802 19
779.169941 436.078722 19
779.672281 435.208642 19
780.676963 433.468482 19
781.681645 431.728323 19
783.188667 429.118083 19
783.691008 428.248003 19
784.193349 427.377923 19
784.695690 426.507843 19
785.198031 425.637764 19
785.700372 424.767684 19
786.705053 423.027524 19
787.207394 422.157444 19
787.709735 421.287364 19
788.714417 419.547204 19
789.216757 418.677125 19
789.719098 417.807045 19
790.723780 416.066885 19
791.226121 415.196805 19
791.728462 414.326725 19
792.733143 412.586565 19
793.737825 410.846406 19
795.747189 407.366086 19
797.756552 403.885767 19
798.258893 403.015687 19
799.263574 401.275527 19
800.770597 398.665288 19
801.272938 397.795208 19
801.775279 396.925128 19
802.779960 395.184968 19
803.784642 393.444808 19
804.286983 392.574728 19
810.817414 381.263690 19
811.319755 380.393610 19
811.822096 379.523530 19
812.826777 377.783371 19
814.333800 375.173131 19
816.343163 371.692811 19
816.845504 370.822732 19
817.850186 369.082572 19
818.352527 368.212492 19
819.357208 366.472332 19
819.859549 365.602252 19
820.361890 364.732172 19
820.864231 363.862093 19
821.868913 362.121933 19
822.873594 360.381773 19
824.882958 356.901454 19
825.385298 356.031374 19
825.887639 355.161294 19
826.389980 354.291214 19
826.892321 353.421134 19
829.906366 348.200655 19
832.418070 343.850256 19
832.920411 342.980176 19
833.422752 342.110096 19
833.925093 341.240016 19
834.427434 340.369936 19
835.432115 338.629776 19
837.441479 335.149457 19
839.450842 331.669137 19
840.957865 329.058898 19
841.460206 328.188818 19
842.967228 325.578578 19
843.971910 323.838418 19
844.474251 322.968339 19
844.976592 322.098259 19
845.478932 321.228179 19
847.488296 317.747859 19
848.492977 316.007700 19
848.995318 315.137620 19
850.000000 313.397460 19
852.511704 317.747859 18
853.516386 319.488019 18
854.521068 321.228179 18
855.023408 322.098259 18
856.028090 323.838418 18
856.530431 324.708498 18
858.037454 327.318738 18
859.544476 329.928978 18
860.046817 330.799057 18
861.553839 333.409297 18
862.558521 335.149457 18
863.060862 336.019537 18
863.563203 336.889617 18
865.572566 340.369936 18
866.577248 342.110096 18
868.084270 344.720335 18
868.586611 345.590415 18
869.591293 347.330575 18
870.595975 349.070735 18
874.112361 355.161294 18
875.117042 356.901454 18
877.126406 360.381773 18
878.131087 362.121933 18
878.633428 362.992013 18
879.135769 363.862093 18
879.638110 364.732172 18
881.145133 367.342412 18
881.647473 368.212492 18
882.652155 369.952652 18
884.159178 372.562891 18
886.670882 376.913291 18
888.177904 379.523530 18
890.187268 383.003850 18
892.196631 386.484169 18
892.698972 387.354249 18
895.210676 391.704649 18
897.220040 395.184968 18
899.229403 398.665288 18
899.731744 399.535367 18
901.238766 402.145607 18
901.741107 403.015687 18
902.243448 403.885767 18
905.257493 409.106246 18
907.769197 413.456645 18
908.271538 414.326725 18
908.773879 415.196805 18
909.778561 416.936965 18
912.792606 422.157444 18
913.294947 423.027524 18
914.299628 424.767684 18
916.811333 429.118083 18
917.313674 429.988163 18
918.318355 431.728323 18
919.323037 433.468482 18
919.825378 434.338562 18
920.327719 435.208642 18
920.830059 436.078722 18
922.839423 439.559042 18
924.346445 442.169281 18
924.848786 443.039361 18
926.858150 446.519681 18
927.360490 447.389760 18
930.871245 450.000000 17
931.873111 450.000000 17
932.874977 450.000000 17
933.876843 450.000000 17
934.878709 450.000000 17
935.880575 450.000000 17
936.882441 450.000000 17
940.889905 450.000000 17
943.895503 450.000000 17
945.899235 450.000000 17
946.901101 450.000000 17
948.904833 450.000000 17
949.906699 450.000000 17
950.908565 450.000000 17
951.910431 450.000000 17
952.912297 450.000000 17
953.914163 450.000000 17
954.916029 450.000000 17
955.917895 450.000000 17
956.919761 450.000000 17
957.921627 450.000000 17
958.923493 450.000000 17
959.925359 450.000000 17
964.934690 450.000000 17
965.936556 450.000000 17
966.938422 450.000000 17
967.940288 450.000000 17
968.942154 450.000000 17
969.944020 450.000000 17
970.945886 450.000000 17
971.947752 450.000000 17
974.953350 450.000000 17
975.955216 450.000000 17
976.957082 450.000000 17
977.958948 450.000000 17
979.962680 450.000000 17
980.964546 450.000000 17
981.966412 450.000000 17
982.968278 450.000000 17
983.970144 450.000000 17
984.972010 450.000000 17
985.973876 450.000000 17
986.975742 450.000000 17
987.977608 450.000000 17
988.979474 450.000000 17
989.981340 450.000000 17
990.983206 450.000000 17
991.985072 450.000000 17
992.986938 450.000000 17
993.988804 450.000000 17
994.990670 450.000000 17
996.994402 450.000000 17
997.996268 450.000000 17
998.998134 450.000000 17
1000.000000 450.000000 17
1000.000000 450.000000 16
1000.000000 451.000000 16
1000.000000 452.000000 16
1000.000000 453.000000 16
1000.000000 454.000000 16
1000.000000 455.000000 16
1000.000000 456.000000 16
1000.000000 457.000000 16
1000.000000 458.000000 16
1000.000000 461.000000 16
1000.000000 462.000000 16
1000.000000 463.000000 16
1000.000000 464.000000 16
1000.000000 465.000000 16
1000.000000 467.000000 16
1000.000000 469.000000 16
1000.000000 470.000000 16
1000.000000 471.000000 16
1000.000000 472.000000 16
1000.000000 473.000000 16
1000.000000 475.000000 16
1000.000000 477.000000 16
1000.000000 479.000000 16
1000.000000 480.000000 16
1000.000000 481.000000 16
1000.000000 482.000000 16
1000.000000 483.000000 16
1000.000000 485.000000 16
1000.000000 486.000000 16
1000.000000 487.000000 16
1000.000000 491.000000 16
1000.000000 492.000000 16
1000.000000 493.000000 16
1000.000000 495.000000 16
1000.000000 497.000000 16
1000.000000 498.000000 16
1000.000000 499.000000 16
1000.000000 500.000000 16
1000.000000 501.000000 16
1000.000000 503.000000 16
1000.000000 504.000000 16
1000.000000 506.000000 16
1000.000000 507.000000 16
1000.000000 508.000000 16
1000.000000 509.000000 16
1000.000000 512.000000 16
1000.000000 513.000000 16
1000.000000 514.000000 16
1000.000000 515.000000 16
1000.000000 516.000000 16
1000.000000 517.000000 16
1000.000000 518.000000 16
1000.000000 519.000000 16
1000.000000 521.000000 16
1000.000000 522.000000 16
1000.000000 528.000000 16
1000.000000 532.000000 16
1000.000000 533.000000 16
1000.000000 534.000000 16
1000.000000 536.000000 16
1000.000000 539.000000 16
1000.000000 540.000000 16
1000.000000 541.000000 16
1000.000000 543.000000 16
1000.000000 544.000000 16
1000.000000 545.000000 16
1000.000000 546.000000 16
1000.000000 547.000000 16
1000.000000 548.000000 16
1000.000000 550.000000 16
1000.000000 550.000000 15
998.993223 550.000000 15
997.986445 550.000000 15
993.959335 550.000000 15
992.952558 550.000000 15
990.939003 550.000000 15
989.932226 550.000000 15
986.911893 550.000000 15
985.905116 550.000000 15
984.898338 550.000000 15
979.864451 550.000000 15
978.857674 550.000000 15
977.850896 550.000000 15
976.844119 550.000000 15
973.823786 550.000000 15
971.810232 550.000000 15
970.803454 550.000000 15
967.783122 550.000000 15
964.762789 550.000000 15
963.756012 550.000000 15
962.749235 550.000000 15
955.701792 550.000000 15
954.695015 550.000000 15
953.688238 550.000000 15
944.627241 550.000000 15
943.620463 550.000000 15
942.613686 550.000000 15
941.606908 550.000000 15
940.600131 550.000000 15
938.586576 550.000000 15
936.573021 550.000000 15
934.559466 550.000000 15
932.545911 550.000000 15
931.539134 550.000000 15
930.532356 550.000000 15
929.525579 550.000000 15
920.464582 550.000000 15
919.457804 550.000000 15
917.444249 550.000000 15
916.437472 550.000000 15
915.430695 550.000000 15
914.423917 550.000000 15
913.417140 550.000000 15
910.396807 550.000000 15
909.390030 550.000000 15
908.383252 550.000000 15
905.362920 550.000000 15
901.335810 550.000000 15
900.329033 550.000000 15
898.315478 550.000000 15
895.295146 550.000000 15
894.288368 550.000000 15
893.281591 550.000000 15
890.261258 550.000000 15
888.247704 550.000000 15
887.240926 550.000000 15
886.234149 550.000000 15
884.220594 550.000000 15
883.213816 550.000000 15
882.207039 550.000000 15
880.193484 550.000000 15
874.152819 550.000000 15
873.146042 550.000000 15
872.139264 550.000000 15
871.132487 550.000000 15
871.132487 550.000000 14
870.126178 548.257022 14
869.623024 547.385533 14
869.119869 546.514044 14
868.616715 545.642555 14
868.113560 544.771066 14
867.610406 543.899577 14
867.107251 543.028088 14
866.604097 542.156599 14
866.100942 541.285110 14
865.597788 540.413620 14
865.094634 539.542131 14
864.591479 538.670642 14
864.088325 537.799153 14
862.578861 535.184686 14
862.075707 534.313197 14
861.572552 533.441708 14
861.069398 532.570219 14
860.566243 531.698730 14
860.063089 530.827241 14
859.559935 529.955752 14
859.056780 529.084263 14
858.553626 528.212774 14
858.050471 527.341285 14
857.547317 526.469796 14
857.044162 525.598307 14
856.541008 524.726818 14
855.534699 522.983840 14
855.031545 522.112350 14
854.528390 521.240861 14
854.025236 520.369372 14
853.018927 518.626394 14
852.515772 517.754905 14
852.012618 516.883416 14
851.509463 516.011927 14
851.006309 515.140438 14
850.503154 514.268949 14
850.000000 513.397460 14
850.000000 513.397460 13
848.993691 515.140438 13
848.490537 516.011927 13
847.987382 516.883416 13
847.484228 517.754905 13
846.477919 519.497883 13
845.974764 520.369372 13
845.471610 521.240861 13
844.465301 522.983840 13
843.962147 523.855329 13
843.458992 524.726818 13
842.955838 525.598307 13
842.452683 526.469796 13
841.949529 527.341285 13
841.446374 528.212774 13
840.440065 529.955752 13
839.936911 530.827241 13
839.433757 531.698730 13
838.930602 532.570219 13
838.427448 533.441708 13
837.924293 534.313197 13
837.421139 535.184686 13
836.917984 536.056175 13
836.414830 536.927664 13
835.911675 537.799153 13
835.408521 538.670642 13
834.905366 539.542131 13
834.402212 540.413620 13
833.899058 541.285110 13
833.395903 542.156599 13
832.892749 543.028088 13
832.389594 543.899577 13
831.886440 544.771066 13
831.383285 545.642555 13
830.880131 546.514044 13
830.376976 547.385533 13
829.370667 549.128511 13
828.867513 550.000000 13
827.862831 550.000000 12
826.858150 550.000000 12
821.834741 550.000000 12
820.830059 550.000000 12
818.820696 550.000000 12
813.797288 550.000000 12
809.778561 550.000000 12
807.769197 550.000000 12
805.759834 550.000000 12
804.755152 550.000000 12
802.745789 550.000000 12
801.741107 550.000000 12
792.698972 550.000000 12
789.684927 550.000000 12
788.680245 550.000000 12
787.675564 550.000000 12
785.666200 550.000000 12
783.656837 550.000000 12
781.647473 550.000000 12
779.638110 550.000000 12
778.633428 550.000000 12
774.614702 550.000000 12
764.567885 550.000000 12
763.563203 550.000000 12
760.549158 550.000000 12
758.539794 550.000000 12
757.535113 550.000000 12
754.521068 550.000000 12
750.502341 550.000000 12
749.497659 550.000000 12
744.474251 550.000000 12
741.460206 550.000000 12
740.455524 550.000000 12
738.446161 550.000000 12
734.427434 550.000000 12
732.418070 550.000000 12
730.408707 550.000000 12
729.404025 550.000000 12
728.399344 550.000000 12
725.385298 550.000000 12
722.371253 550.000000 12
718.352527 550.000000 12
717.347845 550.000000 12
716.343163 550.000000 12
713.329118 550.000000 12
712.324436 550.000000 12
708.305710 550.000000 12
706.296346 550.000000 12
705.291665 550.000000 12
696.249529 550.000000 12
693.235484 550.000000 12
687.207394 550.000000 12
686.202712 550.000000 12
685.198031 550.000000 12
680.174622 550.000000 12
679.169941 550.000000 12
678.165259 550.000000 12
677.160577 550.000000 12
673.141850 550.000000 12
671.132487 550.000000 11
669.625464 547.389760 11
669.123124 546.519681 11
668.118442 544.779521 11
664.099715 537.818882 11
663.597374 536.948802 11
662.090352 534.338562 11
661.588011 533.468482 11
659.578647 529.988163 11
657.569284 526.507843 11
657.066943 525.637764 11
656.062261 523.897604 11
654.555239 521.287364 11
654.052898 520.417284 11
650.034171 513.456645 11
647.522467 509.106246 11
647.020126 508.236166 11
646.517785 507.366086 11
645.513103 505.625926 11
645.010763 504.755847 11
644.508422 503.885767 11
641.494377 498.665288 11
640.992036 497.795208 11
640.489695 496.925128 11
639.987354 496.055048 11
638.480332 493.444808 11
637.977991 492.574728 11
635.968627 489.094409 11
632.452241 483.003850 11
631.949900 482.133770 11
630.945219 480.393610 11
630.442878 479.523530 11
629.438196 477.783371 11
628.935855 476.913291 11
625.921810 471.692811 11
624.917128 469.952652 11
623.912447 468.212492 11
622.405424 465.602252 11
621.400743 463.862093 11
620.898402 462.992013 11
620.396061 462.121933 11
617.382016 456.901454 11
616.879675 456.031374 11
616.377334 455.161294 11
613.363289 449.940815 11
612.860948 449.070735 11
609.846903 443.850256 11
608.842221 442.110096 11
608.339880 441.240016 11
607.335199 439.499856 11
605.325835 436.019537 11
601.809449 429.928978 11
600.804768 428.188818 11
597.790722 422.968339 11
596.283700 420.358099 11
594.776677 417.747859 11
594.274336 416.877779 11
592.767314 414.267540 11
592.264973 413.397460 11
592.264973 413.397460 10
592.768127 412.525971 10
593.774436 410.782993 10
594.277591 409.911504 10
594.780745 409.040015 10
595.283900 408.168526 10
595.787054 407.297036 10
596.290209 406.425547 10
596.793363 405.554058 10
597.296518 404.682569 10
597.799672 403.811080 10
598.805981 402.068102 10
599.309135 401.196613 10
599.812290 400.325124 10
600.315444 399.453635 10
600.818599 398.582146 10
601.321753 397.710657 10
601.824908 396.839168 10
602.328062 395.967679 10
602.831216 395.096190 10
603.334371 394.224700 10
603.837525 393.353211 10
604.340680 392.481722 10
604.843834 391.610233 10
605.346989 390.738744 10
605.850143 389.867255 10
606.353298 388.995766 10
606.856452 388.124277 10
607.359607 387.252788 10
607.862761 386.381299 10
608.365915 385.509810 10
608.869070 384.638321 10
609.372224 383.766832 10
609.875379 382.895342 10
610.378533 382.023853 10
610.881688 381.152364 10
611.384842 380.280875 10
611.887997 379.409386 10
612.391151 378.537897 10
612.894306 377.666408 10
613.397460 376.794919 9
612.391151 376.794919 9
611.384842 376.794919 9
610.378533 376.794919 9
609.372224 376.794919 9
608.365916 376.794919 9
607.359607 376.794919 9
606.353298 376.794919 9
605.346989 376.794919 9
604.340680 376.794919 9
603.334371 376.794919 9
602.328062 376.794919 9
601.321753 376.794919 9
600.315445 376.794919 9
599.309136 376.794919 9
598.302827 376.794919 9
597.296518 376.794919 9
595.283900 376.794919 9
594.277591 376.794919 9
593.271282 376.794919 9
591.258665 376.794919 9
590.252356 376.794919 9
589.246047 376.794919 9
587.233429 376.794919 9
586.227120 376.794919 9
585.220811 376.794919 9
584.214502 376.794919 9
583.208194 376.794919 9
582.201885 376.794919 9
581.195576 376.794919 9
580.189267 376.794919 9
579.182958 376.794919 9
577.170340 376.794919 9
576.164031 376.794919 9
575.157723 376.794919 9
574.151414 376.794919 9
573.145105 376.794919 9
572.138796 376.794919 9
571.132487 376.794919 9
571.132487 376.794919 8
570.629333 375.923430 8
569.623024 374.180452 8
568.616715 372.437474 8
568.113560 371.565985 8
567.610406 370.694496 8
567.107251 369.823007 8
566.604097 368.951518 8
565.597788 367.208539 8
565.094634 366.337050 8
564.591479 365.465561 8
564.088325 364.594072 8
563.585170 363.722583 8
563.082016 362.851094 8
562.578861 361.979605 8
562.075707 361.108116 8
561.572552 360.236627 8
561.069398 359.365138 8
560.566243 358.493649 8
560.063089 357.622160 8
559.559935 356.750671 8
558.553626 355.007693 8
557.547317 353.264715 8
557.044162 352.393226 8
556.541008 351.521737 8
556.037853 350.650248 8
555.534699 349.778759 8
554.528390 348.035780 8
554.025236 347.164291 8
552.515772 344.549824 8
552.012618 343.678335 8
551.509463 342.806846 8
551.006309 341.935357 8
550.503154 341.063868 8
550.000000 340.192379 8
550.000000 340.192379 7
549.496846 341.063868 7
548.993691 341.935357 7
548.490537 342.806846 7
547.987382 343.678335 7
547.484228 344.549824 7
546.981073 345.421313 7
546.477919 346.292802 7
545.974764 347.164291 7
545.471610 348.035780 7
544.968455 348.907269 7
544.465301 349.778759 7
543.962147 350.650248 7
543.458992 351.521737 7
542.955838 352.393226 7
542.452683 353.264715 7
541.949529 354.136204 7
541.446374 355.007693 7
540.943220 355.879182 7
540.440065 356.750671 7
539.936911 357.622160 7
539.433757 358.493649 7
538.930602 359.365138 7
538.427448 360.236627 7
537.924293 361.108116 7
537.421139 361.979605 7
536.917984 362.851094 7
536.414830 363.722583 7
535.408521 365.465561 7
534.905366 366.337050 7
534.402212 367.208539 7
533.899058 368.080029 7
533.395903 368.951518 7
532.892749 369.823007 7
532.389594 370.694496 7
531.886440 371.565985 7
531.383285 372.437474 7
530.880131 373.308963 7
530.376976 374.180452 7
529.873822 375.051941 7
529.370667 375.923430 7
528.867513 376.794919 7
528.867513 376.794919 6
527.861204 376.794919 6
526.854895 376.794919 6
525.848586 376.794919 6
523.835969 376.794919 6
522.829660 376.794919 6
521.823351 376.794919 6
520.817042 376.794919 6
519.810733 376.794919 6
518.804424 376.794919 6
516.791806 376.794919 6
515.785498 376.794919 6
514.779189 376.794919 6
513.772880 376.794919 6
512.766571 376.794919 6
511.760262 376.794919 6
510.753953 376.794919 6
509.747644 376.794919 6
508.741335 376.794919 6
507.735027 376.794919 6
506.728718 376.794919 6
505.722409 376.794919 6
504.716100 376.794919 6
503.709791 376.794919 6
502.703482 376.794919 6
501.697173 376.794919 6
500.690864 376.794919 6
499.684555 376.794919 6
498.678247 376.794919 6
497.671938 376.794919 6
496.665629 376.794919 6
495.659320 376.794919 6
494.653011 376.794919 6
493.646702 376.794919 6
492.640393 376.794919 6
491.634084 376.794919 6
490.627776 376.794919 6
489.621467 376.794919 6
488.615158 376.794919 6
487.608849 376.794919 6
486.602540 376.794919 6
486.602540 376.794919 5
487.105694 377.666408 5
487.608849 378.537897 5
488.112003 379.409386 5
488.615158 380.280875 5
489.118312 381.152364 5
490.124621 382.895342 5
490.627776 383.766832 5
491.130930 384.638321 5
491.634085 385.509810 5
492.137239 386.381299 5
492.640393 387.252788 5
493.143548 388.124277 5
493.646702 388.995766 5
494.149857 389.867255 5
494.653011 390.738744 5
495.156166 391.610233 5
495.659320 392.481722 5
496.665629 394.224700 5
497.168784 395.096190 5
497.671938 395.967679 5
498.175092 396.839168 5
498.678247 397.710657 5
499.181401 398.582146 5
500.187710 400.325124 5
500.690865 401.196613 5
501.194019 402.068102 5
502.200328 403.811080 5
502.703482 404.682569 5
503.206637 405.554058 5
503.709791 406.425547 5
504.212946 407.297036 5
504.716100 408.168526 5
505.219255 409.040015 5
505.722409 409.911504 5
507.231873 412.525971 5
507.735027 413.397460 5
507.735027 413.397460 4
505.725664 416.877779 4
505.223323 417.747859 4
504.720982 418.617939 4
504.218641 419.488019 4
503.716300 420.358099 4
503.213959 421.228179 4
502.711618 422.098259 4
502.209278 422.968339 4
499.697573 427.318738 4
499.195232 428.188818 4
497.688210 430.799057 4
497.185869 431.669137 4
496.683528 432.539217 4
495.678847 434.279377 4
495.176506 435.149457 4
492.664801 439.499856 4
492.162461 440.369936 4
490.655438 442.980176 4
490.153097 443.850256 4
489.650756 444.720335 4
489.148415 445.590415 4
488.143734 447.330575 4
487.139052 449.070735 4
486.134370 450.810895 4
484.627348 453.421134 4
483.120325 456.031374 4
482.115643 457.771534 4
481.613303 458.641613 4
480.608621 460.381773 4
479.603939 462.121933 4
478.599257 463.862093 4
478.096917 464.732172 4
477.092235 466.472332 4
476.589894 467.342412 4
476.087553 468.212492 4
475.585212 469.082572 4
475.082872 469.952652 4
474.078190 471.692811 4
473.575849 472.562891 4
473.073508 473.432971 4
471.566486 476.043211 4
470.059463 478.653450 4
468.050100 482.133770 4
467.045418 483.873930 4
465.538395 486.484169 4
464.031373 489.094409 4
462.524350 491.704649 4
461.519668 493.444808 4
460.514987 495.184968 4
459.007964 497.795208 4
458.003283 499.535367 4
456.998601 501.275527 4
454.989237 504.755847 4
453.984556 506.496006 4
453.482215 507.366086 4
452.979874 508.236166 4
451.975192 509.976326 4
451.472851 510.846406 4
450.970511 511.716486 4
449.965829 513.456645 4
449.463488 514.326725 4
448.961147 515.196805 4
447.956465 516.936965 4
446.951784 518.677125 4
445.444761 521.287364 4
443.937739 523.897604 4
443.435398 524.767684 4
441.928375 527.377923 4
441.426034 528.248003 4
439.919012 530.858243 4
438.914330 532.598403 4
437.909648 534.338562 4
436.402626 536.948802 4
434.895603 539.559042 4
432.886240 543.039361 4
431.881558 544.779521 4
431.379217 545.649601 4
429.369854 549.129920 4
428.867513 550.000000 4
426.858150 550.000000 3
423.844105 550.000000 3
421.834741 550.000000 3
420.830059 550.000000 3
419.825378 550.000000 3
418.820696 550.000000 3
414.801969 550.000000 3
412.792606 550.000000 3
411.787924 550.000000 3
403.750471 550.000000 3
402.745789 550.000000 3
401.741107 550.000000 3
400.736426 550.000000 3
398.727062 550.000000 3
397.722380 550.000000 3
396.717699 550.000000 3
387.675564 550.000000 3
385.666200 550.000000 3
384.661518 550.000000 3
382.652155 550.000000 3
380.642792 550.000000 3
374.614702 550.000000 3
370.595975 550.000000 3
368.586611 550.000000 3
367.581930 550.000000 3
363.563203 550.000000 3
362.558521 550.000000 3
360.549158 550.000000 3
356.530431 550.000000 3
345.478932 550.000000 3
343.469569 550.000000 3
338.446161 550.000000 3
337.441479 550.000000 3
335.432115 550.000000 3
333.422752 550.000000 3
331.413389 550.000000 3
330.408707 550.000000 3
327.394662 550.000000 3
325.385298 550.000000 3
324.380617 550.000000 3
322.371253 550.000000 3
317.347845 550.000000 3
316.343163 550.000000 3
313.329118 550.000000 3
312.324436 550.000000 3
310.315073 550.000000 3
309.310391 550.000000 3
307.301028 550.000000 3
306.296346 550.000000 3
305.291665 550.000000 3
302.277620 550.000000 3
300.268256 550.000000 3
297.254211 550.000000 3
296.249529 550.000000 3
293.235484 550.000000 3
289.216757 550.000000 3
288.212076 550.000000 3
284.193349 550.000000 3
283.188667 550.000000 3
282.183986 550.000000 3
277.160577 550.000000 3
276.155895 550.000000 3
272.137169 550.000000 3
271.132487 550.000000 2
270.629333 549.128511 2
270.126178 548.257022 2
269.119869 546.514044 2
268.113560 544.771066 2
267.107251 543.028088 2
266.604097 542.156599 2
266.100942 541.285110 2
265.597788 540.413620 2
264.591479 538.670642 2
264.088325 537.799153 2
263.585170 536.927664 2
263.082016 536.056175 2
262.075707 534.313197 2
261.069398 532.570219 2
260.566244 531.698730 2
260.063089 530.827241 2
259.559935 529.955752 2
259.056780 529.084263 2
258.553626 528.212774 2
258.050471 527.341285 2
257.547317 526.469796 2
257.044162 525.598307 2
256.541008 524.726818 2
256.037853 523.855329 2
255.534699 522.983840 2
255.031545 522.112350 2
254.025236 520.369372 2
253.522081 519.497883 2
253.018927 518.626394 2
252.515772 517.754905 2
252.012618 516.883416 2
251.509463 516.011927 2
250.503154 514.268949 2
250.000000 513.397460 2
250.000000 513.397460 1
248.993691 515.140438 1
248.490537 516.011927 1
247.987382 516.883416 1
247.484228 517.754905 1
246.981073 518.626394 1
246.477919 519.497883 1
245.974764 520.369372 1
245.471610 521.240861 1
244.465301 522.983840 1
243.458992 524.726818 1
242.955838 525.598307 1
242.452683 526.469796 1
241.446374 528.212774 1
240.943220 529.084263 1
240.440065 529.955752 1
239.936911 530.827241 1
238.930602 532.570219 1
238.427448 533.441708 1
237.924293 534.313197 1
237.421139 535.184686 1
236.917984 536.056175 1
236.414830 536.927664 1
235.911675 537.799153 1
235.408521 538.670642 1
234.905366 539.542131 1
234.402212 540.413620 1
233.899058 541.285110 1
233.395903 542.156599 1
232.389594 543.899577 1
231.886440 544.771066 1
231.383285 545.642555 1
230.376976 547.385533 1
229.873822 548.257022 1
229.370667 549.128511 1
228.867513 550.000000 1
228.867513 550.000000 0
227.860736 550.000000 0
224.840403 550.000000 0
222.826848 550.000000 0
220.813293 550.000000 0
219.806516 550.000000 0
217.792961 550.000000 0
215.779406 550.000000 0
213.765851 550.000000 0
212.759074 550.000000 0
211.752296 550.000000 0
209.738742 550.000000 0
208.731964 550.000000 0
205.711632 550.000000 0
203.698077 550.000000 0
198.664190 550.000000 0
196.650635 550.000000 0
195.643857 550.000000 0
194.637080 550.000000 0
191.616748 550.000000 0
190.609970 550.000000 0
186.582860 550.000000 0
184.569305 550.000000 0
183.562528 550.000000 0
178.528641 550.000000 0
177.521863 550.000000 0
173.494754 550.000000 0
170.474421 550.000000 0
168.460866 550.000000 0
167.454089 550.000000 0
166.447311 550.000000 0
165.440534 550.000000 0
163.426979 550.000000 0
162.420202 550.000000 0
159.399869 550.000000 0
158.393092 550.000000 0
156.379537 550.000000 0
155.372759 550.000000 0
153.359205 550.000000 0
152.352427 550.000000 0
150.338872 550.000000 0
149.332095 550.000000 0
148.325317 550.000000 0
146.311762 550.000000 0
145.304985 550.000000 0
141.277875 550.000000 0
140.271098 550.000000 0
139.264320 550.000000 0
138.257543 550.000000 0
137.250765 550.000000 0
135.237211 550.000000 0
134.230433 550.000000 0
133.223656 550.000000 0
132.216878 550.000000 0
131.210101 550.000000 0
129.196546 550.000000 0
126.176214 550.000000 0
125.169436 550.000000 0
124.162659 550.000000 0
123.155881 550.000000 0
122.149104 550.000000 0
120.135549 550.000000 0
118.121994 550.000000 0
116.108439 550.000000 0
114.094884 550.000000 0
109.060997 550.000000 0
108.054220 550.000000 0
105.033887 550.000000 0
102.013555 550.000000 0
100.000000 550.000000 0
