1500
100.000000 450.000000 8
101.000489 450.000000 8
102.000978 450.000000 8
105.002444 450.000000 8
110.004889 450.000000 8
111.005378 450.000000 8
112.005867 450.000000 8
114.006844 450.000000 8
115.007333 450.000000 8
116.007822 450.000000 8
119.009289 450.000000 8
122.010755 450.000000 8
123.011244 450.000000 8
125.012222 450.000000 8
127.013200 450.000000 8
128.013689 450.000000 8
131.015155 450.000000 8
133.016133 450.000000 8
134.016622 450.000000 8
137.018089 450.000000 8
138.018577 450.000000 8
139.019066 450.000000 8
140.019555 450.000000 8
142.020533 450.000000 8
144.021511 450.000000 8
146.022488 450.000000 8
147.022977 450.000000 8
151.024933 450.000000 8
152.025422 450.000000 8
153.025911 450.000000 8
155.026888 450.000000 8
157.027866 450.000000 8
158.028355 450.000000 8
159.028844 450.000000 8
160.029333 450.000000 8
163.030799 450.000000 8
165.031777 450.000000 8
168.033244 450.000000 8
169.033733 450.000000 8
170.034222 450.000000 8
171.034710 450.000000 8
172.035199 450.000000 8
173.035688 450.000000 8
174.036177 450.000000 8
175.036666 450.000000 8
177.037644 450.000000 8
178.038133 450.000000 8
180.039110 450.000000 8
182.040088 450.000000 8
183.040577 450.000000 8
184.041066 450.000000 8
185.041555 450.000000 8
186.042044 450.000000 8
187.042533 450.000000 8
188.043021 450.000000 8
190.043999 450.000000 8
192.044977 450.000000 8
194.045955 450.000000 8
195.046444 450.000000 8
196.046933 450.000000 8
197.047421 450.000000 8
199.048399 450.000000 8
200.048888 450.000000 8
201.049377 450.000000 8
202.049866 450.000000 8
203.050355 450.000000 8
204.050844 450.000000 8
205.051332 450.000000 8
206.051821 450.000000 8
207.052310 450.000000 8
208.052799 450.000000 8
209.053288 450.000000 8
211.054266 450.000000 8
212.054755 450.000000 8
213.055243 450.000000 8
214.055732 450.000000 8
215.056221 450.000000 8
216.056710 450.000000 8
218.057688 450.000000 8
222.059643 450.000000 8
223.060132 450.000000 8
224.060621 450.000000 8
226.061599 450.000000 8
228.062577 450.000000 8
229.063066 450.000000 8
230.063554 450.000000 8
231.064043 450.000000 8
232.064532 450.000000 8
233.065021 450.000000 8
234.065510 450.000000 8
236.066488 450.000000 8
237.066977 450.000000 8
238.067465 450.000000 8
239.067954 450.000000 8
240.068443 450.000000 8
242.069421 450.000000 8
243.069910 450.000000 8
245.070888 450.000000 8
247.071865 450.000000 8
248.072354 450.000000 8
249.072843 450.000000 8
253.074799 450.000000 8
254.075288 450.000000 8
255.075776 450.000000 8
257.076754 450.000000 8
259.077732 450.000000 8
260.078221 450.000000 8
261.078710 450.000000 8
262.079199 450.000000 8
263.079687 450.000000 8
264.080176 450.000000 8
266.081154 450.000000 8
267.081643 450.000000 8
268.082132 450.000000 8
269.082621 450.000000 8
273.084576 450.000000 8
274.085065 450.000000 8
275.085554 450.000000 8
277.086532 450.000000 8
278.087021 450.000000 8
280.087998 450.000000 8
281.088487 450.000000 8
282.088976 450.000000 8
283.089465 450.000000 8
284.089954 450.000000 8
285.090443 450.000000 8
286.090932 450.000000 8
288.091909 450.000000 8
289.092398 450.000000 8
291.093376 450.000000 8
293.094354 450.000000 8
294.094843 450.000000 8
296.095821 450.000000 8
297.096309 450.000000 8
298.096798 450.000000 8
299.097287 450.000000 8
300.097776 450.000000 8
301.098265 450.000000 8
302.098754 450.000000 8
305.100220 450.000000 8
306.100709 450.000000 8
308.101687 450.000000 8
309.102176 450.000000 8
310.102665 450.000000 8
311.103154 450.000000 8
313.104131 450.000000 8
314.104620 450.000000 8
316.105598 450.000000 8
317.106087 450.000000 8
318.106576 450.000000 8
319.107065 450.000000 8
320.107554 450.000000 8
323.109020 450.000000 8
324.109509 450.000000 8
325.109998 450.000000 8
327.110976 450.000000 8
328.111465 450.000000 8
331.112931 450.000000 8
335.114887 450.000000 8
336.115376 450.000000 8
337.115865 450.000000 8
339.116842 450.000000 8
340.117331 450.000000 8
341.117820 450.000000 8
343.118798 450.000000 8
345.119776 450.000000 8
346.120265 450.000000 8
347.120753 450.000000 8
348.121242 450.000000 8
349.121731 450.000000 8
350.122220 450.000000 8
352.123198 450.000000 8
354.124176 450.000000 8
355.124664 450.000000 8
357.125642 450.000000 8
358.126131 450.000000 8
360.127109 450.000000 8
361.127598 450.000000 8
362.128087 450.000000 8
365.129553 450.000000 8
367.130531 450.000000 8
368.131020 450.000000 8
369.131509 450.000000 8
371.132487 450.000000 8
371.132487 450.000000 7
371.633516 449.132192 7
374.138663 444.793149 7
374.639693 443.925341 7
375.140722 443.057532 7
376.643810 440.454107 7
377.144840 439.586298 7
377.645869 438.718490 7
378.146899 437.850682 7
378.647928 436.982873 7
379.148958 436.115065 7
380.151017 434.379448 7
380.652046 433.511639 7
381.153076 432.643831 7
382.155134 430.908214 7
383.157193 429.172597 7
383.658223 428.304788 7
384.159252 427.436980 7
384.660282 426.569172 7
386.163370 423.965746 7
386.664399 423.097938 7
388.668517 419.626704 7
391.173665 415.287661 7
395.682930 407.477385 7
396.183959 406.609577 7
396.684988 405.741768 7
397.186018 404.873960 7
399.691165 400.534918 7
400.192195 399.667109 7
400.693224 398.799301 7
401.194254 397.931492 7
401.695283 397.063684 7
402.196312 396.195875 7
403.699401 393.592450 7
404.200430 392.724641 7
405.202489 390.989025 7
406.204548 389.253408 7
408.709695 384.914365 7
409.711754 383.178748 7
411.214842 380.575323 7
412.216901 378.839706 7
413.719990 376.236281 7
414.221019 375.368472 7
415.724108 372.765047 7
416.225137 371.897238 7
417.728225 369.293813 7
418.730284 367.558196 7
419.231314 366.690388 7
419.732343 365.822579 7
420.734402 364.086962 7
421.736461 362.351345 7
422.237490 361.483537 7
424.241608 358.012303 7
426.245726 354.541069 7
426.746755 353.673261 7
427.247785 352.805452 7
430.754991 346.730793 7
431.757050 344.995176 7
432.258079 344.127368 7
433.260138 342.391751 7
434.763227 339.788325 7
436.266315 337.184900 7
437.769403 334.581474 7
439.272492 331.978049 7
439.773521 331.110241 7
440.274551 330.242432 7
440.775580 329.374624 7
441.276609 328.506815 7
441.777639 327.639007 7
443.280727 325.035581 7
445.284845 321.564348 7
446.787933 318.960922 7
447.789992 317.225305 7
448.291022 316.357497 7
449.293081 314.621880 7
450.796169 312.018454 7
452.299257 309.415029 7
454.303375 305.943795 7
455.305434 304.208178 7
455.806464 303.340370 7
456.307493 302.472561 7
457.309552 300.736944 7
458.311611 299.001328 7
458.812640 298.133519 7
459.313670 297.265711 7
460.315729 295.530094 7
460.816758 294.662285 7
461.818817 292.926668 7
462.319846 292.058860 7
463.321905 290.323243 7
463.822935 289.455434 7
464.323964 288.587626 7
464.824994 287.719818 7
465.326023 286.852009 7
465.827052 285.984201 7
466.328082 285.116392 7
467.831170 282.512967 7
468.332200 281.645158 7
469.835288 279.041733 7
470.336318 278.173924 7
470.837347 277.306116 7
471.338376 276.438307 7
472.340435 274.702691 7
472.841465 273.834882 7
473.342494 272.967074 7
474.344553 271.231457 7
475.346612 269.495840 7
476.348671 267.760223 7
477.851759 265.156797 7
478.352789 264.288989 7
478.853818 263.421181 7
481.358965 259.082138 7
481.859995 258.214330 7
482.361024 257.346521 7
483.864113 254.743096 7
484.365142 253.875287 7
485.367201 252.139671 7
487.371319 248.668437 7
488.373378 246.932820 7
488.874407 246.065011 7
489.876466 244.329394 7
490.377496 243.461586 7
490.878525 242.593777 7
491.880584 240.858161 7
492.381613 239.990352 7
495.387790 234.783501 7
495.888819 233.915693 7
496.890878 232.180076 7
497.391908 231.312267 7
497.892937 230.444459 7
498.894996 228.708842 7
499.897055 226.973225 7
500.398085 226.105417 7
500.899114 225.237608 7
501.901173 223.501991 7
502.402202 222.634183 7
503.404261 220.898566 7
503.905291 220.030757 7
505.408379 217.427332 7
507.412497 213.956098 7
509.416615 210.484864 7
509.917644 209.617056 7
510.919703 207.881439 7
511.921762 206.145822 7
512.422791 205.278014 7
513.424850 203.542397 7
513.925880 202.674588 7
514.426909 201.806780 7
514.927939 200.938971 7
515.929997 199.203354 7
519.938233 192.260887 7
520.439262 191.393078 7
520.940292 190.525270 7
521.441321 189.657461 7
521.942351 188.789653 7
522.443380 187.921844 7
522.944410 187.054036 7
524.447498 184.450610 7
524.948528 183.582802 7
525.449557 182.714994 7
525.950586 181.847185 7
526.952645 180.111568 7
527.453675 179.243760 7
527.954704 178.375951 7
529.457793 175.772526 7
529.958822 174.904717 7
530.459851 174.036909 7
531.461910 172.301292 7
531.962940 171.433484 7
532.964999 169.697867 7
533.466028 168.830058 7
534.468087 167.094441 7
534.969117 166.226633 7
537.975293 161.019782 7
538.476323 160.151974 7
538.977352 159.284165 7
539.979411 157.548548 7
540.480440 156.680740 7
541.983529 154.077314 7
542.985588 152.341697 7
544.488676 149.738272 7
544.989706 148.870463 7
545.490735 148.002655 7
547.995882 143.663613 7
549.498971 141.060187 7
550.000000 140.192379 7
550.501029 141.060187 6
552.004118 143.663613 6
552.505147 144.531421 6
553.006177 145.399230 6
554.008236 147.134847 6
558.016471 154.077314 6
559.519560 156.680740 6
560.020589 157.548548 6
560.521618 158.416357 6
561.022648 159.284165 6
561.523677 160.151974 6
562.024707 161.019782 6
563.527795 163.623207 6
564.028825 164.491016 6
565.531913 167.094441 6
567.035001 169.697867 6
568.037060 171.433484 6
569.039119 173.169100 6
569.540149 174.036909 6
570.041178 174.904717 6
570.542207 175.772526 6
571.544266 177.508143 6
573.548384 180.979377 6
574.049414 181.847185 6
576.053531 185.318419 6
576.554561 186.186227 6
578.558679 189.657461 6
579.059708 190.525270 6
579.560738 191.393078 6
580.061767 192.260887 6
580.562796 193.128695 6
581.063826 193.996504 6
581.564855 194.864312 6
582.566914 196.599929 6
583.568973 198.335546 6
585.072061 200.938971 6
586.074120 202.674588 6
586.575150 203.542397 6
588.078238 206.145822 6
590.082356 209.617056 6
591.084415 211.352673 6
592.587503 213.956098 6
593.088533 214.823907 6
593.589562 215.691715 6
594.591621 217.427332 6
595.092650 218.295140 6
596.595739 220.898566 6
597.096768 221.766374 6
598.599857 224.369800 6
599.100886 225.237608 6
602.608092 231.312267 6
603.109122 232.180076 6
604.111181 233.915693 6
604.612210 234.783501 6
606.115298 237.386927 6
607.117357 239.122544 6
607.618387 239.990352 6
608.119416 240.858161 6
609.622504 243.461586 6
611.125593 246.065011 6
612.628681 248.668437 6
613.630740 250.404054 6
614.632799 252.139671 6
616.135887 254.743096 6
616.636917 255.610904 6
619.142064 259.949947 6
619.643093 260.817755 6
620.144123 261.685564 6
620.645152 262.553372 6
622.148241 265.156797 6
622.649270 266.024606 6
623.651329 267.760223 6
625.154417 270.363648 6
625.655447 271.231457 6
626.657506 272.967074 6
627.659565 274.702691 6
628.160594 275.570499 6
629.162653 277.306116 6
629.663682 278.173924 6
630.164712 279.041733 6
631.667800 281.645158 6
632.168830 282.512967 6
633.170889 284.248584 6
633.671918 285.116392 6
634.172948 285.984201 6
636.177065 289.455434 6
637.179124 291.191051 6
638.682213 293.794477 6
639.183242 294.662285 6
640.185301 296.397902 6
640.686330 297.265711 6
641.187360 298.133519 6
641.688389 299.001328 6
642.189419 299.869136 6
642.690448 300.736944 6
643.191478 301.604753 6
644.193536 303.340370 6
644.694566 304.208178 6
645.696625 305.943795 6
647.199713 308.547221 6
648.702802 311.150646 6
649.203831 312.018454 6
649.704860 312.886263 6
650.706919 314.621880 6
653.212067 318.960922 6
653.713096 319.828731 6
654.214125 320.696539 6
655.216184 322.432156 6
655.717214 323.299964 6
656.719273 325.035581 6
657.220302 325.903390 6
657.721332 326.771198 6
658.723391 328.506815 6
659.725449 330.242432 6
660.226479 331.110241 6
661.228538 332.845858 6
661.729567 333.713666 6
662.731626 335.449283 6
663.733685 337.184900 6
664.234714 338.052708 6
667.741921 344.127368 6
668.242950 344.995176 6
669.245009 346.730793 6
670.247068 348.466410 6
673.253245 353.673261 6
673.754274 354.541069 6
676.760451 359.747920 6
678.263539 362.351345 6
679.265598 364.086962 6
679.766627 364.954771 6
681.269716 367.558196 6
681.770745 368.426005 6
682.271775 369.293813 6
683.273834 371.029430 6
683.774863 371.897238 6
684.776922 373.632855 6
685.778981 375.368472 6
686.280010 376.236281 6
688.284128 379.707515 6
689.286187 381.443131 6
690.789275 384.046557 6
691.290305 384.914365 6
693.294423 388.385599 6
693.795452 389.253408 6
694.797511 390.989025 6
697.302658 395.328067 6
697.803688 396.195875 6
698.805746 397.931492 6
699.306776 398.799301 6
699.807805 399.667109 6
701.310894 402.270535 6
701.811923 403.138343 6
702.312953 404.006151 6
702.813982 404.873960 6
703.315012 405.741768 6
703.816041 406.609577 6
704.317070 407.477385 6
705.820159 410.080811 6
707.323247 412.684236 6
708.325306 414.419853 6
708.826335 415.287661 6
710.329424 417.891087 6
710.830453 418.758895 6
711.331483 419.626704 6
712.333542 421.362321 6
712.834571 422.230129 6
713.335601 423.097938 6
713.836630 423.965746 6
716.842807 429.172597 6
717.343836 430.040405 6
717.844866 430.908214 6
718.345895 431.776022 6
719.848983 434.379448 6
721.352072 436.982873 6
721.853101 437.850682 6
722.354131 438.718490 6
722.855160 439.586298 6
723.356190 440.454107 6
724.859278 443.057532 6
726.362366 445.660958 6
726.863396 446.528766 6
727.364425 447.396575 6
728.867513 450.000000 6
729.868002 450.000000 5
730.868491 450.000000 5
732.869469 450.000000 5
733.869958 450.000000 5
734.870447 450.000000 5
736.871425 450.000000 5
741.873869 450.000000 5
742.874358 450.000000 5
743.874847 450.000000 5
745.875824 450.000000 5
746.876313 450.000000 5
749.877780 450.000000 5
750.878269 450.000000 5
751.878758 450.000000 5
753.879735 450.000000 5
756.881202 450.000000 5
757.881691 450.000000 5
758.882180 450.000000 5
759.882669 450.000000 5
761.883647 450.000000 5
762.884135 450.000000 5
764.885113 450.000000 5
765.885602 450.000000 5
766.886091 450.000000 5
767.886580 450.000000 5
768.887069 450.000000 5
769.887558 450.000000 5
772.889024 450.000000 5
774.890002 450.000000 5
775.890491 450.000000 5
776.890980 450.000000 5
777.891469 450.000000 5
779.892446 450.000000 5
780.892935 450.000000 5
782.893913 450.000000 5
783.894402 450.000000 5
784.894891 450.000000 5
785.895380 450.000000 5
787.896357 450.000000 5
789.897335 450.000000 5
791.898313 450.000000 5
795.900268 450.000000 5
802.903691 450.000000 5
804.904668 450.000000 5
807.906135 450.000000 5
809.907113 450.000000 5
812.908579 450.000000 5
814.909557 450.000000 5
815.910046 450.000000 5
816.910535 450.000000 5
818.911513 450.000000 5
820.912490 450.000000 5
822.913468 450.000000 5
823.913957 450.000000 5
824.914446 450.000000 5
825.914935 450.000000 5
827.915913 450.000000 5
829.916890 450.000000 5
830.917379 450.000000 5
833.918846 450.000000 5
834.919335 450.000000 5
837.920801 450.000000 5
838.921290 450.000000 5
839.921779 450.000000 5
841.922757 450.000000 5
843.923735 450.000000 5
845.924712 450.000000 5
846.925201 450.000000 5
848.926179 450.000000 5
849.926668 450.000000 5
850.927157 450.000000 5
851.927646 450.000000 5
852.928135 450.000000 5
854.929112 450.000000 5
855.929601 450.000000 5
857.930579 450.000000 5
858.931068 450.000000 5
859.931557 450.000000 5
860.932046 450.000000 5
861.932535 450.000000 5
864.934001 450.000000 5
867.935468 450.000000 5
869.936446 450.000000 5
871.937423 450.000000 5
873.938401 450.000000 5
874.938890 450.000000 5
875.939379 450.000000 5
878.940845 450.000000 5
879.941334 450.000000 5
883.943290 450.000000 5
885.944268 450.000000 5
886.944757 450.000000 5
887.945245 450.000000 5
890.946712 450.000000 5
891.947201 450.000000 5
892.947690 450.000000 5
893.948179 450.000000 5
897.950134 450.000000 5
898.950623 450.000000 5
899.951112 450.000000 5
900.951601 450.000000 5
901.952090 450.000000 5
904.953556 450.000000 5
905.954045 450.000000 5
906.954534 450.000000 5
908.955512 450.000000 5
910.956490 450.000000 5
911.956979 450.000000 5
912.957467 450.000000 5
914.958445 450.000000 5
916.959423 450.000000 5
917.959912 450.000000 5
918.960401 450.000000 5
919.960890 450.000000 5
924.963334 450.000000 5
925.963823 450.000000 5
926.964312 450.000000 5
933.967734 450.000000 5
934.968223 450.000000 5
936.969201 450.000000 5
937.969689 450.000000 5
940.971156 450.000000 5
942.972134 450.000000 5
943.972623 450.000000 5
944.973112 450.000000 5
947.974578 450.000000 5
948.975067 450.000000 5
949.975556 450.000000 5
952.977023 450.000000 5
953.977512 450.000000 5
954.978000 450.000000 5
955.978489 450.000000 5
957.979467 450.000000 5
958.979956 450.000000 5
959.980445 450.000000 5
961.981423 450.000000 5
965.983378 450.000000 5
966.983867 450.000000 5
967.984356 450.000000 5
970.985822 450.000000 5
971.986311 450.000000 5
972.986800 450.000000 5
973.987289 450.000000 5
974.987778 450.000000 5
975.988267 450.000000 5
977.989245 450.000000 5
978.989734 450.000000 5
981.991200 450.000000 5
983.992178 450.000000 5
984.992667 450.000000 5
985.993156 450.000000 5
987.994133 450.000000 5
988.994622 450.000000 5
989.995111 450.000000 5
990.995600 450.000000 5
992.996578 450.000000 5
993.997067 450.000000 5
994.997556 450.000000 5
995.998044 450.000000 5
997.999022 450.000000 5
998.999511 450.000000 5
1000.000000 450.000000 5
1000.000000 450.000000 4
1000.000000 451.000000 4
1000.000000 453.000000 4
1000.000000 454.000000 4
1000.000000 455.000000 4
1000.000000 456.000000 4
1000.000000 457.000000 4
1000.000000 458.000000 4
1000.000000 459.000000 4
1000.000000 460.000000 4
1000.000000 462.000000 4
1000.000000 463.000000 4
1000.000000 464.000000 4
1000.000000 465.000000 4
1000.000000 466.000000 4
1000.000000 467.000000 4
1000.000000 468.000000 4
1000.000000 469.000000 4
1000.000000 470.000000 4
1000.000000 471.000000 4
1000.000000 472.000000 4
1000.000000 473.000000 4
1000.000000 474.000000 4
1000.000000 476.000000 4
1000.000000 477.000000 4
1000.000000 478.000000 4
1000.000000 479.000000 4
1000.000000 480.000000 4
1000.000000 481.000000 4
1000.000000 482.000000 4
1000.000000 483.000000 4
1000.000000 484.000000 4
1000.000000 485.000000 4
1000.000000 486.000000 4
1000.000000 487.000000 4
1000.000000 488.000000 4
1000.000000 489.000000 4
1000.000000 490.000000 4
1000.000000 491.000000 4
1000.000000 492.000000 4
1000.000000 493.000000 4
1000.000000 494.000000 4
1000.000000 495.000000 4
1000.000000 496.000000 4
1000.000000 497.000000 4
1000.000000 498.000000 4
1000.000000 499.000000 4
1000.000000 500.000000 4
1000.000000 502.000000 4
1000.000000 503.000000 4
1000.000000 504.000000 4
1000.000000 505.000000 4
1000.000000 506.000000 4
1000.000000 509.000000 4
1000.000000 510.000000 4
1000.000000 512.000000 4
1000.000000 513.000000 4
1000.000000 514.000000 4
1000.000000 515.000000 4
1000.000000 516.000000 4
1000.000000 517.000000 4
1000.000000 518.000000 4
1000.000000 519.000000 4
1000.000000 520.000000 4
1000.000000 521.000000 4
1000.000000 522.000000 4
1000.000000 523.000000 4
1000.000000 524.000000 4
1000.000000 525.000000 4
1000.000000 526.000000 4
1000.000000 527.000000 4
1000.000000 528.000000 4
1000.000000 529.000000 4
1000.000000 530.000000 4
1000.000000 531.000000 4
1000.000000 532.000000 4
1000.000000 533.000000 4
1000.000000 534.000000 4
1000.000000 535.000000 4
1000.000000 536.000000 4
1000.000000 537.000000 4
1000.000000 538.000000 4
1000.000000 539.000000 4
1000.000000 540.000000 4
1000.000000 541.000000 4
1000.000000 542.000000 4
1000.000000 543.000000 4
1000.000000 544.000000 4
1000.000000 545.000000 4
1000.000000 546.000000 4
1000.000000 547.000000 4
1000.000000 548.000000 4
1000.000000 549.000000 4
1000.000000 550.000000 4
998.997355 550.000000 3
997.994710 550.000000 3
995.989421 550.000000 3
994.986776 550.000000 3
993.984131 550.000000 3
991.978841 550.000000 3
988.970907 550.000000 3
987.968262 550.000000 3
985.962972 550.000000 3
984.960327 550.000000 3
981.952393 550.000000 3
979.947103 550.000000 3
978.944458 550.000000 3
976.939168 550.000000 3
975.936523 550.000000 3
974.933879 550.000000 3
972.928589 550.000000 3
971.925944 550.000000 3
970.923299 550.000000 3
968.918009 550.000000 3
967.915365 550.000000 3
965.910075 550.000000 3
962.902140 550.000000 3
961.899495 550.000000 3
960.896851 550.000000 3
959.894206 550.000000 3
958.891561 550.000000 3
956.886271 550.000000 3
953.878337 550.000000 3
952.875692 550.000000 3
951.873047 550.000000 3
949.867757 550.000000 3
948.865112 550.000000 3
947.862467 550.000000 3
946.859823 550.000000 3
944.854533 550.000000 3
943.851888 550.000000 3
940.843953 550.000000 3
938.838664 550.000000 3
934.828084 550.000000 3
932.822795 550.000000 3
931.820150 550.000000 3
930.817505 550.000000 3
929.814860 550.000000 3
928.812215 550.000000 3
927.809570 550.000000 3
924.801636 550.000000 3
922.796346 550.000000 3
915.777832 550.000000 3
911.767252 550.000000 3
907.756673 550.000000 3
906.754028 550.000000 3
905.751383 550.000000 3
904.748738 550.000000 3
901.740804 550.000000 3
899.735514 550.000000 3
896.727580 550.000000 3
894.722290 550.000000 3
893.719645 550.000000 3
892.717000 550.000000 3
890.711710 550.000000 3
889.709066 550.000000 3
884.695841 550.000000 3
883.693196 550.000000 3
881.687907 550.000000 3
880.685262 550.000000 3
877.677327 550.000000 3
876.674682 550.000000 3
875.672038 550.000000 3
874.669393 550.000000 3
870.658813 550.000000 3
868.653524 550.000000 3
867.650879 550.000000 3
861.635010 550.000000 3
856.621785 550.000000 3
855.619140 550.000000 3
853.613851 550.000000 3
852.611206 550.000000 3
851.608561 550.000000 3
849.603271 550.000000 3
848.600626 550.000000 3
845.592692 550.000000 3
842.584757 550.000000 3
841.582112 550.000000 3
839.576823 550.000000 3
836.568888 550.000000 3
834.563598 550.000000 3
833.560954 550.000000 3
828.547729 550.000000 3
827.545084 550.000000 3
825.539795 550.000000 3
822.531860 550.000000 3
821.529215 550.000000 3
819.523926 550.000000 3
818.521281 550.000000 3
817.518636 550.000000 3
816.515991 550.000000 3
814.510701 550.000000 3
813.508056 550.000000 3
812.505412 550.000000 3
811.502767 550.000000 3
806.489542 550.000000 3
805.486898 550.000000 3
802.478963 550.000000 3
801.476318 550.000000 3
800.473673 550.000000 3
799.471028 550.000000 3
798.468384 550.000000 3
797.465739 550.000000 3
794.457804 550.000000 3
792.452514 550.000000 3
790.447225 550.000000 3
789.444580 550.000000 3
787.439290 550.000000 3
786.436645 550.000000 3
785.434000 550.000000 3
784.431356 550.000000 3
783.428711 550.000000 3
780.420776 550.000000 3
778.415486 550.000000 3
777.412841 550.000000 3
771.396972 550.000000 3
769.391683 550.000000 3
767.386393 550.000000 3
766.383748 550.000000 3
762.373169 550.000000 3
761.370524 550.000000 3
760.367879 550.000000 3
758.362589 550.000000 3
751.344075 550.000000 3
749.338785 550.000000 3
747.333496 550.000000 3
745.328206 550.000000 3
743.322916 550.000000 3
740.314982 550.000000 3
735.301757 550.000000 3
734.299113 550.000000 3
725.275309 550.000000 3
724.272664 550.000000 3
722.267374 550.000000 3
721.264729 550.000000 3
719.259440 550.000000 3
717.254150 550.000000 3
716.251505 550.000000 3
714.246215 550.000000 3
708.230346 550.000000 3
706.225057 550.000000 3
705.222412 550.000000 3
703.217122 550.000000 3
702.214477 550.000000 3
700.209187 550.000000 3
698.203898 550.000000 3
696.198608 550.000000 3
695.195963 550.000000 3
694.193318 550.000000 3
691.185384 550.000000 3
690.182739 550.000000 3
689.180094 550.000000 3
687.174804 550.000000 3
686.172159 550.000000 3
683.164225 550.000000 3
682.161580 550.000000 3
681.158935 550.000000 3
677.148356 550.000000 3
675.143066 550.000000 3
674.140421 550.000000 3
671.132487 550.000000 2
670.631939 549.133026 2
670.131392 548.266053 2
668.129202 544.798158 2
667.628654 543.931185 2
667.128107 543.064211 2
666.127012 541.330264 2
664.625369 538.729343 2
663.624275 536.995395 2
663.123727 536.128422 2
662.623180 535.261448 2
662.122632 534.394474 2
661.622085 533.527501 2
661.121537 532.660527 2
660.620990 531.793554 2
660.120442 530.926580 2
659.619895 530.059606 2
659.119347 529.192633 2
658.618800 528.325659 2
657.617705 526.591712 2
657.117158 525.724738 2
656.116063 523.990791 2
654.614420 521.389870 2
654.113873 520.522896 2
653.613325 519.655923 2
652.111683 517.055002 2
651.611135 516.188028 2
651.110588 515.321054 2
650.610040 514.454081 2
650.109493 513.587107 2
649.608946 512.720133 2
649.108398 511.853160 2
648.607851 510.986186 2
648.107303 510.119213 2
647.606756 509.252239 2
647.106208 508.385265 2
645.604566 505.784344 2
644.603471 504.050397 2
644.102923 503.183423 2
643.602376 502.316450 2
642.100734 499.715529 2
641.600186 498.848555 2
641.099639 497.981582 2
640.098544 496.247634 2
639.597996 495.380661 2
639.097449 494.513687 2
638.596901 493.646713 2
638.096354 492.779740 2
637.095259 491.045792 2
636.594711 490.178819 2
635.593617 488.444871 2
635.093069 487.577898 2
634.091974 485.843951 2
633.591427 484.976977 2
633.090879 484.110003 2
632.590332 483.243030 2
632.089784 482.376056 2
631.589237 481.509082 2
630.087594 478.908161 2
629.587047 478.041188 2
629.086499 477.174214 2
628.585952 476.307241 2
628.085405 475.440267 2
627.584857 474.573293 2
626.583762 472.839346 2
626.083215 471.972372 2
625.582667 471.105399 2
625.082120 470.238425 2
624.581572 469.371451 2
624.081025 468.504478 2
623.079930 466.770530 2
621.578288 464.169610 2
620.577193 462.435662 2
620.076645 461.568689 2
619.075550 459.834741 2
618.575003 458.967768 2
618.074455 458.100794 2
617.573908 457.233820 2
616.572813 455.499873 2
615.571718 453.765926 2
615.071170 452.898952 2
614.570623 452.031979 2
613.569528 450.298031 2
613.068981 449.431058 2
611.567338 446.830137 2
610.566243 445.096189 2
609.064601 442.495269 2
608.063506 440.761321 2
607.562958 439.894348 2
606.561864 438.160400 2
606.061316 437.293427 2
605.560769 436.426453 2
605.060221 435.559479 2
604.059126 433.825532 2
603.058031 432.091585 2
602.557484 431.224611 2
602.056936 430.357638 2
601.556389 429.490664 2
601.055841 428.623690 2
600.555294 427.756717 2
600.054747 426.889743 2
599.554199 426.022769 2
599.053652 425.155796 2
598.553104 424.288822 2
598.052557 423.421848 2
596.550914 420.820927 2
596.050367 419.953954 2
594.548724 417.353033 2
594.048177 416.486059 2
593.547629 415.619086 2
592.546535 413.885138 2
592.045987 413.018165 2
591.044892 411.284217 2
590.544345 410.417244 2
589.543250 408.683297 2
589.042702 407.816323 2
587.541060 405.215402 2
587.040512 404.348428 2
586.039417 402.614481 2
585.038323 400.880534 2
583.536680 398.279613 2
582.535585 396.545666 2
581.534490 394.811718 2
580.032848 392.210797 2
579.532300 391.343824 2
579.031753 390.476850 2
578.030658 388.742903 2
577.029563 387.008955 2
576.529016 386.141982 2
575.527921 384.408035 2
575.027373 383.541061 2
573.525731 380.940140 2
573.025183 380.073166 2
572.524636 379.206193 2
572.024088 378.339219 2
571.523541 377.472245 2
570.522446 375.738298 2
570.021899 374.871325 2
569.521351 374.004351 2
568.520256 372.270404 2
568.019709 371.403430 2
566.518066 368.802509 2
565.516971 367.068562 2
565.016424 366.201588 2
563.514782 363.600667 2
562.513687 361.866720 2
561.512592 360.132773 2
560.010949 357.531852 2
559.009854 355.797904 2
558.008759 354.063957 2
557.007665 352.330010 2
556.006570 350.596063 2
555.005475 348.862115 2
554.004380 347.128168 2
553.003285 345.394221 2
550.000000 340.192379 2
550.000000 340.192379 1
549.499453 341.059353 1
546.996715 345.394221 1
546.496168 346.261194 1
545.995620 347.128168 1
544.493978 349.729089 1
543.993430 350.596063 1
543.492883 351.463036 1
542.992335 352.330010 1
542.491788 353.196983 1
541.991241 354.063957 1
541.490693 354.930931 1
540.990146 355.797904 1
540.489598 356.664878 1
539.989051 357.531852 1
539.488503 358.398825 1
538.987956 359.265799 1
538.487408 360.132773 1
536.985766 362.733694 1
536.485218 363.600667 1
535.484124 365.334614 1
534.983576 366.201588 1
534.483029 367.068562 1
533.982481 367.935535 1
533.481934 368.802509 1
532.480839 370.536456 1
530.478649 374.004351 1
529.978101 374.871325 1
529.477554 375.738298 1
528.977006 376.605272 1
528.476459 377.472245 1
527.975912 378.339219 1
527.475364 379.206193 1
526.974817 380.073166 1
526.474269 380.940140 1
525.973722 381.807114 1
525.473174 382.674087 1
524.472079 384.408035 1
523.971532 385.275008 1
522.469889 387.875929 1
521.969342 388.742903 1
520.968247 390.476850 1
520.467700 391.343824 1
519.967152 392.210797 1
519.466605 393.077771 1
518.966057 393.944745 1
518.465510 394.811718 1
517.964962 395.678692 1
517.464415 396.545666 1
515.462225 400.013560 1
514.961677 400.880534 1
514.461130 401.747507 1
513.460035 403.481455 1
512.458940 405.215402 1
511.457845 406.949349 1
510.957298 407.816323 1
509.956203 409.550270 1
509.455655 410.417244 1
508.955108 411.284217 1
507.453465 413.885138 1
506.952918 414.752112 1
506.452371 415.619086 1
505.951823 416.486059 1
505.451276 417.353033 1
504.450181 419.086980 1
503.949633 419.953954 1
502.948538 421.687901 1
502.447991 422.554875 1
501.446896 424.288822 1
500.445801 426.022769 1
499.945253 426.889743 1
498.944159 428.623690 1
497.943064 430.357638 1
496.941969 432.091585 1
495.940874 433.825532 1
495.440326 434.692506 1
494.939779 435.559479 1
493.938684 437.293427 1
492.937589 439.027374 1
492.437042 439.894348 1
491.936494 440.761321 1
491.435947 441.628295 1
490.935399 442.495269 1
490.434852 443.362242 1
489.934304 444.229216 1
489.433757 445.096189 1
488.933209 445.963163 1
488.432662 446.830137 1
486.931019 449.431058 1
485.929924 451.165005 1
485.429377 452.031979 1
484.928830 452.898952 1
484.428282 453.765926 1
483.927735 454.632899 1
483.427187 455.499873 1
482.926640 456.366847 1
482.426092 457.233820 1
481.424997 458.967768 1
480.924450 459.834741 1
480.423902 460.701715 1
479.923355 461.568689 1
479.422807 462.435662 1
478.421712 464.169610 1
477.921165 465.036583 1
477.420618 465.903557 1
476.419523 467.637504 1
475.918975 468.504478 1
475.418428 469.371451 1
474.917880 470.238425 1
474.417333 471.105399 1
472.915690 473.706320 1
472.415143 474.573293 1
471.914595 475.440267 1
471.414048 476.307241 1
470.412953 478.041188 1
469.912406 478.908161 1
469.411858 479.775135 1
466.909121 484.110003 1
466.408573 484.976977 1
464.906931 487.577898 1
462.404194 491.912766 1
461.903646 492.779740 1
461.403099 493.646713 1
459.901456 496.247634 1
459.400909 497.114608 1
458.900361 497.981582 1
457.899266 499.715529 1
457.398719 500.582502 1
456.898172 501.449476 1
456.397624 502.316450 1
455.897077 503.183423 1
455.396529 504.050397 1
454.895982 504.917371 1
454.395434 505.784344 1
453.894887 506.651318 1
453.394339 507.518292 1
452.893792 508.385265 1
452.393244 509.252239 1
451.392149 510.986186 1
450.891602 511.853160 1
450.391054 512.720133 1
449.890507 513.587107 1
449.389960 514.454081 1
448.889412 515.321054 1
448.388865 516.188028 1
447.888317 517.055002 1
447.387770 517.921975 1
446.887222 518.788949 1
446.386675 519.655923 1
445.385580 521.389870 1
444.885032 522.256843 1
444.384485 523.123817 1
443.883937 523.990791 1
443.383390 524.857764 1
442.382295 526.591712 1
441.381200 528.325659 1
440.380105 530.059606 1
439.879558 530.926580 1
439.379010 531.793554 1
438.377915 533.527501 1
437.376820 535.261448 1
436.876273 536.128422 1
436.375725 536.995395 1
435.875178 537.862369 1
434.373536 540.463290 1
433.872988 541.330264 1
433.372441 542.197237 1
432.871893 543.064211 1
432.371346 543.931185 1
431.870798 544.798158 1
430.869703 546.532105 1
429.868608 548.266053 1
429.368061 549.133026 1
428.867513 550.000000 1
428.867513 550.000000 0
427.864869 550.000000 0
424.856934 550.000000 0
423.854289 550.000000 0
421.848999 550.000000 0
419.843710 550.000000 0
418.841065 550.000000 0
416.835775 550.000000 0
415.833130 550.000000 0
414.830485 550.000000 0
413.827841 550.000000 0
412.825196 550.000000 0
409.817261 550.000000 0
408.814616 550.000000 0
407.811971 550.000000 0
404.804037 550.000000 0
402.798747 550.000000 0
401.796102 550.000000 0
400.793457 550.000000 0
399.790813 550.000000 0
398.788168 550.000000 0
397.785523 550.000000 0
396.782878 550.000000 0
395.780233 550.000000 0
390.767009 550.000000 0
386.756429 550.000000 0
385.753785 550.000000 0
384.751140 550.000000 0
382.745850 550.000000 0
381.743205 550.000000 0
380.740560 550.000000 0
379.737915 550.000000 0
378.735271 550.000000 0
377.732626 550.000000 0
375.727336 550.000000 0
374.724691 550.000000 0
371.716757 550.000000 0
370.714112 550.000000 0
369.711467 550.000000 0
368.708822 550.000000 0
367.706177 550.000000 0
365.700887 550.000000 0
364.698243 550.000000 0
363.695598 550.000000 0
359.685018 550.000000 0
357.679729 550.000000 0
356.677084 550.000000 0
355.674439 550.000000 0
353.669149 550.000000 0
352.666504 550.000000 0
351.663859 550.000000 0
348.655925 550.000000 0
346.650635 550.000000 0
342.640056 550.000000 0
339.632121 550.000000 0
335.621542 550.000000 0
334.618897 550.000000 0
332.613607 550.000000 0
329.605673 550.000000 0
327.600383 550.000000 0
326.597738 550.000000 0
325.595093 550.000000 0
323.589803 550.000000 0
320.581869 550.000000 0
316.571289 550.000000 0
315.568644 550.000000 0
314.566000 550.000000 0
313.563355 550.000000 0
312.560710 550.000000 0
311.558065 550.000000 0
310.555420 550.000000 0
309.552775 550.000000 0
308.550130 550.000000 0
307.547486 550.000000 0
306.544841 550.000000 0
303.536906 550.000000 0
302.534261 550.000000 0
300.528972 550.000000 0
299.526327 550.000000 0
294.513102 550.000000 0
292.507813 550.000000 0
290.502523 550.000000 0
289.499878 550.000000 0
288.497233 550.000000 0
287.494588 550.000000 0
286.491944 550.000000 0
284.486654 550.000000 0
283.484009 550.000000 0
276.465495 550.000000 0
274.460205 550.000000 0
271.452271 550.000000 0
270.449626 550.000000 0
268.444336 550.000000 0
265.436402 550.000000 0
264.433757 550.000000 0
263.431112 550.000000 0
261.425822 550.000000 0
258.417888 550.000000 0
257.415243 550.000000 0
254.407308 550.000000 0
253.404663 550.000000 0
252.402018 550.000000 0
251.399374 550.000000 0
250.396729 550.000000 0
249.394084 550.000000 0
248.391439 550.000000 0
247.388794 550.000000 0
246.386149 550.000000 0
245.383504 550.000000 0
244.380860 550.000000 0
243.378215 550.000000 0
242.375570 550.000000 0
241.372925 550.000000 0
237.362346 550.000000 0
236.359701 550.000000 0
235.357056 550.000000 0
233.351766 550.000000 0
232.349121 550.000000 0
230.343832 550.000000 0
228.338542 550.000000 0
227.335897 550.000000 0
225.330607 550.000000 0
224.327962 550.000000 0
220.317383 550.000000 0
218.312093 550.000000 0
216.306804 550.000000 0
215.304159 550.000000 0
212.296224 550.000000 0
211.293579 550.000000 0
210.290934 550.000000 0
208.285645 550.000000 0
206.280355 550.000000 0
205.277710 550.000000 0
203.272420 550.000000 0
202.269776 550.000000 0
200.264486 550.000000 0
199.261841 550.000000 0
197.256551 550.000000 0
196.253906 550.000000 0
193.245972 550.000000 0
192.243327 550.000000 0
191.240682 550.000000 0
190.238037 550.000000 0
189.235392 550.000000 0
188.232748 550.000000 0
186.227458 550.000000 0
185.224813 550.000000 0
182.216878 550.000000 0
181.214234 550.000000 0
179.208944 550.000000 0
178.206299 550.000000 0
176.201009 550.000000 0
175.198364 550.000000 0
174.195720 550.000000 0
173.193075 550.000000 0
170.185140 550.000000 0
168.179850 550.000000 0
167.177205 550.000000 0
164.169271 550.000000 0
163.166626 550.000000 0
160.158691 550.000000 0
156.148112 550.000000 0
153.140177 550.000000 0
152.137533 550.000000 0
150.132243 550.000000 0
149.129598 550.000000 0
146.121663 550.000000 0
145.119019 550.000000 0
144.116374 550.000000 0
140.105794 550.000000 0
136.095215 550.000000 0
134.089925 550.000000 0
133.087280 550.000000 0
131.081991 550.000000 0
130.079346 550.000000 0
128.074056 550.000000 0
126.068766 550.000000 0
125.066121 550.000000 0
123.060832 550.000000 0
122.058187 550.000000 0
120.052897 550.000000 0
118.047607 550.000000 0
117.044963 550.000000 0
115.039673 550.000000 0
114.037028 550.000000 0
113.034383 550.000000 0
111.029093 550.000000 0
110.026449 550.000000 0
108.021159 550.000000 0
107.018514 550.000000 0
106.015869 550.000000 0
105.013224 550.000000 0
104.010579 550.000000 0
103.007935 550.000000 0
102.005290 550.000000 0
