970
104.007464 450.000000 32
106.011196 450.000000 32
111.020526 450.000000 32
113.024258 450.000000 32
117.031722 450.000000 32
119.035454 450.000000 32
120.037320 450.000000 32
123.042918 450.000000 32
125.046650 450.000000 32
126.048516 450.000000 32
127.050382 450.000000 32
128.052248 450.000000 32
131.057846 450.000000 32
138.070909 450.000000 32
139.072775 450.000000 32
142.078373 450.000000 32
143.080239 450.000000 32
149.091435 450.000000 32
151.095167 450.000000 32
154.100765 450.000000 32
158.108229 450.000000 32
160.111961 450.000000 32
162.115693 450.000000 32
167.125023 450.000000 32
169.128755 450.000000 32
170.130621 450.000000 32
171.132487 450.000000 32
171.634828 449.129920 31
173.644191 445.649601 31
185.700372 424.767684 31
186.705053 423.027524 31
187.709735 421.287364 31
191.728462 414.326725 31
192.230803 413.456645 31
193.737825 410.846406 31
196.751870 405.625926 31
197.254211 404.755847 31
198.761234 402.145607 31
200.770597 398.665288 31
202.779960 395.184968 31
207.803369 386.484169 31
213.329118 376.913291 31
217.850186 369.082572 31
218.352527 368.212492 31
219.357208 366.472332 31
219.859549 365.602252 31
221.366572 362.992013 31
229.906366 348.200655 31
232.920411 342.980176 31
235.934456 337.759696 31
237.441479 335.149457 31
239.953183 330.799057 31
240.455524 329.928978 31
245.981273 320.358099 31
247.990637 316.877779 31
248.995318 315.137620 31
249.497659 314.267540 31
250.000000 313.397460 31
253.516386 319.488019 30
256.028090 323.838418 30
266.074907 341.240016 30
272.102997 351.680974 30
272.605338 352.551054 30
279.638110 364.732172 30
281.145133 367.342412 30
282.652155 369.952652 30
287.173223 377.783371 30
291.191949 384.744010 30
292.196631 386.484169 30
294.205995 389.964489 30
296.717699 394.314888 30
303.750471 406.496006 30
304.252811 407.366086 30
306.262175 410.846406 30
307.769197 413.456645 30
311.285583 419.547204 30
311.787924 420.417284 30
312.792606 422.157444 30
313.294947 423.027524 30
318.318355 431.728323 30
318.820696 432.598403 30
323.341764 440.429121 30
325.351127 443.909441 30
326.858150 446.519681 30
328.867513 450.000000 29
329.873822 450.000000 29
333.899058 450.000000 29
334.905366 450.000000 29
336.917984 450.000000 29
337.924293 450.000000 29
338.930602 450.000000 29
339.936911 450.000000 29
340.943220 450.000000 29
341.949529 450.000000 29
346.981073 450.000000 29
347.987382 450.000000 29
348.993691 450.000000 29
351.006309 450.000000 29
352.012618 450.000000 29
354.025236 450.000000 29
356.037853 450.000000 29
358.050471 450.000000 29
359.056780 450.000000 29
360.063089 450.000000 29
361.069398 450.000000 29
362.075707 450.000000 29
363.082016 450.000000 29
365.094634 450.000000 29
367.107251 450.000000 29
369.119869 450.000000 29
370.126178 450.000000 29
371.132487 450.000000 29
371.132487 450.000000 28
373.648259 445.642555 28
374.151414 444.771066 28
376.164031 441.285110 28
376.667186 440.413620 28
377.170340 439.542131 28
377.673495 438.670642 28
378.176649 437.799153 28
378.679803 436.927664 28
379.686112 435.184686 28
380.692421 433.441708 28
381.195576 432.570219 28
381.698730 431.698730 28
383.208193 429.084263 28
384.214502 427.341285 28
384.717657 426.469796 28
385.220811 425.598307 28
386.227120 423.855329 28
386.730274 422.983840 28
387.233429 422.112350 28
389.246046 418.626394 28
389.749201 417.754905 28
390.755510 416.011927 28
391.761819 414.268949 28
392.264973 413.397460 28
392.264973 413.397460 27
391.762632 412.527380 27
388.748587 407.306901 27
386.739224 403.826581 27
385.734542 402.086422 27
385.232201 401.216342 27
383.725179 398.606102 27
382.218156 395.995862 27
381.715815 395.125783 27
381.213474 394.255703 27
376.692407 386.424984 27
376.190066 385.554904 27
374.180703 382.074584 27
368.654953 372.503706 27
367.147931 369.893466 27
366.143249 368.153306 27
364.133886 364.672987 27
363.631545 363.802907 27
356.096432 350.751709 27
351.575364 342.920990 27
349.566001 339.440670 27
349.063660 338.570590 27
346.551956 334.220191 27
332.988753 310.728034 27
327.463004 301.157156 27
326.458322 299.416996 27
324.448959 295.936676 27
323.946618 295.066596 27
321.434914 290.716197 27
319.927891 288.105957 27
317.918528 284.625638 27
316.913846 282.885478 27
316.411505 276.794919 26
317.416187 276.794919 26
319.425550 276.794919 26
322.439595 276.794919 26
335.500457 276.794919 26
336.505139 276.794919 26
341.528548 276.794919 26
348.561320 276.794919 26
351.575365 276.794919 26
360.617500 276.794919 26
372.673680 276.794919 26
376.692407 276.794919 26
377.697089 276.794919 26
379.706452 276.794919 26
384.729861 276.794919 26
386.739224 276.794919 26
389.753269 276.794919 26
418.889039 276.794919 26
420.898402 276.794919 26
432.954582 276.794919 26
438.982673 276.794919 26
443.001399 276.794919 26
449.029490 276.794919 26
460.080988 276.794919 26
466.109078 276.794919 26
469.123124 276.794919 26
472.639510 274.184679 25
476.658236 267.224040 25
479.169941 262.873641 25
480.174622 261.133481 25
480.676963 260.263401 25
481.179304 259.393322 25
484.193349 254.172842 25
487.207394 248.952363 25
488.212076 247.212203 25
489.719098 244.601964 25
494.742507 235.901165 25
495.747189 234.161005 25
498.258893 229.810606 25
499.263574 228.070446 25
499.765915 227.200366 25
500.268256 226.330286 25
503.282301 221.109807 25
505.291665 217.629488 25
507.301028 214.149168 25
509.310391 210.668849 25
510.315073 208.928689 25
514.836141 201.097970 25
515.338482 200.227890 25
520.864231 190.657012 25
522.873594 187.176692 25
524.380617 184.566453 25
528.901684 176.735734 25
534.929775 166.294775 25
538.446161 160.204216 25
539.450842 158.464056 25
541.962546 154.113657 25
543.469569 151.503417 25
544.474251 149.763258 25
547.488296 144.542778 25
547.990637 143.672698 25
549.497659 141.062459 25
550.502341 141.062459 24
551.004682 141.932539 24
554.521068 148.023098 24
560.046817 157.593976 24
562.056180 161.074296 24
564.065544 164.554615 24
565.070225 166.294775 24
568.586611 172.385334 24
570.595975 175.865654 24
571.600656 177.605814 24
574.614702 182.826293 24
593.201313 215.019248 24
594.708335 217.629488 24
596.215358 220.239727 24
597.220040 221.979887 24
598.224721 223.720047 24
599.731744 226.330286 24
602.243448 230.680686 24
604.755152 235.031085 24
605.257493 235.901165 24
607.769197 240.251564 24
608.271538 241.121644 24
609.276220 242.861804 24
613.294947 249.822443 24
615.304310 253.302762 24
616.308992 255.042922 24
618.318355 258.523242 24
618.820696 259.393322 24
622.337082 265.483881 24
625.351127 270.704360 24
632.886240 276.794919 23
633.890922 276.794919 23
634.895603 276.794919 23
637.909648 276.794919 23
642.933057 276.794919 23
660.012646 276.794919 23
661.017327 276.794919 23
662.022009 276.794919 23
665.036054 276.794919 23
668.050099 276.794919 23
669.054781 276.794919 23
678.096916 276.794919 23
679.101598 276.794919 23
685.129688 276.794919 23
688.143733 276.794919 23
690.153097 276.794919 23
695.176505 276.794919 23
696.181187 276.794919 23
697.185869 276.794919 23
699.195232 276.794919 23
703.213959 276.794919 23
704.218641 276.794919 23
708.237367 276.794919 23
709.242049 276.794919 23
712.256094 276.794919 23
715.270139 276.794919 23
717.279503 276.794919 23
732.349728 276.794919 23
745.410590 276.794919 23
748.424635 276.794919 23
753.448044 276.794919 23
757.466771 276.794919 23
765.504224 276.794919 23
770.527633 276.794919 23
774.546360 276.794919 23
780.574450 276.794919 23
784.593177 280.275239 22
783.086154 282.885478 22
782.081472 284.625638 22
781.579132 285.495718 22
775.551041 295.936676 22
772.536996 301.157156 22
772.034655 302.027235 22
767.513588 309.857954 22
760.983157 321.168993 22
759.978475 322.909153 22
757.969112 326.389472 22
756.964430 328.129632 22
751.438681 337.700511 22
750.936340 338.570590 22
750.433999 339.440670 22
749.931658 340.310750 22
742.898886 352.491868 22
738.377819 360.322587 22
737.373137 362.062747 22
735.866114 364.672987 22
735.363774 365.543067 22
734.861433 366.413147 22
732.852069 369.893466 22
730.842706 373.373786 22
726.823979 380.334425 22
726.321638 381.204504 22
722.302912 388.165144 22
718.284185 395.125783 22
717.781844 395.995862 22
716.274821 398.606102 22
714.265458 402.086422 22
713.763117 402.956501 22
711.251413 407.306901 22
710.246731 409.047061 22
707.735027 413.397460 21
708.238181 414.268949 21
710.753954 418.626394 21
715.282343 426.469796 21
716.791807 429.084263 21
717.294961 429.955752 21
717.798116 430.827241 21
718.301270 431.698730 21
721.320197 436.927664 21
721.823351 437.799153 21
722.829660 439.542131 21
723.332814 440.413620 21
724.339123 442.156599 21
725.345432 443.899577 21
725.848586 444.771066 21
726.351741 445.642555 21
728.867513 450.000000 21
729.873822 450.000000 20
731.886440 450.000000 20
732.892749 450.000000 20
733.899058 450.000000 20
735.911675 450.000000 20
737.924293 450.000000 20
738.930602 450.000000 20
739.936911 450.000000 20
740.943220 450.000000 20
741.949529 450.000000 20
744.968455 450.000000 20
745.974764 450.000000 20
746.981073 450.000000 20
747.987382 450.000000 20
750.000000 450.000000 20
754.025236 450.000000 20
755.031545 450.000000 20
757.044162 450.000000 20
758.050471 450.000000 20
759.056780 450.000000 20
760.063089 450.000000 20
763.082016 450.000000 20
764.088325 450.000000 20
765.094634 450.000000 20
766.100942 450.000000 20
769.119869 450.000000 20
770.126178 450.000000 20
771.634828 449.129920 19
773.644191 445.649601 19
775.653555 442.169281 19
777.662918 438.688962 19
780.174622 434.338562 19
780.676963 433.468482 19
784.193349 427.377923 19
789.719098 417.807045 19
791.226121 415.196805 19
792.230803 413.456645 19
793.737825 410.846406 19
795.244848 408.236166 19
799.263574 401.275527 19
800.770597 398.665288 19
809.812732 383.003850 19
810.315073 382.133770 19
812.324436 378.653450 19
816.343163 371.692811 19
820.864231 363.862093 19
823.375935 359.511693 19
825.385298 356.031374 19
826.389980 354.291214 19
829.404025 349.070735 19
829.906366 348.200655 19
831.413389 345.590415 19
833.422752 342.110096 19
836.436797 336.889617 19
836.939138 336.019537 19
837.441479 335.149457 19
840.957865 329.058898 19
847.488296 317.747859 19
847.990637 316.877779 19
848.492977 316.007700 19
850.502341 314.267540 18
851.507023 316.007700 18
852.009363 316.877779 18
852.511704 317.747859 18
858.539794 328.188818 18
861.051499 332.539217 18
863.060862 336.019537 18
863.563203 336.889617 18
865.572566 340.369936 18
867.079589 342.980176 18
870.595975 349.070735 18
872.102997 351.680974 18
873.610020 354.291214 18
874.614702 356.031374 18
875.117042 356.901454 18
876.121724 358.641613 18
880.642792 366.472332 18
881.145133 367.342412 18
882.652155 369.952652 18
884.159178 372.562891 18
885.666200 375.173131 18
887.173223 377.783371 18
888.177904 379.523530 18
889.182586 381.263690 18
889.684927 382.133770 18
890.187268 383.003850 18
891.191949 384.744010 18
891.694290 385.614089 18
892.698972 387.354249 18
894.205995 389.964489 18
896.215358 393.444808 18
897.722380 396.055048 18
899.229403 398.665288 18
899.731744 399.535367 18
900.736426 401.275527 18
902.745789 404.755847 18
906.262175 410.846406 18
909.778561 416.936965 18
911.787924 420.417284 18
919.323037 433.468482 18
919.825378 434.338562 18
927.360490 447.389760 18
927.862831 448.259840 18
928.867513 450.000000 17
929.869379 450.000000 17
930.871245 450.000000 17
937.884307 450.000000 17
939.888039 450.000000 17
940.889905 450.000000 17
942.893637 450.000000 17
943.895503 450.000000 17
949.906699 450.000000 17
950.908565 450.000000 17
951.910431 450.000000 17
956.919761 450.000000 17
959.925359 450.000000 17
961.929091 450.000000 17
967.940288 450.000000 17
968.942154 450.000000 17
971.947752 450.000000 17
974.953350 450.000000 17
975.955216 450.000000 17
981.966412 450.000000 17
987.977608 450.000000 17
992.986938 450.000000 17
998.998134 450.000000 17
1000.000000 452.000000 16
1000.000000 456.000000 16
1000.000000 457.000000 16
1000.000000 459.000000 16
1000.000000 460.000000 16
1000.000000 467.000000 16
1000.000000 471.000000 16
1000.000000 472.000000 16
1000.000000 478.000000 16
1000.000000 481.000000 16
1000.000000 483.000000 16
1000.000000 488.000000 16
1000.000000 494.000000 16
1000.000000 506.000000 16
1000.000000 507.000000 16
1000.000000 509.000000 16
1000.000000 511.000000 16
1000.000000 514.000000 16
1000.000000 515.000000 16
1000.000000 516.000000 16
1000.000000 517.000000 16
1000.000000 520.000000 16
1000.000000 523.000000 16
1000.000000 525.000000 16
1000.000000 527.000000 16
1000.000000 528.000000 16
1000.000000 530.000000 16
1000.000000 534.000000 16
1000.000000 536.000000 16
1000.000000 538.000000 16
1000.000000 539.000000 16
1000.000000 544.000000 16
1000.000000 545.000000 16
1000.000000 546.000000 16
1000.000000 547.000000 16
1000.000000 549.000000 16
993.959335 550.000000 15
991.945780 550.000000 15
987.918671 550.000000 15
985.905116 550.000000 15
974.830564 550.000000 15
970.803454 550.000000 15
966.776344 550.000000 15
961.742457 550.000000 15
960.735680 550.000000 15
957.715347 550.000000 15
954.695015 550.000000 15
952.681460 550.000000 15
949.661128 550.000000 15
947.647573 550.000000 15
941.606908 550.000000 15
939.593353 550.000000 15
936.573021 550.000000 15
930.532356 550.000000 15
921.471359 550.000000 15
918.451027 550.000000 15
916.437472 550.000000 15
914.423917 550.000000 15
911.403585 550.000000 15
910.396807 550.000000 15
905.362920 550.000000 15
904.356143 550.000000 15
898.315478 550.000000 15
897.308701 550.000000 15
894.288368 550.000000 15
891.268036 550.000000 15
889.254481 550.000000 15
888.247704 550.000000 15
881.200261 550.000000 15
878.179929 550.000000 15
875.159597 550.000000 15
874.152819 550.000000 15
872.139264 550.000000 15
871.132487 550.000000 14
870.126178 548.257022 14
869.623024 547.385533 14
869.119869 546.514044 14
868.113560 544.771066 14
867.610406 543.899577 14
866.604097 542.156599 14
866.100942 541.285110 14
865.597788 540.413620 14
865.094634 539.542131 14
864.591479 538.670642 14
862.075707 534.313197 14
861.069398 532.570219 14
859.056780 529.084263 14
858.050471 527.341285 14
857.547317 526.469796 14
857.044162 525.598307 14
855.534699 522.983840 14
853.522081 519.497883 14
852.012618 516.883416 14
851.509463 516.011927 14
850.503154 514.268949 14
850.000000 513.397460 14
848.490537 516.011927 13
847.987382 516.883416 13
846.477919 519.497883 13
845.974764 520.369372 13
844.968455 522.112350 13
842.955838 525.598307 13
842.452683 526.469796 13
841.949529 527.341285 13
841.446374 528.212774 13
840.440065 529.955752 13
838.930602 532.570219 13
837.924293 534.313197 13
835.911675 537.799153 13
835.408521 538.670642 13
834.905366 539.542131 13
834.402212 540.413620 13
833.899058 541.285110 13
833.395903 542.156599 13
832.892749 543.028088 13
831.383285 545.642555 13
830.880131 546.514044 13
830.376976 547.385533 13
829.873822 548.257022 13
829.370667 549.128511 13
828.867513 550.000000 13
828.867513 550.000000 12
815.806651 550.000000 12
812.792606 550.000000 12
804.755152 550.000000 12
802.745789 550.000000 12
800.736426 550.000000 12
798.727062 550.000000 12
794.708335 550.000000 12
792.698972 550.000000 12
790.689609 550.000000 12
789.684927 550.000000 12
787.675564 550.000000 12
772.605338 550.000000 12
771.600656 550.000000 12
768.586611 550.000000 12
766.577248 550.000000 12
760.549158 550.000000 12
757.535113 550.000000 12
755.525749 550.000000 12
754.521068 550.000000 12
751.507023 550.000000 12
747.488296 550.000000 12
744.474251 550.000000 12
736.436797 550.000000 12
733.422752 550.000000 12
732.418070 550.000000 12
730.408707 550.000000 12
724.380617 550.000000 12
723.375935 550.000000 12
722.371253 550.000000 12
721.366572 550.000000 12
720.361890 550.000000 12
713.329118 550.000000 12
709.310391 550.000000 12
704.286983 550.000000 12
702.277620 550.000000 12
695.244848 550.000000 12
691.226121 550.000000 12
689.216757 550.000000 12
683.188667 550.000000 12
678.165259 550.000000 12
675.151214 550.000000 12
671.132487 550.000000 12
669.625464 547.389760 11
668.620783 545.649601 11
668.118442 544.779521 11
667.616101 543.909441 11
666.109078 541.299201 11
665.104397 539.559042 11
663.095033 536.078722 11
661.588011 533.468482 11
661.085670 532.598403 11
659.076307 529.118083 11
655.559921 523.027524 11
653.048216 518.677125 11
651.038853 515.196805 11
649.531830 512.586565 11
644.508422 503.885767 11
642.499058 500.405447 11
641.996717 499.535367 11
640.992036 497.795208 11
639.987354 496.055048 11
638.480332 493.444808 11
636.973309 490.834569 11
635.466286 488.224329 11
633.456923 484.744010 11
632.452241 483.003850 11
627.428833 474.303051 11
624.917128 469.952652 11
622.907765 466.472332 11
620.396061 462.121933 11
616.879675 456.031374 11
612.358607 448.200655 11
611.856266 447.330575 11
604.823494 435.149457 11
603.818813 433.409297 11
598.795404 424.708498 11
598.293063 423.838418 11
596.786041 421.228179 11
594.776677 417.747859 11
592.264973 413.397460 10
593.774436 410.782993 10
594.780745 409.040015 10
596.793363 405.554058 10
598.302826 402.939591 10
598.805981 402.068102 10
599.309135 401.196613 10
600.315444 399.453635 10
600.818599 398.582146 10
602.328062 395.967679 10
602.831216 395.096190 10
604.340680 392.481722 10
605.346989 390.738744 10
606.856452 388.124277 10
608.869070 384.638321 10
609.372224 383.766832 10
609.875379 382.895342 10
610.881688 381.152364 10
611.887997 379.409386 10
613.397460 376.794919 9
612.391151 376.794919 9
611.384842 376.794919 9
609.372224 376.794919 9
608.365916 376.794919 9
605.346989 376.794919 9
604.340680 376.794919 9
603.334371 376.794919 9
602.328062 376.794919 9
601.321753 376.794919 9
600.315445 376.794919 9
598.302827 376.794919 9
595.283900 376.794919 9
593.271282 376.794919 9
592.264973 376.794919 9
588.239738 376.794919 9
585.220811 376.794919 9
584.214502 376.794919 9
583.208194 376.794919 9
582.201885 376.794919 9
581.195576 376.794919 9
579.182958 376.794919 9
578.176649 376.794919 9
576.164031 376.794919 9
575.157723 376.794919 9
574.151414 376.794919 9
571.132487 376.794919 8
569.119869 373.308963 8
568.616715 372.437474 8
568.113560 371.565985 8
567.107251 369.823007 8
566.604097 368.951518 8
566.100942 368.080029 8
565.597788 367.208539 8
564.591479 365.465561 8
564.088325 364.594072 8
562.578861 361.979605 8
562.075707 361.108116 8
561.069398 359.365138 8
559.559935 356.750671 8
559.056780 355.879182 8
558.050471 354.136204 8
557.044162 352.393226 8
556.541008 351.521737 8
556.037853 350.650248 8
555.534699 349.778759 8
554.528390 348.035780 8
553.018927 345.421313 8
552.012618 343.678335 8
551.509463 342.806846 8
550.000000 340.192379 8
550.000000 340.192379 7
549.496846 341.063868 7
548.490537 342.806846 7
547.484228 344.549824 7
546.981073 345.421313 7
544.968455 348.907269 7
544.465301 349.778759 7
543.458992 351.521737 7
541.446374 355.007693 7
540.943220 355.879182 7
539.433757 358.493649 7
537.924293 361.108116 7
536.917984 362.851094 7
535.408521 365.465561 7
534.905366 366.337050 7
534.402212 367.208539 7
533.899058 368.080029 7
533.395903 368.951518 7
532.892749 369.823007 7
532.389594 370.694496 7
530.880131 373.308963 7
529.873822 375.051941 7
528.867513 376.794919 7
527.861204 376.794919 6
526.854895 376.794919 6
525.848586 376.794919 6
524.842277 376.794919 6
521.823351 376.794919 6
519.810733 376.794919 6
518.804424 376.794919 6
517.798115 376.794919 6
513.772880 376.794919 6
512.766571 376.794919 6
508.741335 376.794919 6
506.728718 376.794919 6
505.722409 376.794919 6
504.716100 376.794919 6
502.703482 376.794919 6
501.697173 376.794919 6
500.690864 376.794919 6
499.684555 376.794919 6
497.671938 376.794919 6
494.653011 376.794919 6
491.634084 376.794919 6
490.627776 376.794919 6
487.608849 376.794919 6
486.602540 376.794919 6
487.608849 378.537897 5
488.112003 379.409386 5
490.124621 382.895342 5
490.627776 383.766832 5
491.130930 384.638321 5
492.640393 387.252788 5
494.653011 390.738744 5
495.156166 391.610233 5
496.162475 393.353211 5
498.678247 397.710657 5
499.684556 399.453635 5
500.187710 400.325124 5
500.690865 401.196613 5
501.194019 402.068102 5
503.206637 405.554058 5
504.212946 407.297036 5
504.716100 408.168526 5
505.722409 409.911504 5
506.225564 410.782993 5
507.735027 413.397460 5
504.218641 419.488019 4
503.716300 420.358099 4
502.711618 422.098259 4
501.204596 424.708498 4
499.697573 427.318738 4
498.692892 429.058898 4
496.181187 433.409297 4
495.678847 434.279377 4
494.171824 436.889617 4
492.664801 439.499856 4
491.660120 441.240016 4
491.157779 442.110096 4
489.650756 444.720335 4
487.641393 448.200655 4
486.134370 450.810895 4
485.632029 451.680974 4
481.613303 458.641613 4
481.110962 459.511693 4
480.608621 460.381773 4
475.585212 469.082572 4
473.575849 472.562891 4
473.073508 473.432971 4
471.566486 476.043211 4
470.561804 477.783371 4
468.552440 481.263690 4
465.538395 486.484169 4
465.036054 487.354249 4
464.533714 488.224329 4
464.031373 489.094409 4
462.524350 491.704649 4
462.022009 492.574728 4
461.519668 493.444808 4
458.505623 498.665288 4
457.500942 500.405447 4
454.486897 505.625926 4
450.970511 511.716486 4
444.440079 523.027524 4
441.928375 527.377923 4
436.904967 536.078722 4
434.895603 539.559042 4
432.383899 543.909441 4
429.872195 548.259840 4
423.844105 550.000000 3
419.825378 550.000000 3
411.787924 550.000000 3
408.773879 550.000000 3
396.717699 550.000000 3
390.689609 550.000000 3
385.666200 550.000000 3
383.656837 550.000000 3
381.647473 550.000000 3
373.610020 550.000000 3
369.591293 550.000000 3
368.586611 550.000000 3
365.572566 550.000000 3
363.563203 550.000000 3
362.558521 550.000000 3
349.497659 550.000000 3
342.464887 550.000000 3
337.441479 550.000000 3
336.436797 550.000000 3
333.422752 550.000000 3
327.394662 550.000000 3
326.389980 550.000000 3
320.361890 550.000000 3
319.357208 550.000000 3
306.296346 550.000000 3
297.254211 550.000000 3
296.249529 550.000000 3
292.230803 550.000000 3
285.198031 550.000000 3
284.193349 550.000000 3
282.183986 550.000000 3
279.169941 550.000000 3
278.165259 550.000000 3
277.160577 550.000000 3
273.141850 550.000000 3
271.132487 550.000000 2
269.623024 547.385533 2
268.616715 545.642555 2
268.113560 544.771066 2
266.604097 542.156599 2
265.597788 540.413620 2
265.094634 539.542131 2
264.591479 538.670642 2
264.088325 537.799153 2
263.585170 536.927664 2
263.082016 536.056175 2
262.075707 534.313197 2
261.069398 532.570219 2
260.566244 531.698730 2
260.063089 530.827241 2
259.559935 529.955752 2
259.056780 529.084263 2
255.031545 522.112350 2
254.528390 521.240861 2
254.025236 520.369372 2
253.522081 519.497883 2
250.503154 514.268949 2
250.000000 513.397460 1
248.993691 515.140438 1
248.490537 516.011927 1
247.987382 516.883416 1
246.981073 518.626394 1
246.477919 519.497883 1
245.974764 520.369372 1
244.968455 522.112350 1
243.962147 523.855329 1
241.949529 527.341285 1
240.943220 529.084263 1
240.440065 529.955752 1
239.936911 530.827241 1
239.433757 531.698730 1
238.930602 532.570219 1
237.924293 534.313197 1
237.421139 535.184686 1
236.414830 536.927664 1
235.911675 537.799153 1
235.408521 538.670642 1
233.899058 541.285110 1
232.892749 543.028088 1
231.886440 544.771066 1
231.383285 545.642555 1
229.873822 548.257022 1
227.860736 550.000000 0
226.853958 550.000000 0
224.840403 550.000000 0
222.826848 550.000000 0
220.813293 550.000000 0
219.806516 550.000000 0
213.765851 550.000000 0
212.759074 550.000000 0
209.738742 550.000000 0
201.684522 550.000000 0
197.657412 550.000000 0
196.650635 550.000000 0
188.596415 550.000000 0
185.576083 550.000000 0
181.548973 550.000000 0
179.535418 550.000000 0
178.528641 550.000000 0
176.515086 550.000000 0
175.508308 550.000000 0
166.447311 550.000000 0
160.406647 550.000000 0
157.386314 550.000000 0
148.325317 550.000000 0
140.271098 550.000000 0
135.237211 550.000000 0
131.210101 550.000000 0
122.149104 550.000000 0
121.142326 550.000000 0
118.121994 550.000000 0
114.094884 550.000000 0
105.033887 550.000000 0
103.020332 550.000000 0
101.006777 550.000000 0
100.000000 550.000000 0
