790
101.000489 450.000000 8
104.001956 450.000000 8
106.002933 450.000000 8
111.005378 450.000000 8
116.007822 450.000000 8
120.009778 450.000000 8
124.011733 450.000000 8
126.012711 450.000000 8
129.014178 450.000000 8
135.017111 450.000000 8
145.022000 450.000000 8
156.027377 450.000000 8
157.027866 450.000000 8
158.028355 450.000000 8
159.028844 450.000000 8
160.029333 450.000000 8
163.030799 450.000000 8
164.031288 450.000000 8
165.031777 450.000000 8
167.032755 450.000000 8
174.036177 450.000000 8
177.037644 450.000000 8
180.039110 450.000000 8
182.040088 450.000000 8
183.040577 450.000000 8
184.041066 450.000000 8
190.043999 450.000000 8
191.044488 450.000000 8
194.045955 450.000000 8
196.046933 450.000000 8
199.048399 450.000000 8
200.048888 450.000000 8
201.049377 450.000000 8
206.051821 450.000000 8
207.052310 450.000000 8
210.053777 450.000000 8
214.055732 450.000000 8
215.056221 450.000000 8
218.057688 450.000000 8
219.058177 450.000000 8
220.058666 450.000000 8
221.059155 450.000000 8
223.060132 450.000000 8
234.065510 450.000000 8
235.065999 450.000000 8
239.067954 450.000000 8
242.069421 450.000000 8
243.069910 450.000000 8
249.072843 450.000000 8
253.074799 450.000000 8
260.078221 450.000000 8
261.078710 450.000000 8
264.080176 450.000000 8
265.080665 450.000000 8
271.083599 450.000000 8
272.084087 450.000000 8
273.084576 450.000000 8
275.085554 450.000000 8
289.092398 450.000000 8
291.093376 450.000000 8
293.094354 450.000000 8
295.095332 450.000000 8
297.096309 450.000000 8
299.097287 450.000000 8
300.097776 450.000000 8
301.098265 450.000000 8
303.099243 450.000000 8
305.100220 450.000000 8
309.102176 450.000000 8
311.103154 450.000000 8
314.104620 450.000000 8
315.105109 450.000000 8
316.105598 450.000000 8
323.109020 450.000000 8
327.110976 450.000000 8
328.111465 450.000000 8
330.112442 450.000000 8
331.112931 450.000000 8
335.114887 450.000000 8
338.116353 450.000000 8
343.118798 450.000000 8
346.120265 450.000000 8
352.123198 450.000000 8
356.125153 450.000000 8
357.125642 450.000000 8
361.127598 450.000000 8
362.128087 450.000000 8
367.130531 450.000000 8
368.131020 450.000000 8
370.131998 450.000000 8
371.132487 450.000000 8
372.134545 448.264383 7
373.136604 446.528766 7
375.641752 442.189724 7
376.643810 440.454107 7
379.148958 436.115065 7
383.157193 429.172597 7
386.664399 423.097938 7
388.668517 419.626704 7
390.672635 416.155470 7
391.173665 415.287661 7
392.175723 413.552045 7
395.181900 408.345194 7
398.188077 403.138343 7
398.689106 402.270535 7
399.190136 401.402726 7
401.194254 397.931492 7
404.701460 391.856833 7
409.711754 383.178748 7
411.214842 380.575323 7
413.218960 377.104089 7
417.227196 370.161621 7
417.728225 369.293813 7
418.229255 368.426005 7
418.730284 367.558196 7
422.738520 360.615728 7
423.740579 358.880111 7
425.243667 356.276686 7
428.249844 351.069835 7
430.754991 346.730793 7
434.763227 339.788325 7
436.767344 336.317091 7
437.769403 334.581474 7
438.771462 332.845858 7
440.775580 329.374624 7
441.276609 328.506815 7
445.284845 321.564348 7
453.802346 306.811604 7
454.303375 305.943795 7
456.307493 302.472561 7
456.808522 301.604753 7
457.309552 300.736944 7
457.810581 299.869136 7
458.311611 299.001328 7
458.812640 298.133519 7
460.816758 294.662285 7
466.328082 285.116392 7
470.837347 277.306116 7
477.350730 266.024606 7
481.358965 259.082138 7
481.859995 258.214330 7
483.363083 255.610904 7
483.864113 254.743096 7
488.373378 246.932820 7
489.375437 245.197203 7
489.876466 244.329394 7
490.377496 243.461586 7
492.381613 239.990352 7
494.886761 235.651310 7
496.890878 232.180076 7
502.402202 222.634183 7
503.404261 220.898566 7
503.905291 220.030757 7
507.913526 213.088290 7
508.414556 212.220481 7
508.915585 211.352673 7
509.917644 209.617056 7
511.420732 207.013630 7
512.422791 205.278014 7
512.923821 204.410205 7
513.925880 202.674588 7
522.443380 187.921844 7
524.948528 183.582802 7
526.451616 180.979377 7
526.952645 180.111568 7
531.461910 172.301292 7
531.962940 171.433484 7
532.463969 170.565675 7
539.979411 157.548548 7
540.480440 156.680740 7
542.484558 153.209506 7
542.985588 152.341697 7
543.486617 151.473889 7
544.488676 149.738272 7
544.989706 148.870463 7
545.490735 148.002655 7
546.492794 146.267038 7
547.494853 144.531421 7
548.496912 142.795804 7
548.997941 141.927996 7
550.501029 141.060187 6
552.505147 144.531421 6
554.008236 147.134847 6
555.511324 149.738272 6
556.513383 151.473889 6
557.515442 153.209506 6
562.024707 161.019782 6
565.030883 166.226633 6
567.035001 169.697867 6
570.041178 174.904717 6
570.542207 175.772526 6
574.049414 181.847185 6
574.550443 182.714994 6
577.055590 187.054036 6
579.560738 191.393078 6
580.061767 192.260887 6
581.063826 193.996504 6
581.564855 194.864312 6
584.070003 199.203354 6
588.579268 207.013630 6
590.082356 209.617056 6
594.090592 216.559524 6
595.092650 218.295140 6
598.098827 223.501991 6
598.599857 224.369800 6
600.102945 226.973225 6
601.606033 229.576651 6
604.612210 234.783501 6
605.113239 235.651310 6
605.614269 236.519118 6
607.117357 239.122544 6
607.618387 239.990352 6
609.121475 242.593777 6
609.622504 243.461586 6
614.131770 251.271862 6
621.647211 264.288989 6
624.152359 268.628031 6
631.166771 280.777350 6
633.671918 285.116392 6
634.172948 285.984201 6
639.684271 295.530094 6
640.185301 296.397902 6
641.187360 298.133519 6
642.189419 299.869136 6
644.193536 303.340370 6
644.694566 304.208178 6
645.696625 305.943795 6
647.700743 309.415029 6
649.203831 312.018454 6
651.708978 316.357497 6
653.713096 319.828731 6
655.216184 322.432156 6
656.218243 324.167773 6
659.725449 330.242432 6
660.727508 331.978049 6
664.234714 338.052708 6
667.741921 344.127368 6
670.748097 349.334218 6
672.251186 351.937644 6
674.756333 356.276686 6
675.758392 358.012303 6
676.259421 358.880111 6
676.760451 359.747920 6
677.261480 360.615728 6
679.265598 364.086962 6
682.271775 369.293813 6
683.273834 371.029430 6
683.774863 371.897238 6
685.277951 374.500664 6
686.781040 377.104089 6
688.785158 380.575323 6
690.789275 384.046557 6
691.791334 385.782174 6
692.793393 387.517791 6
693.294423 388.385599 6
693.795452 389.253408 6
696.300599 393.592450 6
697.302658 395.328067 6
701.310894 402.270535 6
701.811923 403.138343 6
702.813982 404.873960 6
703.816041 406.609577 6
704.818100 408.345194 6
705.319129 409.213002 6
706.822218 411.816428 6
707.824277 413.552045 6
708.325306 414.419853 6
709.327365 416.155470 6
711.331483 419.626704 6
712.834571 422.230129 6
713.335601 423.097938 6
713.836630 423.965746 6
716.842807 429.172597 6
718.846924 432.643831 6
719.347954 433.511639 6
721.352072 436.982873 6
722.855160 439.586298 6
723.356190 440.454107 6
724.358248 442.189724 6
725.360307 443.925341 6
725.861337 444.793149 6
726.362366 445.660958 6
726.863396 446.528766 6
727.865455 448.264383 6
735.870936 450.000000 5
738.872402 450.000000 5
740.873380 450.000000 5
741.873869 450.000000 5
751.878758 450.000000 5
755.880713 450.000000 5
761.883647 450.000000 5
764.885113 450.000000 5
766.886091 450.000000 5
776.890980 450.000000 5
777.891469 450.000000 5
781.893424 450.000000 5
785.895380 450.000000 5
786.895869 450.000000 5
787.896357 450.000000 5
789.897335 450.000000 5
791.898313 450.000000 5
795.900268 450.000000 5
797.901246 450.000000 5
799.902224 450.000000 5
800.902713 450.000000 5
803.904179 450.000000 5
805.905157 450.000000 5
808.906624 450.000000 5
809.907113 450.000000 5
811.908091 450.000000 5
814.909557 450.000000 5
816.910535 450.000000 5
817.911024 450.000000 5
818.911513 450.000000 5
822.913468 450.000000 5
825.914935 450.000000 5
829.916890 450.000000 5
833.918846 450.000000 5
839.921779 450.000000 5
842.923246 450.000000 5
845.924712 450.000000 5
846.925201 450.000000 5
847.925690 450.000000 5
858.931068 450.000000 5
861.932535 450.000000 5
867.935468 450.000000 5
868.935957 450.000000 5
871.937423 450.000000 5
873.938401 450.000000 5
874.938890 450.000000 5
876.939868 450.000000 5
879.941334 450.000000 5
886.944757 450.000000 5
888.945734 450.000000 5
890.946712 450.000000 5
891.947201 450.000000 5
896.949645 450.000000 5
897.950134 450.000000 5
901.952090 450.000000 5
902.952579 450.000000 5
903.953067 450.000000 5
906.954534 450.000000 5
907.955023 450.000000 5
912.957467 450.000000 5
917.959912 450.000000 5
919.960890 450.000000 5
920.961378 450.000000 5
921.961867 450.000000 5
929.965778 450.000000 5
932.967245 450.000000 5
933.967734 450.000000 5
934.968223 450.000000 5
936.969201 450.000000 5
941.971645 450.000000 5
946.974089 450.000000 5
950.976045 450.000000 5
951.976534 450.000000 5
956.978978 450.000000 5
958.979956 450.000000 5
960.980934 450.000000 5
965.983378 450.000000 5
967.984356 450.000000 5
972.986800 450.000000 5
977.989245 450.000000 5
979.990222 450.000000 5
981.991200 450.000000 5
983.992178 450.000000 5
985.993156 450.000000 5
987.994133 450.000000 5
990.995600 450.000000 5
991.996089 450.000000 5
992.996578 450.000000 5
993.997067 450.000000 5
994.997556 450.000000 5
995.998044 450.000000 5
1000.000000 451.000000 4
1000.000000 453.000000 4
1000.000000 455.000000 4
1000.000000 458.000000 4
1000.000000 459.000000 4
1000.000000 460.000000 4
1000.000000 461.000000 4
1000.000000 463.000000 4
1000.000000 464.000000 4
1000.000000 466.000000 4
1000.000000 467.000000 4
1000.000000 468.000000 4
1000.000000 469.000000 4
1000.000000 471.000000 4
1000.000000 472.000000 4
1000.000000 473.000000 4
1000.000000 474.000000 4
1000.000000 475.000000 4
1000.000000 477.000000 4
1000.000000 478.000000 4
1000.000000 480.000000 4
1000.000000 481.000000 4
1000.000000 483.000000 4
1000.000000 485.000000 4
1000.000000 486.000000 4
1000.000000 487.000000 4
1000.000000 488.000000 4
1000.000000 490.000000 4
1000.000000 494.000000 4
1000.000000 496.000000 4
1000.000000 497.000000 4
1000.000000 498.000000 4
1000.000000 499.000000 4
1000.000000 500.000000 4
1000.000000 502.000000 4
1000.000000 504.000000 4
1000.000000 505.000000 4
1000.000000 506.000000 4
1000.000000 507.000000 4
1000.000000 508.000000 4
1000.000000 509.000000 4
1000.000000 510.000000 4
1000.000000 513.000000 4
1000.000000 514.000000 4
1000.000000 515.000000 4
1000.000000 517.000000 4
1000.000000 519.000000 4
1000.000000 520.000000 4
1000.000000 522.000000 4
1000.000000 523.000000 4
1000.000000 525.000000 4
1000.000000 526.000000 4
1000.000000 528.000000 4
1000.000000 529.000000 4
1000.000000 530.000000 4
1000.000000 532.000000 4
1000.000000 534.000000 4
1000.000000 537.000000 4
1000.000000 538.000000 4
1000.000000 540.000000 4
1000.000000 541.000000 4
1000.000000 542.000000 4
1000.000000 543.000000 4
1000.000000 544.000000 4
1000.000000 545.000000 4
1000.000000 547.000000 4
1000.000000 550.000000 4
997.994710 550.000000 3
994.986776 550.000000 3
987.968262 550.000000 3
985.962972 550.000000 3
984.960327 550.000000 3
977.941813 550.000000 3
975.936523 550.000000 3
972.928589 550.000000 3
968.918009 550.000000 3
958.891561 550.000000 3
953.878337 550.000000 3
946.859823 550.000000 3
942.849243 550.000000 3
935.830729 550.000000 3
929.814860 550.000000 3
928.812215 550.000000 3
927.809570 550.000000 3
926.806925 550.000000 3
922.796346 550.000000 3
919.788411 550.000000 3
918.785766 550.000000 3
917.783122 550.000000 3
915.777832 550.000000 3
914.775187 550.000000 3
913.772542 550.000000 3
912.769897 550.000000 3
909.761963 550.000000 3
908.759318 550.000000 3
897.730224 550.000000 3
896.727580 550.000000 3
894.722290 550.000000 3
892.717000 550.000000 3
891.714355 550.000000 3
888.706421 550.000000 3
886.701131 550.000000 3
882.690552 550.000000 3
878.679972 550.000000 3
872.664103 550.000000 3
871.661458 550.000000 3
870.658813 550.000000 3
868.653524 550.000000 3
864.642944 550.000000 3
862.637654 550.000000 3
860.632365 550.000000 3
859.629720 550.000000 3
854.616496 550.000000 3
848.600626 550.000000 3
843.587402 550.000000 3
840.579468 550.000000 3
839.576823 550.000000 3
836.568888 550.000000 3
826.542440 550.000000 3
821.529215 550.000000 3
818.521281 550.000000 3
812.505412 550.000000 3
805.486898 550.000000 3
797.465739 550.000000 3
787.439290 550.000000 3
785.434000 550.000000 3
784.431356 550.000000 3
775.407552 550.000000 3
774.404907 550.000000 3
772.399617 550.000000 3
770.394327 550.000000 3
766.383748 550.000000 3
764.378458 550.000000 3
761.370524 550.000000 3
758.362589 550.000000 3
753.349365 550.000000 3
742.320271 550.000000 3
741.317627 550.000000 3
736.304402 550.000000 3
734.299113 550.000000 3
723.270019 550.000000 3
721.264729 550.000000 3
719.259440 550.000000 3
716.251505 550.000000 3
715.248860 550.000000 3
714.246215 550.000000 3
713.243571 550.000000 3
712.240926 550.000000 3
709.232991 550.000000 3
703.217122 550.000000 3
702.214477 550.000000 3
699.206543 550.000000 3
695.195963 550.000000 3
689.180094 550.000000 3
685.169515 550.000000 3
682.161580 550.000000 3
681.158935 550.000000 3
680.156290 550.000000 3
678.151001 550.000000 3
677.148356 550.000000 3
675.143066 550.000000 3
674.140421 550.000000 3
666.627559 542.197237 2
666.127012 541.330264 2
665.626464 540.463290 2
663.624275 536.995395 2
662.623180 535.261448 2
661.121537 532.660527 2
660.620990 531.793554 2
659.119347 529.192633 2
657.117158 525.724738 2
656.116063 523.990791 2
655.615515 523.123817 2
653.613325 519.655923 2
651.110588 515.321054 2
648.107303 510.119213 2
647.606756 509.252239 2
647.106208 508.385265 2
646.605661 507.518292 2
646.105113 506.651318 2
645.604566 505.784344 2
644.603471 504.050397 2
644.102923 503.183423 2
643.602376 502.316450 2
643.101828 501.449476 2
642.601281 500.582502 2
642.100734 499.715529 2
640.098544 496.247634 2
639.597996 495.380661 2
639.097449 494.513687 2
637.595806 491.912766 2
636.094164 489.311845 2
635.593617 488.444871 2
635.093069 487.577898 2
632.590332 483.243030 2
632.089784 482.376056 2
631.088689 480.642109 2
630.087594 478.908161 2
627.084310 473.706320 2
625.582667 471.105399 2
623.580477 467.637504 2
623.079930 466.770530 2
621.578288 464.169610 2
621.077740 463.302636 2
620.076645 461.568689 2
619.576098 460.701715 2
617.073360 456.366847 2
616.072265 454.632899 2
614.570623 452.031979 2
611.567338 446.830137 2
609.064601 442.495269 2
608.564053 441.628295 2
607.062411 439.027374 2
605.560769 436.426453 2
603.058031 432.091585 2
600.555294 427.756717 2
599.554199 426.022769 2
598.553104 424.288822 2
597.051462 421.687901 2
594.548724 417.353033 2
593.547629 415.619086 2
592.045987 413.018165 2
591.545440 412.151191 2
591.044892 411.284217 2
590.043797 409.550270 2
589.042702 407.816323 2
588.542155 406.949349 2
586.539965 403.481455 2
586.039417 402.614481 2
585.038323 400.880534 2
583.036133 397.412639 2
580.533395 393.077771 2
579.532300 391.343824 2
579.031753 390.476850 2
578.531206 389.609876 2
577.029563 387.008955 2
576.028468 385.275008 2
575.527921 384.408035 2
572.024088 378.339219 2
567.018614 369.669483 2
566.017519 367.935535 2
565.516971 367.068562 2
563.014234 362.733694 2
560.511497 358.398825 2
557.007665 352.330010 2
556.006570 350.596063 2
555.005475 348.862115 2
554.504927 347.995142 2
553.503832 346.261194 2
553.003285 345.394221 2
552.502737 344.527247 2
552.002190 343.660273 2
551.501642 342.793300 2
551.001095 341.926326 2
550.000000 340.192379 1
546.996715 345.394221 1
545.495073 347.995142 1
543.993430 350.596063 1
541.991241 354.063957 1
541.490693 354.930931 1
540.489598 356.664878 1
536.485218 363.600667 1
535.984671 364.467641 1
535.484124 365.334614 1
534.983576 366.201588 1
533.982481 367.935535 1
531.980291 371.403430 1
529.978101 374.871325 1
528.977006 376.605272 1
526.974817 380.073166 1
525.473174 382.674087 1
524.472079 384.408035 1
523.470984 386.141982 1
522.469889 387.875929 1
521.969342 388.742903 1
520.467700 391.343824 1
518.966057 393.944745 1
516.963867 397.412639 1
515.962772 399.146586 1
514.961677 400.880534 1
514.461130 401.747507 1
511.457845 406.949349 1
507.453465 413.885138 1
506.952918 414.752112 1
506.452371 415.619086 1
504.950728 418.220007 1
499.444706 427.756717 1
498.443611 429.490664 1
497.442516 431.224611 1
494.939779 435.559479 1
493.938684 437.293427 1
492.937589 439.027374 1
491.936494 440.761321 1
490.935399 442.495269 1
490.434852 443.362242 1
489.934304 444.229216 1
488.933209 445.963163 1
485.929924 451.165005 1
485.429377 452.031979 1
482.926640 456.366847 1
482.426092 457.233820 1
479.422807 462.435662 1
478.922260 463.302636 1
477.420618 465.903557 1
475.918975 468.504478 1
473.916785 471.972372 1
472.915690 473.706320 1
467.910216 482.376056 1
467.409668 483.243030 1
466.408573 484.976977 1
465.407478 486.710924 1
463.905836 489.311845 1
462.904741 491.045792 1
461.403099 493.646713 1
460.902551 494.513687 1
460.402004 495.380661 1
458.900361 497.981582 1
458.399814 498.848555 1
457.899266 499.715529 1
454.895982 504.917371 1
454.395434 505.784344 1
453.394339 507.518292 1
451.892697 510.119213 1
450.891602 511.853160 1
449.890507 513.587107 1
448.388865 516.188028 1
446.887222 518.788949 1
441.381200 528.325659 1
440.380105 530.059606 1
439.879558 530.926580 1
439.379010 531.793554 1
438.878463 532.660527 1
434.874083 539.596316 1
431.370251 545.665132 1
424.856934 550.000000 0
423.854289 550.000000 0
421.848999 550.000000 0
417.838420 550.000000 0
413.827841 550.000000 0
412.825196 550.000000 0
410.819906 550.000000 0
407.811971 550.000000 0
406.809327 550.000000 0
403.801392 550.000000 0
398.788168 550.000000 0
394.777588 550.000000 0
393.774943 550.000000 0
387.759074 550.000000 0
385.753785 550.000000 0
380.740560 550.000000 0
377.732626 550.000000 0
375.727336 550.000000 0
374.724691 550.000000 0
370.714112 550.000000 0
369.711467 550.000000 0
364.698243 550.000000 0
358.682373 550.000000 0
357.679729 550.000000 0
353.669149 550.000000 0
348.655925 550.000000 0
340.634766 550.000000 0
339.632121 550.000000 0
328.603028 550.000000 0
325.595093 550.000000 0
321.584514 550.000000 0
320.581869 550.000000 0
313.563355 550.000000 0
307.547486 550.000000 0
303.536906 550.000000 0
292.507813 550.000000 0
291.505168 550.000000 0
281.478719 550.000000 0
278.470785 550.000000 0
277.468140 550.000000 0
273.457560 550.000000 0
270.449626 550.000000 0
269.446981 550.000000 0
264.433757 550.000000 0
259.420532 550.000000 0
256.412598 550.000000 0
254.407308 550.000000 0
252.402018 550.000000 0
251.399374 550.000000 0
247.388794 550.000000 0
243.378215 550.000000 0
242.375570 550.000000 0
224.327962 550.000000 0
213.298869 550.000000 0
212.296224 550.000000 0
211.293579 550.000000 0
210.290934 550.000000 0
206.280355 550.000000 0
198.259196 550.000000 0
197.256551 550.000000 0
195.251262 550.000000 0
192.243327 550.000000 0
188.232748 550.000000 0
183.219523 550.000000 0
176.201009 550.000000 0
175.198364 550.000000 0
174.195720 550.000000 0
173.193075 550.000000 0
161.161336 550.000000 0
159.156047 550.000000 0
150.132243 550.000000 0
149.129598 550.000000 0
148.126953 550.000000 0
145.119019 550.000000 0
128.074056 550.000000 0
121.055542 550.000000 0
120.052897 550.000000 0
117.044963 550.000000 0
115.039673 550.000000 0
109.023804 550.000000 0
108.021159 550.000000 0
