1190
100.000000 450.000000 8
102.000978 450.000000 8
107.003422 450.000000 8
109.004400 450.000000 8
112.005867 450.000000 8
113.006355 450.000000 8
115.007333 450.000000 8
116.007822 450.000000 8
117.008311 450.000000 8
119.009289 450.000000 8
120.009778 450.000000 8
128.013689 450.000000 8
129.014178 450.000000 8
131.015155 450.000000 8
134.016622 450.000000 8
135.017111 450.000000 8
138.018577 450.000000 8
142.020533 450.000000 8
143.021022 450.000000 8
146.022488 450.000000 8
147.022977 450.000000 8
149.023955 450.000000 8
150.024444 450.000000 8
152.025422 450.000000 8
153.025911 450.000000 8
158.028355 450.000000 8
159.028844 450.000000 8
161.029822 450.000000 8
166.032266 450.000000 8
168.033244 450.000000 8
169.033733 450.000000 8
171.034710 450.000000 8
172.035199 450.000000 8
173.035688 450.000000 8
175.036666 450.000000 8
176.037155 450.000000 8
177.037644 450.000000 8
180.039110 450.000000 8
182.040088 450.000000 8
185.041555 450.000000 8
186.042044 450.000000 8
187.042533 450.000000 8
189.043510 450.000000 8
191.044488 450.000000 8
192.044977 450.000000 8
197.047421 450.000000 8
199.048399 450.000000 8
200.048888 450.000000 8
201.049377 450.000000 8
203.050355 450.000000 8
207.052310 450.000000 8
208.052799 450.000000 8
209.053288 450.000000 8
213.055243 450.000000 8
214.055732 450.000000 8
215.056221 450.000000 8
217.057199 450.000000 8
219.058177 450.000000 8
221.059155 450.000000 8
222.059643 450.000000 8
224.060621 450.000000 8
229.063066 450.000000 8
232.064532 450.000000 8
233.065021 450.000000 8
235.065999 450.000000 8
241.068932 450.000000 8
243.069910 450.000000 8
245.070888 450.000000 8
248.072354 450.000000 8
250.073332 450.000000 8
252.074310 450.000000 8
254.075288 450.000000 8
256.076265 450.000000 8
258.077243 450.000000 8
264.080176 450.000000 8
266.081154 450.000000 8
267.081643 450.000000 8
268.082132 450.000000 8
270.083110 450.000000 8
272.084087 450.000000 8
274.085065 450.000000 8
275.085554 450.000000 8
278.087021 450.000000 8
280.087998 450.000000 8
281.088487 450.000000 8
282.088976 450.000000 8
283.089465 450.000000 8
284.089954 450.000000 8
286.090932 450.000000 8
287.091421 450.000000 8
289.092398 450.000000 8
290.092887 450.000000 8
291.093376 450.000000 8
292.093865 450.000000 8
293.094354 450.000000 8
294.094843 450.000000 8
295.095332 450.000000 8
296.095821 450.000000 8
298.096798 450.000000 8
301.098265 450.000000 8
305.100220 450.000000 8
306.100709 450.000000 8
307.101198 450.000000 8
308.101687 450.000000 8
310.102665 450.000000 8
311.103154 450.000000 8
316.105598 450.000000 8
318.106576 450.000000 8
322.108531 450.000000 8
324.109509 450.000000 8
325.109998 450.000000 8
326.110487 450.000000 8
327.110976 450.000000 8
328.111465 450.000000 8
330.112442 450.000000 8
332.113420 450.000000 8
333.113909 450.000000 8
339.116842 450.000000 8
341.117820 450.000000 8
346.120265 450.000000 8
349.121731 450.000000 8
353.123687 450.000000 8
354.124176 450.000000 8
356.125153 450.000000 8
357.125642 450.000000 8
359.126620 450.000000 8
360.127109 450.000000 8
361.127598 450.000000 8
362.128087 450.000000 8
363.128575 450.000000 8
364.129064 450.000000 8
367.130531 450.000000 8
368.131020 450.000000 8
369.131509 450.000000 8
374.639693 443.925341 7
376.643810 440.454107 7
378.647928 436.982873 7
379.148958 436.115065 7
379.649987 435.247256 7
380.151017 434.379448 7
381.153076 432.643831 7
382.656164 430.040405 7
385.662341 424.833555 7
388.668517 419.626704 7
389.169547 418.758895 7
390.171606 417.023278 7
390.672635 416.155470 7
391.173665 415.287661 7
394.179841 410.080811 7
397.186018 404.873960 7
398.689106 402.270535 7
399.190136 401.402726 7
399.691165 400.534918 7
401.695283 397.063684 7
402.697342 395.328067 7
403.198371 394.460258 7
404.200430 392.724641 7
407.206607 387.517791 7
407.707636 386.649982 7
408.208666 385.782174 7
408.709695 384.914365 7
413.218960 377.104089 7
414.722049 374.500664 7
415.223078 373.632855 7
415.724108 372.765047 7
417.227196 370.161621 7
418.730284 367.558196 7
419.231314 366.690388 7
419.732343 365.822579 7
420.734402 364.086962 7
422.237490 361.483537 7
422.738520 360.615728 7
423.740579 358.880111 7
425.744697 355.408878 7
427.247785 352.805452 7
428.750873 350.202027 7
429.251903 349.334218 7
431.256020 345.862984 7
431.757050 344.995176 7
432.258079 344.127368 7
434.262197 340.656134 7
435.765286 338.052708 7
437.268374 335.449283 7
437.769403 334.581474 7
438.270433 333.713666 7
438.771462 332.845858 7
444.282786 323.299964 7
444.783816 322.432156 7
447.288963 318.093114 7
448.792051 315.489688 7
449.293081 314.621880 7
451.297198 311.150646 7
452.299257 309.415029 7
453.301316 307.679412 7
453.802346 306.811604 7
454.804405 305.075987 7
456.307493 302.472561 7
457.810581 299.869136 7
458.311611 299.001328 7
459.313670 297.265711 7
459.814699 296.397902 7
460.816758 294.662285 7
461.818817 292.926668 7
462.319846 292.058860 7
462.820876 291.191051 7
465.326023 286.852009 7
466.328082 285.116392 7
467.330141 283.380775 7
467.831170 282.512967 7
468.332200 281.645158 7
470.336318 278.173924 7
472.340435 274.702691 7
473.843524 272.099265 7
474.344553 271.231457 7
476.849700 266.892414 7
477.350730 266.024606 7
478.352789 264.288989 7
481.358965 259.082138 7
481.859995 258.214330 7
482.361024 257.346521 7
482.862054 256.478713 7
484.365142 253.875287 7
485.367201 252.139671 7
486.369260 250.404054 7
488.373378 246.932820 7
490.377496 243.461586 7
490.878525 242.593777 7
492.882643 239.122544 7
493.383672 238.254735 7
494.385731 236.519118 7
495.387790 234.783501 7
495.888819 233.915693 7
496.890878 232.180076 7
497.391908 231.312267 7
500.398085 226.105417 7
500.899114 225.237608 7
502.903232 221.766374 7
503.404261 220.898566 7
504.907350 218.295140 7
506.410438 215.691715 7
507.913526 213.088290 7
510.418673 208.749247 7
511.420732 207.013630 7
512.923821 204.410205 7
514.426909 201.806780 7
514.927939 200.938971 7
515.428968 200.071163 7
515.929997 199.203354 7
516.431027 198.335546 7
516.932056 197.467737 7
518.435145 194.864312 7
518.936174 193.996504 7
520.940292 190.525270 7
522.443380 187.921844 7
523.445439 186.186227 7
526.451616 180.979377 7
527.954704 178.375951 7
528.455734 177.508143 7
528.956763 176.640334 7
529.457793 175.772526 7
530.459851 174.036909 7
530.960881 173.169100 7
532.964999 169.697867 7
534.468087 167.094441 7
535.971175 164.491016 7
536.472205 163.623207 7
537.474264 161.887590 7
537.975293 161.019782 7
538.476323 160.151974 7
539.979411 157.548548 7
540.480440 156.680740 7
540.981470 155.812931 7
541.482499 154.945123 7
542.985588 152.341697 7
544.488676 149.738272 7
547.995882 143.663613 7
549.498971 141.060187 7
550.501029 141.060187 6
552.004118 143.663613 6
552.505147 144.531421 6
553.006177 145.399230 6
556.513383 151.473889 6
557.014412 152.341697 6
558.016471 154.077314 6
559.018530 155.812931 6
560.521618 158.416357 6
563.026766 162.755399 6
565.030883 166.226633 6
566.032942 167.962250 6
567.035001 169.697867 6
568.538090 172.301292 6
569.540149 174.036909 6
572.045296 178.375951 6
572.546325 179.243760 6
573.548384 180.979377 6
574.049414 181.847185 6
574.550443 182.714994 6
577.556620 187.921844 6
578.057649 188.789653 6
579.059708 190.525270 6
579.560738 191.393078 6
580.061767 192.260887 6
581.063826 193.996504 6
582.065885 195.732120 6
582.566914 196.599929 6
584.571032 200.071163 6
585.072061 200.938971 6
585.573091 201.806780 6
587.076179 204.410205 6
587.577209 205.278014 6
588.078238 206.145822 6
588.579268 207.013630 6
589.080297 207.881439 6
591.084415 211.352673 6
592.086474 213.088290 6
593.088533 214.823907 6
594.591621 217.427332 6
595.593680 219.162949 6
596.595739 220.898566 6
597.096768 221.766374 6
597.597798 222.634183 6
599.100886 225.237608 6
600.102945 226.973225 6
600.603974 227.841034 6
602.107063 230.444459 6
604.111181 233.915693 6
604.612210 234.783501 6
606.115298 237.386927 6
609.121475 242.593777 6
610.123534 244.329394 6
610.624563 245.197203 6
611.125593 246.065011 6
612.127652 247.800628 6
612.628681 248.668437 6
613.129711 249.536245 6
613.630740 250.404054 6
614.632799 252.139671 6
615.133828 253.007479 6
615.634858 253.875287 6
616.135887 254.743096 6
618.140005 258.214330 6
621.146182 263.421181 6
622.148241 265.156797 6
622.649270 266.024606 6
624.653388 269.495840 6
625.154417 270.363648 6
626.657506 272.967074 6
627.158535 273.834882 6
627.659565 274.702691 6
628.160594 275.570499 6
628.661624 276.438307 6
629.162653 277.306116 6
629.663682 278.173924 6
633.170889 284.248584 6
633.671918 285.116392 6
635.175006 287.719818 6
635.676036 288.587626 6
637.179124 291.191051 6
638.181183 292.926668 6
639.684271 295.530094 6
640.686330 297.265711 6
641.187360 298.133519 6
643.191478 301.604753 6
643.692507 302.472561 6
644.694566 304.208178 6
646.197654 306.811604 6
648.201772 310.282838 6
649.203831 312.018454 6
650.205890 313.754071 6
650.706919 314.621880 6
651.708978 316.357497 6
653.212067 318.960922 6
654.214125 320.696539 6
656.719273 325.035581 6
657.220302 325.903390 6
658.222361 327.639007 6
659.725449 330.242432 6
662.731626 335.449283 6
663.232656 336.317091 6
663.733685 337.184900 6
664.735744 338.920517 6
667.240891 343.259559 6
668.743980 345.862984 6
670.748097 349.334218 6
671.750156 351.069835 6
673.754274 354.541069 6
674.756333 356.276686 6
678.263539 362.351345 6
678.764569 363.219154 6
679.265598 364.086962 6
679.766627 364.954771 6
680.768686 366.690388 6
681.770745 368.426005 6
683.273834 371.029430 6
684.275892 372.765047 6
687.282069 377.971898 6
687.783099 378.839706 6
688.785158 380.575323 6
689.286187 381.443131 6
689.787216 382.310940 6
690.288246 383.178748 6
692.292364 386.649982 6
693.294423 388.385599 6
693.795452 389.253408 6
694.296481 390.121216 6
694.797511 390.989025 6
696.801629 394.460258 6
697.803688 396.195875 6
698.805746 397.931492 6
699.807805 399.667109 6
700.308835 400.534918 6
700.809864 401.402726 6
701.310894 402.270535 6
704.317070 407.477385 6
709.327365 416.155470 6
713.335601 423.097938 6
714.838689 425.701363 6
715.840748 427.436980 6
717.343836 430.040405 6
717.844866 430.908214 6
718.846924 432.643831 6
719.347954 433.511639 6
719.848983 434.379448 6
721.352072 436.982873 6
721.853101 437.850682 6
722.354131 438.718490 6
724.358248 442.189724 6
725.360307 443.925341 6
725.861337 444.793149 6
726.863396 446.528766 6
727.364425 447.396575 6
728.867513 450.000000 5
730.868491 450.000000 5
734.870447 450.000000 5
735.870936 450.000000 5
737.871913 450.000000 5
739.872891 450.000000 5
742.874358 450.000000 5
746.876313 450.000000 5
747.876802 450.000000 5
748.877291 450.000000 5
749.877780 450.000000 5
752.879247 450.000000 5
753.879735 450.000000 5
754.880224 450.000000 5
755.880713 450.000000 5
759.882669 450.000000 5
761.883647 450.000000 5
762.884135 450.000000 5
763.884624 450.000000 5
766.886091 450.000000 5
767.886580 450.000000 5
768.887069 450.000000 5
769.887558 450.000000 5
770.888046 450.000000 5
773.889513 450.000000 5
774.890002 450.000000 5
775.890491 450.000000 5
777.891469 450.000000 5
781.893424 450.000000 5
783.894402 450.000000 5
785.895380 450.000000 5
786.895869 450.000000 5
787.896357 450.000000 5
788.896846 450.000000 5
789.897335 450.000000 5
790.897824 450.000000 5
791.898313 450.000000 5
793.899291 450.000000 5
794.899780 450.000000 5
795.900268 450.000000 5
796.900757 450.000000 5
797.901246 450.000000 5
798.901735 450.000000 5
804.904668 450.000000 5
807.906135 450.000000 5
809.907113 450.000000 5
814.909557 450.000000 5
817.911024 450.000000 5
823.913957 450.000000 5
827.915913 450.000000 5
829.916890 450.000000 5
832.918357 450.000000 5
838.921290 450.000000 5
839.921779 450.000000 5
840.922268 450.000000 5
841.922757 450.000000 5
845.924712 450.000000 5
846.925201 450.000000 5
847.925690 450.000000 5
848.926179 450.000000 5
850.927157 450.000000 5
851.927646 450.000000 5
853.928623 450.000000 5
854.929112 450.000000 5
855.929601 450.000000 5
856.930090 450.000000 5
857.930579 450.000000 5
859.931557 450.000000 5
861.932535 450.000000 5
862.933023 450.000000 5
863.933512 450.000000 5
864.934001 450.000000 5
865.934490 450.000000 5
869.936446 450.000000 5
870.936934 450.000000 5
872.937912 450.000000 5
873.938401 450.000000 5
876.939868 450.000000 5
877.940357 450.000000 5
881.942312 450.000000 5
882.942801 450.000000 5
884.943779 450.000000 5
888.945734 450.000000 5
889.946223 450.000000 5
890.946712 450.000000 5
894.948668 450.000000 5
897.950134 450.000000 5
898.950623 450.000000 5
899.951112 450.000000 5
901.952090 450.000000 5
902.952579 450.000000 5
903.953067 450.000000 5
904.953556 450.000000 5
906.954534 450.000000 5
908.955512 450.000000 5
909.956001 450.000000 5
910.956490 450.000000 5
912.957467 450.000000 5
913.957956 450.000000 5
914.958445 450.000000 5
916.959423 450.000000 5
917.959912 450.000000 5
919.960890 450.000000 5
920.961378 450.000000 5
921.961867 450.000000 5
922.962356 450.000000 5
923.962845 450.000000 5
926.964312 450.000000 5
927.964801 450.000000 5
930.966267 450.000000 5
931.966756 450.000000 5
932.967245 450.000000 5
934.968223 450.000000 5
939.970667 450.000000 5
941.971645 450.000000 5
942.972134 450.000000 5
943.972623 450.000000 5
946.974089 450.000000 5
948.975067 450.000000 5
949.975556 450.000000 5
951.976534 450.000000 5
954.978000 450.000000 5
960.980934 450.000000 5
961.981423 450.000000 5
962.981911 450.000000 5
963.982400 450.000000 5
964.982889 450.000000 5
966.983867 450.000000 5
967.984356 450.000000 5
969.985334 450.000000 5
970.985822 450.000000 5
972.986800 450.000000 5
974.987778 450.000000 5
975.988267 450.000000 5
977.989245 450.000000 5
981.991200 450.000000 5
982.991689 450.000000 5
983.992178 450.000000 5
984.992667 450.000000 5
986.993645 450.000000 5
993.997067 450.000000 5
995.998044 450.000000 5
997.999022 450.000000 5
998.999511 450.000000 5
1000.000000 450.000000 4
1000.000000 451.000000 4
1000.000000 452.000000 4
1000.000000 453.000000 4
1000.000000 454.000000 4
1000.000000 455.000000 4
1000.000000 456.000000 4
1000.000000 457.000000 4
1000.000000 458.000000 4
1000.000000 459.000000 4
1000.000000 460.000000 4
1000.000000 461.000000 4
1000.000000 462.000000 4
1000.000000 463.000000 4
1000.000000 464.000000 4
1000.000000 465.000000 4
1000.000000 466.000000 4
1000.000000 467.000000 4
1000.000000 468.000000 4
1000.000000 469.000000 4
1000.000000 470.000000 4
1000.000000 471.000000 4
1000.000000 472.000000 4
1000.000000 473.000000 4
1000.000000 474.000000 4
1000.000000 475.000000 4
1000.000000 476.000000 4
1000.000000 477.000000 4
1000.000000 480.000000 4
1000.000000 482.000000 4
1000.000000 483.000000 4
1000.000000 484.000000 4
1000.000000 485.000000 4
1000.000000 488.000000 4
1000.000000 489.000000 4
1000.000000 490.000000 4
1000.000000 491.000000 4
1000.000000 492.000000 4
1000.000000 494.000000 4
1000.000000 495.000000 4
1000.000000 497.000000 4
1000.000000 498.000000 4
1000.000000 499.000000 4
1000.000000 500.000000 4
1000.000000 501.000000 4
1000.000000 502.000000 4
1000.000000 503.000000 4
1000.000000 504.000000 4
1000.000000 505.000000 4
1000.000000 506.000000 4
1000.000000 507.000000 4
1000.000000 508.000000 4
1000.000000 510.000000 4
1000.000000 511.000000 4
1000.000000 512.000000 4
1000.000000 513.000000 4
1000.000000 514.000000 4
1000.000000 515.000000 4
1000.000000 516.000000 4
1000.000000 518.000000 4
1000.000000 519.000000 4
1000.000000 521.000000 4
1000.000000 522.000000 4
1000.000000 523.000000 4
1000.000000 524.000000 4
1000.000000 525.000000 4
1000.000000 526.000000 4
1000.000000 527.000000 4
1000.000000 528.000000 4
1000.000000 529.000000 4
1000.000000 531.000000 4
1000.000000 532.000000 4
1000.000000 533.000000 4
1000.000000 535.000000 4
1000.000000 536.000000 4
1000.000000 537.000000 4
1000.000000 538.000000 4
1000.000000 539.000000 4
1000.000000 540.000000 4
1000.000000 541.000000 4
1000.000000 542.000000 4
1000.000000 543.000000 4
1000.000000 545.000000 4
1000.000000 546.000000 4
1000.000000 547.000000 4
1000.000000 548.000000 4
1000.000000 549.000000 4
1000.000000 550.000000 4
1000.000000 550.000000 3
994.986776 550.000000 3
993.984131 550.000000 3
989.973551 550.000000 3
988.970907 550.000000 3
986.965617 550.000000 3
984.960327 550.000000 3
983.957682 550.000000 3
982.955037 550.000000 3
980.949748 550.000000 3
979.947103 550.000000 3
976.939168 550.000000 3
975.936523 550.000000 3
974.933879 550.000000 3
973.931234 550.000000 3
971.925944 550.000000 3
967.915365 550.000000 3
966.912720 550.000000 3
958.891561 550.000000 3
956.886271 550.000000 3
955.883626 550.000000 3
954.880981 550.000000 3
948.865112 550.000000 3
945.857178 550.000000 3
942.849243 550.000000 3
940.843953 550.000000 3
937.836019 550.000000 3
936.833374 550.000000 3
933.825439 550.000000 3
931.820150 550.000000 3
929.814860 550.000000 3
927.809570 550.000000 3
926.806925 550.000000 3
924.801636 550.000000 3
919.788411 550.000000 3
915.777832 550.000000 3
913.772542 550.000000 3
910.764608 550.000000 3
908.759318 550.000000 3
907.756673 550.000000 3
904.748738 550.000000 3
901.740804 550.000000 3
896.727580 550.000000 3
894.722290 550.000000 3
892.717000 550.000000 3
891.714355 550.000000 3
890.711710 550.000000 3
888.706421 550.000000 3
887.703776 550.000000 3
885.698486 550.000000 3
884.695841 550.000000 3
883.693196 550.000000 3
880.685262 550.000000 3
878.679972 550.000000 3
876.674682 550.000000 3
875.672038 550.000000 3
872.664103 550.000000 3
870.658813 550.000000 3
869.656168 550.000000 3
868.653524 550.000000 3
864.642944 550.000000 3
863.640299 550.000000 3
860.632365 550.000000 3
859.629720 550.000000 3
854.616496 550.000000 3
849.603271 550.000000 3
845.592692 550.000000 3
842.584757 550.000000 3
839.576823 550.000000 3
835.566243 550.000000 3
832.558309 550.000000 3
831.555664 550.000000 3
830.553019 550.000000 3
829.550374 550.000000 3
827.545084 550.000000 3
825.539795 550.000000 3
823.534505 550.000000 3
821.529215 550.000000 3
817.518636 550.000000 3
812.505412 550.000000 3
811.502767 550.000000 3
801.476318 550.000000 3
798.468384 550.000000 3
793.455159 550.000000 3
791.449870 550.000000 3
789.444580 550.000000 3
785.434000 550.000000 3
783.428711 550.000000 3
781.423421 550.000000 3
778.415486 550.000000 3
776.410197 550.000000 3
772.399617 550.000000 3
769.391683 550.000000 3
768.389038 550.000000 3
767.386393 550.000000 3
756.357299 550.000000 3
755.354655 550.000000 3
752.346720 550.000000 3
751.344075 550.000000 3
750.341430 550.000000 3
748.336141 550.000000 3
747.333496 550.000000 3
743.322916 550.000000 3
742.320271 550.000000 3
741.317627 550.000000 3
734.299113 550.000000 3
733.296468 550.000000 3
732.293823 550.000000 3
731.291178 550.000000 3
730.288533 550.000000 3
726.277954 550.000000 3
725.275309 550.000000 3
724.272664 550.000000 3
721.264729 550.000000 3
715.248860 550.000000 3
714.246215 550.000000 3
711.238281 550.000000 3
710.235636 550.000000 3
708.230346 550.000000 3
707.227701 550.000000 3
706.225057 550.000000 3
703.217122 550.000000 3
700.209187 550.000000 3
699.206543 550.000000 3
695.195963 550.000000 3
694.193318 550.000000 3
690.182739 550.000000 3
688.177449 550.000000 3
686.172159 550.000000 3
683.164225 550.000000 3
681.158935 550.000000 3
676.145711 550.000000 3
671.132487 550.000000 3
670.631939 549.133026 2
670.131392 548.266053 2
669.630844 547.399079 2
668.629749 545.665132 2
668.129202 544.798158 2
667.628654 543.931185 2
666.627559 542.197237 2
664.625369 538.729343 2
664.124822 537.862369 2
663.123727 536.128422 2
662.623180 535.261448 2
660.620990 531.793554 2
660.120442 530.926580 2
659.619895 530.059606 2
658.118252 527.458685 2
657.617705 526.591712 2
657.117158 525.724738 2
656.616610 524.857764 2
655.114968 522.256843 2
654.614420 521.389870 2
653.613325 519.655923 2
653.112778 518.788949 2
652.111683 517.055002 2
651.611135 516.188028 2
650.109493 513.587107 2
649.608946 512.720133 2
649.108398 511.853160 2
648.607851 510.986186 2
648.107303 510.119213 2
646.605661 507.518292 2
646.105113 506.651318 2
645.604566 505.784344 2
645.104018 504.917371 2
642.601281 500.582502 2
641.600186 498.848555 2
641.099639 497.981582 2
640.599091 497.114608 2
640.098544 496.247634 2
639.597996 495.380661 2
638.596901 493.646713 2
638.096354 492.779740 2
637.095259 491.045792 2
635.593617 488.444871 2
634.592522 486.710924 2
630.087594 478.908161 2
629.587047 478.041188 2
629.086499 477.174214 2
628.585952 476.307241 2
627.084310 473.706320 2
623.580477 467.637504 2
623.079930 466.770530 2
622.579382 465.903557 2
621.077740 463.302636 2
620.076645 461.568689 2
619.576098 460.701715 2
618.074455 458.100794 2
616.572813 455.499873 2
616.072265 454.632899 2
615.571718 453.765926 2
615.071170 452.898952 2
614.570623 452.031979 2
613.569528 450.298031 2
613.068981 449.431058 2
611.066791 445.963163 2
610.566243 445.096189 2
609.565148 443.362242 2
609.064601 442.495269 2
608.564053 441.628295 2
608.063506 440.761321 2
607.562958 439.894348 2
606.561864 438.160400 2
606.061316 437.293427 2
605.560769 436.426453 2
604.559674 434.692506 2
604.059126 433.825532 2
603.058031 432.091585 2
602.056936 430.357638 2
600.555294 427.756717 2
600.054747 426.889743 2
599.554199 426.022769 2
599.053652 425.155796 2
598.553104 424.288822 2
595.549819 419.086980 2
593.547629 415.619086 2
591.044892 411.284217 2
590.043797 409.550270 2
589.042702 407.816323 2
588.542155 406.949349 2
588.041607 406.082376 2
587.541060 405.215402 2
587.040512 404.348428 2
586.539965 403.481455 2
585.538870 401.747507 2
583.536680 398.279613 2
583.036133 397.412639 2
578.531206 389.609876 2
578.030658 388.742903 2
577.029563 387.008955 2
576.028468 385.275008 2
575.527921 384.408035 2
574.026278 381.807114 2
572.524636 379.206193 2
570.522446 375.738298 2
569.521351 374.004351 2
569.020804 373.137377 2
568.520256 372.270404 2
567.018614 369.669483 2
566.518066 368.802509 2
565.016424 366.201588 2
562.513687 361.866720 2
561.512592 360.132773 2
560.511497 358.398825 2
559.510402 356.664878 2
559.009854 355.797904 2
558.509307 354.930931 2
558.008759 354.063957 2
557.508212 353.196983 2
556.507117 351.463036 2
553.503832 346.261194 2
553.003285 345.394221 2
552.002190 343.660273 2
551.501642 342.793300 2
549.499453 341.059353 1
548.498358 342.793300 1
547.997810 343.660273 1
546.496168 346.261194 1
544.994525 348.862115 1
544.493978 349.729089 1
543.993430 350.596063 1
543.492883 351.463036 1
542.491788 353.196983 1
541.991241 354.063957 1
540.489598 356.664878 1
539.989051 357.531852 1
538.487408 360.132773 1
537.986861 360.999746 1
537.486313 361.866720 1
536.985766 362.733694 1
536.485218 363.600667 1
534.983576 366.201588 1
533.982481 367.935535 1
533.481934 368.802509 1
532.981386 369.669483 1
532.480839 370.536456 1
531.479744 372.270404 1
530.979196 373.137377 1
529.978101 374.871325 1
529.477554 375.738298 1
528.977006 376.605272 1
527.975912 378.339219 1
526.974817 380.073166 1
524.472079 384.408035 1
523.971532 385.275008 1
523.470984 386.141982 1
522.970437 387.008955 1
521.969342 388.742903 1
521.468794 389.609876 1
520.968247 390.476850 1
520.467700 391.343824 1
519.967152 392.210797 1
517.964962 395.678692 1
516.963867 397.412639 1
514.961677 400.880534 1
514.461130 401.747507 1
513.960583 402.614481 1
513.460035 403.481455 1
512.959488 404.348428 1
512.458940 405.215402 1
510.456750 408.683297 1
508.454560 412.151191 1
507.954013 413.018165 1
507.453465 413.885138 1
506.452371 415.619086 1
505.951823 416.486059 1
505.451276 417.353033 1
504.950728 418.220007 1
504.450181 419.086980 1
503.949633 419.953954 1
503.449086 420.820927 1
499.945253 426.889743 1
499.444706 427.756717 1
498.944159 428.623690 1
497.943064 430.357638 1
497.442516 431.224611 1
496.941969 432.091585 1
496.441421 432.958558 1
495.940874 433.825532 1
495.440326 434.692506 1
494.939779 435.559479 1
494.439231 436.426453 1
493.438136 438.160400 1
492.937589 439.027374 1
492.437042 439.894348 1
489.934304 444.229216 1
489.433757 445.096189 1
488.933209 445.963163 1
487.932114 447.697110 1
487.431567 448.564084 1
486.430472 450.298031 1
485.929924 451.165005 1
484.928830 452.898952 1
484.428282 453.765926 1
483.927735 454.632899 1
482.926640 456.366847 1
479.923355 461.568689 1
478.922260 463.302636 1
478.421712 464.169610 1
476.920070 466.770530 1
475.918975 468.504478 1
475.418428 469.371451 1
473.416238 472.839346 1
472.415143 474.573293 1
471.414048 476.307241 1
470.412953 478.041188 1
468.911311 480.642109 1
467.910216 482.376056 1
466.909121 484.110003 1
466.408573 484.976977 1
464.906931 487.577898 1
464.406383 488.444871 1
462.904741 491.045792 1
461.903646 492.779740 1
460.402004 495.380661 1
458.399814 498.848555 1
456.898172 501.449476 1
453.894887 506.651318 1
452.893792 508.385265 1
451.892697 510.119213 1
451.392149 510.986186 1
449.890507 513.587107 1
449.389960 514.454081 1
448.889412 515.321054 1
448.388865 516.188028 1
447.387770 517.921975 1
445.886127 520.522896 1
445.385580 521.389870 1
444.885032 522.256843 1
443.383390 524.857764 1
442.882842 525.724738 1
442.382295 526.591712 1
438.878463 532.660527 1
438.377915 533.527501 1
436.876273 536.128422 1
436.375725 536.995395 1
435.875178 537.862369 1
435.374631 538.729343 1
434.373536 540.463290 1
433.872988 541.330264 1
433.372441 542.197237 1
431.870798 544.798158 1
431.370251 545.665132 1
430.369156 547.399079 1
427.864869 550.000000 0
424.856934 550.000000 0
423.854289 550.000000 0
422.851644 550.000000 0
418.841065 550.000000 0
416.835775 550.000000 0
415.833130 550.000000 0
414.830485 550.000000 0
413.827841 550.000000 0
412.825196 550.000000 0
410.819906 550.000000 0
408.814616 550.000000 0
405.806682 550.000000 0
404.804037 550.000000 0
403.801392 550.000000 0
396.782878 550.000000 0
393.774943 550.000000 0
391.769654 550.000000 0
390.767009 550.000000 0
389.764364 550.000000 0
387.759074 550.000000 0
386.756429 550.000000 0
378.735271 550.000000 0
377.732626 550.000000 0
375.727336 550.000000 0
374.724691 550.000000 0
373.722046 550.000000 0
372.719401 550.000000 0
370.714112 550.000000 0
369.711467 550.000000 0
367.706177 550.000000 0
364.698243 550.000000 0
363.695598 550.000000 0
362.692953 550.000000 0
360.687663 550.000000 0
357.679729 550.000000 0
354.671794 550.000000 0
353.669149 550.000000 0
350.661215 550.000000 0
347.653280 550.000000 0
345.647990 550.000000 0
338.629476 550.000000 0
335.621542 550.000000 0
333.616252 550.000000 0
332.613607 550.000000 0
329.605673 550.000000 0
321.584514 550.000000 0
319.579224 550.000000 0
317.573934 550.000000 0
316.571289 550.000000 0
315.568644 550.000000 0
311.558065 550.000000 0
310.555420 550.000000 0
305.542196 550.000000 0
301.531616 550.000000 0
300.528972 550.000000 0
298.523682 550.000000 0
295.515747 550.000000 0
293.510458 550.000000 0
290.502523 550.000000 0
286.491944 550.000000 0
282.481364 550.000000 0
276.465495 550.000000 0
272.454916 550.000000 0
269.446981 550.000000 0
267.441691 550.000000 0
265.436402 550.000000 0
261.425822 550.000000 0
256.412598 550.000000 0
254.407308 550.000000 0
253.404663 550.000000 0
252.402018 550.000000 0
249.394084 550.000000 0
246.386149 550.000000 0
245.383504 550.000000 0
240.370280 550.000000 0
237.362346 550.000000 0
235.357056 550.000000 0
234.354411 550.000000 0
232.349121 550.000000 0
231.346476 550.000000 0
230.343832 550.000000 0
226.333252 550.000000 0
222.322673 550.000000 0
221.320028 550.000000 0
220.317383 550.000000 0
219.314738 550.000000 0
218.312093 550.000000 0
217.309448 550.000000 0
214.301514 550.000000 0
210.290934 550.000000 0
209.288290 550.000000 0
207.283000 550.000000 0
205.277710 550.000000 0
203.272420 550.000000 0
202.269776 550.000000 0
200.264486 550.000000 0
199.261841 550.000000 0
198.259196 550.000000 0
195.251262 550.000000 0
194.248617 550.000000 0
192.243327 550.000000 0
191.240682 550.000000 0
186.227458 550.000000 0
181.214234 550.000000 0
176.201009 550.000000 0
170.185140 550.000000 0
166.174561 550.000000 0
165.171916 550.000000 0
164.169271 550.000000 0
163.166626 550.000000 0
162.163981 550.000000 0
160.158691 550.000000 0
159.156047 550.000000 0
157.150757 550.000000 0
156.148112 550.000000 0
154.142822 550.000000 0
152.137533 550.000000 0
151.134888 550.000000 0
150.132243 550.000000 0
146.121663 550.000000 0
142.111084 550.000000 0
141.108439 550.000000 0
140.105794 550.000000 0
139.103149 550.000000 0
138.100505 550.000000 0
137.097860 550.000000 0
136.095215 550.000000 0
133.087280 550.000000 0
131.081991 550.000000 0
130.079346 550.000000 0
129.076701 550.000000 0
127.071411 550.000000 0
126.068766 550.000000 0
124.063477 550.000000 0
120.052897 550.000000 0
119.050252 550.000000 0
113.034383 550.000000 0
111.029093 550.000000 0
106.015869 550.000000 0
105.013224 550.000000 0
103.007935 550.000000 0
