750
100.000000 450.000000 20
102.000978 450.000000 20
103.001467 450.000000 20
104.001956 450.000000 20
105.002444 450.000000 20
117.008311 450.000000 20
126.012711 450.000000 20
135.017111 450.000000 20
139.019066 450.000000 20
141.020044 450.000000 20
149.023955 450.000000 20
158.028355 450.000000 20
189.043510 450.000000 20
192.044977 450.000000 20
197.047422 450.000000 20
221.059155 450.000000 20
228.062577 450.000000 20
229.063066 450.000000 20
235.065999 450.000000 20
241.068932 450.000000 20
242.069421 450.000000 20
250.073332 450.000000 20
258.077243 450.000000 20
265.080666 450.000000 20
269.082621 450.000000 20
287.091421 450.000000 20
306.100710 450.000000 20
315.105110 450.000000 20
318.106576 450.000000 20
325.109998 450.000000 20
326.110487 450.000000 20
327.110976 450.000000 20
332.113421 450.000000 20
336.115376 450.000000 20
337.115865 450.000000 20
342.118309 450.000000 20
343.118798 450.000000 20
346.120265 450.000000 20
347.120754 450.000000 20
356.125154 450.000000 20
371.132487 450.000000 19
371.635641 449.128511 19
372.138796 448.257022 19
372.641950 447.385533 19
373.145105 446.514044 19
374.151414 444.771066 19
374.654568 443.899577 19
375.157722 443.028088 19
375.660877 442.156599 19
376.164031 441.285110 19
377.170340 439.542131 19
379.182958 436.056175 19
380.189267 434.313197 19
380.692421 433.441708 19
382.705039 429.955752 19
383.711348 428.212774 19
384.717657 426.469796 19
385.220811 425.598307 19
385.723965 424.726818 19
387.233429 422.112350 19
388.239738 420.369372 19
389.246046 418.626394 19
390.755510 416.011927 19
391.258664 415.140438 19
392.264973 413.397460 19
388.246246 406.436821 18
387.241565 404.696661 18
384.227519 399.476182 18
383.222838 397.736022 18
378.199429 389.035223 18
376.190066 385.554904 18
375.687725 384.684824 18
373.678362 381.204504 18
373.176021 380.334425 18
372.673680 379.464345 18
370.664317 375.984025 18
365.138567 366.413147 18
361.119840 359.452508 18
355.594091 349.881629 18
355.091750 349.011549 18
354.589409 348.141469 18
353.082387 345.531229 18
351.073024 342.050910 18
350.068342 340.310750 18
348.058978 336.830431 18
346.049615 333.350111 18
345.547274 332.480031 18
344.040252 329.869792 18
341.528547 325.519392 18
341.026207 324.649312 18
339.016843 321.168993 18
337.007480 317.688673 18
332.486412 309.857954 18
331.481730 308.117795 18
330.979390 307.247715 18
329.472367 304.637475 18
326.458322 299.416996 18
324.951299 296.806756 18
324.448959 295.936676 18
323.444277 294.196517 18
317.918528 284.625638 18
315.909164 281.145318 18
313.899801 277.664999 18
313.397460 276.794919 18
313.397460 276.794919 17
323.444277 276.794919 17
332.486412 276.794919 17
340.523866 276.794919 17
344.542593 276.794919 17
357.603455 276.794919 17
360.617500 276.794919 17
361.622182 276.794919 17
362.626863 276.794919 17
365.640908 276.794919 17
366.645590 276.794919 17
370.664317 276.794919 17
373.678362 276.794919 17
378.701771 276.794919 17
379.706452 276.794919 17
381.715816 276.794919 17
382.720497 276.794919 17
387.743906 276.794919 17
400.804768 276.794919 17
405.828176 276.794919 17
408.842222 276.794919 17
416.879675 276.794919 17
427.931174 276.794919 17
433.959264 276.794919 17
439.987354 276.794919 17
440.992036 276.794919 17
444.006081 276.794919 17
448.024808 276.794919 17
451.038853 276.794919 17
462.090352 276.794919 17
464.099715 276.794919 17
467.113760 276.794919 17
470.127805 276.794919 17
471.132487 276.794919 16
473.141850 273.314600 16
473.644191 272.444520 16
474.146532 271.574440 16
477.160577 266.353961 16
477.662918 265.483881 16
478.165259 264.613801 16
479.169941 262.873641 16
483.188667 255.913002 16
483.691008 255.042922 16
484.193349 254.172842 16
489.216757 245.472044 16
498.761234 228.940526 16
499.263574 228.070446 16
500.268256 226.330286 16
500.770597 225.460207 16
503.282301 221.109807 16
505.291665 217.629488 16
505.794005 216.759408 16
508.305710 212.409008 16
508.808051 211.538929 16
509.310391 210.668849 16
510.315073 208.928689 16
511.319755 207.188529 16
512.826777 204.578290 16
516.845504 197.617651 16
519.859549 192.397171 16
520.864231 190.657012 16
524.882958 183.696373 16
525.385298 182.826293 16
526.892321 180.216053 16
532.920411 169.775095 16
536.436797 163.684536 16
537.441479 161.944376 16
537.943820 161.074296 16
539.450842 158.464056 16
542.464887 153.243577 16
543.971910 150.633337 16
544.976592 148.893178 16
545.478932 148.023098 16
545.981273 147.153018 16
549.497659 141.062459 16
554.018727 147.153018 15
555.023408 148.893178 15
555.525749 149.763258 15
560.046817 157.593976 15
561.051499 159.334136 15
563.060862 162.814456 15
564.567885 165.424695 15
565.572566 167.164855 15
566.074907 168.034935 15
569.088952 173.255414 15
572.102997 178.475893 15
573.107679 180.216053 15
577.126406 187.176692 15
578.131087 188.916852 15
578.633428 189.786932 15
582.149814 195.877491 15
582.652155 196.747571 15
585.666200 201.968050 15
586.168541 202.838130 15
586.670882 203.708210 15
588.177904 206.318449 15
595.210676 218.499568 15
596.717699 221.109807 15
597.722380 222.849967 15
599.229403 225.460207 15
599.731744 226.330286 15
601.238766 228.940526 15
603.248130 232.420845 15
605.257493 235.901165 15
607.769197 240.251564 15
608.773879 241.991724 15
609.276220 242.861804 15
612.290265 248.082283 15
614.801969 252.432683 15
616.308992 255.042922 15
619.323037 260.263401 15
622.839423 266.353961 15
623.844105 268.094120 15
625.351127 270.704360 15
626.355809 272.444520 15
626.858150 273.314600 15
628.365172 275.924839 15
633.890922 276.794919 14
635.900285 276.794919 14
640.923693 276.794919 14
641.928375 276.794919 14
642.933057 276.794919 14
645.947102 276.794919 14
647.956465 276.794919 14
649.965829 276.794919 14
652.979874 276.794919 14
656.998601 276.794919 14
660.012646 276.794919 14
662.022009 276.794919 14
663.026691 276.794919 14
664.031373 276.794919 14
668.050099 276.794919 14
674.078190 276.794919 14
681.110961 276.794919 14
685.129688 276.794919 14
691.157778 276.794919 14
698.190550 276.794919 14
703.213959 276.794919 14
704.218641 276.794919 14
706.228004 276.794919 14
711.251412 276.794919 14
714.265458 276.794919 14
717.279503 276.794919 14
718.284184 276.794919 14
722.302911 276.794919 14
723.307593 276.794919 14
749.429317 276.794919 14
753.448044 276.794919 14
757.466771 276.794919 14
759.476134 276.794919 14
764.499543 276.794919 14
767.513588 276.794919 14
772.536996 276.794919 14
774.546360 276.794919 14
784.593177 276.794919 14
785.597858 276.794919 14
784.593177 280.275239 13
783.588495 282.015398 13
780.072109 288.105957 13
776.053382 295.066596 13
774.546360 297.676836 13
769.522951 306.377635 13
767.513588 309.857954 13
766.508906 311.598114 13
762.992520 317.688673 13
758.973793 324.649312 13
757.466771 327.259552 13
756.462089 328.999712 13
753.448044 334.220191 13
751.941022 336.830431 13
749.931658 340.310750 13
746.917613 345.531229 13
746.415272 346.401309 13
744.405909 349.881629 13
742.898886 352.491868 13
739.884841 357.712348 13
739.382500 358.582428 13
738.880160 359.452508 13
737.875478 361.192667 13
736.368455 363.802907 13
734.359092 367.283226 13
733.856751 368.153306 13
732.349729 370.763546 13
730.340365 374.243865 13
729.838024 375.113945 13
724.814616 383.814744 13
720.795889 390.775383 13
720.293548 391.645463 13
715.772481 399.476182 13
713.260776 403.826581 13
708.237368 412.527380 13
708.741336 415.140438 12
709.244490 416.011927 12
709.747645 416.883416 12
710.250799 417.754905 12
710.753954 418.626394 12
711.760262 420.369372 12
712.263417 421.240861 12
713.269726 422.983840 12
713.772880 423.855329 12
714.276035 424.726818 12
715.282343 426.469796 12
716.288652 428.212774 12
716.791807 429.084263 12
717.798116 430.827241 12
718.301270 431.698730 12
718.804424 432.570219 12
719.810733 434.313197 12
720.313888 435.184686 12
720.817042 436.056175 12
721.320197 436.927664 12
721.823351 437.799153 12
722.326505 438.670642 12
722.829660 439.542131 12
723.332814 440.413620 12
723.835969 441.285110 12
724.339123 442.156599 12
724.842278 443.028088 12
725.345432 443.899577 12
726.351741 445.642555 12
728.364359 449.128511 12
738.872402 450.000000 11
742.874357 450.000000 11
745.875824 450.000000 11
747.876802 450.000000 11
748.877291 450.000000 11
752.879246 450.000000 11
756.881202 450.000000 11
760.883157 450.000000 11
763.884624 450.000000 11
766.886091 450.000000 11
771.888535 450.000000 11
781.893424 450.000000 11
782.893913 450.000000 11
795.900268 450.000000 11
796.900757 450.000000 11
800.902712 450.000000 11
808.906624 450.000000 11
824.914446 450.000000 11
825.914935 450.000000 11
826.915423 450.000000 11
829.916890 450.000000 11
830.917379 450.000000 11
831.917868 450.000000 11
833.918846 450.000000 11
846.925201 450.000000 11
854.929112 450.000000 11
861.932534 450.000000 11
867.935468 450.000000 11
868.935956 450.000000 11
878.940845 450.000000 11
881.942312 450.000000 11
885.944267 450.000000 11
902.952578 450.000000 11
907.955023 450.000000 11
909.956001 450.000000 11
921.961867 450.000000 11
922.962356 450.000000 11
924.963334 450.000000 11
929.965778 450.000000 11
935.968712 450.000000 11
937.969689 450.000000 11
939.970667 450.000000 11
942.972134 450.000000 11
951.976534 450.000000 11
954.978000 450.000000 11
957.979467 450.000000 11
962.981911 450.000000 11
971.986311 450.000000 11
973.987289 450.000000 11
976.988756 450.000000 11
981.991200 450.000000 11
993.997067 450.000000 11
997.999022 450.000000 11
1000.000000 450.000000 10
1000.000000 455.000000 10
1000.000000 457.000000 10
1000.000000 460.000000 10
1000.000000 461.000000 10
1000.000000 463.000000 10
1000.000000 465.000000 10
1000.000000 468.000000 10
1000.000000 469.000000 10
1000.000000 473.000000 10
1000.000000 475.000000 10
1000.000000 476.000000 10
1000.000000 480.000000 10
1000.000000 481.000000 10
1000.000000 484.000000 10
1000.000000 493.000000 10
1000.000000 496.000000 10
1000.000000 499.000000 10
1000.000000 502.000000 10
1000.000000 506.000000 10
1000.000000 510.000000 10
1000.000000 512.000000 10
1000.000000 517.000000 10
1000.000000 519.000000 10
1000.000000 520.000000 10
1000.000000 524.000000 10
1000.000000 525.000000 10
1000.000000 526.000000 10
1000.000000 529.000000 10
1000.000000 537.000000 10
1000.000000 538.000000 10
1000.000000 541.000000 10
1000.000000 544.000000 10
1000.000000 549.000000 10
1000.000000 550.000000 9
998.997355 550.000000 9
995.989421 550.000000 9
990.976196 550.000000 9
987.968262 550.000000 9
976.939168 550.000000 9
968.918009 550.000000 9
967.915365 550.000000 9
962.902140 550.000000 9
952.875692 550.000000 9
928.812215 550.000000 9
924.801636 550.000000 9
909.761963 550.000000 9
885.698486 550.000000 9
883.693197 550.000000 9
873.666748 550.000000 9
872.664103 550.000000 9
856.621785 550.000000 9
845.592692 550.000000 9
829.550374 550.000000 9
828.547730 550.000000 9
827.545085 550.000000 9
820.526571 550.000000 9
797.465739 550.000000 9
791.449870 550.000000 9
778.415487 550.000000 9
776.410197 550.000000 9
774.404907 550.000000 9
773.402262 550.000000 9
767.386393 550.000000 9
757.359945 550.000000 9
756.357300 550.000000 9
755.354655 550.000000 9
752.346720 550.000000 9
751.344076 550.000000 9
750.341431 550.000000 9
748.336141 550.000000 9
731.291178 550.000000 9
716.251506 550.000000 9
713.243571 550.000000 9
707.227702 550.000000 9
694.193319 550.000000 9
687.174805 550.000000 9
677.148356 550.000000 9
674.140422 550.000000 9
671.132487 550.000000 8
670.630146 549.129920 8
669.123124 546.519681 8
662.592692 535.208642 8
662.090352 534.338562 8
661.085670 532.598403 8
659.578647 529.988163 8
658.573966 528.248003 8
657.569284 526.507843 8
656.564602 524.767684 8
652.043535 516.936965 8
651.038853 515.196805 8
650.034171 513.456645 8
643.503740 502.145607 8
643.001399 501.275527 8
641.996717 499.535367 8
641.494377 498.665288 8
640.992036 497.795208 8
640.489695 496.925128 8
637.977991 492.574728 8
636.470968 489.964489 8
635.968627 489.094409 8
634.963946 487.354249 8
631.949900 482.133770 8
624.917128 469.952652 8
621.400743 463.862093 8
620.898402 462.992013 8
618.386697 458.641613 8
617.884357 457.771534 8
615.372652 453.421134 8
614.870311 452.551054 8
614.367971 451.680974 8
613.363289 449.940815 8
611.353925 446.460495 8
609.846903 443.850256 8
603.316472 432.539217 8
599.297745 425.578578 8
592.767314 414.267540 8
592.264973 413.397460 8
592.264973 413.397460 7
592.768127 412.525971 7
594.277591 409.911504 7
594.780745 409.040015 7
595.283900 408.168526 7
596.290209 406.425547 7
597.296518 404.682569 7
597.799672 403.811080 7
598.302826 402.939591 7
599.309135 401.196613 7
599.812290 400.325124 7
601.321753 397.710657 7
601.824908 396.839168 7
602.328062 395.967679 7
602.831216 395.096190 7
603.837525 393.353211 7
604.340680 392.481722 7
604.843834 391.610233 7
605.346989 390.738744 7
605.850143 389.867255 7
606.353298 388.995766 7
607.359607 387.252788 7
608.869070 384.638321 7
609.372224 383.766832 7
609.875379 382.895342 7
610.378533 382.023853 7
610.881688 381.152364 7
611.384842 380.280875 7
611.887997 379.409386 7
612.894306 377.666408 7
613.397460 376.794919 7
611.384842 376.794919 6
610.378533 376.794919 6
609.372224 376.794919 6
608.365916 376.794919 6
607.359607 376.794919 6
606.353298 376.794919 6
605.346989 376.794919 6
604.340680 376.794919 6
603.334371 376.794919 6
601.321753 376.794919 6
600.315445 376.794919 6
598.302827 376.794919 6
597.296518 376.794919 6
596.290209 376.794919 6
595.283900 376.794919 6
594.277591 376.794919 6
593.271282 376.794919 6
592.264973 376.794919 6
591.258665 376.794919 6
589.246047 376.794919 6
588.239738 376.794919 6
587.233429 376.794919 6
584.214502 376.794919 6
582.201885 376.794919 6
578.176649 376.794919 6
577.170340 376.794919 6
576.164031 376.794919 6
575.157723 376.794919 6
574.151414 376.794919 6
572.138796 376.794919 6
571.132487 376.794919 5
569.623024 374.180452 5
569.119869 373.308963 5
568.113560 371.565985 5
567.107251 369.823007 5
566.604097 368.951518 5
565.597788 367.208539 5
565.094634 366.337050 5
564.591479 365.465561 5
563.585170 363.722583 5
563.082016 362.851094 5
562.075707 361.108116 5
561.572552 360.236627 5
561.069398 359.365138 5
560.063089 357.622160 5
559.056780 355.879182 5
558.553626 355.007693 5
558.050471 354.136204 5
557.547317 353.264715 5
557.044162 352.393226 5
556.541008 351.521737 5
555.534699 349.778759 5
554.528390 348.035780 5
553.018927 345.421313 5
552.515772 344.549824 5
552.012618 343.678335 5
551.509463 342.806846 5
550.503154 341.063868 5
550.000000 340.192379 4
549.496846 341.063868 4
548.993691 341.935357 4
547.987382 343.678335 4
547.484228 344.549824 4
546.477919 346.292802 4
545.471610 348.035780 4
544.465301 349.778759 4
543.458992 351.521737 4
542.955838 352.393226 4
542.452683 353.264715 4
541.949529 354.136204 4
541.446374 355.007693 4
540.943220 355.879182 4
540.440065 356.750671 4
539.936911 357.622160 4
539.433757 358.493649 4
538.930602 359.365138 4
538.427448 360.236627 4
537.421139 361.979605 4
536.917984 362.851094 4
536.414830 363.722583 4
535.911675 364.594072 4
534.905366 366.337050 4
533.899058 368.080029 4
532.892749 369.823007 4
532.389594 370.694496 4
531.886440 371.565985 4
531.383285 372.437474 4
530.880131 373.308963 4
530.376976 374.180452 4
528.867513 376.794919 4
528.867513 376.794919 3
527.861204 376.794919 3
525.848586 376.794919 3
524.842277 376.794919 3
522.829660 376.794919 3
519.810733 376.794919 3
518.804424 376.794919 3
517.798115 376.794919 3
514.779189 376.794919 3
513.772880 376.794919 3
511.760262 376.794919 3
510.753953 376.794919 3
509.747644 376.794919 3
508.741335 376.794919 3
507.735027 376.794919 3
506.728718 376.794919 3
503.709791 376.794919 3
502.703482 376.794919 3
501.697173 376.794919 3
500.690864 376.794919 3
499.684555 376.794919 3
497.671938 376.794919 3
496.665629 376.794919 3
495.659320 376.794919 3
493.646702 376.794919 3
492.640393 376.794919 3
491.634084 376.794919 3
490.627776 376.794919 3
489.621467 376.794919 3
488.615158 376.794919 3
487.608849 376.794919 3
486.602540 376.794919 3
487.105694 377.666408 2
487.608849 378.537897 2
489.621467 382.023853 2
490.124621 382.895342 2
491.130930 384.638321 2
491.634085 385.509810 2
492.137239 386.381299 2
492.640393 387.252788 2
493.646702 388.995766 2
494.149857 389.867255 2
496.162475 393.353211 2
497.168784 395.096190 2
497.671938 395.967679 2
498.678247 397.710657 2
499.181401 398.582146 2
500.187710 400.325124 2
501.194019 402.068102 2
501.697174 402.939591 2
502.200328 403.811080 2
503.709791 406.425547 2
506.225564 410.782993 2
506.728718 411.654482 2
507.231873 412.525971 2
504.720982 418.617939 1
504.218641 419.488019 1
502.711618 422.098259 1
501.706937 423.838418 1
499.195232 428.188818 1
495.176506 435.149457 1
493.669483 437.759696 1
492.162461 440.369936 1
485.632029 451.680974 1
484.125007 454.291214 1
481.613303 458.641613 1
481.110962 459.511693 1
479.603939 462.121933 1
479.101598 462.992013 1
477.092235 466.472332 1
474.580531 470.822732 1
469.557122 479.523530 1
467.045418 483.873930 1
465.538395 486.484169 1
464.533714 488.224329 1
464.031373 489.094409 1
460.514987 495.184968 1
458.505623 498.665288 1
457.500942 500.405447 1
452.477533 509.106246 1
449.965829 513.456645 1
442.933057 525.637764 1
440.923693 529.118083 1
437.909648 534.338562 1
435.900285 537.818882 1
434.393262 540.429121 1
433.388581 542.169281 1
432.886240 543.039361 1
431.881558 544.779521 1
425.859578 550.000000 0
415.833130 550.000000 0
403.801392 550.000000 0
400.793457 550.000000 0
399.790812 550.000000 0
395.780233 550.000000 0
392.772298 550.000000 0
367.706177 550.000000 0
346.650635 550.000000 0
344.645345 550.000000 0
340.634766 550.000000 0
338.629476 550.000000 0
332.613607 550.000000 0
331.610962 550.000000 0
330.608317 550.000000 0
324.592448 550.000000 0
314.565999 550.000000 0
303.536906 550.000000 0
297.521037 550.000000 0
294.513102 550.000000 0
288.497233 550.000000 0
285.489298 550.000000 0
277.468140 550.000000 0
275.462850 550.000000 0
266.439046 550.000000 0
263.431112 550.000000 0
248.391439 550.000000 0
247.388794 550.000000 0
243.378215 550.000000 0
238.364990 550.000000 0
225.330607 550.000000 0
224.327962 550.000000 0
218.312093 550.000000 0
215.304159 550.000000 0
207.283000 550.000000 0
206.280355 550.000000 0
189.235392 550.000000 0
188.232747 550.000000 0
181.214233 550.000000 0
165.171916 550.000000 0
141.108439 550.000000 0
135.092570 550.000000 0
126.068766 550.000000 0
112.031738 550.000000 0
