1180
103.001467 450.000000 8
104.001956 450.000000 8
109.004400 450.000000 8
110.004889 450.000000 8
114.006844 450.000000 8
115.007333 450.000000 8
117.008311 450.000000 8
121.010266 450.000000 8
122.010755 450.000000 8
123.011244 450.000000 8
124.011733 450.000000 8
125.012222 450.000000 8
126.012711 450.000000 8
129.014178 450.000000 8
135.017111 450.000000 8
137.018089 450.000000 8
138.018577 450.000000 8
139.019066 450.000000 8
140.019555 450.000000 8
141.020044 450.000000 8
142.020533 450.000000 8
144.021511 450.000000 8
146.022488 450.000000 8
148.023466 450.000000 8
149.023955 450.000000 8
150.024444 450.000000 8
151.024933 450.000000 8
152.025422 450.000000 8
153.025911 450.000000 8
154.026400 450.000000 8
159.028844 450.000000 8
160.029333 450.000000 8
161.029822 450.000000 8
164.031288 450.000000 8
168.033244 450.000000 8
171.034710 450.000000 8
172.035199 450.000000 8
175.036666 450.000000 8
178.038133 450.000000 8
179.038622 450.000000 8
185.041555 450.000000 8
186.042044 450.000000 8
188.043021 450.000000 8
189.043510 450.000000 8
195.046444 450.000000 8
196.046933 450.000000 8
197.047421 450.000000 8
199.048399 450.000000 8
200.048888 450.000000 8
202.049866 450.000000 8
203.050355 450.000000 8
204.050844 450.000000 8
205.051332 450.000000 8
206.051821 450.000000 8
208.052799 450.000000 8
209.053288 450.000000 8
210.053777 450.000000 8
211.054266 450.000000 8
213.055243 450.000000 8
214.055732 450.000000 8
216.056710 450.000000 8
221.059155 450.000000 8
222.059643 450.000000 8
223.060132 450.000000 8
224.060621 450.000000 8
227.062088 450.000000 8
228.062577 450.000000 8
230.063554 450.000000 8
234.065510 450.000000 8
235.065999 450.000000 8
236.066488 450.000000 8
237.066977 450.000000 8
240.068443 450.000000 8
245.070888 450.000000 8
246.071377 450.000000 8
247.071865 450.000000 8
249.072843 450.000000 8
253.074799 450.000000 8
255.075776 450.000000 8
257.076754 450.000000 8
259.077732 450.000000 8
260.078221 450.000000 8
262.079199 450.000000 8
265.080665 450.000000 8
266.081154 450.000000 8
267.081643 450.000000 8
269.082621 450.000000 8
270.083110 450.000000 8
271.083599 450.000000 8
274.085065 450.000000 8
276.086043 450.000000 8
277.086532 450.000000 8
278.087021 450.000000 8
279.087510 450.000000 8
280.087998 450.000000 8
281.088487 450.000000 8
283.089465 450.000000 8
284.089954 450.000000 8
286.090932 450.000000 8
288.091909 450.000000 8
289.092398 450.000000 8
291.093376 450.000000 8
292.093865 450.000000 8
293.094354 450.000000 8
294.094843 450.000000 8
295.095332 450.000000 8
296.095821 450.000000 8
298.096798 450.000000 8
301.098265 450.000000 8
303.099243 450.000000 8
305.100220 450.000000 8
308.101687 450.000000 8
309.102176 450.000000 8
316.105598 450.000000 8
317.106087 450.000000 8
319.107065 450.000000 8
320.107554 450.000000 8
323.109020 450.000000 8
324.109509 450.000000 8
326.110487 450.000000 8
330.112442 450.000000 8
331.112931 450.000000 8
332.113420 450.000000 8
334.114398 450.000000 8
336.115376 450.000000 8
337.115865 450.000000 8
340.117331 450.000000 8
341.117820 450.000000 8
344.119287 450.000000 8
346.120265 450.000000 8
347.120753 450.000000 8
349.121731 450.000000 8
351.122709 450.000000 8
356.125153 450.000000 8
357.125642 450.000000 8
358.126131 450.000000 8
363.128575 450.000000 8
365.129553 450.000000 8
367.130531 450.000000 8
368.131020 450.000000 8
371.132487 450.000000 7
373.637634 445.660958 7
377.645869 438.718490 7
378.647928 436.982873 7
381.654105 431.776022 7
382.656164 430.040405 7
384.660282 426.569172 7
389.169547 418.758895 7
389.670576 417.891087 7
390.171606 417.023278 7
390.672635 416.155470 7
391.173665 415.287661 7
392.676753 412.684236 7
394.680871 409.213002 7
395.181900 408.345194 7
396.183959 406.609577 7
396.684988 405.741768 7
397.186018 404.873960 7
398.689106 402.270535 7
399.691165 400.534918 7
400.693224 398.799301 7
401.695283 397.063684 7
402.697342 395.328067 7
403.699401 393.592450 7
404.701460 391.856833 7
405.202489 390.989025 7
405.703519 390.121216 7
406.204548 389.253408 7
406.705577 388.385599 7
409.210725 384.046557 7
409.711754 383.178748 7
410.212784 382.310940 7
410.713813 381.443131 7
411.214842 380.575323 7
412.216901 378.839706 7
413.218960 377.104089 7
413.719990 376.236281 7
416.225137 371.897238 7
417.227196 370.161621 7
419.231314 366.690388 7
421.736461 362.351345 7
422.738520 360.615728 7
429.251903 349.334218 7
430.754991 346.730793 7
431.256020 345.862984 7
433.260138 342.391751 7
434.262197 340.656134 7
434.763227 339.788325 7
435.765286 338.052708 7
436.266315 337.184900 7
438.270433 333.713666 7
440.775580 329.374624 7
441.276609 328.506815 7
442.278668 326.771198 7
442.779698 325.903390 7
443.781757 324.167773 7
444.282786 323.299964 7
446.787933 318.960922 7
447.789992 317.225305 7
448.291022 316.357497 7
449.794110 313.754071 7
450.295140 312.886263 7
451.297198 311.150646 7
452.299257 309.415029 7
452.800287 308.547221 7
453.301316 307.679412 7
453.802346 306.811604 7
455.806464 303.340370 7
456.307493 302.472561 7
457.309552 300.736944 7
457.810581 299.869136 7
459.313670 297.265711 7
461.317787 293.794477 7
463.822935 289.455434 7
464.323964 288.587626 7
466.328082 285.116392 7
466.829111 284.248584 7
467.330141 283.380775 7
470.837347 277.306116 7
471.338376 276.438307 7
472.340435 274.702691 7
472.841465 273.834882 7
474.344553 271.231457 7
476.849700 266.892414 7
477.350730 266.024606 7
477.851759 265.156797 7
478.853818 263.421181 7
482.361024 257.346521 7
483.864113 254.743096 7
484.365142 253.875287 7
487.371319 248.668437 7
487.872348 247.800628 7
488.874407 246.065011 7
489.375437 245.197203 7
489.876466 244.329394 7
490.377496 243.461586 7
490.878525 242.593777 7
495.387790 234.783501 7
496.389849 233.047884 7
497.391908 231.312267 7
497.892937 230.444459 7
499.897055 226.973225 7
502.402202 222.634183 7
503.404261 220.898566 7
503.905291 220.030757 7
504.406320 219.162949 7
505.408379 217.427332 7
505.909408 216.559524 7
506.911467 214.823907 7
507.412497 213.956098 7
509.416615 210.484864 7
509.917644 209.617056 7
510.418673 208.749247 7
513.925880 202.674588 7
514.426909 201.806780 7
514.927939 200.938971 7
515.428968 200.071163 7
515.929997 199.203354 7
516.932056 197.467737 7
517.433086 196.599929 7
517.934115 195.732120 7
519.437204 193.128695 7
519.938233 192.260887 7
522.944410 187.054036 7
523.445439 186.186227 7
523.946469 185.318419 7
524.447498 184.450610 7
524.948528 183.582802 7
526.451616 180.979377 7
526.952645 180.111568 7
529.457793 175.772526 7
530.459851 174.036909 7
531.461910 172.301292 7
532.463969 170.565675 7
532.964999 169.697867 7
534.468087 167.094441 7
535.971175 164.491016 7
538.476323 160.151974 7
539.478382 158.416357 7
540.480440 156.680740 7
540.981470 155.812931 7
541.482499 154.945123 7
541.983529 154.077314 7
542.985588 152.341697 7
544.488676 149.738272 7
547.494853 144.531421 7
548.496912 142.795804 7
548.997941 141.927996 7
549.498971 141.060187 7
550.000000 140.192379 6
553.006177 145.399230 6
555.010294 148.870463 6
556.012353 150.606080 6
558.016471 154.077314 6
561.022648 159.284165 6
561.523677 160.151974 6
562.024707 161.019782 6
565.030883 166.226633 6
565.531913 167.094441 6
566.533972 168.830058 6
569.039119 173.169100 6
569.540149 174.036909 6
574.550443 182.714994 6
575.552502 184.450610 6
576.053531 185.318419 6
576.554561 186.186227 6
579.560738 191.393078 6
580.562796 193.128695 6
582.566914 196.599929 6
583.067944 197.467737 6
585.072061 200.938971 6
586.575150 203.542397 6
587.076179 204.410205 6
588.078238 206.145822 6
589.080297 207.881439 6
589.581327 208.749247 6
590.082356 209.617056 6
590.583385 210.484864 6
591.084415 211.352673 6
595.092650 218.295140 6
595.593680 219.162949 6
596.094709 220.030757 6
597.597798 222.634183 6
598.599857 224.369800 6
600.102945 226.973225 6
602.107063 230.444459 6
603.610151 233.047884 6
604.111181 233.915693 6
606.115298 237.386927 6
606.616328 238.254735 6
607.117357 239.122544 6
607.618387 239.990352 6
608.119416 240.858161 6
610.123534 244.329394 6
611.626622 246.932820 6
612.127652 247.800628 6
614.131770 251.271862 6
614.632799 252.139671 6
615.133828 253.007479 6
618.140005 258.214330 6
618.641035 259.082138 6
619.643093 260.817755 6
620.645152 262.553372 6
621.647211 264.288989 6
626.657506 272.967074 6
628.160594 275.570499 6
628.661624 276.438307 6
632.168830 282.512967 6
632.669859 283.380775 6
633.170889 284.248584 6
633.671918 285.116392 6
635.175006 287.719818 6
637.179124 291.191051 6
638.682213 293.794477 6
639.684271 295.530094 6
642.690448 300.736944 6
644.193536 303.340370 6
645.195595 305.075987 6
645.696625 305.943795 6
646.197654 306.811604 6
647.199713 308.547221 6
647.700743 309.415029 6
648.702802 311.150646 6
650.706919 314.621880 6
651.708978 316.357497 6
654.715155 321.564348 6
655.216184 322.432156 6
656.218243 324.167773 6
656.719273 325.035581 6
658.723391 328.506815 6
659.224420 329.374624 6
660.226479 331.110241 6
661.228538 332.845858 6
662.230597 334.581474 6
664.735744 338.920517 6
666.238832 341.523942 6
667.240891 343.259559 6
667.741921 344.127368 6
668.743980 345.862984 6
669.245009 346.730793 6
670.247068 348.466410 6
671.750156 351.069835 6
675.257362 357.144495 6
675.758392 358.012303 6
677.762510 361.483537 6
679.265598 364.086962 6
679.766627 364.954771 6
680.768686 366.690388 6
683.774863 371.897238 6
685.778981 375.368472 6
686.280010 376.236281 6
688.785158 380.575323 6
689.286187 381.443131 6
690.288246 383.178748 6
690.789275 384.046557 6
691.290305 384.914365 6
694.296481 390.121216 6
695.298540 391.856833 6
695.799570 392.724641 6
696.801629 394.460258 6
697.302658 395.328067 6
697.803688 396.195875 6
699.306776 398.799301 6
702.312953 404.006151 6
702.813982 404.873960 6
703.816041 406.609577 6
704.317070 407.477385 6
704.818100 408.345194 6
707.824277 413.552045 6
708.325306 414.419853 6
708.826335 415.287661 6
711.832512 420.494512 6
713.335601 423.097938 6
714.337659 424.833555 6
714.838689 425.701363 6
716.341777 428.304788 6
717.343836 430.040405 6
717.844866 430.908214 6
719.347954 433.511639 6
720.851042 436.115065 6
723.356190 440.454107 6
724.859278 443.057532 6
725.360307 443.925341 6
727.865455 448.264383 6
730.868491 450.000000 5
731.868980 450.000000 5
733.869958 450.000000 5
734.870447 450.000000 5
735.870936 450.000000 5
737.871913 450.000000 5
739.872891 450.000000 5
741.873869 450.000000 5
742.874358 450.000000 5
746.876313 450.000000 5
747.876802 450.000000 5
748.877291 450.000000 5
749.877780 450.000000 5
750.878269 450.000000 5
751.878758 450.000000 5
752.879247 450.000000 5
753.879735 450.000000 5
754.880224 450.000000 5
755.880713 450.000000 5
757.881691 450.000000 5
758.882180 450.000000 5
759.882669 450.000000 5
761.883647 450.000000 5
762.884135 450.000000 5
764.885113 450.000000 5
765.885602 450.000000 5
771.888535 450.000000 5
772.889024 450.000000 5
774.890002 450.000000 5
775.890491 450.000000 5
776.890980 450.000000 5
777.891469 450.000000 5
779.892446 450.000000 5
781.893424 450.000000 5
783.894402 450.000000 5
785.895380 450.000000 5
789.897335 450.000000 5
792.898802 450.000000 5
795.900268 450.000000 5
796.900757 450.000000 5
798.901735 450.000000 5
799.902224 450.000000 5
801.903202 450.000000 5
802.903691 450.000000 5
803.904179 450.000000 5
805.905157 450.000000 5
808.906624 450.000000 5
813.909068 450.000000 5
816.910535 450.000000 5
818.911513 450.000000 5
820.912490 450.000000 5
821.912979 450.000000 5
822.913468 450.000000 5
823.913957 450.000000 5
825.914935 450.000000 5
827.915913 450.000000 5
829.916890 450.000000 5
830.917379 450.000000 5
833.918846 450.000000 5
836.920313 450.000000 5
839.921779 450.000000 5
840.922268 450.000000 5
841.922757 450.000000 5
842.923246 450.000000 5
843.923735 450.000000 5
845.924712 450.000000 5
846.925201 450.000000 5
847.925690 450.000000 5
848.926179 450.000000 5
850.927157 450.000000 5
852.928135 450.000000 5
857.930579 450.000000 5
860.932046 450.000000 5
863.933512 450.000000 5
864.934001 450.000000 5
865.934490 450.000000 5
866.934979 450.000000 5
868.935957 450.000000 5
870.936934 450.000000 5
872.937912 450.000000 5
873.938401 450.000000 5
874.938890 450.000000 5
875.939379 450.000000 5
877.940357 450.000000 5
878.940845 450.000000 5
882.942801 450.000000 5
883.943290 450.000000 5
884.943779 450.000000 5
885.944268 450.000000 5
887.945245 450.000000 5
890.946712 450.000000 5
892.947690 450.000000 5
894.948668 450.000000 5
897.950134 450.000000 5
898.950623 450.000000 5
899.951112 450.000000 5
903.953067 450.000000 5
904.953556 450.000000 5
905.954045 450.000000 5
906.954534 450.000000 5
908.955512 450.000000 5
909.956001 450.000000 5
910.956490 450.000000 5
911.956979 450.000000 5
912.957467 450.000000 5
913.957956 450.000000 5
914.958445 450.000000 5
917.959912 450.000000 5
919.960890 450.000000 5
920.961378 450.000000 5
921.961867 450.000000 5
925.963823 450.000000 5
926.964312 450.000000 5
927.964801 450.000000 5
929.965778 450.000000 5
930.966267 450.000000 5
931.966756 450.000000 5
932.967245 450.000000 5
933.967734 450.000000 5
934.968223 450.000000 5
935.968712 450.000000 5
936.969201 450.000000 5
938.970178 450.000000 5
945.973600 450.000000 5
946.974089 450.000000 5
947.974578 450.000000 5
948.975067 450.000000 5
950.976045 450.000000 5
951.976534 450.000000 5
955.978489 450.000000 5
957.979467 450.000000 5
962.981911 450.000000 5
963.982400 450.000000 5
966.983867 450.000000 5
970.985822 450.000000 5
972.986800 450.000000 5
973.987289 450.000000 5
975.988267 450.000000 5
977.989245 450.000000 5
978.989734 450.000000 5
979.990222 450.000000 5
987.994133 450.000000 5
993.997067 450.000000 5
995.998044 450.000000 5
997.999022 450.000000 5
1000.000000 450.000000 5
1000.000000 450.000000 4
1000.000000 451.000000 4
1000.000000 452.000000 4
1000.000000 453.000000 4
1000.000000 454.000000 4
1000.000000 455.000000 4
1000.000000 456.000000 4
1000.000000 457.000000 4
1000.000000 459.000000 4
1000.000000 460.000000 4
1000.000000 462.000000 4
1000.000000 463.000000 4
1000.000000 464.000000 4
1000.000000 465.000000 4
1000.000000 466.000000 4
1000.000000 467.000000 4
1000.000000 469.000000 4
1000.000000 472.000000 4
1000.000000 474.000000 4
1000.000000 475.000000 4
1000.000000 476.000000 4
1000.000000 478.000000 4
1000.000000 479.000000 4
1000.000000 480.000000 4
1000.000000 481.000000 4
1000.000000 482.000000 4
1000.000000 483.000000 4
1000.000000 484.000000 4
1000.000000 485.000000 4
1000.000000 486.000000 4
1000.000000 487.000000 4
1000.000000 488.000000 4
1000.000000 489.000000 4
1000.000000 490.000000 4
1000.000000 491.000000 4
1000.000000 492.000000 4
1000.000000 494.000000 4
1000.000000 495.000000 4
1000.000000 496.000000 4
1000.000000 497.000000 4
1000.000000 498.000000 4
1000.000000 499.000000 4
1000.000000 500.000000 4
1000.000000 501.000000 4
1000.000000 502.000000 4
1000.000000 503.000000 4
1000.000000 504.000000 4
1000.000000 505.000000 4
1000.000000 507.000000 4
1000.000000 509.000000 4
1000.000000 510.000000 4
1000.000000 511.000000 4
1000.000000 512.000000 4
1000.000000 513.000000 4
1000.000000 514.000000 4
1000.000000 515.000000 4
1000.000000 516.000000 4
1000.000000 517.000000 4
1000.000000 518.000000 4
1000.000000 519.000000 4
1000.000000 520.000000 4
1000.000000 522.000000 4
1000.000000 523.000000 4
1000.000000 524.000000 4
1000.000000 526.000000 4
1000.000000 527.000000 4
1000.000000 529.000000 4
1000.000000 530.000000 4
1000.000000 532.000000 4
1000.000000 533.000000 4
1000.000000 534.000000 4
1000.000000 536.000000 4
1000.000000 537.000000 4
1000.000000 538.000000 4
1000.000000 539.000000 4
1000.000000 540.000000 4
1000.000000 541.000000 4
1000.000000 542.000000 4
1000.000000 543.000000 4
1000.000000 544.000000 4
1000.000000 545.000000 4
1000.000000 546.000000 4
1000.000000 547.000000 4
1000.000000 549.000000 4
1000.000000 550.000000 4
997.994710 550.000000 3
994.986776 550.000000 3
983.957682 550.000000 3
982.955037 550.000000 3
980.949748 550.000000 3
978.944458 550.000000 3
976.939168 550.000000 3
975.936523 550.000000 3
974.933879 550.000000 3
969.920654 550.000000 3
968.918009 550.000000 3
962.902140 550.000000 3
961.899495 550.000000 3
958.891561 550.000000 3
956.886271 550.000000 3
954.880981 550.000000 3
946.859823 550.000000 3
945.857178 550.000000 3
943.851888 550.000000 3
940.843953 550.000000 3
939.841309 550.000000 3
934.828084 550.000000 3
931.820150 550.000000 3
930.817505 550.000000 3
928.812215 550.000000 3
923.798991 550.000000 3
922.796346 550.000000 3
921.793701 550.000000 3
919.788411 550.000000 3
918.785766 550.000000 3
915.777832 550.000000 3
910.764608 550.000000 3
908.759318 550.000000 3
906.754028 550.000000 3
905.751383 550.000000 3
904.748738 550.000000 3
902.743449 550.000000 3
897.730224 550.000000 3
896.727580 550.000000 3
895.724935 550.000000 3
894.722290 550.000000 3
893.719645 550.000000 3
892.717000 550.000000 3
889.709066 550.000000 3
888.706421 550.000000 3
886.701131 550.000000 3
883.693196 550.000000 3
881.687907 550.000000 3
879.682617 550.000000 3
874.669393 550.000000 3
873.666748 550.000000 3
872.664103 550.000000 3
870.658813 550.000000 3
868.653524 550.000000 3
866.648234 550.000000 3
865.645589 550.000000 3
860.632365 550.000000 3
859.629720 550.000000 3
858.627075 550.000000 3
856.621785 550.000000 3
854.616496 550.000000 3
853.613851 550.000000 3
852.611206 550.000000 3
851.608561 550.000000 3
850.605916 550.000000 3
849.603271 550.000000 3
846.595337 550.000000 3
842.584757 550.000000 3
841.582112 550.000000 3
840.579468 550.000000 3
838.574178 550.000000 3
834.563598 550.000000 3
830.553019 550.000000 3
829.550374 550.000000 3
828.547729 550.000000 3
826.542440 550.000000 3
818.521281 550.000000 3
815.513346 550.000000 3
814.510701 550.000000 3
813.508056 550.000000 3
806.489542 550.000000 3
805.486898 550.000000 3
803.481608 550.000000 3
801.476318 550.000000 3
800.473673 550.000000 3
799.471028 550.000000 3
798.468384 550.000000 3
784.431356 550.000000 3
780.420776 550.000000 3
778.415486 550.000000 3
775.407552 550.000000 3
773.402262 550.000000 3
771.396972 550.000000 3
770.394327 550.000000 3
769.391683 550.000000 3
768.389038 550.000000 3
767.386393 550.000000 3
766.383748 550.000000 3
765.381103 550.000000 3
764.378458 550.000000 3
762.373169 550.000000 3
760.367879 550.000000 3
758.362589 550.000000 3
756.357299 550.000000 3
755.354655 550.000000 3
754.352010 550.000000 3
753.349365 550.000000 3
750.341430 550.000000 3
747.333496 550.000000 3
744.325561 550.000000 3
741.317627 550.000000 3
740.314982 550.000000 3
737.307047 550.000000 3
736.304402 550.000000 3
735.301757 550.000000 3
729.285888 550.000000 3
721.264729 550.000000 3
720.262085 550.000000 3
718.256795 550.000000 3
715.248860 550.000000 3
714.246215 550.000000 3
712.240926 550.000000 3
711.238281 550.000000 3
710.235636 550.000000 3
706.225057 550.000000 3
704.219767 550.000000 3
702.214477 550.000000 3
699.206543 550.000000 3
692.188029 550.000000 3
690.182739 550.000000 3
685.169515 550.000000 3
684.166870 550.000000 3
677.148356 550.000000 3
676.145711 550.000000 3
675.143066 550.000000 3
673.137776 550.000000 3
671.132487 550.000000 3
671.132487 550.000000 2
670.631939 549.133026 2
669.630844 547.399079 2
668.629749 545.665132 2
668.129202 544.798158 2
667.628654 543.931185 2
667.128107 543.064211 2
666.627559 542.197237 2
666.127012 541.330264 2
665.626464 540.463290 2
664.625369 538.729343 2
663.624275 536.995395 2
663.123727 536.128422 2
662.623180 535.261448 2
662.122632 534.394474 2
661.121537 532.660527 2
660.620990 531.793554 2
660.120442 530.926580 2
659.619895 530.059606 2
659.119347 529.192633 2
656.116063 523.990791 2
655.114968 522.256843 2
654.614420 521.389870 2
654.113873 520.522896 2
653.613325 519.655923 2
653.112778 518.788949 2
652.111683 517.055002 2
650.109493 513.587107 2
649.608946 512.720133 2
647.106208 508.385265 2
645.604566 505.784344 2
643.101828 501.449476 2
642.601281 500.582502 2
642.100734 499.715529 2
641.600186 498.848555 2
640.098544 496.247634 2
639.097449 494.513687 2
638.596901 493.646713 2
637.595806 491.912766 2
636.094164 489.311845 2
634.592522 486.710924 2
633.591427 484.976977 2
633.090879 484.110003 2
632.089784 482.376056 2
631.589237 481.509082 2
631.088689 480.642109 2
630.588142 479.775135 2
630.087594 478.908161 2
629.587047 478.041188 2
628.585952 476.307241 2
626.083215 471.972372 2
624.581572 469.371451 2
622.579382 465.903557 2
622.078835 465.036583 2
621.578288 464.169610 2
621.077740 463.302636 2
620.076645 461.568689 2
619.576098 460.701715 2
619.075550 459.834741 2
618.575003 458.967768 2
617.573908 457.233820 2
617.073360 456.366847 2
616.572813 455.499873 2
615.571718 453.765926 2
615.071170 452.898952 2
614.570623 452.031979 2
613.569528 450.298031 2
613.068981 449.431058 2
612.568433 448.564084 2
612.067886 447.697110 2
611.066791 445.963163 2
610.566243 445.096189 2
609.565148 443.362242 2
608.564053 441.628295 2
608.063506 440.761321 2
605.060221 435.559479 2
604.059126 433.825532 2
603.058031 432.091585 2
602.557484 431.224611 2
601.055841 428.623690 2
599.554199 426.022769 2
598.052557 423.421848 2
597.552009 422.554875 2
596.050367 419.953954 2
595.549819 419.086980 2
594.548724 417.353033 2
594.048177 416.486059 2
593.547629 415.619086 2
591.044892 411.284217 2
590.544345 410.417244 2
590.043797 409.550270 2
588.542155 406.949349 2
587.040512 404.348428 2
586.539965 403.481455 2
586.039417 402.614481 2
585.538870 401.747507 2
585.038323 400.880534 2
584.037228 399.146586 2
583.036133 397.412639 2
582.535585 396.545666 2
582.035038 395.678692 2
581.534490 394.811718 2
581.033943 393.944745 2
580.032848 392.210797 2
578.531206 389.609876 2
578.030658 388.742903 2
577.029563 387.008955 2
576.529016 386.141982 2
574.526826 382.674087 2
574.026278 381.807114 2
573.525731 380.940140 2
573.025183 380.073166 2
572.524636 379.206193 2
571.022994 376.605272 2
569.020804 373.137377 2
567.018614 369.669483 2
566.518066 368.802509 2
566.017519 367.935535 2
565.016424 366.201588 2
564.015329 364.467641 2
563.514782 363.600667 2
563.014234 362.733694 2
562.513687 361.866720 2
561.512592 360.132773 2
560.511497 358.398825 2
560.010949 357.531852 2
559.510402 356.664878 2
559.009854 355.797904 2
558.008759 354.063957 2
556.507117 351.463036 2
555.005475 348.862115 2
553.503832 346.261194 2
552.002190 343.660273 2
551.001095 341.926326 2
548.998905 341.926326 1
548.498358 342.793300 1
546.496168 346.261194 1
545.995620 347.128168 1
544.994525 348.862115 1
544.493978 349.729089 1
543.492883 351.463036 1
542.992335 352.330010 1
541.490693 354.930931 1
540.990146 355.797904 1
540.489598 356.664878 1
539.488503 358.398825 1
538.987956 359.265799 1
538.487408 360.132773 1
535.984671 364.467641 1
535.484124 365.334614 1
534.983576 366.201588 1
533.982481 367.935535 1
533.481934 368.802509 1
532.480839 370.536456 1
530.478649 374.004351 1
529.978101 374.871325 1
528.977006 376.605272 1
528.476459 377.472245 1
527.975912 378.339219 1
526.974817 380.073166 1
524.972627 383.541061 1
523.971532 385.275008 1
522.970437 387.008955 1
519.466605 393.077771 1
518.966057 393.944745 1
518.465510 394.811718 1
517.464415 396.545666 1
516.963867 397.412639 1
516.463320 398.279613 1
515.962772 399.146586 1
513.960583 402.614481 1
512.959488 404.348428 1
511.958393 406.082376 1
511.457845 406.949349 1
510.957298 407.816323 1
510.456750 408.683297 1
508.955108 411.284217 1
507.453465 413.885138 1
506.952918 414.752112 1
506.452371 415.619086 1
505.951823 416.486059 1
504.950728 418.220007 1
504.450181 419.086980 1
502.948538 421.687901 1
502.447991 422.554875 1
501.947443 423.421848 1
500.445801 426.022769 1
499.444706 427.756717 1
497.943064 430.357638 1
497.442516 431.224611 1
496.941969 432.091585 1
496.441421 432.958558 1
495.940874 433.825532 1
494.939779 435.559479 1
493.938684 437.293427 1
490.434852 443.362242 1
489.934304 444.229216 1
488.933209 445.963163 1
486.430472 450.298031 1
485.929924 451.165005 1
482.426092 457.233820 1
480.924450 459.834741 1
479.422807 462.435662 1
478.922260 463.302636 1
478.421712 464.169610 1
477.921165 465.036583 1
477.420618 465.903557 1
476.920070 466.770530 1
475.918975 468.504478 1
474.417333 471.105399 1
473.416238 472.839346 1
472.915690 473.706320 1
472.415143 474.573293 1
471.414048 476.307241 1
470.913501 477.174214 1
469.912406 478.908161 1
468.911311 480.642109 1
468.410763 481.509082 1
467.910216 482.376056 1
467.409668 483.243030 1
466.909121 484.110003 1
466.408573 484.976977 1
465.908026 485.843951 1
465.407478 486.710924 1
464.406383 488.444871 1
462.404194 491.912766 1
461.903646 492.779740 1
461.403099 493.646713 1
460.902551 494.513687 1
459.901456 496.247634 1
458.900361 497.981582 1
457.899266 499.715529 1
456.898172 501.449476 1
456.397624 502.316450 1
455.897077 503.183423 1
455.396529 504.050397 1
453.894887 506.651318 1
451.892697 510.119213 1
451.392149 510.986186 1
450.391054 512.720133 1
449.389960 514.454081 1
448.388865 516.188028 1
447.888317 517.055002 1
447.387770 517.921975 1
446.887222 518.788949 1
445.385580 521.389870 1
443.383390 524.857764 1
441.881748 527.458685 1
441.381200 528.325659 1
438.878463 532.660527 1
436.876273 536.128422 1
435.875178 537.862369 1
435.374631 538.729343 1
434.874083 539.596316 1
433.872988 541.330264 1
433.372441 542.197237 1
432.871893 543.064211 1
430.369156 547.399079 1
426.862224 550.000000 0
425.859579 550.000000 0
424.856934 550.000000 0
421.848999 550.000000 0
420.846355 550.000000 0
419.843710 550.000000 0
415.833130 550.000000 0
413.827841 550.000000 0
411.822551 550.000000 0
410.819906 550.000000 0
409.817261 550.000000 0
407.811971 550.000000 0
406.809327 550.000000 0
403.801392 550.000000 0
402.798747 550.000000 0
401.796102 550.000000 0
398.788168 550.000000 0
396.782878 550.000000 0
390.767009 550.000000 0
388.761719 550.000000 0
386.756429 550.000000 0
383.748495 550.000000 0
382.745850 550.000000 0
380.740560 550.000000 0
379.737915 550.000000 0
378.735271 550.000000 0
377.732626 550.000000 0
374.724691 550.000000 0
370.714112 550.000000 0
366.703532 550.000000 0
361.690308 550.000000 0
358.682373 550.000000 0
355.674439 550.000000 0
353.669149 550.000000 0
345.647990 550.000000 0
343.642701 550.000000 0
342.640056 550.000000 0
340.634766 550.000000 0
338.629476 550.000000 0
337.626831 550.000000 0
336.624187 550.000000 0
335.621542 550.000000 0
334.618897 550.000000 0
333.616252 550.000000 0
331.610962 550.000000 0
328.603028 550.000000 0
326.597738 550.000000 0
322.587159 550.000000 0
321.584514 550.000000 0
320.581869 550.000000 0
319.579224 550.000000 0
314.566000 550.000000 0
311.558065 550.000000 0
307.547486 550.000000 0
304.539551 550.000000 0
295.515747 550.000000 0
293.510458 550.000000 0
289.499878 550.000000 0
288.497233 550.000000 0
287.494588 550.000000 0
285.489299 550.000000 0
284.486654 550.000000 0
279.473430 550.000000 0
274.460205 550.000000 0
268.444336 550.000000 0
267.441691 550.000000 0
265.436402 550.000000 0
262.428467 550.000000 0
261.425822 550.000000 0
259.420532 550.000000 0
258.417888 550.000000 0
257.415243 550.000000 0
255.409953 550.000000 0
254.407308 550.000000 0
252.402018 550.000000 0
248.391439 550.000000 0
247.388794 550.000000 0
237.362346 550.000000 0
235.357056 550.000000 0
233.351766 550.000000 0
232.349121 550.000000 0
230.343832 550.000000 0
229.341187 550.000000 0
228.338542 550.000000 0
227.335897 550.000000 0
225.330607 550.000000 0
224.327962 550.000000 0
219.314738 550.000000 0
218.312093 550.000000 0
217.309448 550.000000 0
215.304159 550.000000 0
214.301514 550.000000 0
209.288290 550.000000 0
208.285645 550.000000 0
206.280355 550.000000 0
205.277710 550.000000 0
203.272420 550.000000 0
202.269776 550.000000 0
200.264486 550.000000 0
195.251262 550.000000 0
193.245972 550.000000 0
183.219523 550.000000 0
181.214234 550.000000 0
179.208944 550.000000 0
172.190430 550.000000 0
171.187785 550.000000 0
169.182495 550.000000 0
167.177205 550.000000 0
163.166626 550.000000 0
162.163981 550.000000 0
156.148112 550.000000 0
153.140177 550.000000 0
152.137533 550.000000 0
146.121663 550.000000 0
144.116374 550.000000 0
143.113729 550.000000 0
141.108439 550.000000 0
139.103149 550.000000 0
136.095215 550.000000 0
135.092570 550.000000 0
130.079346 550.000000 0
127.071411 550.000000 0
126.068766 550.000000 0
124.063477 550.000000 0
119.050252 550.000000 0
115.039673 550.000000 0
109.023804 550.000000 0
107.018514 550.000000 0
105.013224 550.000000 0
102.005290 550.000000 0
