1800
100.000000 450.000000 8
102.000978 450.000000 8
103.001467 450.000000 8
104.001956 450.000000 8
106.002933 450.000000 8
107.003422 450.000000 8
108.003911 450.000000 8
109.004400 450.000000 8
110.004889 450.000000 8
111.005378 450.000000 8
112.005867 450.000000 8
113.006355 450.000000 8
114.006844 450.000000 8
115.007333 450.000000 8
116.007822 450.000000 8
117.008311 450.000000 8
118.008800 450.000000 8
119.009289 450.000000 8
120.009778 450.000000 8
121.010266 450.000000 8
123.011244 450.000000 8
124.011733 450.000000 8
125.012222 450.000000 8
126.012711 450.000000 8
127.013200 450.000000 8
129.014178 450.000000 8
130.014666 450.000000 8
133.016133 450.000000 8
134.016622 450.000000 8
135.017111 450.000000 8
136.017600 450.000000 8
137.018089 450.000000 8
139.019066 450.000000 8
140.019555 450.000000 8
141.020044 450.000000 8
143.021022 450.000000 8
144.021511 450.000000 8
145.022000 450.000000 8
146.022488 450.000000 8
148.023466 450.000000 8
150.024444 450.000000 8
151.024933 450.000000 8
152.025422 450.000000 8
155.026888 450.000000 8
156.027377 450.000000 8
158.028355 450.000000 8
160.029333 450.000000 8
161.029822 450.000000 8
163.030799 450.000000 8
164.031288 450.000000 8
165.031777 450.000000 8
166.032266 450.000000 8
167.032755 450.000000 8
168.033244 450.000000 8
169.033733 450.000000 8
170.034222 450.000000 8
171.034710 450.000000 8
173.035688 450.000000 8
174.036177 450.000000 8
175.036666 450.000000 8
176.037155 450.000000 8
179.038622 450.000000 8
180.039110 450.000000 8
181.039599 450.000000 8
182.040088 450.000000 8
185.041555 450.000000 8
186.042044 450.000000 8
188.043021 450.000000 8
192.044977 450.000000 8
193.045466 450.000000 8
194.045955 450.000000 8
195.046444 450.000000 8
196.046933 450.000000 8
197.047421 450.000000 8
198.047910 450.000000 8
199.048399 450.000000 8
201.049377 450.000000 8
202.049866 450.000000 8
204.050844 450.000000 8
205.051332 450.000000 8
206.051821 450.000000 8
207.052310 450.000000 8
208.052799 450.000000 8
209.053288 450.000000 8
210.053777 450.000000 8
211.054266 450.000000 8
212.054755 450.000000 8
213.055243 450.000000 8
214.055732 450.000000 8
216.056710 450.000000 8
217.057199 450.000000 8
218.057688 450.000000 8
219.058177 450.000000 8
222.059643 450.000000 8
223.060132 450.000000 8
224.060621 450.000000 8
225.061110 450.000000 8
226.061599 450.000000 8
227.062088 450.000000 8
229.063066 450.000000 8
230.063554 450.000000 8
231.064043 450.000000 8
232.064532 450.000000 8
233.065021 450.000000 8
235.065999 450.000000 8
236.066488 450.000000 8
237.066977 450.000000 8
238.067465 450.000000 8
239.067954 450.000000 8
240.068443 450.000000 8
241.068932 450.000000 8
242.069421 450.000000 8
243.069910 450.000000 8
244.070399 450.000000 8
245.070888 450.000000 8
246.071377 450.000000 8
248.072354 450.000000 8
249.072843 450.000000 8
250.073332 450.000000 8
251.073821 450.000000 8
252.074310 450.000000 8
254.075288 450.000000 8
255.075776 450.000000 8
257.076754 450.000000 8
258.077243 450.000000 8
259.077732 450.000000 8
261.078710 450.000000 8
262.079199 450.000000 8
265.080665 450.000000 8
266.081154 450.000000 8
268.082132 450.000000 8
269.082621 450.000000 8
270.083110 450.000000 8
271.083599 450.000000 8
272.084087 450.000000 8
274.085065 450.000000 8
276.086043 450.000000 8
277.086532 450.000000 8
278.087021 450.000000 8
280.087998 450.000000 8
281.088487 450.000000 8
282.088976 450.000000 8
283.089465 450.000000 8
284.089954 450.000000 8
285.090443 450.000000 8
286.090932 450.000000 8
287.091421 450.000000 8
290.092887 450.000000 8
291.093376 450.000000 8
293.094354 450.000000 8
294.094843 450.000000 8
295.095332 450.000000 8
296.095821 450.000000 8
297.096309 450.000000 8
298.096798 450.000000 8
299.097287 450.000000 8
300.097776 450.000000 8
302.098754 450.000000 8
303.099243 450.000000 8
304.099732 450.000000 8
306.100709 450.000000 8
309.102176 450.000000 8
310.102665 450.000000 8
311.103154 450.000000 8
316.105598 450.000000 8
317.106087 450.000000 8
319.107065 450.000000 8
320.107554 450.000000 8
321.108043 450.000000 8
322.108531 450.000000 8
323.109020 450.000000 8
324.109509 450.000000 8
325.109998 450.000000 8
327.110976 450.000000 8
328.111465 450.000000 8
330.112442 450.000000 8
332.113420 450.000000 8
333.113909 450.000000 8
334.114398 450.000000 8
335.114887 450.000000 8
336.115376 450.000000 8
337.115865 450.000000 8
340.117331 450.000000 8
342.118309 450.000000 8
343.118798 450.000000 8
344.119287 450.000000 8
347.120753 450.000000 8
348.121242 450.000000 8
349.121731 450.000000 8
350.122220 450.000000 8
351.122709 450.000000 8
352.123198 450.000000 8
353.123687 450.000000 8
354.124176 450.000000 8
355.124664 450.000000 8
356.125153 450.000000 8
357.125642 450.000000 8
358.126131 450.000000 8
359.126620 450.000000 8
362.128087 450.000000 8
363.128575 450.000000 8
364.129064 450.000000 8
365.129553 450.000000 8
366.130042 450.000000 8
368.131020 450.000000 8
369.131509 450.000000 8
370.131998 450.000000 8
371.132487 450.000000 8
371.633516 449.132192 7
372.134545 448.264383 7
372.635575 447.396575 7
373.637634 445.660958 7
375.140722 443.057532 7
376.142781 441.321915 7
377.144840 439.586298 7
378.647928 436.982873 7
379.649987 435.247256 7
380.652046 433.511639 7
382.155134 430.908214 7
382.656164 430.040405 7
383.658223 428.304788 7
385.161311 425.701363 7
385.662341 424.833555 7
386.163370 423.965746 7
386.664399 423.097938 7
387.666458 421.362321 7
388.167488 420.494512 7
388.668517 419.626704 7
389.169547 418.758895 7
389.670576 417.891087 7
391.173665 415.287661 7
391.674694 414.419853 7
392.175723 413.552045 7
392.676753 412.684236 7
395.682930 407.477385 7
396.684988 405.741768 7
397.186018 404.873960 7
397.687047 404.006151 7
399.691165 400.534918 7
400.693224 398.799301 7
401.695283 397.063684 7
402.196312 396.195875 7
402.697342 395.328067 7
403.198371 394.460258 7
404.200430 392.724641 7
404.701460 391.856833 7
406.705577 388.385599 7
407.206607 387.517791 7
407.707636 386.649982 7
408.208666 385.782174 7
408.709695 384.914365 7
409.711754 383.178748 7
410.713813 381.443131 7
411.214842 380.575323 7
411.715872 379.707515 7
412.216901 378.839706 7
414.722049 374.500664 7
415.223078 373.632855 7
416.726166 371.029430 7
417.728225 369.293813 7
418.730284 367.558196 7
419.231314 366.690388 7
419.732343 365.822579 7
420.233373 364.954771 7
420.734402 364.086962 7
421.235431 363.219154 7
421.736461 362.351345 7
422.237490 361.483537 7
423.740579 358.880111 7
424.742638 357.144495 7
425.243667 356.276686 7
425.744697 355.408878 7
426.245726 354.541069 7
426.746755 353.673261 7
427.247785 352.805452 7
428.249844 351.069835 7
428.750873 350.202027 7
429.752932 348.466410 7
430.253962 347.598601 7
430.754991 346.730793 7
431.256020 345.862984 7
431.757050 344.995176 7
432.759109 343.259559 7
433.260138 342.391751 7
433.761168 341.523942 7
434.763227 339.788325 7
435.765286 338.052708 7
436.266315 337.184900 7
437.268374 335.449283 7
437.769403 334.581474 7
438.270433 333.713666 7
439.272492 331.978049 7
439.773521 331.110241 7
440.274551 330.242432 7
440.775580 329.374624 7
442.278668 326.771198 7
443.280727 325.035581 7
443.781757 324.167773 7
444.282786 323.299964 7
444.783816 322.432156 7
445.284845 321.564348 7
445.785875 320.696539 7
446.286904 319.828731 7
447.288963 318.093114 7
448.291022 316.357497 7
448.792051 315.489688 7
449.293081 314.621880 7
451.297198 311.150646 7
451.798228 310.282838 7
452.800287 308.547221 7
453.301316 307.679412 7
454.804405 305.075987 7
455.305434 304.208178 7
455.806464 303.340370 7
456.307493 302.472561 7
458.311611 299.001328 7
458.812640 298.133519 7
460.315729 295.530094 7
460.816758 294.662285 7
461.317787 293.794477 7
461.818817 292.926668 7
462.319846 292.058860 7
463.822935 289.455434 7
464.323964 288.587626 7
464.824994 287.719818 7
465.326023 286.852009 7
465.827052 285.984201 7
466.328082 285.116392 7
467.831170 282.512967 7
468.332200 281.645158 7
469.835288 279.041733 7
470.336318 278.173924 7
470.837347 277.306116 7
471.338376 276.438307 7
471.839406 275.570499 7
472.340435 274.702691 7
472.841465 273.834882 7
473.843524 272.099265 7
475.847641 268.628031 7
476.348671 267.760223 7
476.849700 266.892414 7
477.851759 265.156797 7
478.352789 264.288989 7
479.354848 262.553372 7
479.855877 261.685564 7
480.356907 260.817755 7
480.857936 259.949947 7
481.358965 259.082138 7
481.859995 258.214330 7
482.361024 257.346521 7
483.363083 255.610904 7
484.365142 253.875287 7
485.367201 252.139671 7
485.868230 251.271862 7
486.369260 250.404054 7
486.870289 249.536245 7
487.371319 248.668437 7
488.373378 246.932820 7
488.874407 246.065011 7
489.375437 245.197203 7
490.878525 242.593777 7
491.379554 241.725969 7
491.880584 240.858161 7
492.381613 239.990352 7
492.882643 239.122544 7
493.884702 237.386927 7
494.385731 236.519118 7
494.886761 235.651310 7
495.387790 234.783501 7
496.389849 233.047884 7
496.890878 232.180076 7
497.892937 230.444459 7
498.393967 229.576651 7
498.894996 228.708842 7
499.897055 226.973225 7
500.398085 226.105417 7
501.400143 224.369800 7
502.402202 222.634183 7
503.404261 220.898566 7
504.406320 219.162949 7
504.907350 218.295140 7
505.408379 217.427332 7
505.909408 216.559524 7
506.410438 215.691715 7
506.911467 214.823907 7
507.412497 213.956098 7
507.913526 213.088290 7
508.414556 212.220481 7
508.915585 211.352673 7
510.418673 208.749247 7
511.420732 207.013630 7
512.923821 204.410205 7
514.426909 201.806780 7
514.927939 200.938971 7
516.431027 198.335546 7
516.932056 197.467737 7
518.435145 194.864312 7
519.437204 193.128695 7
521.441321 189.657461 7
522.944410 187.054036 7
523.445439 186.186227 7
523.946469 185.318419 7
524.447498 184.450610 7
525.449557 182.714994 7
525.950586 181.847185 7
526.451616 180.979377 7
527.954704 178.375951 7
528.956763 176.640334 7
529.457793 175.772526 7
529.958822 174.904717 7
530.459851 174.036909 7
530.960881 173.169100 7
531.461910 172.301292 7
531.962940 171.433484 7
532.463969 170.565675 7
532.964999 169.697867 7
533.466028 168.830058 7
533.967058 167.962250 7
534.468087 167.094441 7
535.470146 165.358824 7
535.971175 164.491016 7
536.973234 162.755399 7
537.975293 161.019782 7
538.977352 159.284165 7
539.979411 157.548548 7
540.480440 156.680740 7
540.981470 155.812931 7
541.482499 154.945123 7
543.486617 151.473889 7
543.987647 150.606080 7
544.488676 149.738272 7
544.989706 148.870463 7
545.991764 147.134847 7
547.494853 144.531421 7
550.000000 140.192379 7
550.000000 140.192379 6
551.002059 141.927996 6
552.004118 143.663613 6
552.505147 144.531421 6
553.006177 145.399230 6
555.511324 149.738272 6
556.012353 150.606080 6
557.014412 152.341697 6
557.515442 153.209506 6
558.016471 154.077314 6
558.517501 154.945123 6
559.018530 155.812931 6
559.519560 156.680740 6
560.521618 158.416357 6
561.022648 159.284165 6
561.523677 160.151974 6
562.024707 161.019782 6
563.026766 162.755399 6
563.527795 163.623207 6
567.035001 169.697867 6
567.536031 170.565675 6
568.037060 171.433484 6
569.039119 173.169100 6
569.540149 174.036909 6
570.041178 174.904717 6
570.542207 175.772526 6
571.043237 176.640334 6
571.544266 177.508143 6
572.045296 178.375951 6
574.049414 181.847185 6
575.051472 183.582802 6
576.053531 185.318419 6
576.554561 186.186227 6
578.057649 188.789653 6
578.558679 189.657461 6
579.560738 191.393078 6
580.061767 192.260887 6
580.562796 193.128695 6
582.566914 196.599929 6
584.070003 199.203354 6
584.571032 200.071163 6
585.072061 200.938971 6
586.074120 202.674588 6
588.078238 206.145822 6
588.579268 207.013630 6
589.080297 207.881439 6
589.581327 208.749247 6
590.082356 209.617056 6
591.084415 211.352673 6
591.585444 212.220481 6
592.086474 213.088290 6
592.587503 213.956098 6
593.088533 214.823907 6
594.090592 216.559524 6
595.593680 219.162949 6
596.595739 220.898566 6
599.100886 225.237608 6
600.102945 226.973225 6
600.603974 227.841034 6
601.606033 229.576651 6
603.109122 232.180076 6
603.610151 233.047884 6
604.111181 233.915693 6
604.612210 234.783501 6
605.113239 235.651310 6
605.614269 236.519118 6
606.616328 238.254735 6
607.117357 239.122544 6
608.119416 240.858161 6
608.620446 241.725969 6
609.121475 242.593777 6
609.622504 243.461586 6
611.125593 246.065011 6
611.626622 246.932820 6
613.129711 249.536245 6
613.630740 250.404054 6
614.131770 251.271862 6
615.634858 253.875287 6
618.140005 258.214330 6
618.641035 259.082138 6
619.643093 260.817755 6
620.144123 261.685564 6
620.645152 262.553372 6
621.647211 264.288989 6
622.148241 265.156797 6
622.649270 266.024606 6
623.150300 266.892414 6
624.152359 268.628031 6
625.154417 270.363648 6
625.655447 271.231457 6
626.156476 272.099265 6
627.158535 273.834882 6
627.659565 274.702691 6
628.160594 275.570499 6
628.661624 276.438307 6
630.164712 279.041733 6
630.665741 279.909541 6
631.166771 280.777350 6
632.168830 282.512967 6
632.669859 283.380775 6
633.671918 285.116392 6
634.673977 286.852009 6
635.175006 287.719818 6
636.177065 289.455434 6
636.678095 290.323243 6
637.179124 291.191051 6
637.680154 292.058860 6
638.682213 293.794477 6
640.185301 296.397902 6
640.686330 297.265711 6
641.187360 298.133519 6
641.688389 299.001328 6
642.690448 300.736944 6
644.193536 303.340370 6
644.694566 304.208178 6
645.696625 305.943795 6
646.197654 306.811604 6
646.698684 307.679412 6
647.199713 308.547221 6
647.700743 309.415029 6
648.702802 311.150646 6
649.203831 312.018454 6
650.706919 314.621880 6
651.708978 316.357497 6
652.711037 318.093114 6
653.212067 318.960922 6
654.214125 320.696539 6
654.715155 321.564348 6
656.719273 325.035581 6
657.220302 325.903390 6
657.721332 326.771198 6
658.723391 328.506815 6
659.725449 330.242432 6
660.226479 331.110241 6
661.228538 332.845858 6
662.230597 334.581474 6
663.232656 336.317091 6
663.733685 337.184900 6
665.236773 339.788325 6
666.238832 341.523942 6
667.240891 343.259559 6
667.741921 344.127368 6
669.245009 346.730793 6
669.746038 347.598601 6
670.247068 348.466410 6
671.249127 350.202027 6
671.750156 351.069835 6
673.253245 353.673261 6
673.754274 354.541069 6
674.255303 355.408878 6
674.756333 356.276686 6
675.257362 357.144495 6
675.758392 358.012303 6
676.760451 359.747920 6
677.261480 360.615728 6
677.762510 361.483537 6
678.263539 362.351345 6
678.764569 363.219154 6
679.265598 364.086962 6
679.766627 364.954771 6
680.267657 365.822579 6
681.269716 367.558196 6
681.770745 368.426005 6
682.271775 369.293813 6
682.772804 370.161621 6
683.273834 371.029430 6
684.776922 373.632855 6
685.778981 375.368472 6
686.781040 377.104089 6
687.282069 377.971898 6
687.783099 378.839706 6
688.284128 379.707515 6
689.286187 381.443131 6
689.787216 382.310940 6
690.288246 383.178748 6
690.789275 384.046557 6
691.290305 384.914365 6
692.292364 386.649982 6
693.795452 389.253408 6
694.797511 390.989025 6
695.298540 391.856833 6
695.799570 392.724641 6
696.300599 393.592450 6
698.304717 397.063684 6
698.805746 397.931492 6
700.308835 400.534918 6
700.809864 401.402726 6
701.310894 402.270535 6
701.811923 403.138343 6
702.813982 404.873960 6
703.816041 406.609577 6
704.818100 408.345194 6
705.319129 409.213002 6
705.820159 410.080811 6
706.321188 410.948619 6
707.323247 412.684236 6
707.824277 413.552045 6
708.325306 414.419853 6
708.826335 415.287661 6
711.832512 420.494512 6
712.834571 422.230129 6
713.335601 423.097938 6
713.836630 423.965746 6
714.337659 424.833555 6
714.838689 425.701363 6
715.339718 426.569172 6
716.341777 428.304788 6
716.842807 429.172597 6
717.343836 430.040405 6
718.345895 431.776022 6
718.846924 432.643831 6
719.848983 434.379448 6
720.350013 435.247256 6
721.853101 437.850682 6
722.354131 438.718490 6
722.855160 439.586298 6
724.358248 442.189724 6
724.859278 443.057532 6
725.360307 443.925341 6
725.861337 444.793149 6
726.863396 446.528766 6
728.867513 450.000000 6
728.867513 450.000000 5
731.868980 450.000000 5
732.869469 450.000000 5
733.869958 450.000000 5
734.870447 450.000000 5
735.870936 450.000000 5
737.871913 450.000000 5
738.872402 450.000000 5
740.873380 450.000000 5
743.874847 450.000000 5
744.875336 450.000000 5
746.876313 450.000000 5
747.876802 450.000000 5
748.877291 450.000000 5
750.878269 450.000000 5
753.879735 450.000000 5
754.880224 450.000000 5
755.880713 450.000000 5
756.881202 450.000000 5
759.882669 450.000000 5
761.883647 450.000000 5
763.884624 450.000000 5
764.885113 450.000000 5
765.885602 450.000000 5
766.886091 450.000000 5
767.886580 450.000000 5
768.887069 450.000000 5
769.887558 450.000000 5
771.888535 450.000000 5
772.889024 450.000000 5
773.889513 450.000000 5
774.890002 450.000000 5
775.890491 450.000000 5
777.891469 450.000000 5
778.891957 450.000000 5
779.892446 450.000000 5
780.892935 450.000000 5
781.893424 450.000000 5
782.893913 450.000000 5
783.894402 450.000000 5
785.895380 450.000000 5
786.895869 450.000000 5
787.896357 450.000000 5
788.896846 450.000000 5
789.897335 450.000000 5
790.897824 450.000000 5
791.898313 450.000000 5
792.898802 450.000000 5
793.899291 450.000000 5
795.900268 450.000000 5
796.900757 450.000000 5
797.901246 450.000000 5
798.901735 450.000000 5
799.902224 450.000000 5
800.902713 450.000000 5
801.903202 450.000000 5
802.903691 450.000000 5
803.904179 450.000000 5
804.904668 450.000000 5
806.905646 450.000000 5
807.906135 450.000000 5
808.906624 450.000000 5
810.907602 450.000000 5
811.908091 450.000000 5
812.908579 450.000000 5
813.909068 450.000000 5
814.909557 450.000000 5
815.910046 450.000000 5
816.910535 450.000000 5
817.911024 450.000000 5
818.911513 450.000000 5
820.912490 450.000000 5
821.912979 450.000000 5
822.913468 450.000000 5
823.913957 450.000000 5
824.914446 450.000000 5
825.914935 450.000000 5
827.915913 450.000000 5
828.916401 450.000000 5
829.916890 450.000000 5
830.917379 450.000000 5
831.917868 450.000000 5
834.919335 450.000000 5
835.919824 450.000000 5
839.921779 450.000000 5
840.922268 450.000000 5
841.922757 450.000000 5
843.923735 450.000000 5
844.924224 450.000000 5
845.924712 450.000000 5
846.925201 450.000000 5
847.925690 450.000000 5
849.926668 450.000000 5
850.927157 450.000000 5
851.927646 450.000000 5
852.928135 450.000000 5
853.928623 450.000000 5
854.929112 450.000000 5
856.930090 450.000000 5
857.930579 450.000000 5
858.931068 450.000000 5
861.932535 450.000000 5
862.933023 450.000000 5
863.933512 450.000000 5
864.934001 450.000000 5
865.934490 450.000000 5
866.934979 450.000000 5
867.935468 450.000000 5
868.935957 450.000000 5
869.936446 450.000000 5
870.936934 450.000000 5
871.937423 450.000000 5
873.938401 450.000000 5
874.938890 450.000000 5
875.939379 450.000000 5
876.939868 450.000000 5
878.940845 450.000000 5
879.941334 450.000000 5
880.941823 450.000000 5
881.942312 450.000000 5
883.943290 450.000000 5
884.943779 450.000000 5
885.944268 450.000000 5
886.944757 450.000000 5
888.945734 450.000000 5
889.946223 450.000000 5
892.947690 450.000000 5
894.948668 450.000000 5
895.949156 450.000000 5
896.949645 450.000000 5
897.950134 450.000000 5
899.951112 450.000000 5
900.951601 450.000000 5
901.952090 450.000000 5
902.952579 450.000000 5
903.953067 450.000000 5
904.953556 450.000000 5
905.954045 450.000000 5
906.954534 450.000000 5
907.955023 450.000000 5
908.955512 450.000000 5
909.956001 450.000000 5
910.956490 450.000000 5
912.957467 450.000000 5
913.957956 450.000000 5
914.958445 450.000000 5
915.958934 450.000000 5
916.959423 450.000000 5
917.959912 450.000000 5
918.960401 450.000000 5
919.960890 450.000000 5
920.961378 450.000000 5
921.961867 450.000000 5
922.962356 450.000000 5
923.962845 450.000000 5
924.963334 450.000000 5
925.963823 450.000000 5
926.964312 450.000000 5
927.964801 450.000000 5
928.965290 450.000000 5
930.966267 450.000000 5
931.966756 450.000000 5
932.967245 450.000000 5
933.967734 450.000000 5
934.968223 450.000000 5
935.968712 450.000000 5
937.969689 450.000000 5
938.970178 450.000000 5
939.970667 450.000000 5
940.971156 450.000000 5
943.972623 450.000000 5
944.973112 450.000000 5
946.974089 450.000000 5
947.974578 450.000000 5
948.975067 450.000000 5
949.975556 450.000000 5
950.976045 450.000000 5
951.976534 450.000000 5
952.977023 450.000000 5
954.978000 450.000000 5
955.978489 450.000000 5
956.978978 450.000000 5
958.979956 450.000000 5
959.980445 450.000000 5
960.980934 450.000000 5
963.982400 450.000000 5
965.983378 450.000000 5
966.983867 450.000000 5
967.984356 450.000000 5
970.985822 450.000000 5
971.986311 450.000000 5
972.986800 450.000000 5
973.987289 450.000000 5
974.987778 450.000000 5
976.988756 450.000000 5
977.989245 450.000000 5
979.990222 450.000000 5
980.990711 450.000000 5
981.991200 450.000000 5
982.991689 450.000000 5
983.992178 450.000000 5
984.992667 450.000000 5
985.993156 450.000000 5
986.993645 450.000000 5
987.994133 450.000000 5
990.995600 450.000000 5
991.996089 450.000000 5
992.996578 450.000000 5
993.997067 450.000000 5
994.997556 450.000000 5
995.998044 450.000000 5
996.998533 450.000000 5
997.999022 450.000000 5
998.999511 450.000000 5
1000.000000 450.000000 5
1000.000000 450.000000 4
1000.000000 451.000000 4
1000.000000 452.000000 4
1000.000000 453.000000 4
1000.000000 454.000000 4
1000.000000 455.000000 4
1000.000000 456.000000 4
1000.000000 457.000000 4
1000.000000 458.000000 4
1000.000000 459.000000 4
1000.000000 460.000000 4
1000.000000 461.000000 4
1000.000000 462.000000 4
1000.000000 463.000000 4
1000.000000 464.000000 4
1000.000000 465.000000 4
1000.000000 466.000000 4
1000.000000 467.000000 4
1000.000000 468.000000 4
1000.000000 469.000000 4
1000.000000 470.000000 4
1000.000000 471.000000 4
1000.000000 472.000000 4
1000.000000 473.000000 4
1000.000000 474.000000 4
1000.000000 475.000000 4
1000.000000 476.000000 4
1000.000000 477.000000 4
1000.000000 478.000000 4
1000.000000 479.000000 4
1000.000000 480.000000 4
1000.000000 481.000000 4
1000.000000 482.000000 4
1000.000000 483.000000 4
1000.000000 484.000000 4
1000.000000 485.000000 4
1000.000000 486.000000 4
1000.000000 487.000000 4
1000.000000 488.000000 4
1000.000000 489.000000 4
1000.000000 490.000000 4
1000.000000 491.000000 4
1000.000000 492.000000 4
1000.000000 493.000000 4
1000.000000 494.000000 4
1000.000000 495.000000 4
1000.000000 496.000000 4
1000.000000 497.000000 4
1000.000000 498.000000 4
1000.000000 499.000000 4
1000.000000 500.000000 4
1000.000000 501.000000 4
1000.000000 502.000000 4
1000.000000 503.000000 4
1000.000000 504.000000 4
1000.000000 505.000000 4
1000.000000 506.000000 4
1000.000000 507.000000 4
1000.000000 508.000000 4
1000.000000 509.000000 4
1000.000000 510.000000 4
1000.000000 511.000000 4
1000.000000 512.000000 4
1000.000000 513.000000 4
1000.000000 514.000000 4
1000.000000 515.000000 4
1000.000000 516.000000 4
1000.000000 517.000000 4
1000.000000 518.000000 4
1000.000000 519.000000 4
1000.000000 520.000000 4
1000.000000 521.000000 4
1000.000000 522.000000 4
1000.000000 523.000000 4
1000.000000 524.000000 4
1000.000000 525.000000 4
1000.000000 526.000000 4
1000.000000 527.000000 4
1000.000000 528.000000 4
1000.000000 529.000000 4
1000.000000 530.000000 4
1000.000000 531.000000 4
1000.000000 532.000000 4
1000.000000 533.000000 4
1000.000000 534.000000 4
1000.000000 536.000000 4
1000.000000 537.000000 4
1000.000000 538.000000 4
1000.000000 539.000000 4
1000.000000 541.000000 4
1000.000000 542.000000 4
1000.000000 543.000000 4
1000.000000 544.000000 4
1000.000000 545.000000 4
1000.000000 546.000000 4
1000.000000 547.000000 4
1000.000000 548.000000 4
1000.000000 550.000000 4
998.997355 550.000000 3
996.992065 550.000000 3
995.989421 550.000000 3
994.986776 550.000000 3
993.984131 550.000000 3
992.981486 550.000000 3
991.978841 550.000000 3
989.973551 550.000000 3
988.970907 550.000000 3
985.962972 550.000000 3
984.960327 550.000000 3
981.952393 550.000000 3
980.949748 550.000000 3
973.931234 550.000000 3
972.928589 550.000000 3
971.925944 550.000000 3
969.920654 550.000000 3
967.915365 550.000000 3
966.912720 550.000000 3
964.907430 550.000000 3
963.904785 550.000000 3
961.899495 550.000000 3
960.896851 550.000000 3
959.894206 550.000000 3
956.886271 550.000000 3
954.880981 550.000000 3
953.878337 550.000000 3
952.875692 550.000000 3
951.873047 550.000000 3
950.870402 550.000000 3
948.865112 550.000000 3
947.862467 550.000000 3
945.857178 550.000000 3
943.851888 550.000000 3
942.849243 550.000000 3
940.843953 550.000000 3
939.841309 550.000000 3
935.830729 550.000000 3
934.828084 550.000000 3
933.825439 550.000000 3
932.822795 550.000000 3
931.820150 550.000000 3
928.812215 550.000000 3
927.809570 550.000000 3
925.804280 550.000000 3
924.801636 550.000000 3
923.798991 550.000000 3
922.796346 550.000000 3
917.783122 550.000000 3
916.780477 550.000000 3
913.772542 550.000000 3
910.764608 550.000000 3
904.748738 550.000000 3
903.746094 550.000000 3
902.743449 550.000000 3
900.738159 550.000000 3
897.730224 550.000000 3
895.724935 550.000000 3
894.722290 550.000000 3
893.719645 550.000000 3
892.717000 550.000000 3
891.714355 550.000000 3
889.709066 550.000000 3
887.703776 550.000000 3
885.698486 550.000000 3
884.695841 550.000000 3
883.693196 550.000000 3
882.690552 550.000000 3
880.685262 550.000000 3
879.682617 550.000000 3
878.679972 550.000000 3
876.674682 550.000000 3
875.672038 550.000000 3
874.669393 550.000000 3
873.666748 550.000000 3
872.664103 550.000000 3
870.658813 550.000000 3
869.656168 550.000000 3
868.653524 550.000000 3
866.648234 550.000000 3
864.642944 550.000000 3
863.640299 550.000000 3
862.637654 550.000000 3
861.635010 550.000000 3
859.629720 550.000000 3
857.624430 550.000000 3
856.621785 550.000000 3
855.619140 550.000000 3
854.616496 550.000000 3
852.611206 550.000000 3
851.608561 550.000000 3
850.605916 550.000000 3
849.603271 550.000000 3
847.597982 550.000000 3
844.590047 550.000000 3
843.587402 550.000000 3
840.579468 550.000000 3
839.576823 550.000000 3
838.574178 550.000000 3
837.571533 550.000000 3
836.568888 550.000000 3
832.558309 550.000000 3
831.555664 550.000000 3
830.553019 550.000000 3
829.550374 550.000000 3
828.547729 550.000000 3
827.545084 550.000000 3
826.542440 550.000000 3
825.539795 550.000000 3
824.537150 550.000000 3
823.534505 550.000000 3
822.531860 550.000000 3
821.529215 550.000000 3
820.526570 550.000000 3
819.523926 550.000000 3
818.521281 550.000000 3
817.518636 550.000000 3
816.515991 550.000000 3
815.513346 550.000000 3
814.510701 550.000000 3
811.502767 550.000000 3
809.497477 550.000000 3
808.494832 550.000000 3
807.492187 550.000000 3
805.486898 550.000000 3
804.484253 550.000000 3
803.481608 550.000000 3
802.478963 550.000000 3
801.476318 550.000000 3
799.471028 550.000000 3
798.468384 550.000000 3
795.460449 550.000000 3
794.457804 550.000000 3
792.452514 550.000000 3
790.447225 550.000000 3
789.444580 550.000000 3
788.441935 550.000000 3
787.439290 550.000000 3
786.436645 550.000000 3
785.434000 550.000000 3
783.428711 550.000000 3
782.426066 550.000000 3
780.420776 550.000000 3
779.418131 550.000000 3
778.415486 550.000000 3
777.412841 550.000000 3
775.407552 550.000000 3
774.404907 550.000000 3
773.402262 550.000000 3
772.399617 550.000000 3
771.396972 550.000000 3
770.394327 550.000000 3
767.386393 550.000000 3
766.383748 550.000000 3
765.381103 550.000000 3
764.378458 550.000000 3
763.375813 550.000000 3
762.373169 550.000000 3
761.370524 550.000000 3
759.365234 550.000000 3
758.362589 550.000000 3
757.359944 550.000000 3
756.357299 550.000000 3
755.354655 550.000000 3
754.352010 550.000000 3
753.349365 550.000000 3
751.344075 550.000000 3
750.341430 550.000000 3
749.338785 550.000000 3
746.330851 550.000000 3
744.325561 550.000000 3
743.322916 550.000000 3
742.320271 550.000000 3
741.317627 550.000000 3
740.314982 550.000000 3
739.312337 550.000000 3
738.309692 550.000000 3
737.307047 550.000000 3
736.304402 550.000000 3
734.299113 550.000000 3
731.291178 550.000000 3
728.283243 550.000000 3
726.277954 550.000000 3
724.272664 550.000000 3
723.270019 550.000000 3
722.267374 550.000000 3
721.264729 550.000000 3
720.262085 550.000000 3
719.259440 550.000000 3
713.243571 550.000000 3
711.238281 550.000000 3
710.235636 550.000000 3
707.227701 550.000000 3
706.225057 550.000000 3
704.219767 550.000000 3
703.217122 550.000000 3
702.214477 550.000000 3
699.206543 550.000000 3
698.203898 550.000000 3
697.201253 550.000000 3
696.198608 550.000000 3
694.193318 550.000000 3
693.190673 550.000000 3
692.188029 550.000000 3
691.185384 550.000000 3
690.182739 550.000000 3
685.169515 550.000000 3
684.166870 550.000000 3
683.164225 550.000000 3
682.161580 550.000000 3
681.158935 550.000000 3
680.156290 550.000000 3
679.153645 550.000000 3
678.151001 550.000000 3
673.137776 550.000000 3
671.132487 550.000000 3
671.132487 550.000000 2
670.631939 549.133026 2
669.630844 547.399079 2
669.130297 546.532105 2
668.629749 545.665132 2
667.628654 543.931185 2
667.128107 543.064211 2
666.627559 542.197237 2
666.127012 541.330264 2
665.626464 540.463290 2
665.125917 539.596316 2
664.625369 538.729343 2
664.124822 537.862369 2
663.624275 536.995395 2
662.122632 534.394474 2
661.622085 533.527501 2
660.620990 531.793554 2
660.120442 530.926580 2
659.619895 530.059606 2
659.119347 529.192633 2
658.118252 527.458685 2
657.617705 526.591712 2
657.117158 525.724738 2
656.616610 524.857764 2
656.116063 523.990791 2
655.615515 523.123817 2
655.114968 522.256843 2
654.113873 520.522896 2
653.613325 519.655923 2
653.112778 518.788949 2
652.612230 517.921975 2
652.111683 517.055002 2
651.110588 515.321054 2
650.109493 513.587107 2
649.108398 511.853160 2
648.607851 510.986186 2
647.606756 509.252239 2
647.106208 508.385265 2
646.605661 507.518292 2
645.604566 505.784344 2
645.104018 504.917371 2
644.603471 504.050397 2
643.602376 502.316450 2
643.101828 501.449476 2
642.601281 500.582502 2
642.100734 499.715529 2
641.600186 498.848555 2
641.099639 497.981582 2
640.098544 496.247634 2
639.597996 495.380661 2
638.596901 493.646713 2
638.096354 492.779740 2
637.595806 491.912766 2
637.095259 491.045792 2
636.594711 490.178819 2
636.094164 489.311845 2
635.593617 488.444871 2
635.093069 487.577898 2
634.592522 486.710924 2
633.591427 484.976977 2
633.090879 484.110003 2
632.590332 483.243030 2
632.089784 482.376056 2
631.589237 481.509082 2
631.088689 480.642109 2
630.588142 479.775135 2
630.087594 478.908161 2
629.587047 478.041188 2
629.086499 477.174214 2
628.585952 476.307241 2
628.085405 475.440267 2
627.584857 474.573293 2
627.084310 473.706320 2
626.583762 472.839346 2
626.083215 471.972372 2
625.582667 471.105399 2
624.081025 468.504478 2
623.580477 467.637504 2
623.079930 466.770530 2
622.579382 465.903557 2
621.077740 463.302636 2
620.577193 462.435662 2
620.076645 461.568689 2
619.576098 460.701715 2
618.575003 458.967768 2
618.074455 458.100794 2
617.573908 457.233820 2
617.073360 456.366847 2
616.572813 455.499873 2
616.072265 454.632899 2
615.571718 453.765926 2
615.071170 452.898952 2
614.570623 452.031979 2
614.070076 451.165005 2
613.569528 450.298031 2
613.068981 449.431058 2
612.568433 448.564084 2
612.067886 447.697110 2
611.567338 446.830137 2
611.066791 445.963163 2
609.565148 443.362242 2
609.064601 442.495269 2
608.564053 441.628295 2
608.063506 440.761321 2
607.062411 439.027374 2
606.561864 438.160400 2
606.061316 437.293427 2
604.059126 433.825532 2
603.558579 432.958558 2
602.557484 431.224611 2
602.056936 430.357638 2
601.556389 429.490664 2
601.055841 428.623690 2
600.555294 427.756717 2
600.054747 426.889743 2
599.554199 426.022769 2
599.053652 425.155796 2
598.553104 424.288822 2
598.052557 423.421848 2
597.552009 422.554875 2
597.051462 421.687901 2
596.550914 420.820927 2
596.050367 419.953954 2
595.549819 419.086980 2
595.049272 418.220007 2
594.548724 417.353033 2
593.547629 415.619086 2
592.546535 413.885138 2
592.045987 413.018165 2
591.044892 411.284217 2
589.543250 408.683297 2
589.042702 407.816323 2
588.041607 406.082376 2
587.040512 404.348428 2
586.539965 403.481455 2
586.039417 402.614481 2
585.538870 401.747507 2
585.038323 400.880534 2
584.537775 400.013560 2
584.037228 399.146586 2
583.536680 398.279613 2
583.036133 397.412639 2
582.535585 396.545666 2
582.035038 395.678692 2
581.534490 394.811718 2
581.033943 393.944745 2
580.032848 392.210797 2
579.532300 391.343824 2
578.531206 389.609876 2
578.030658 388.742903 2
577.530111 387.875929 2
577.029563 387.008955 2
576.529016 386.141982 2
575.027373 383.541061 2
574.526826 382.674087 2
574.026278 381.807114 2
573.025183 380.073166 2
572.524636 379.206193 2
571.022994 376.605272 2
570.522446 375.738298 2
569.521351 374.004351 2
569.020804 373.137377 2
568.520256 372.270404 2
567.018614 369.669483 2
566.017519 367.935535 2
565.516971 367.068562 2
565.016424 366.201588 2
564.015329 364.467641 2
563.514782 363.600667 2
563.014234 362.733694 2
562.513687 361.866720 2
562.013139 360.999746 2
561.512592 360.132773 2
561.012044 359.265799 2
560.511497 358.398825 2
560.010949 357.531852 2
559.510402 356.664878 2
559.009854 355.797904 2
558.509307 354.930931 2
558.008759 354.063957 2
557.508212 353.196983 2
557.007665 352.330010 2
556.507117 351.463036 2
556.006570 350.596063 2
555.005475 348.862115 2
554.504927 347.995142 2
554.004380 347.128168 2
553.503832 346.261194 2
553.003285 345.394221 2
552.502737 344.527247 2
552.002190 343.660273 2
551.001095 341.926326 2
550.500547 341.059353 2
550.000000 340.192379 1
549.499453 341.059353 1
548.998905 341.926326 1
548.498358 342.793300 1
547.497263 344.527247 1
546.996715 345.394221 1
546.496168 346.261194 1
545.995620 347.128168 1
544.994525 348.862115 1
544.493978 349.729089 1
543.993430 350.596063 1
543.492883 351.463036 1
542.992335 352.330010 1
542.491788 353.196983 1
541.991241 354.063957 1
541.490693 354.930931 1
540.489598 356.664878 1
539.989051 357.531852 1
539.488503 358.398825 1
538.987956 359.265799 1
538.487408 360.132773 1
537.986861 360.999746 1
536.985766 362.733694 1
535.484124 365.334614 1
534.983576 366.201588 1
534.483029 367.068562 1
533.982481 367.935535 1
533.481934 368.802509 1
532.480839 370.536456 1
531.980291 371.403430 1
531.479744 372.270404 1
530.979196 373.137377 1
530.478649 374.004351 1
529.978101 374.871325 1
529.477554 375.738298 1
528.977006 376.605272 1
528.476459 377.472245 1
527.475364 379.206193 1
526.474269 380.940140 1
525.973722 381.807114 1
525.473174 382.674087 1
524.972627 383.541061 1
523.971532 385.275008 1
523.470984 386.141982 1
522.970437 387.008955 1
522.469889 387.875929 1
521.969342 388.742903 1
521.468794 389.609876 1
520.467700 391.343824 1
519.466605 393.077771 1
518.966057 393.944745 1
517.464415 396.545666 1
516.463320 398.279613 1
515.962772 399.146586 1
514.961677 400.880534 1
514.461130 401.747507 1
513.960583 402.614481 1
512.458940 405.215402 1
511.958393 406.082376 1
511.457845 406.949349 1
510.957298 407.816323 1
510.456750 408.683297 1
509.956203 409.550270 1
509.455655 410.417244 1
508.955108 411.284217 1
508.454560 412.151191 1
507.954013 413.018165 1
507.453465 413.885138 1
506.952918 414.752112 1
506.452371 415.619086 1
505.951823 416.486059 1
505.451276 417.353033 1
504.950728 418.220007 1
504.450181 419.086980 1
503.949633 419.953954 1
503.449086 420.820927 1
502.447991 422.554875 1
501.947443 423.421848 1
501.446896 424.288822 1
500.445801 426.022769 1
499.945253 426.889743 1
499.444706 427.756717 1
497.943064 430.357638 1
495.440326 434.692506 1
494.939779 435.559479 1
493.438136 438.160400 1
492.937589 439.027374 1
492.437042 439.894348 1
490.434852 443.362242 1
489.433757 445.096189 1
488.432662 446.830137 1
487.932114 447.697110 1
487.431567 448.564084 1
486.931019 449.431058 1
486.430472 450.298031 1
485.429377 452.031979 1
484.928830 452.898952 1
483.927735 454.632899 1
483.427187 455.499873 1
482.926640 456.366847 1
482.426092 457.233820 1
481.424997 458.967768 1
479.923355 461.568689 1
478.922260 463.302636 1
478.421712 464.169610 1
477.921165 465.036583 1
476.920070 466.770530 1
476.419523 467.637504 1
475.918975 468.504478 1
475.418428 469.371451 1
474.917880 470.238425 1
474.417333 471.105399 1
472.915690 473.706320 1
471.914595 475.440267 1
471.414048 476.307241 1
470.913501 477.174214 1
470.412953 478.041188 1
469.912406 478.908161 1
468.911311 480.642109 1
468.410763 481.509082 1
467.910216 482.376056 1
467.409668 483.243030 1
466.909121 484.110003 1
466.408573 484.976977 1
465.908026 485.843951 1
464.906931 487.577898 1
463.905836 489.311845 1
463.405289 490.178819 1
462.904741 491.045792 1
462.404194 491.912766 1
461.903646 492.779740 1
461.403099 493.646713 1
460.902551 494.513687 1
459.400909 497.114608 1
458.900361 497.981582 1
457.899266 499.715529 1
457.398719 500.582502 1
456.898172 501.449476 1
456.397624 502.316450 1
455.897077 503.183423 1
455.396529 504.050397 1
454.395434 505.784344 1
453.894887 506.651318 1
453.394339 507.518292 1
452.893792 508.385265 1
452.393244 509.252239 1
451.892697 510.119213 1
451.392149 510.986186 1
450.391054 512.720133 1
449.389960 514.454081 1
448.889412 515.321054 1
447.888317 517.055002 1
447.387770 517.921975 1
446.887222 518.788949 1
445.886127 520.522896 1
445.385580 521.389870 1
444.885032 522.256843 1
444.384485 523.123817 1
443.883937 523.990791 1
443.383390 524.857764 1
442.882842 525.724738 1
442.382295 526.591712 1
441.881748 527.458685 1
441.381200 528.325659 1
440.880653 529.192633 1
440.380105 530.059606 1
439.879558 530.926580 1
439.379010 531.793554 1
438.878463 532.660527 1
438.377915 533.527501 1
436.876273 536.128422 1
435.875178 537.862369 1
435.374631 538.729343 1
434.874083 539.596316 1
434.373536 540.463290 1
433.872988 541.330264 1
432.871893 543.064211 1
432.371346 543.931185 1
431.370251 545.665132 1
429.868608 548.266053 1
428.867513 550.000000 1
428.867513 550.000000 0
426.862224 550.000000 0
425.859579 550.000000 0
424.856934 550.000000 0
423.854289 550.000000 0
422.851644 550.000000 0
421.848999 550.000000 0
420.846355 550.000000 0
419.843710 550.000000 0
417.838420 550.000000 0
415.833130 550.000000 0
413.827841 550.000000 0
412.825196 550.000000 0
411.822551 550.000000 0
410.819906 550.000000 0
409.817261 550.000000 0
408.814616 550.000000 0
406.809327 550.000000 0
405.806682 550.000000 0
404.804037 550.000000 0
403.801392 550.000000 0
402.798747 550.000000 0
401.796102 550.000000 0
400.793457 550.000000 0
399.790813 550.000000 0
397.785523 550.000000 0
396.782878 550.000000 0
395.780233 550.000000 0
392.772299 550.000000 0
391.769654 550.000000 0
390.767009 550.000000 0
388.761719 550.000000 0
387.759074 550.000000 0
386.756429 550.000000 0
385.753785 550.000000 0
384.751140 550.000000 0
381.743205 550.000000 0
380.740560 550.000000 0
379.737915 550.000000 0
378.735271 550.000000 0
377.732626 550.000000 0
376.729981 550.000000 0
375.727336 550.000000 0
373.722046 550.000000 0
372.719401 550.000000 0
371.716757 550.000000 0
370.714112 550.000000 0
369.711467 550.000000 0
368.708822 550.000000 0
367.706177 550.000000 0
364.698243 550.000000 0
363.695598 550.000000 0
360.687663 550.000000 0
357.679729 550.000000 0
356.677084 550.000000 0
354.671794 550.000000 0
353.669149 550.000000 0
352.666504 550.000000 0
351.663859 550.000000 0
349.658570 550.000000 0
347.653280 550.000000 0
345.647990 550.000000 0
344.645345 550.000000 0
343.642701 550.000000 0
342.640056 550.000000 0
341.637411 550.000000 0
340.634766 550.000000 0
339.632121 550.000000 0
338.629476 550.000000 0
337.626831 550.000000 0
336.624187 550.000000 0
335.621542 550.000000 0
334.618897 550.000000 0
333.616252 550.000000 0
331.610962 550.000000 0
330.608317 550.000000 0
329.605673 550.000000 0
328.603028 550.000000 0
326.597738 550.000000 0
324.592448 550.000000 0
323.589803 550.000000 0
322.587159 550.000000 0
321.584514 550.000000 0
320.581869 550.000000 0
318.576579 550.000000 0
317.573934 550.000000 0
316.571289 550.000000 0
315.568644 550.000000 0
313.563355 550.000000 0
312.560710 550.000000 0
311.558065 550.000000 0
310.555420 550.000000 0
309.552775 550.000000 0
308.550130 550.000000 0
307.547486 550.000000 0
306.544841 550.000000 0
305.542196 550.000000 0
303.536906 550.000000 0
302.534261 550.000000 0
301.531616 550.000000 0
300.528972 550.000000 0
299.526327 550.000000 0
298.523682 550.000000 0
297.521037 550.000000 0
296.518392 550.000000 0
294.513102 550.000000 0
292.507813 550.000000 0
290.502523 550.000000 0
288.497233 550.000000 0
286.491944 550.000000 0
284.486654 550.000000 0
283.484009 550.000000 0
281.478719 550.000000 0
280.476074 550.000000 0
279.473430 550.000000 0
278.470785 550.000000 0
275.462850 550.000000 0
274.460205 550.000000 0
270.449626 550.000000 0
269.446981 550.000000 0
268.444336 550.000000 0
266.439046 550.000000 0
264.433757 550.000000 0
262.428467 550.000000 0
261.425822 550.000000 0
259.420532 550.000000 0
258.417888 550.000000 0
257.415243 550.000000 0
256.412598 550.000000 0
255.409953 550.000000 0
254.407308 550.000000 0
253.404663 550.000000 0
252.402018 550.000000 0
251.399374 550.000000 0
250.396729 550.000000 0
246.386149 550.000000 0
242.375570 550.000000 0
240.370280 550.000000 0
239.367635 550.000000 0
237.362346 550.000000 0
236.359701 550.000000 0
235.357056 550.000000 0
234.354411 550.000000 0
233.351766 550.000000 0
231.346476 550.000000 0
230.343832 550.000000 0
228.338542 550.000000 0
227.335897 550.000000 0
225.330607 550.000000 0
222.322673 550.000000 0
220.317383 550.000000 0
218.312093 550.000000 0
217.309448 550.000000 0
216.306804 550.000000 0
215.304159 550.000000 0
214.301514 550.000000 0
213.298869 550.000000 0
212.296224 550.000000 0
211.293579 550.000000 0
210.290934 550.000000 0
208.285645 550.000000 0
207.283000 550.000000 0
205.277710 550.000000 0
204.275065 550.000000 0
203.272420 550.000000 0
202.269776 550.000000 0
201.267131 550.000000 0
200.264486 550.000000 0
199.261841 550.000000 0
198.259196 550.000000 0
197.256551 550.000000 0
194.248617 550.000000 0
192.243327 550.000000 0
191.240682 550.000000 0
190.238037 550.000000 0
188.232748 550.000000 0
187.230103 550.000000 0
186.227458 550.000000 0
184.222168 550.000000 0
183.219523 550.000000 0
182.216878 550.000000 0
181.214234 550.000000 0
180.211589 550.000000 0
179.208944 550.000000 0
176.201009 550.000000 0
175.198364 550.000000 0
172.190430 550.000000 0
171.187785 550.000000 0
170.185140 550.000000 0
168.179850 550.000000 0
165.171916 550.000000 0
164.169271 550.000000 0
162.163981 550.000000 0
161.161336 550.000000 0
159.156047 550.000000 0
158.153402 550.000000 0
156.148112 550.000000 0
154.142822 550.000000 0
152.137533 550.000000 0
151.134888 550.000000 0
149.129598 550.000000 0
148.126953 550.000000 0
147.124308 550.000000 0
146.121663 550.000000 0
145.119019 550.000000 0
144.116374 550.000000 0
143.113729 550.000000 0
142.111084 550.000000 0
141.108439 550.000000 0
139.103149 550.000000 0
138.100505 550.000000 0
137.097860 550.000000 0
135.092570 550.000000 0
134.089925 550.000000 0
133.087280 550.000000 0
132.084635 550.000000 0
131.081991 550.000000 0
129.076701 550.000000 0
128.074056 550.000000 0
127.071411 550.000000 0
126.068766 550.000000 0
125.066121 550.000000 0
124.063477 550.000000 0
122.058187 550.000000 0
121.055542 550.000000 0
120.052897 550.000000 0
118.047607 550.000000 0
116.042318 550.000000 0
115.039673 550.000000 0
113.034383 550.000000 0
111.029093 550.000000 0
109.023804 550.000000 0
108.021159 550.000000 0
107.018514 550.000000 0
106.015869 550.000000 0
105.013224 550.000000 0
104.010579 550.000000 0
103.007935 550.000000 0
102.005290 550.000000 0
100.000000 550.000000 0
