850
100.000000 450.000000 8
102.000978 450.000000 8
104.001956 450.000000 8
106.002933 450.000000 8
110.004889 450.000000 8
111.005378 450.000000 8
114.006844 450.000000 8
115.007333 450.000000 8
118.008800 450.000000 8
121.010266 450.000000 8
122.010755 450.000000 8
124.011733 450.000000 8
128.013689 450.000000 8
130.014666 450.000000 8
131.015155 450.000000 8
137.018089 450.000000 8
145.022000 450.000000 8
146.022488 450.000000 8
149.023955 450.000000 8
156.027377 450.000000 8
157.027866 450.000000 8
159.028844 450.000000 8
160.029333 450.000000 8
161.029822 450.000000 8
162.030311 450.000000 8
166.032266 450.000000 8
169.033733 450.000000 8
171.034710 450.000000 8
173.035688 450.000000 8
177.037644 450.000000 8
178.038133 450.000000 8
183.040577 450.000000 8
185.041555 450.000000 8
186.042044 450.000000 8
187.042533 450.000000 8
188.043021 450.000000 8
191.044488 450.000000 8
197.047421 450.000000 8
199.048399 450.000000 8
201.049377 450.000000 8
202.049866 450.000000 8
210.053777 450.000000 8
212.054755 450.000000 8
213.055243 450.000000 8
214.055732 450.000000 8
216.056710 450.000000 8
218.057688 450.000000 8
219.058177 450.000000 8
224.060621 450.000000 8
225.061110 450.000000 8
227.062088 450.000000 8
229.063066 450.000000 8
232.064532 450.000000 8
235.065999 450.000000 8
236.066488 450.000000 8
241.068932 450.000000 8
242.069421 450.000000 8
248.072354 450.000000 8
250.073332 450.000000 8
255.075776 450.000000 8
259.077732 450.000000 8
260.078221 450.000000 8
261.078710 450.000000 8
262.079199 450.000000 8
265.080665 450.000000 8
267.081643 450.000000 8
270.083110 450.000000 8
272.084087 450.000000 8
276.086043 450.000000 8
282.088976 450.000000 8
284.089954 450.000000 8
285.090443 450.000000 8
289.092398 450.000000 8
291.093376 450.000000 8
295.095332 450.000000 8
296.095821 450.000000 8
298.096798 450.000000 8
299.097287 450.000000 8
301.098265 450.000000 8
304.099732 450.000000 8
307.101198 450.000000 8
310.102665 450.000000 8
312.103643 450.000000 8
313.104131 450.000000 8
316.105598 450.000000 8
317.106087 450.000000 8
319.107065 450.000000 8
321.108043 450.000000 8
322.108531 450.000000 8
324.109509 450.000000 8
325.109998 450.000000 8
326.110487 450.000000 8
330.112442 450.000000 8
331.112931 450.000000 8
332.113420 450.000000 8
335.114887 450.000000 8
338.116353 450.000000 8
339.116842 450.000000 8
342.118309 450.000000 8
343.118798 450.000000 8
346.120265 450.000000 8
347.120753 450.000000 8
353.123687 450.000000 8
358.126131 450.000000 8
363.128575 450.000000 8
365.129553 450.000000 8
368.131020 450.000000 8
369.131509 450.000000 8
370.131998 450.000000 8
371.633516 449.132192 7
373.136604 446.528766 7
379.649987 435.247256 7
384.660282 426.569172 7
385.161311 425.701363 7
385.662341 424.833555 7
389.670576 417.891087 7
391.173665 415.287661 7
397.186018 404.873960 7
400.693224 398.799301 7
401.194254 397.931492 7
406.705577 388.385599 7
407.206607 387.517791 7
409.711754 383.178748 7
410.212784 382.310940 7
411.214842 380.575323 7
412.216901 378.839706 7
413.218960 377.104089 7
414.722049 374.500664 7
415.724108 372.765047 7
418.229255 368.426005 7
419.231314 366.690388 7
419.732343 365.822579 7
420.233373 364.954771 7
422.738520 360.615728 7
424.742638 357.144495 7
426.245726 354.541069 7
426.746755 353.673261 7
430.754991 346.730793 7
434.262197 340.656134 7
437.769403 334.581474 7
438.771462 332.845858 7
439.272492 331.978049 7
440.274551 330.242432 7
440.775580 329.374624 7
441.276609 328.506815 7
446.286904 319.828731 7
446.787933 318.960922 7
448.792051 315.489688 7
449.293081 314.621880 7
451.297198 311.150646 7
454.303375 305.943795 7
455.806464 303.340370 7
459.814699 296.397902 7
466.328082 285.116392 7
467.330141 283.380775 7
469.835288 279.041733 7
470.336318 278.173924 7
471.338376 276.438307 7
471.839406 275.570499 7
475.847641 268.628031 7
476.348671 267.760223 7
477.851759 265.156797 7
480.356907 260.817755 7
481.358965 259.082138 7
485.367201 252.139671 7
488.373378 246.932820 7
488.874407 246.065011 7
492.381613 239.990352 7
493.884702 237.386927 7
494.886761 235.651310 7
495.888819 233.915693 7
496.890878 232.180076 7
498.894996 228.708842 7
502.903232 221.766374 7
503.404261 220.898566 7
506.911467 214.823907 7
507.412497 213.956098 7
508.915585 211.352673 7
512.923821 204.410205 7
513.925880 202.674588 7
517.934115 195.732120 7
519.437204 193.128695 7
520.940292 190.525270 7
523.445439 186.186227 7
523.946469 185.318419 7
524.948528 183.582802 7
528.455734 177.508143 7
530.459851 174.036909 7
534.969117 166.226633 7
538.476323 160.151974 7
543.486617 151.473889 7
543.987647 150.606080 7
545.991764 147.134847 7
547.995882 143.663613 7
551.002059 141.927996 6
551.503088 142.795804 6
553.006177 145.399230 6
554.509265 148.002655 6
558.016471 154.077314 6
560.521618 158.416357 6
563.527795 163.623207 6
564.028825 164.491016 6
565.030883 166.226633 6
566.533972 168.830058 6
569.039119 173.169100 6
571.544266 177.508143 6
573.047355 180.111568 6
574.049414 181.847185 6
576.053531 185.318419 6
576.554561 186.186227 6
577.055590 187.054036 6
578.057649 188.789653 6
580.562796 193.128695 6
581.063826 193.996504 6
582.065885 195.732120 6
583.067944 197.467737 6
586.074120 202.674588 6
587.577209 205.278014 6
596.595739 220.898566 6
602.107063 230.444459 6
604.111181 233.915693 6
606.115298 237.386927 6
608.620446 241.725969 6
613.630740 250.404054 6
614.632799 252.139671 6
615.133828 253.007479 6
616.135887 254.743096 6
616.636917 255.610904 6
619.142064 259.949947 6
621.146182 263.421181 6
622.148241 265.156797 6
624.152359 268.628031 6
626.156476 272.099265 6
630.164712 279.041733 6
631.667800 281.645158 6
634.673977 286.852009 6
635.175006 287.719818 6
636.177065 289.455434 6
639.684271 295.530094 6
640.185301 296.397902 6
640.686330 297.265711 6
641.187360 298.133519 6
642.189419 299.869136 6
643.692507 302.472561 6
644.694566 304.208178 6
645.195595 305.075987 6
645.696625 305.943795 6
646.698684 307.679412 6
647.199713 308.547221 6
648.201772 310.282838 6
648.702802 311.150646 6
650.706919 314.621880 6
651.207949 315.489688 6
652.711037 318.093114 6
653.713096 319.828731 6
655.717214 323.299964 6
656.218243 324.167773 6
656.719273 325.035581 6
658.222361 327.639007 6
659.224420 329.374624 6
659.725449 330.242432 6
660.226479 331.110241 6
660.727508 331.978049 6
661.228538 332.845858 6
662.230597 334.581474 6
662.731626 335.449283 6
663.232656 336.317091 6
665.236773 339.788325 6
666.739862 342.391751 6
667.741921 344.127368 6
668.743980 345.862984 6
672.752215 352.805452 6
675.758392 358.012303 6
677.762510 361.483537 6
680.768686 366.690388 6
684.275892 372.765047 6
687.282069 377.971898 6
687.783099 378.839706 6
688.284128 379.707515 6
689.787216 382.310940 6
692.793393 387.517791 6
693.294423 388.385599 6
696.801629 394.460258 6
700.308835 400.534918 6
702.813982 404.873960 6
708.826335 415.287661 6
710.329424 417.891087 6
711.331483 419.626704 6
713.836630 423.965746 6
714.337659 424.833555 6
714.838689 425.701363 6
715.339718 426.569172 6
716.341777 428.304788 6
717.343836 430.040405 6
720.350013 435.247256 6
722.354131 438.718490 6
722.855160 439.586298 6
724.358248 442.189724 6
726.362366 445.660958 6
727.364425 447.396575 6
728.867513 450.000000 6
733.869958 450.000000 5
734.870447 450.000000 5
738.872402 450.000000 5
739.872891 450.000000 5
744.875336 450.000000 5
754.880224 450.000000 5
755.880713 450.000000 5
757.881691 450.000000 5
759.882669 450.000000 5
762.884135 450.000000 5
763.884624 450.000000 5
769.887558 450.000000 5
780.892935 450.000000 5
781.893424 450.000000 5
788.896846 450.000000 5
791.898313 450.000000 5
792.898802 450.000000 5
793.899291 450.000000 5
796.900757 450.000000 5
797.901246 450.000000 5
799.902224 450.000000 5
800.902713 450.000000 5
801.903202 450.000000 5
802.903691 450.000000 5
803.904179 450.000000 5
804.904668 450.000000 5
812.908579 450.000000 5
813.909068 450.000000 5
815.910046 450.000000 5
817.911024 450.000000 5
818.911513 450.000000 5
820.912490 450.000000 5
821.912979 450.000000 5
823.913957 450.000000 5
826.915424 450.000000 5
828.916401 450.000000 5
831.917868 450.000000 5
835.919824 450.000000 5
837.920801 450.000000 5
844.924224 450.000000 5
846.925201 450.000000 5
847.925690 450.000000 5
850.927157 450.000000 5
852.928135 450.000000 5
855.929601 450.000000 5
857.930579 450.000000 5
858.931068 450.000000 5
859.931557 450.000000 5
864.934001 450.000000 5
868.935957 450.000000 5
875.939379 450.000000 5
877.940357 450.000000 5
880.941823 450.000000 5
882.942801 450.000000 5
887.945245 450.000000 5
892.947690 450.000000 5
894.948668 450.000000 5
897.950134 450.000000 5
899.951112 450.000000 5
903.953067 450.000000 5
904.953556 450.000000 5
905.954045 450.000000 5
907.955023 450.000000 5
908.955512 450.000000 5
910.956490 450.000000 5
915.958934 450.000000 5
916.959423 450.000000 5
917.959912 450.000000 5
919.960890 450.000000 5
921.961867 450.000000 5
922.962356 450.000000 5
924.963334 450.000000 5
925.963823 450.000000 5
926.964312 450.000000 5
930.966267 450.000000 5
933.967734 450.000000 5
934.968223 450.000000 5
938.970178 450.000000 5
940.971156 450.000000 5
944.973112 450.000000 5
948.975067 450.000000 5
949.975556 450.000000 5
952.977023 450.000000 5
958.979956 450.000000 5
960.980934 450.000000 5
962.981911 450.000000 5
963.982400 450.000000 5
964.982889 450.000000 5
971.986311 450.000000 5
975.988267 450.000000 5
979.990222 450.000000 5
980.990711 450.000000 5
983.992178 450.000000 5
985.993156 450.000000 5
991.996089 450.000000 5
995.998044 450.000000 5
996.998533 450.000000 5
998.999511 450.000000 5
1000.000000 450.000000 4
1000.000000 451.000000 4
1000.000000 453.000000 4
1000.000000 454.000000 4
1000.000000 455.000000 4
1000.000000 456.000000 4
1000.000000 458.000000 4
1000.000000 459.000000 4
1000.000000 460.000000 4
1000.000000 462.000000 4
1000.000000 463.000000 4
1000.000000 464.000000 4
1000.000000 465.000000 4
1000.000000 467.000000 4
1000.000000 468.000000 4
1000.000000 471.000000 4
1000.000000 473.000000 4
1000.000000 474.000000 4
1000.000000 475.000000 4
1000.000000 477.000000 4
1000.000000 480.000000 4
1000.000000 481.000000 4
1000.000000 482.000000 4
1000.000000 484.000000 4
1000.000000 485.000000 4
1000.000000 486.000000 4
1000.000000 487.000000 4
1000.000000 489.000000 4
1000.000000 491.000000 4
1000.000000 492.000000 4
1000.000000 493.000000 4
1000.000000 494.000000 4
1000.000000 495.000000 4
1000.000000 497.000000 4
1000.000000 498.000000 4
1000.000000 499.000000 4
1000.000000 500.000000 4
1000.000000 502.000000 4
1000.000000 503.000000 4
1000.000000 504.000000 4
1000.000000 505.000000 4
1000.000000 506.000000 4
1000.000000 507.000000 4
1000.000000 508.000000 4
1000.000000 509.000000 4
1000.000000 511.000000 4
1000.000000 512.000000 4
1000.000000 513.000000 4
1000.000000 514.000000 4
1000.000000 515.000000 4
1000.000000 516.000000 4
1000.000000 517.000000 4
1000.000000 518.000000 4
1000.000000 520.000000 4
1000.000000 521.000000 4
1000.000000 522.000000 4
1000.000000 523.000000 4
1000.000000 524.000000 4
1000.000000 525.000000 4
1000.000000 526.000000 4
1000.000000 527.000000 4
1000.000000 529.000000 4
1000.000000 530.000000 4
1000.000000 532.000000 4
1000.000000 533.000000 4
1000.000000 534.000000 4
1000.000000 536.000000 4
1000.000000 538.000000 4
1000.000000 539.000000 4
1000.000000 540.000000 4
1000.000000 542.000000 4
1000.000000 543.000000 4
1000.000000 547.000000 4
1000.000000 548.000000 4
1000.000000 549.000000 4
1000.000000 550.000000 3
996.992065 550.000000 3
995.989421 550.000000 3
992.981486 550.000000 3
991.978841 550.000000 3
986.965617 550.000000 3
984.960327 550.000000 3
981.952393 550.000000 3
977.941813 550.000000 3
969.920654 550.000000 3
961.899495 550.000000 3
958.891561 550.000000 3
956.886271 550.000000 3
952.875692 550.000000 3
948.865112 550.000000 3
947.862467 550.000000 3
946.859823 550.000000 3
943.851888 550.000000 3
942.849243 550.000000 3
931.820150 550.000000 3
930.817505 550.000000 3
928.812215 550.000000 3
927.809570 550.000000 3
921.793701 550.000000 3
918.785766 550.000000 3
917.783122 550.000000 3
915.777832 550.000000 3
908.759318 550.000000 3
905.751383 550.000000 3
899.735514 550.000000 3
893.719645 550.000000 3
890.711710 550.000000 3
883.693196 550.000000 3
879.682617 550.000000 3
877.677327 550.000000 3
872.664103 550.000000 3
870.658813 550.000000 3
862.637654 550.000000 3
857.624430 550.000000 3
850.605916 550.000000 3
849.603271 550.000000 3
848.600626 550.000000 3
844.590047 550.000000 3
843.587402 550.000000 3
840.579468 550.000000 3
838.574178 550.000000 3
832.558309 550.000000 3
830.553019 550.000000 3
828.547729 550.000000 3
827.545084 550.000000 3
825.539795 550.000000 3
824.537150 550.000000 3
823.534505 550.000000 3
822.531860 550.000000 3
819.523926 550.000000 3
812.505412 550.000000 3
799.471028 550.000000 3
797.465739 550.000000 3
794.457804 550.000000 3
793.455159 550.000000 3
792.452514 550.000000 3
791.449870 550.000000 3
789.444580 550.000000 3
788.441935 550.000000 3
784.431356 550.000000 3
781.423421 550.000000 3
775.407552 550.000000 3
771.396972 550.000000 3
770.394327 550.000000 3
769.391683 550.000000 3
761.370524 550.000000 3
760.367879 550.000000 3
752.346720 550.000000 3
751.344075 550.000000 3
750.341430 550.000000 3
749.338785 550.000000 3
744.325561 550.000000 3
743.322916 550.000000 3
742.320271 550.000000 3
736.304402 550.000000 3
733.296468 550.000000 3
730.288533 550.000000 3
720.262085 550.000000 3
715.248860 550.000000 3
713.243571 550.000000 3
695.195963 550.000000 3
693.190673 550.000000 3
690.182739 550.000000 3
687.174804 550.000000 3
683.164225 550.000000 3
680.156290 550.000000 3
678.151001 550.000000 3
676.145711 550.000000 3
675.143066 550.000000 3
672.135131 550.000000 3
671.132487 550.000000 2
669.130297 546.532105 2
668.629749 545.665132 2
668.129202 544.798158 2
667.128107 543.064211 2
666.627559 542.197237 2
665.125917 539.596316 2
659.619895 530.059606 2
657.617705 526.591712 2
657.117158 525.724738 2
654.113873 520.522896 2
653.613325 519.655923 2
652.111683 517.055002 2
650.610040 514.454081 2
650.109493 513.587107 2
649.108398 511.853160 2
648.607851 510.986186 2
648.107303 510.119213 2
647.606756 509.252239 2
647.106208 508.385265 2
646.605661 507.518292 2
645.104018 504.917371 2
641.600186 498.848555 2
640.599091 497.114608 2
640.098544 496.247634 2
639.097449 494.513687 2
637.095259 491.045792 2
635.593617 488.444871 2
635.093069 487.577898 2
634.592522 486.710924 2
634.091974 485.843951 2
633.090879 484.110003 2
632.089784 482.376056 2
630.087594 478.908161 2
625.582667 471.105399 2
623.079930 466.770530 2
622.579382 465.903557 2
622.078835 465.036583 2
619.576098 460.701715 2
618.074455 458.100794 2
617.573908 457.233820 2
615.071170 452.898952 2
611.567338 446.830137 2
609.565148 443.362242 2
606.561864 438.160400 2
605.060221 435.559479 2
604.559674 434.692506 2
604.059126 433.825532 2
603.058031 432.091585 2
601.055841 428.623690 2
600.555294 427.756717 2
600.054747 426.889743 2
599.053652 425.155796 2
598.553104 424.288822 2
597.552009 422.554875 2
596.550914 420.820927 2
594.048177 416.486059 2
591.545440 412.151191 2
590.043797 409.550270 2
589.543250 408.683297 2
589.042702 407.816323 2
586.039417 402.614481 2
585.038323 400.880534 2
584.037228 399.146586 2
582.035038 395.678692 2
581.534490 394.811718 2
580.533395 393.077771 2
579.532300 391.343824 2
577.530111 387.875929 2
577.029563 387.008955 2
576.529016 386.141982 2
576.028468 385.275008 2
575.027373 383.541061 2
573.525731 380.940140 2
573.025183 380.073166 2
572.024088 378.339219 2
570.522446 375.738298 2
569.521351 374.004351 2
568.520256 372.270404 2
568.019709 371.403430 2
567.519161 370.536456 2
565.016424 366.201588 2
564.515876 365.334614 2
563.014234 362.733694 2
562.013139 360.999746 2
561.512592 360.132773 2
559.510402 356.664878 2
558.008759 354.063957 2
557.508212 353.196983 2
556.507117 351.463036 2
555.506022 349.729089 2
555.005475 348.862115 2
554.504927 347.995142 2
551.001095 341.926326 2
550.500547 341.059353 2
550.000000 340.192379 2
550.000000 340.192379 1
548.998905 341.926326 1
545.495073 347.995142 1
544.994525 348.862115 1
544.493978 349.729089 1
543.993430 350.596063 1
542.992335 352.330010 1
539.989051 357.531852 1
538.487408 360.132773 1
535.984671 364.467641 1
534.983576 366.201588 1
534.483029 367.068562 1
533.481934 368.802509 1
532.480839 370.536456 1
530.478649 374.004351 1
529.477554 375.738298 1
525.973722 381.807114 1
524.972627 383.541061 1
521.969342 388.742903 1
520.968247 390.476850 1
517.964962 395.678692 1
515.462225 400.013560 1
514.961677 400.880534 1
513.460035 403.481455 1
510.456750 408.683297 1
509.956203 409.550270 1
507.954013 413.018165 1
507.453465 413.885138 1
505.451276 417.353033 1
504.950728 418.220007 1
503.949633 419.953954 1
501.947443 423.421848 1
501.446896 424.288822 1
499.945253 426.889743 1
499.444706 427.756717 1
498.944159 428.623690 1
497.943064 430.357638 1
495.440326 434.692506 1
494.939779 435.559479 1
493.938684 437.293427 1
493.438136 438.160400 1
492.937589 439.027374 1
490.935399 442.495269 1
488.933209 445.963163 1
487.431567 448.564084 1
486.931019 449.431058 1
486.430472 450.298031 1
485.929924 451.165005 1
484.928830 452.898952 1
483.427187 455.499873 1
481.925545 458.100794 1
479.923355 461.568689 1
478.922260 463.302636 1
477.420618 465.903557 1
476.419523 467.637504 1
475.918975 468.504478 1
474.917880 470.238425 1
474.417333 471.105399 1
470.913501 477.174214 1
467.910216 482.376056 1
467.409668 483.243030 1
463.905836 489.311845 1
462.904741 491.045792 1
462.404194 491.912766 1
461.903646 492.779740 1
461.403099 493.646713 1
460.402004 495.380661 1
459.901456 496.247634 1
459.400909 497.114608 1
458.399814 498.848555 1
457.899266 499.715529 1
453.394339 507.518292 1
452.893792 508.385265 1
452.393244 509.252239 1
451.892697 510.119213 1
451.392149 510.986186 1
448.889412 515.321054 1
448.388865 516.188028 1
445.385580 521.389870 1
443.383390 524.857764 1
442.382295 526.591712 1
441.881748 527.458685 1
439.879558 530.926580 1
438.377915 533.527501 1
434.373536 540.463290 1
432.871893 543.064211 1
431.370251 545.665132 1
430.869703 546.532105 1
429.368061 549.133026 1
426.862224 550.000000 0
422.851644 550.000000 0
420.846355 550.000000 0
415.833130 550.000000 0
413.827841 550.000000 0
411.822551 550.000000 0
408.814616 550.000000 0
404.804037 550.000000 0
403.801392 550.000000 0
401.796102 550.000000 0
395.780233 550.000000 0
389.764364 550.000000 0
388.761719 550.000000 0
385.753785 550.000000 0
384.751140 550.000000 0
377.732626 550.000000 0
374.724691 550.000000 0
364.698243 550.000000 0
362.692953 550.000000 0
361.690308 550.000000 0
359.685018 550.000000 0
355.674439 550.000000 0
344.645345 550.000000 0
341.637411 550.000000 0
340.634766 550.000000 0
339.632121 550.000000 0
337.626831 550.000000 0
334.618897 550.000000 0
327.600383 550.000000 0
326.597738 550.000000 0
325.595093 550.000000 0
320.581869 550.000000 0
312.560710 550.000000 0
304.539551 550.000000 0
300.528972 550.000000 0
299.526327 550.000000 0
294.513102 550.000000 0
291.505168 550.000000 0
288.497233 550.000000 0
284.486654 550.000000 0
282.481364 550.000000 0
279.473430 550.000000 0
275.462850 550.000000 0
274.460205 550.000000 0
272.454916 550.000000 0
271.452271 550.000000 0
260.423177 550.000000 0
258.417888 550.000000 0
257.415243 550.000000 0
256.412598 550.000000 0
255.409953 550.000000 0
252.402018 550.000000 0
248.391439 550.000000 0
247.388794 550.000000 0
237.362346 550.000000 0
234.354411 550.000000 0
233.351766 550.000000 0
232.349121 550.000000 0
229.341187 550.000000 0
225.330607 550.000000 0
223.325318 550.000000 0
221.320028 550.000000 0
219.314738 550.000000 0
218.312093 550.000000 0
216.306804 550.000000 0
205.277710 550.000000 0
199.261841 550.000000 0
197.256551 550.000000 0
196.253906 550.000000 0
195.251262 550.000000 0
193.245972 550.000000 0
192.243327 550.000000 0
191.240682 550.000000 0
190.238037 550.000000 0
188.232748 550.000000 0
182.216878 550.000000 0
181.214234 550.000000 0
180.211589 550.000000 0
175.198364 550.000000 0
174.195720 550.000000 0
166.174561 550.000000 0
162.163981 550.000000 0
161.161336 550.000000 0
160.158691 550.000000 0
148.126953 550.000000 0
141.108439 550.000000 0
139.103149 550.000000 0
128.074056 550.000000 0
122.058187 550.000000 0
121.055542 550.000000 0
114.037028 550.000000 0
110.026449 550.000000 0
109.023804 550.000000 0
108.021159 550.000000 0
105.013224 550.000000 0
103.007935 550.000000 0
