1220
100.000000 450.000000 32
102.003732 450.000000 32
104.007464 450.000000 32
105.009330 450.000000 32
108.014928 450.000000 32
109.016794 450.000000 32
110.018660 450.000000 32
112.022392 450.000000 32
114.026124 450.000000 32
115.027990 450.000000 32
117.031722 450.000000 32
120.037320 450.000000 32
121.039186 450.000000 32
127.050382 450.000000 32
130.055980 450.000000 32
135.065310 450.000000 32
137.069043 450.000000 32
140.074641 450.000000 32
141.076507 450.000000 32
142.078373 450.000000 32
143.080239 450.000000 32
145.083971 450.000000 32
146.085837 450.000000 32
149.091435 450.000000 32
152.097033 450.000000 32
155.102631 450.000000 32
157.106363 450.000000 32
158.108229 450.000000 32
163.117559 450.000000 32
166.123157 450.000000 32
167.125023 450.000000 32
168.126889 450.000000 32
169.128755 450.000000 32
171.132487 450.000000 32
171.634828 449.129920 31
176.155895 441.299201 31
177.160577 439.559042 31
177.662918 438.688962 31
185.198031 425.637764 31
186.202712 423.897604 31
186.705053 423.027524 31
187.709735 421.287364 31
189.216757 418.677125 31
190.221439 416.936965 31
192.733143 412.586565 31
193.235484 411.716486 31
196.249529 406.496006 31
201.272938 397.795208 31
201.775279 396.925128 31
202.277620 396.055048 31
202.779960 395.184968 31
206.296346 389.094409 31
206.798687 388.224329 31
208.305710 385.614089 31
208.808051 384.744010 31
211.319755 380.393610 31
213.329118 376.913291 31
214.836141 374.303051 31
215.338482 373.432971 31
217.347845 369.952652 31
220.864231 363.862093 31
224.882958 356.901454 31
225.385298 356.031374 31
232.418070 343.850256 31
233.422752 342.110096 31
236.436797 336.889617 31
237.943820 334.279377 31
238.446161 333.409297 31
239.953183 330.799057 31
240.455524 329.928978 31
243.469569 324.708498 31
246.483614 319.488019 31
246.985955 318.617939 31
247.990637 316.877779 31
250.502341 314.267540 30
251.004682 315.137620 30
252.511704 317.747859 30
255.023408 322.098259 30
256.028090 323.838418 30
256.530431 324.708498 30
257.032772 325.578578 30
257.535113 326.448658 30
258.037454 327.318738 30
258.539794 328.188818 30
261.051499 332.539217 30
263.563203 336.889617 30
265.070225 339.499856 30
266.577248 342.110096 30
268.586611 345.590415 30
269.088952 346.460495 30
269.591293 347.330575 30
272.102997 351.680974 30
275.117042 356.901454 30
279.135769 363.862093 30
279.638110 364.732172 30
280.642792 366.472332 30
283.656837 371.692811 30
284.661518 373.432971 30
285.163859 374.303051 30
285.666200 375.173131 30
286.670882 376.913291 30
287.173223 377.783371 30
287.675564 378.653450 30
289.684927 382.133770 30
290.187268 383.003850 30
290.689609 383.873930 30
291.694290 385.614089 30
294.708335 390.834569 30
295.713017 392.574728 30
297.220040 395.184968 30
299.229403 398.665288 30
299.731744 399.535367 30
300.234085 400.405447 30
301.238766 402.145607 30
302.243448 403.885767 30
304.252811 407.366086 30
305.759834 409.976326 30
306.262175 410.846406 30
308.271538 414.326725 30
308.773879 415.196805 30
309.276220 416.066885 30
309.778561 416.936965 30
316.308992 428.248003 30
316.811333 429.118083 30
318.318355 431.728323 30
319.323037 433.468482 30
322.839423 439.559042 30
324.848786 443.039361 30
325.351127 443.909441 30
326.858150 446.519681 30
327.360490 447.389760 30
327.862831 448.259840 30
328.867513 450.000000 30
328.867513 450.000000 29
330.880131 450.000000 29
334.905366 450.000000 29
336.917984 450.000000 29
339.936911 450.000000 29
340.943220 450.000000 29
341.949529 450.000000 29
343.962147 450.000000 29
344.968455 450.000000 29
346.981073 450.000000 29
347.987382 450.000000 29
351.006309 450.000000 29
353.018927 450.000000 29
355.031545 450.000000 29
356.037853 450.000000 29
357.044162 450.000000 29
358.050471 450.000000 29
360.063089 450.000000 29
361.069398 450.000000 29
362.075707 450.000000 29
363.082016 450.000000 29
365.094634 450.000000 29
367.107251 450.000000 29
368.113560 450.000000 29
369.119869 450.000000 29
370.126178 450.000000 29
371.132487 450.000000 29
372.138796 448.257022 28
372.641950 447.385533 28
373.145105 446.514044 28
373.648259 445.642555 28
374.151414 444.771066 28
375.157722 443.028088 28
375.660877 442.156599 28
376.667186 440.413620 28
377.170340 439.542131 28
377.673495 438.670642 28
378.176649 437.799153 28
378.679803 436.927664 28
379.182958 436.056175 28
380.189267 434.313197 28
380.692421 433.441708 28
381.698730 431.698730 28
382.201884 430.827241 28
382.705039 429.955752 28
383.208193 429.084263 28
384.214502 427.341285 28
384.717657 426.469796 28
385.220811 425.598307 28
385.723965 424.726818 28
386.730274 422.983840 28
387.233429 422.112350 28
387.736583 421.240861 28
388.239738 420.369372 28
388.742892 419.497883 28
389.246046 418.626394 28
389.749201 417.754905 28
392.264973 413.397460 28
392.264973 413.397460 27
390.255610 409.917140 27
388.748587 407.306901 27
387.241565 404.696661 27
384.227519 399.476182 27
382.720497 396.865942 27
379.204111 390.775383 27
378.701770 389.905303 27
373.678362 381.204504 27
372.171339 378.594265 27
371.668998 377.724185 27
369.659635 374.243865 27
367.650271 370.763546 27
362.124522 361.192667 27
361.119840 359.452508 27
355.091750 349.011549 27
352.580046 344.661150 27
351.575364 342.920990 27
350.570683 341.180830 27
350.068342 340.310750 27
348.561319 337.700511 27
344.040252 329.869792 27
338.514502 320.298913 27
338.012162 319.428833 27
336.002798 315.948514 27
335.500457 315.078434 27
332.988753 310.728034 27
332.486412 309.857954 27
331.984071 308.987875 27
327.965345 302.027235 27
327.463004 301.157156 27
322.941936 293.326437 27
319.927891 288.105957 27
318.420868 285.495718 27
316.913846 282.885478 27
315.406823 280.275239 27
313.899801 277.664999 27
313.397460 276.794919 27
314.402142 276.794919 26
335.500457 276.794919 26
338.514503 276.794919 26
345.547274 276.794919 26
347.556638 276.794919 26
348.561320 276.794919 26
352.580046 276.794919 26
353.584728 276.794919 26
359.612818 276.794919 26
360.617500 276.794919 26
372.673680 276.794919 26
373.678362 276.794919 26
375.687725 276.794919 26
381.715816 276.794919 26
382.720497 276.794919 26
386.739224 276.794919 26
400.804768 276.794919 26
401.809450 276.794919 26
405.828176 276.794919 26
409.846903 276.794919 26
410.851585 276.794919 26
415.874993 276.794919 26
419.893720 276.794919 26
422.907765 276.794919 26
425.921810 276.794919 26
426.926492 276.794919 26
427.931174 276.794919 26
428.935856 276.794919 26
430.945219 276.794919 26
437.977991 276.794919 26
445.010763 276.794919 26
447.020126 276.794919 26
450.034171 276.794919 26
453.048216 276.794919 26
457.066943 276.794919 26
458.071625 276.794919 26
465.104397 276.794919 26
468.118442 276.794919 26
470.127805 276.794919 26
474.146532 271.574440 25
475.151214 269.834280 25
479.169941 262.873641 25
480.676963 260.263401 25
481.179304 259.393322 25
482.183986 257.653162 25
482.686326 256.783082 25
483.188667 255.913002 25
486.705053 249.822443 25
487.207394 248.952363 25
488.714417 246.342123 25
489.719098 244.601964 25
490.723780 242.861804 25
491.226121 241.991724 25
491.728462 241.121644 25
492.230803 240.251564 25
492.733143 239.381484 25
495.244848 235.031085 25
497.254211 231.550766 25
503.282301 221.109807 25
505.291665 217.629488 25
505.794005 216.759408 25
507.301028 214.149168 25
507.803369 213.279088 25
510.315073 208.928689 25
512.826777 204.578290 25
514.836141 201.097970 25
515.840822 199.357810 25
516.343163 198.487730 25
517.850186 195.877491 25
520.864231 190.657012 25
522.873594 187.176692 25
524.882958 183.696373 25
525.385298 182.826293 25
527.394662 179.345973 25
527.897003 178.475893 25
532.920411 169.775095 25
535.432115 165.424695 25
537.943820 161.074296 25
539.953183 157.593976 25
540.957865 155.853817 25
541.962546 154.113657 25
542.464887 153.243577 25
542.967228 152.373497 25
544.474251 149.763258 25
545.981273 147.153018 25
546.483614 146.282938 25
553.516386 146.282938 24
555.023408 148.893178 24
557.032772 152.373497 24
558.037454 154.113657 24
558.539794 154.983737 24
559.544476 156.723897 24
561.051499 159.334136 24
561.553839 160.204216 24
563.563203 163.684536 24
564.567885 165.424695 24
566.577248 168.905015 24
570.093634 174.995574 24
571.600656 177.605814 24
574.112361 181.956213 24
575.619383 184.566453 24
581.145133 194.137331 24
581.647473 195.007411 24
586.168541 202.838130 24
586.670882 203.708210 24
588.177904 206.318449 24
588.680245 207.188529 24
590.689609 210.668849 24
592.196631 213.279088 24
592.698972 214.149168 24
594.205995 216.759408 24
595.713017 219.369647 24
596.717699 221.109807 24
597.722380 222.849967 24
600.736426 228.070446 24
605.257493 235.901165 24
609.778561 243.731884 24
611.285583 246.342123 24
612.792606 248.952363 24
613.294947 249.822443 24
614.299628 251.562603 24
614.801969 252.432683 24
615.806651 254.172842 24
618.318355 258.523242 24
619.825378 261.133481 24
620.327719 262.003561 24
621.834741 264.613801 24
622.337082 265.483881 24
623.341764 267.224040 24
624.848786 269.834280 24
628.365172 275.924839 24
628.867513 276.794919 23
630.876876 276.794919 23
637.909648 276.794919 23
640.923693 276.794919 23
644.942420 276.794919 23
647.956465 276.794919 23
648.961147 276.794919 23
649.965829 276.794919 23
652.979874 276.794919 23
660.012646 276.794919 23
661.017327 276.794919 23
662.022009 276.794919 23
669.054781 276.794919 23
675.082871 276.794919 23
677.092235 276.794919 23
678.096916 276.794919 23
679.101598 276.794919 23
681.110961 276.794919 23
688.143733 276.794919 23
692.162460 276.794919 23
693.167142 276.794919 23
694.171824 276.794919 23
705.223322 276.794919 23
706.228004 276.794919 23
707.232686 276.794919 23
708.237367 276.794919 23
714.265458 276.794919 23
720.293548 276.794919 23
721.298229 276.794919 23
722.302911 276.794919 23
728.331001 276.794919 23
729.335683 276.794919 23
742.396545 276.794919 23
753.448044 276.794919 23
757.466771 276.794919 23
770.527633 276.794919 23
776.555723 276.794919 23
778.565086 276.794919 23
782.583813 276.794919 23
784.593177 276.794919 23
786.602540 276.794919 23
784.090836 281.145318 22
782.081472 284.625638 22
781.579132 285.495718 22
781.076791 286.365798 22
777.058064 293.326437 22
775.551041 295.936676 22
775.048701 296.806756 22
772.536996 301.157156 22
772.034655 302.027235 22
771.532315 302.897315 22
771.029974 303.767395 22
767.513588 309.857954 22
767.011247 310.728034 22
765.001884 314.208354 22
763.997202 315.948514 22
757.466771 327.259552 22
756.964430 328.129632 22
755.457407 330.739871 22
746.415272 346.401309 22
740.889523 355.972188 22
737.373137 362.062747 22
734.359092 367.283226 22
733.856751 368.153306 22
732.852069 369.893466 22
732.349729 370.763546 22
731.847388 371.633626 22
730.340365 374.243865 22
729.335683 375.984025 22
726.823979 380.334425 22
725.819297 382.074584 22
725.316957 382.944664 22
723.809934 385.554904 22
723.307593 386.424984 22
721.298230 389.905303 22
720.795889 390.775383 22
718.284185 395.125783 22
712.256095 405.566741 22
711.753754 406.436821 22
711.251413 407.306901 22
709.744390 409.917140 22
709.242050 410.787220 22
708.237368 412.527380 22
707.735027 413.397460 21
708.741336 415.140438 21
709.244490 416.011927 21
709.747645 416.883416 21
710.250799 417.754905 21
710.753954 418.626394 21
711.257108 419.497883 21
712.263417 421.240861 21
712.766571 422.112350 21
713.772880 423.855329 21
714.276035 424.726818 21
715.282343 426.469796 21
715.785498 427.341285 21
716.288652 428.212774 21
716.791807 429.084263 21
718.301270 431.698730 21
719.307579 433.441708 21
719.810733 434.313197 21
720.817042 436.056175 21
721.320197 436.927664 21
721.823351 437.799153 21
722.829660 439.542131 21
723.332814 440.413620 21
723.835969 441.285110 21
725.848586 444.771066 21
726.351741 445.642555 21
726.854895 446.514044 21
727.358050 447.385533 21
727.861204 448.257022 21
728.364359 449.128511 21
728.867513 450.000000 21
728.867513 450.000000 20
729.873822 450.000000 20
731.886440 450.000000 20
732.892749 450.000000 20
735.911675 450.000000 20
737.924293 450.000000 20
738.930602 450.000000 20
739.936911 450.000000 20
740.943220 450.000000 20
741.949529 450.000000 20
743.962147 450.000000 20
744.968455 450.000000 20
745.974764 450.000000 20
746.981073 450.000000 20
748.993691 450.000000 20
751.006309 450.000000 20
753.018927 450.000000 20
754.025236 450.000000 20
755.031545 450.000000 20
756.037853 450.000000 20
757.044162 450.000000 20
759.056780 450.000000 20
760.063089 450.000000 20
761.069398 450.000000 20
763.082016 450.000000 20
765.094634 450.000000 20
766.100942 450.000000 20
767.107251 450.000000 20
768.113560 450.000000 20
769.119869 450.000000 20
770.126178 450.000000 20
771.132487 450.000000 20
771.132487 450.000000 19
772.137169 448.259840 19
774.146532 444.779521 19
774.648873 443.909441 19
775.653555 442.169281 19
776.155895 441.299201 19
777.160577 439.559042 19
777.662918 438.688962 19
778.667600 436.948802 19
781.179304 432.598403 19
782.686326 429.988163 19
785.198031 425.637764 19
786.705053 423.027524 19
789.216757 418.677125 19
792.230803 413.456645 19
794.742507 409.106246 19
795.244848 408.236166 19
799.765915 400.405447 19
801.272938 397.795208 19
802.779960 395.184968 19
804.789324 391.704649 19
805.794005 389.964489 19
806.798687 388.224329 19
807.301028 387.354249 19
810.817414 381.263690 19
811.319755 380.393610 19
817.347845 369.952652 19
818.854867 367.342412 19
821.366572 362.992013 19
821.868913 362.121933 19
823.375935 359.511693 19
825.385298 356.031374 19
825.887639 355.161294 19
827.394662 352.551054 19
827.897003 351.680974 19
829.906366 348.200655 19
830.911048 346.460495 19
833.422752 342.110096 19
834.427434 340.369936 19
835.934456 337.759696 19
837.441479 335.149457 19
838.446161 333.409297 19
839.450842 331.669137 19
840.455524 329.928978 19
843.469569 324.708498 19
844.474251 322.968339 19
847.488296 317.747859 19
847.990637 316.877779 19
848.995318 315.137620 19
853.516386 319.488019 18
854.018727 320.358099 18
855.023408 322.098259 18
856.530431 324.708498 18
858.037454 327.318738 18
859.042135 329.058898 18
860.046817 330.799057 18
861.051499 332.539217 18
865.070225 339.499856 18
868.084270 344.720335 18
870.595975 349.070735 18
873.610020 354.291214 18
874.112361 355.161294 18
875.117042 356.901454 18
877.126406 360.381773 18
880.642792 366.472332 18
881.647473 368.212492 18
882.652155 369.952652 18
883.154496 370.822732 18
884.661518 373.432971 18
886.168541 376.043211 18
891.694290 385.614089 18
894.205995 389.964489 18
895.210676 391.704649 18
895.713017 392.574728 18
900.234085 400.405447 18
900.736426 401.275527 18
902.745789 404.755847 18
903.248130 405.625926 18
906.764516 411.716486 18
908.773879 415.196805 18
909.276220 416.066885 18
910.783243 418.677125 18
911.285583 419.547204 18
911.787924 420.417284 18
914.801969 425.637764 18
915.304310 426.507843 18
918.318355 431.728323 18
918.820696 432.598403 18
919.323037 433.468482 18
924.848786 443.039361 18
928.867513 450.000000 18
930.871245 450.000000 17
933.876843 450.000000 17
935.880575 450.000000 17
936.882441 450.000000 17
941.891771 450.000000 17
942.893637 450.000000 17
944.897369 450.000000 17
945.899235 450.000000 17
949.906699 450.000000 17
952.912297 450.000000 17
954.916029 450.000000 17
955.917895 450.000000 17
956.919761 450.000000 17
963.932823 450.000000 17
965.936556 450.000000 17
967.940288 450.000000 17
968.942154 450.000000 17
969.944020 450.000000 17
970.945886 450.000000 17
972.949618 450.000000 17
973.951484 450.000000 17
974.953350 450.000000 17
975.955216 450.000000 17
976.957082 450.000000 17
977.958948 450.000000 17
978.960814 450.000000 17
980.964546 450.000000 17
984.972010 450.000000 17
985.973876 450.000000 17
991.985072 450.000000 17
994.990670 450.000000 17
995.992536 450.000000 17
1000.000000 456.000000 16
1000.000000 460.000000 16
1000.000000 461.000000 16
1000.000000 462.000000 16
1000.000000 465.000000 16
1000.000000 466.000000 16
1000.000000 468.000000 16
1000.000000 472.000000 16
1000.000000 478.000000 16
1000.000000 479.000000 16
1000.000000 480.000000 16
1000.000000 481.000000 16
1000.000000 483.000000 16
1000.000000 487.000000 16
1000.000000 488.000000 16
1000.000000 492.000000 16
1000.000000 493.000000 16
1000.000000 494.000000 16
1000.000000 496.000000 16
1000.000000 502.000000 16
1000.000000 506.000000 16
1000.000000 507.000000 16
1000.000000 509.000000 16
1000.000000 510.000000 16
1000.000000 512.000000 16
1000.000000 516.000000 16
1000.000000 517.000000 16
1000.000000 518.000000 16
1000.000000 520.000000 16
1000.000000 521.000000 16
1000.000000 524.000000 16
1000.000000 526.000000 16
1000.000000 527.000000 16
1000.000000 532.000000 16
1000.000000 533.000000 16
1000.000000 534.000000 16
1000.000000 535.000000 16
1000.000000 536.000000 16
1000.000000 537.000000 16
1000.000000 541.000000 16
1000.000000 543.000000 16
1000.000000 546.000000 16
1000.000000 549.000000 16
983.891561 550.000000 15
981.878006 550.000000 15
978.857674 550.000000 15
970.803454 550.000000 15
968.789899 550.000000 15
964.762789 550.000000 15
962.749235 550.000000 15
959.728902 550.000000 15
958.722125 550.000000 15
955.701792 550.000000 15
952.681460 550.000000 15
951.674683 550.000000 15
950.667905 550.000000 15
947.647573 550.000000 15
939.593353 550.000000 15
937.579798 550.000000 15
936.573021 550.000000 15
933.552689 550.000000 15
932.545911 550.000000 15
931.539134 550.000000 15
930.532356 550.000000 15
928.518801 550.000000 15
926.505246 550.000000 15
914.423917 550.000000 15
909.390030 550.000000 15
908.383252 550.000000 15
901.335810 550.000000 15
900.329033 550.000000 15
899.322255 550.000000 15
897.308701 550.000000 15
895.295146 550.000000 15
894.288368 550.000000 15
889.254481 550.000000 15
885.227371 550.000000 15
881.200261 550.000000 15
879.186707 550.000000 15
878.179929 550.000000 15
875.159597 550.000000 15
874.152819 550.000000 15
873.146042 550.000000 15
871.132487 550.000000 14
869.119869 546.514044 14
868.616715 545.642555 14
868.113560 544.771066 14
867.610406 543.899577 14
867.107251 543.028088 14
866.604097 542.156599 14
866.100942 541.285110 14
865.597788 540.413620 14
864.088325 537.799153 14
863.585170 536.927664 14
863.082016 536.056175 14
862.578861 535.184686 14
862.075707 534.313197 14
861.572552 533.441708 14
860.566243 531.698730 14
860.063089 530.827241 14
859.559935 529.955752 14
859.056780 529.084263 14
858.553626 528.212774 14
857.547317 526.469796 14
856.037853 523.855329 14
855.534699 522.983840 14
855.031545 522.112350 14
854.528390 521.240861 14
853.522081 519.497883 14
852.515772 517.754905 14
852.012618 516.883416 14
851.509463 516.011927 14
851.006309 515.140438 14
850.503154 514.268949 14
849.496846 514.268949 13
848.993691 515.140438 13
848.490537 516.011927 13
847.987382 516.883416 13
846.981073 518.626394 13
846.477919 519.497883 13
845.974764 520.369372 13
844.465301 522.983840 13
842.955838 525.598307 13
842.452683 526.469796 13
841.949529 527.341285 13
841.446374 528.212774 13
840.440065 529.955752 13
839.936911 530.827241 13
839.433757 531.698730 13
838.427448 533.441708 13
837.924293 534.313197 13
837.421139 535.184686 13
836.917984 536.056175 13
836.414830 536.927664 13
835.911675 537.799153 13
835.408521 538.670642 13
834.905366 539.542131 13
833.899058 541.285110 13
833.395903 542.156599 13
832.389594 543.899577 13
831.886440 544.771066 13
830.880131 546.514044 13
830.376976 547.385533 13
829.873822 548.257022 13
829.370667 549.128511 13
826.858150 550.000000 12
823.844105 550.000000 12
815.806651 550.000000 12
811.787924 550.000000 12
809.778561 550.000000 12
803.750471 550.000000 12
800.736426 550.000000 12
796.717699 550.000000 12
795.713017 550.000000 12
792.698972 550.000000 12
787.675564 550.000000 12
785.666200 550.000000 12
780.642792 550.000000 12
779.638110 550.000000 12
778.633428 550.000000 12
777.628747 550.000000 12
769.591293 550.000000 12
768.586611 550.000000 12
763.563203 550.000000 12
760.549158 550.000000 12
759.544476 550.000000 12
746.483614 550.000000 12
744.474251 550.000000 12
740.455524 550.000000 12
721.366572 550.000000 12
719.357208 550.000000 12
711.319755 550.000000 12
696.249529 550.000000 12
689.216757 550.000000 12
688.212076 550.000000 12
682.183986 550.000000 12
677.160577 550.000000 12
671.132487 550.000000 12
670.630146 549.129920 11
667.616101 543.909441 11
667.113760 543.039361 11
665.606738 540.429121 11
665.104397 539.559042 11
664.099715 537.818882 11
661.085670 532.598403 11
657.569284 526.507843 11
656.564602 524.767684 11
652.043535 516.936965 11
651.541194 516.066885 11
650.536512 514.326725 11
650.034171 513.456645 11
649.029489 511.716486 11
648.527149 510.846406 11
646.517785 507.366086 11
644.508422 503.885767 11
641.996717 499.535367 11
638.480332 493.444808 11
637.977991 492.574728 11
637.475650 491.704649 11
635.968627 489.094409 11
631.949900 482.133770 11
630.945219 480.393610 11
630.442878 479.523530 11
626.424151 472.562891 11
625.921810 471.692811 11
624.917128 469.952652 11
623.410106 467.342412 11
620.898402 462.992013 11
620.396061 462.121933 11
618.889038 459.511693 11
617.382016 456.901454 11
615.372652 453.421134 11
614.870311 452.551054 11
612.358607 448.200655 11
610.851585 445.590415 11
607.837539 440.369936 11
607.335199 439.499856 11
606.832858 438.629776 11
606.330517 437.759696 11
604.321153 434.279377 11
603.818813 433.409297 11
602.311790 430.799057 11
599.297745 425.578578 11
598.795404 424.708498 11
597.790722 422.968339 11
597.288382 422.098259 11
593.771996 416.007700 11
592.768127 412.525971 10
593.271282 411.654482 10
593.774436 410.782993 10
594.780745 409.040015 10
595.283900 408.168526 10
595.787054 407.297036 10
596.290209 406.425547 10
597.296518 404.682569 10
597.799672 403.811080 10
598.805981 402.068102 10
599.309135 401.196613 10
599.812290 400.325124 10
600.818599 398.582146 10
601.321753 397.710657 10
602.328062 395.967679 10
602.831216 395.096190 10
603.334371 394.224700 10
603.837525 393.353211 10
604.340680 392.481722 10
604.843834 391.610233 10
605.346989 390.738744 10
606.353298 388.995766 10
607.359607 387.252788 10
608.365915 385.509810 10
609.875379 382.895342 10
610.378533 382.023853 10
610.881688 381.152364 10
611.384842 380.280875 10
612.894306 377.666408 10
613.397460 376.794919 10
613.397460 376.794919 9
612.391151 376.794919 9
611.384842 376.794919 9
610.378533 376.794919 9
609.372224 376.794919 9
607.359607 376.794919 9
605.346989 376.794919 9
603.334371 376.794919 9
602.328062 376.794919 9
601.321753 376.794919 9
600.315445 376.794919 9
599.309136 376.794919 9
597.296518 376.794919 9
596.290209 376.794919 9
595.283900 376.794919 9
594.277591 376.794919 9
593.271282 376.794919 9
592.264973 376.794919 9
591.258665 376.794919 9
590.252356 376.794919 9
587.233429 376.794919 9
586.227120 376.794919 9
584.214502 376.794919 9
582.201885 376.794919 9
581.195576 376.794919 9
580.189267 376.794919 9
579.182958 376.794919 9
578.176649 376.794919 9
576.164031 376.794919 9
575.157723 376.794919 9
574.151414 376.794919 9
571.132487 376.794919 9
571.132487 376.794919 8
570.629333 375.923430 8
569.623024 374.180452 8
569.119869 373.308963 8
568.616715 372.437474 8
568.113560 371.565985 8
567.610406 370.694496 8
566.604097 368.951518 8
566.100942 368.080029 8
565.597788 367.208539 8
565.094634 366.337050 8
564.591479 365.465561 8
564.088325 364.594072 8
562.578861 361.979605 8
561.069398 359.365138 8
560.566243 358.493649 8
560.063089 357.622160 8
559.056780 355.879182 8
558.553626 355.007693 8
558.050471 354.136204 8
557.547317 353.264715 8
557.044162 352.393226 8
556.037853 350.650248 8
555.534699 349.778759 8
555.031545 348.907269 8
554.025236 347.164291 8
553.522081 346.292802 8
552.515772 344.549824 8
552.012618 343.678335 8
551.509463 342.806846 8
550.000000 340.192379 8
550.000000 340.192379 7
549.496846 341.063868 7
548.993691 341.935357 7
548.490537 342.806846 7
547.987382 343.678335 7
545.974764 347.164291 7
543.962147 350.650248 7
543.458992 351.521737 7
542.955838 352.393226 7
542.452683 353.264715 7
541.949529 354.136204 7
540.943220 355.879182 7
540.440065 356.750671 7
539.936911 357.622160 7
539.433757 358.493649 7
538.930602 359.365138 7
537.924293 361.108116 7
536.917984 362.851094 7
535.911675 364.594072 7
534.402212 367.208539 7
530.880131 373.308963 7
528.867513 376.794919 7
528.867513 376.794919 6
527.861204 376.794919 6
526.854895 376.794919 6
525.848586 376.794919 6
523.835969 376.794919 6
522.829660 376.794919 6
521.823351 376.794919 6
520.817042 376.794919 6
518.804424 376.794919 6
517.798115 376.794919 6
516.791806 376.794919 6
514.779189 376.794919 6
513.772880 376.794919 6
512.766571 376.794919 6
511.760262 376.794919 6
510.753953 376.794919 6
508.741335 376.794919 6
507.735027 376.794919 6
504.716100 376.794919 6
503.709791 376.794919 6
499.684555 376.794919 6
498.678247 376.794919 6
497.671938 376.794919 6
495.659320 376.794919 6
494.653011 376.794919 6
493.646702 376.794919 6
492.640393 376.794919 6
490.627776 376.794919 6
489.621467 376.794919 6
486.602540 376.794919 6
486.602540 376.794919 5
488.112003 379.409386 5
488.615158 380.280875 5
489.118312 381.152364 5
491.130930 384.638321 5
491.634085 385.509810 5
492.137239 386.381299 5
492.640393 387.252788 5
494.653011 390.738744 5
495.659320 392.481722 5
496.162475 393.353211 5
496.665629 394.224700 5
497.168784 395.096190 5
498.175092 396.839168 5
498.678247 397.710657 5
499.684556 399.453635 5
500.690865 401.196613 5
501.194019 402.068102 5
501.697174 402.939591 5
502.703482 404.682569 5
503.206637 405.554058 5
504.212946 407.297036 5
505.219255 409.040015 5
506.225564 410.782993 5
506.728718 411.654482 5
507.735027 413.397460 5
505.223323 417.747859 4
504.720982 418.617939 4
503.213959 421.228179 4
502.711618 422.098259 4
501.204596 424.708498 4
500.199914 426.448658 4
498.190551 429.928978 4
496.181187 433.409297 4
494.171824 436.889617 4
491.660120 441.240016 4
490.153097 443.850256 4
488.143734 447.330575 4
487.641393 448.200655 4
486.636711 449.940815 4
483.120325 456.031374 4
482.115643 457.771534 4
481.110962 459.511693 4
480.608621 460.381773 4
478.599257 463.862093 4
478.096917 464.732172 4
475.585212 469.082572 4
470.059463 478.653450 4
469.557122 479.523530 4
467.547759 483.003850 4
466.543077 484.744010 4
465.538395 486.484169 4
464.533714 488.224329 4
462.524350 491.704649 4
462.022009 492.574728 4
461.519668 493.444808 4
457.500942 500.405447 4
456.998601 501.275527 4
452.979874 508.236166 4
451.975192 509.976326 4
449.463488 514.326725 4
448.458806 516.066885 4
446.449443 519.547204 4
445.444761 521.287364 4
444.942420 522.157444 4
443.937739 523.897604 4
443.435398 524.767684 4
440.421353 529.988163 4
437.909648 534.338562 4
436.904967 536.078722 4
433.890922 541.299201 4
433.388581 542.169281 4
432.886240 543.039361 4
432.383899 543.909441 4
431.881558 544.779521 4
430.374536 547.389760 4
429.872195 548.259840 4
429.369854 549.129920 4
427.862831 550.000000 3
424.848786 550.000000 3
413.797288 550.000000 3
404.755152 550.000000 3
401.741107 550.000000 3
395.713017 550.000000 3
391.694290 550.000000 3
390.689609 550.000000 3
389.684927 550.000000 3
379.638110 550.000000 3
376.624065 550.000000 3
374.614702 550.000000 3
369.591293 550.000000 3
367.581930 550.000000 3
362.558521 550.000000 3
361.553839 550.000000 3
360.549158 550.000000 3
359.544476 550.000000 3
358.539794 550.000000 3
353.516386 550.000000 3
351.507023 550.000000 3
348.492977 550.000000 3
337.441479 550.000000 3
333.422752 550.000000 3
331.413389 550.000000 3
319.357208 550.000000 3
316.343163 550.000000 3
315.338482 550.000000 3
314.333800 550.000000 3
311.319755 550.000000 3
307.301028 550.000000 3
304.286983 550.000000 3
302.277620 550.000000 3
295.244848 550.000000 3
292.230803 550.000000 3
290.221439 550.000000 3
289.216757 550.000000 3
286.202712 550.000000 3
285.198031 550.000000 3
280.174622 550.000000 3
278.165259 550.000000 3
271.132487 550.000000 3
270.126178 548.257022 2
269.623024 547.385533 2
269.119869 546.514044 2
268.616715 545.642555 2
268.113560 544.771066 2
267.107251 543.028088 2
266.604097 542.156599 2
266.100942 541.285110 2
265.597788 540.413620 2
265.094634 539.542131 2
264.088325 537.799153 2
263.585170 536.927664 2
263.082016 536.056175 2
262.578861 535.184686 2
261.572552 533.441708 2
261.069398 532.570219 2
260.566244 531.698730 2
260.063089 530.827241 2
259.559935 529.955752 2
259.056780 529.084263 2
258.553626 528.212774 2
258.050471 527.341285 2
257.547317 526.469796 2
257.044162 525.598307 2
255.534699 522.983840 2
253.522081 519.497883 2
253.018927 518.626394 2
252.515772 517.754905 2
252.012618 516.883416 2
251.509463 516.011927 2
251.006309 515.140438 2
250.503154 514.268949 2
250.000000 513.397460 1
248.490537 516.011927 1
247.987382 516.883416 1
247.484228 517.754905 1
246.981073 518.626394 1
246.477919 519.497883 1
245.974764 520.369372 1
243.962147 523.855329 1
243.458992 524.726818 1
242.955838 525.598307 1
241.949529 527.341285 1
240.943220 529.084263 1
240.440065 529.955752 1
239.936911 530.827241 1
239.433757 531.698730 1
238.930602 532.570219 1
237.924293 534.313197 1
237.421139 535.184686 1
236.917984 536.056175 1
235.911675 537.799153 1
235.408521 538.670642 1
234.402212 540.413620 1
233.899058 541.285110 1
232.892749 543.028088 1
232.389594 543.899577 1
231.383285 545.642555 1
230.880131 546.514044 1
230.376976 547.385533 1
229.873822 548.257022 1
229.370667 549.128511 1
228.867513 550.000000 1
228.867513 550.000000 0
225.847181 550.000000 0
224.840403 550.000000 0
223.833626 550.000000 0
217.792961 550.000000 0
214.772629 550.000000 0
208.731964 550.000000 0
192.623525 550.000000 0
191.616748 550.000000 0
189.603193 550.000000 0
188.596415 550.000000 0
185.576083 550.000000 0
183.562528 550.000000 0
181.548973 550.000000 0
177.521863 550.000000 0
170.474421 550.000000 0
168.460866 550.000000 0
162.420202 550.000000 0
160.406647 550.000000 0
158.393092 550.000000 0
154.365982 550.000000 0
151.345650 550.000000 0
142.284653 550.000000 0
141.277875 550.000000 0
135.237211 550.000000 0
134.230433 550.000000 0
130.203323 550.000000 0
129.196546 550.000000 0
125.169436 550.000000 0
123.155881 550.000000 0
116.108439 550.000000 0
114.094884 550.000000 0
113.088107 550.000000 0
112.081329 550.000000 0
108.054220 550.000000 0
103.020332 550.000000 0
