980
103.001467 450.000000 20
114.006844 450.000000 20
115.007333 450.000000 20
116.007822 450.000000 20
119.009289 450.000000 20
121.010267 450.000000 20
127.013200 450.000000 20
135.017111 450.000000 20
138.018578 450.000000 20
149.023955 450.000000 20
155.026889 450.000000 20
161.029822 450.000000 20
162.030311 450.000000 20
163.030800 450.000000 20
166.032266 450.000000 20
173.035688 450.000000 20
179.038622 450.000000 20
180.039111 450.000000 20
191.044488 450.000000 20
192.044977 450.000000 20
199.048399 450.000000 20
205.051333 450.000000 20
207.052310 450.000000 20
216.056710 450.000000 20
231.064044 450.000000 20
238.067466 450.000000 20
240.068443 450.000000 20
260.078221 450.000000 20
271.083599 450.000000 20
275.085554 450.000000 20
296.095821 450.000000 20
305.100221 450.000000 20
306.100710 450.000000 20
307.101199 450.000000 20
315.105110 450.000000 20
316.105598 450.000000 20
321.108043 450.000000 20
322.108532 450.000000 20
324.109510 450.000000 20
329.111954 450.000000 20
333.113909 450.000000 20
339.116843 450.000000 20
341.117821 450.000000 20
344.119287 450.000000 20
346.120265 450.000000 20
349.121732 450.000000 20
353.123687 450.000000 20
369.131509 450.000000 20
371.132487 450.000000 19
371.635641 449.128511 19
372.138796 448.257022 19
373.648259 445.642555 19
374.151414 444.771066 19
374.654568 443.899577 19
375.157722 443.028088 19
375.660877 442.156599 19
376.164031 441.285110 19
376.667186 440.413620 19
377.170340 439.542131 19
377.673495 438.670642 19
378.176649 437.799153 19
378.679803 436.927664 19
379.182958 436.056175 19
379.686112 435.184686 19
380.692421 433.441708 19
381.195576 432.570219 19
381.698730 431.698730 19
382.201884 430.827241 19
382.705039 429.955752 19
383.208193 429.084263 19
384.717657 426.469796 19
385.220811 425.598307 19
385.723965 424.726818 19
386.227120 423.855329 19
386.730274 422.983840 19
387.233429 422.112350 19
387.736583 421.240861 19
388.239738 420.369372 19
388.742892 419.497883 19
389.246046 418.626394 19
389.749201 417.754905 19
390.755510 416.011927 19
392.264973 413.397460 19
387.743905 405.566741 18
387.241565 404.696661 18
386.739224 403.826581 18
385.734542 402.086422 18
384.729860 400.346262 18
383.725179 398.606102 18
381.213474 394.255703 18
380.711134 393.385623 18
380.208793 392.515543 18
378.199429 389.035223 18
377.697088 388.165144 18
376.692407 386.424984 18
376.190066 385.554904 18
374.180703 382.074584 18
369.659635 374.243865 18
366.143249 368.153306 18
364.636226 365.543067 18
364.133886 364.672987 18
361.119840 359.452508 18
359.612818 356.842268 18
359.110477 355.972188 18
358.608136 355.102108 18
358.105795 354.232028 18
357.603455 353.361948 18
356.598773 351.621789 18
355.091750 349.011549 18
353.082387 345.531229 18
352.077705 343.791070 18
350.570683 341.180830 18
348.561319 337.700511 18
348.058978 336.830431 18
347.556638 335.960351 18
347.054297 335.090271 18
346.551956 334.220191 18
346.049615 333.350111 18
345.547274 332.480031 18
344.542593 330.739871 18
343.537911 328.999712 18
342.533229 327.259552 18
342.030888 326.389472 18
339.519184 322.039073 18
338.012162 319.428833 18
337.509821 318.558753 18
337.007480 317.688673 18
336.002798 315.948514 18
335.500457 315.078434 18
333.993435 312.468194 18
333.491094 311.598114 18
332.988753 310.728034 18
330.477049 306.377635 18
329.472367 304.637475 18
327.463004 301.157156 18
326.960663 300.287076 18
325.453640 297.676836 18
324.951299 296.806756 18
323.946618 295.066596 18
320.430232 288.976037 18
317.918528 284.625638 18
317.416187 283.755558 18
316.411505 282.015398 18
315.909164 281.145318 18
314.904483 279.405159 18
314.402142 278.535079 18
314.402142 276.794919 17
315.406823 276.794919 17
326.458322 276.794919 17
328.467686 276.794919 17
331.481731 276.794919 17
334.495776 276.794919 17
342.533229 276.794919 17
343.537911 276.794919 17
346.551956 276.794919 17
348.561320 276.794919 17
357.603455 276.794919 17
362.626863 276.794919 17
365.640908 276.794919 17
369.659635 276.794919 17
371.668999 276.794919 17
372.673680 276.794919 17
376.692407 276.794919 17
377.697089 276.794919 17
378.701771 276.794919 17
379.706452 276.794919 17
380.711134 276.794919 17
384.729861 276.794919 17
385.734542 276.794919 17
387.743906 276.794919 17
390.757951 276.794919 17
392.767314 276.794919 17
394.776678 276.794919 17
395.781359 276.794919 17
398.795405 276.794919 17
405.828176 276.794919 17
408.842222 276.794919 17
414.870312 276.794919 17
416.879675 276.794919 17
419.893720 276.794919 17
420.898402 276.794919 17
423.912447 276.794919 17
424.917129 276.794919 17
425.921810 276.794919 17
426.926492 276.794919 17
428.935856 276.794919 17
432.954582 276.794919 17
437.977991 276.794919 17
439.987354 276.794919 17
446.015444 276.794919 17
450.034171 276.794919 17
451.038853 276.794919 17
455.057580 276.794919 17
457.066943 276.794919 17
471.634828 275.924839 16
472.639510 274.184679 16
474.648873 270.704360 16
475.653555 268.964200 16
476.155895 268.094120 16
477.662918 265.483881 16
482.183986 257.653162 16
484.695690 253.302762 16
485.198031 252.432683 16
485.700372 251.562603 16
486.202712 250.692523 16
486.705053 249.822443 16
489.719098 244.601964 16
491.728462 241.121644 16
492.230803 240.251564 16
495.747189 234.161005 16
496.249529 233.290925 16
496.751870 232.420845 16
497.756552 230.680686 16
498.258893 229.810606 16
500.770597 225.460207 16
504.789324 218.499568 16
507.301028 214.149168 16
509.812732 209.798769 16
510.315073 208.928689 16
511.319755 207.188529 16
512.324436 205.448369 16
517.850186 195.877491 16
518.854867 194.137331 16
523.375935 186.306612 16
523.878276 185.436532 16
525.887639 181.956213 16
526.389980 181.086133 16
528.399344 177.605814 16
532.418070 170.645175 16
532.920411 169.775095 16
533.925093 168.034935 16
534.929775 166.294775 16
535.432115 165.424695 16
536.436797 163.684536 16
536.939138 162.814456 16
537.943820 161.074296 16
538.446161 160.204216 16
539.450842 158.464056 16
540.957865 155.853817 16
541.460206 154.983737 16
542.967228 152.373497 16
544.976592 148.893178 16
545.478932 148.023098 16
546.985955 145.412858 16
547.990637 143.672698 16
548.995318 141.932539 16
550.000000 140.192379 16
552.009363 143.672698 15
553.516386 146.282938 15
554.521068 148.023098 15
555.525749 149.763258 15
556.028090 150.633337 15
556.530431 151.503417 15
557.032772 152.373497 15
560.046817 157.593976 15
560.549158 158.464056 15
561.051499 159.334136 15
561.553839 160.204216 15
563.060862 162.814456 15
566.074907 168.034935 15
567.079589 169.775095 15
567.581930 170.645175 15
568.084270 171.515254 15
570.093634 174.995574 15
570.595975 175.865654 15
571.600656 177.605814 15
572.102997 178.475893 15
572.605338 179.345973 15
573.107679 180.216053 15
574.112361 181.956213 15
576.624065 186.306612 15
578.131087 188.916852 15
580.140451 192.397171 15
581.145133 194.137331 15
585.666200 201.968050 15
586.670882 203.708210 15
587.675564 205.448369 15
588.177904 206.318449 15
588.680245 207.188529 15
589.182586 208.058609 15
592.698972 214.149168 15
593.703654 215.889328 15
594.708335 217.629488 15
596.215358 220.239727 15
597.722380 222.849967 15
598.224721 223.720047 15
599.229403 225.460207 15
599.731744 226.330286 15
602.745789 231.550766 15
603.248130 232.420845 15
605.257493 235.901165 15
607.266857 239.381484 15
608.271538 241.121644 15
610.783243 245.472044 15
612.792606 248.952363 15
614.299628 251.562603 15
617.816014 257.653162 15
618.318355 258.523242 15
619.825378 261.133481 15
622.337082 265.483881 15
623.844105 268.094120 15
624.346445 268.964200 15
625.351127 270.704360 15
626.858150 273.314600 15
627.862831 275.054759 15
628.365172 275.924839 15
631.881558 276.794919 14
632.886240 276.794919 14
634.895603 276.794919 14
637.909648 276.794919 14
640.923693 276.794919 14
641.928375 276.794919 14
642.933057 276.794919 14
643.937739 276.794919 14
646.951784 276.794919 14
648.961147 276.794919 14
651.975192 276.794919 14
659.007964 276.794919 14
662.022009 276.794919 14
664.031373 276.794919 14
670.059463 276.794919 14
678.096916 276.794919 14
684.125007 276.794919 14
685.129688 276.794919 14
686.134370 276.794919 14
690.153097 276.794919 14
691.157778 276.794919 14
692.162460 276.794919 14
701.204595 276.794919 14
703.213959 276.794919 14
706.228004 276.794919 14
707.232686 276.794919 14
709.242049 276.794919 14
718.284184 276.794919 14
719.288866 276.794919 14
720.293548 276.794919 14
730.340365 276.794919 14
736.368455 276.794919 14
741.391863 276.794919 14
744.405909 276.794919 14
745.410590 276.794919 14
747.419954 276.794919 14
750.433999 276.794919 14
751.438680 276.794919 14
752.443362 276.794919 14
753.448044 276.794919 14
757.466771 276.794919 14
759.476134 276.794919 14
761.485497 276.794919 14
763.494861 276.794919 14
769.522951 276.794919 14
770.527633 276.794919 14
777.560405 276.794919 14
778.565086 276.794919 14
779.569768 276.794919 14
782.583813 276.794919 14
784.593177 276.794919 14
785.597858 278.535079 13
783.086154 282.885478 13
782.583813 283.755558 13
780.574450 287.235878 13
778.565086 290.716197 13
777.058064 293.326437 13
775.551041 295.936676 13
773.039337 300.287076 13
772.536996 301.157156 13
772.034655 302.027235 13
771.532315 302.897315 13
771.029974 303.767395 13
770.025292 305.507555 13
769.522951 306.377635 13
769.020610 307.247715 13
768.015929 308.987875 13
767.011247 310.728034 13
765.504224 313.338274 13
764.499543 315.078434 13
763.997202 315.948514 13
760.480816 322.039073 13
758.973793 324.649312 13
757.969112 326.389472 13
756.462089 328.999712 13
755.959748 329.869792 13
752.945703 335.090271 13
751.438681 337.700511 13
749.429317 341.180830 13
747.922295 343.791070 13
745.912931 347.271389 13
745.410591 348.141469 13
744.405909 349.881629 13
741.391864 355.102108 13
737.875478 361.192667 13
737.373137 362.062747 13
736.368455 363.802907 13
735.363774 365.543067 13
734.861433 366.413147 13
732.349729 370.763546 13
731.847388 371.633626 13
728.833343 376.854105 13
725.819297 382.074584 13
725.316957 382.944664 13
724.814616 383.814744 13
723.809934 385.554904 13
721.800571 389.035223 13
720.293548 391.645463 13
718.284185 395.125783 13
715.772481 399.476182 13
713.763117 402.956501 13
713.260776 403.826581 13
707.735027 413.397460 12
708.741336 415.140438 12
709.747645 416.883416 12
710.250799 417.754905 12
710.753954 418.626394 12
711.257108 419.497883 12
711.760262 420.369372 12
712.263417 421.240861 12
712.766571 422.112350 12
713.269726 422.983840 12
714.779189 425.598307 12
715.282343 426.469796 12
715.785498 427.341285 12
716.288652 428.212774 12
716.791807 429.084263 12
717.294961 429.955752 12
717.798116 430.827241 12
718.301270 431.698730 12
718.804424 432.570219 12
719.307579 433.441708 12
720.313888 435.184686 12
720.817042 436.056175 12
721.320197 436.927664 12
721.823351 437.799153 12
722.326505 438.670642 12
722.829660 439.542131 12
723.332814 440.413620 12
723.835969 441.285110 12
724.339123 442.156599 12
724.842278 443.028088 12
725.345432 443.899577 12
725.848586 444.771066 12
726.351741 445.642555 12
726.854895 446.514044 12
728.867513 450.000000 12
728.867513 450.000000 11
729.868002 450.000000 11
733.869957 450.000000 11
738.872402 450.000000 11
739.872891 450.000000 11
740.873380 450.000000 11
742.874357 450.000000 11
755.880713 450.000000 11
767.886579 450.000000 11
780.892935 450.000000 11
785.895379 450.000000 11
796.900757 450.000000 11
799.902224 450.000000 11
800.902712 450.000000 11
801.903201 450.000000 11
809.907112 450.000000 11
811.908090 450.000000 11
815.910046 450.000000 11
817.911023 450.000000 11
819.912001 450.000000 11
820.912490 450.000000 11
834.919334 450.000000 11
839.921779 450.000000 11
840.922268 450.000000 11
852.928134 450.000000 11
865.934490 450.000000 11
868.935956 450.000000 11
873.938401 450.000000 11
876.939868 450.000000 11
880.941823 450.000000 11
893.948179 450.000000 11
897.950134 450.000000 11
898.950623 450.000000 11
905.954045 450.000000 11
908.955512 450.000000 11
924.963334 450.000000 11
926.964312 450.000000 11
927.964801 450.000000 11
931.966756 450.000000 11
933.967734 450.000000 11
934.968223 450.000000 11
949.975556 450.000000 11
950.976045 450.000000 11
956.978978 450.000000 11
961.981422 450.000000 11
968.984845 450.000000 11
970.985822 450.000000 11
975.988267 450.000000 11
983.992178 450.000000 11
992.996578 450.000000 11
996.998533 450.000000 11
1000.000000 451.000000 10
1000.000000 453.000000 10
1000.000000 455.000000 10
1000.000000 456.000000 10
1000.000000 457.000000 10
1000.000000 458.000000 10
1000.000000 459.000000 10
1000.000000 460.000000 10
1000.000000 461.000000 10
1000.000000 462.000000 10
1000.000000 463.000000 10
1000.000000 465.000000 10
1000.000000 466.000000 10
1000.000000 467.000000 10
1000.000000 469.000000 10
1000.000000 472.000000 10
1000.000000 475.000000 10
1000.000000 477.000000 10
1000.000000 478.000000 10
1000.000000 479.000000 10
1000.000000 483.000000 10
1000.000000 484.000000 10
1000.000000 485.000000 10
1000.000000 486.000000 10
1000.000000 488.000000 10
1000.000000 490.000000 10
1000.000000 493.000000 10
1000.000000 494.000000 10
1000.000000 498.000000 10
1000.000000 502.000000 10
1000.000000 504.000000 10
1000.000000 508.000000 10
1000.000000 509.000000 10
1000.000000 510.000000 10
1000.000000 511.000000 10
1000.000000 512.000000 10
1000.000000 513.000000 10
1000.000000 514.000000 10
1000.000000 515.000000 10
1000.000000 516.000000 10
1000.000000 517.000000 10
1000.000000 520.000000 10
1000.000000 521.000000 10
1000.000000 522.000000 10
1000.000000 523.000000 10
1000.000000 525.000000 10
1000.000000 526.000000 10
1000.000000 527.000000 10
1000.000000 529.000000 10
1000.000000 532.000000 10
1000.000000 534.000000 10
1000.000000 538.000000 10
1000.000000 542.000000 10
1000.000000 543.000000 10
1000.000000 544.000000 10
1000.000000 545.000000 10
1000.000000 547.000000 10
1000.000000 548.000000 10
1000.000000 549.000000 10
994.986776 550.000000 9
992.981486 550.000000 9
990.976196 550.000000 9
977.941813 550.000000 9
972.928589 550.000000 9
971.925944 550.000000 9
961.899495 550.000000 9
960.896851 550.000000 9
959.894206 550.000000 9
941.846598 550.000000 9
935.830729 550.000000 9
934.828084 550.000000 9
915.777832 550.000000 9
914.775187 550.000000 9
910.764608 550.000000 9
907.756673 550.000000 9
903.746094 550.000000 9
901.740804 550.000000 9
893.719645 550.000000 9
885.698486 550.000000 9
884.695841 550.000000 9
879.682617 550.000000 9
869.656169 550.000000 9
867.650879 550.000000 9
865.645589 550.000000 9
855.619141 550.000000 9
854.616496 550.000000 9
853.613851 550.000000 9
852.611206 550.000000 9
849.603271 550.000000 9
848.600627 550.000000 9
847.597982 550.000000 9
845.592692 550.000000 9
843.587402 550.000000 9
840.579468 550.000000 9
836.568888 550.000000 9
823.534505 550.000000 9
816.515991 550.000000 9
813.508057 550.000000 9
807.492188 550.000000 9
805.486898 550.000000 9
804.484253 550.000000 9
803.481608 550.000000 9
800.473674 550.000000 9
796.463094 550.000000 9
795.460449 550.000000 9
792.452515 550.000000 9
782.426066 550.000000 9
774.404907 550.000000 9
773.402262 550.000000 9
772.399618 550.000000 9
763.375814 550.000000 9
759.365234 550.000000 9
752.346720 550.000000 9
749.338786 550.000000 9
748.336141 550.000000 9
747.333496 550.000000 9
743.322917 550.000000 9
742.320272 550.000000 9
740.314982 550.000000 9
738.309692 550.000000 9
727.280599 550.000000 9
714.246216 550.000000 9
702.214478 550.000000 9
696.198608 550.000000 9
680.156291 550.000000 9
678.151001 550.000000 9
671.132487 550.000000 8
669.625464 547.389760 8
668.620783 545.649601 8
668.118442 544.779521 8
665.606738 540.429121 8
665.104397 539.559042 8
664.602056 538.688962 8
663.095033 536.078722 8
661.085670 532.598403 8
658.071625 527.377923 8
657.569284 526.507843 8
656.062261 523.897604 8
655.057580 522.157444 8
653.048216 518.677125 8
649.531830 512.586565 8
648.527149 510.846406 8
648.024808 509.976326 8
643.001399 501.275527 8
641.494377 498.665288 8
640.992036 497.795208 8
639.987354 496.055048 8
639.485013 495.184968 8
633.959264 485.614089 8
633.456923 484.744010 8
630.945219 480.393610 8
622.405424 465.602252 8
621.400743 463.862093 8
620.396061 462.121933 8
619.893720 461.251853 8
619.391379 460.381773 8
618.889038 459.511693 8
618.386697 458.641613 8
617.382016 456.901454 8
613.363289 449.940815 8
612.358607 448.200655 8
610.349244 444.720335 8
609.846903 443.850256 8
609.344562 442.980176 8
608.339880 441.240016 8
606.832858 438.629776 8
602.311790 430.799057 8
599.297745 425.578578 8
598.293063 423.838418 8
592.264973 413.397460 8
592.264973 413.397460 7
592.768127 412.525971 7
593.271282 411.654482 7
593.774436 410.782993 7
594.780745 409.040015 7
595.283900 408.168526 7
596.290209 406.425547 7
596.793363 405.554058 7
597.296518 404.682569 7
597.799672 403.811080 7
598.805981 402.068102 7
599.309135 401.196613 7
600.315444 399.453635 7
600.818599 398.582146 7
601.321753 397.710657 7
601.824908 396.839168 7
603.334371 394.224700 7
603.837525 393.353211 7
604.340680 392.481722 7
604.843834 391.610233 7
605.346989 390.738744 7
605.850143 389.867255 7
606.353298 388.995766 7
606.856452 388.124277 7
607.359607 387.252788 7
607.862761 386.381299 7
608.365915 385.509810 7
608.869070 384.638321 7
609.372224 383.766832 7
609.875379 382.895342 7
612.391151 378.537897 7
612.894306 377.666408 7
613.397460 376.794919 6
611.384842 376.794919 6
610.378533 376.794919 6
609.372224 376.794919 6
608.365916 376.794919 6
607.359607 376.794919 6
606.353298 376.794919 6
605.346989 376.794919 6
604.340680 376.794919 6
603.334371 376.794919 6
602.328062 376.794919 6
600.315445 376.794919 6
599.309136 376.794919 6
598.302827 376.794919 6
597.296518 376.794919 6
596.290209 376.794919 6
595.283900 376.794919 6
594.277591 376.794919 6
593.271282 376.794919 6
592.264973 376.794919 6
591.258665 376.794919 6
589.246047 376.794919 6
588.239738 376.794919 6
587.233429 376.794919 6
586.227120 376.794919 6
585.220811 376.794919 6
584.214502 376.794919 6
580.189267 376.794919 6
579.182958 376.794919 6
577.170340 376.794919 6
576.164031 376.794919 6
574.151414 376.794919 6
572.138796 376.794919 6
571.132487 376.794919 6
571.132487 376.794919 5
570.629333 375.923430 5
569.623024 374.180452 5
569.119869 373.308963 5
568.616715 372.437474 5
568.113560 371.565985 5
567.610406 370.694496 5
567.107251 369.823007 5
566.604097 368.951518 5
566.100942 368.080029 5
565.094634 366.337050 5
564.591479 365.465561 5
563.585170 363.722583 5
563.082016 362.851094 5
561.572552 360.236627 5
561.069398 359.365138 5
560.566243 358.493649 5
560.063089 357.622160 5
559.559935 356.750671 5
559.056780 355.879182 5
558.553626 355.007693 5
558.050471 354.136204 5
557.547317 353.264715 5
557.044162 352.393226 5
556.037853 350.650248 5
555.534699 349.778759 5
555.031545 348.907269 5
554.528390 348.035780 5
554.025236 347.164291 5
553.522081 346.292802 5
553.018927 345.421313 5
552.515772 344.549824 5
552.012618 343.678335 5
551.509463 342.806846 5
551.006309 341.935357 5
550.000000 340.192379 5
550.000000 340.192379 4
549.496846 341.063868 4
548.993691 341.935357 4
548.490537 342.806846 4
547.987382 343.678335 4
547.484228 344.549824 4
546.477919 346.292802 4
545.974764 347.164291 4
545.471610 348.035780 4
544.465301 349.778759 4
543.458992 351.521737 4
541.949529 354.136204 4
541.446374 355.007693 4
540.943220 355.879182 4
540.440065 356.750671 4
539.936911 357.622160 4
539.433757 358.493649 4
538.930602 359.365138 4
537.924293 361.108116 4
537.421139 361.979605 4
536.917984 362.851094 4
536.414830 363.722583 4
535.408521 365.465561 4
534.905366 366.337050 4
534.402212 367.208539 4
533.899058 368.080029 4
533.395903 368.951518 4
532.892749 369.823007 4
532.389594 370.694496 4
531.383285 372.437474 4
530.880131 373.308963 4
530.376976 374.180452 4
529.873822 375.051941 4
528.867513 376.794919 4
528.867513 376.794919 3
527.861204 376.794919 3
526.854895 376.794919 3
525.848586 376.794919 3
523.835969 376.794919 3
522.829660 376.794919 3
520.817042 376.794919 3
518.804424 376.794919 3
517.798115 376.794919 3
516.791806 376.794919 3
515.785498 376.794919 3
514.779189 376.794919 3
512.766571 376.794919 3
511.760262 376.794919 3
510.753953 376.794919 3
509.747644 376.794919 3
508.741335 376.794919 3
506.728718 376.794919 3
505.722409 376.794919 3
504.716100 376.794919 3
503.709791 376.794919 3
502.703482 376.794919 3
501.697173 376.794919 3
499.684555 376.794919 3
498.678247 376.794919 3
497.671938 376.794919 3
496.665629 376.794919 3
494.653011 376.794919 3
493.646702 376.794919 3
492.640393 376.794919 3
491.634084 376.794919 3
490.627776 376.794919 3
489.621467 376.794919 3
488.615158 376.794919 3
487.608849 376.794919 3
486.602540 376.794919 3
486.602540 376.794919 2
487.105694 377.666408 2
487.608849 378.537897 2
488.112003 379.409386 2
488.615158 380.280875 2
489.621467 382.023853 2
490.124621 382.895342 2
491.130930 384.638321 2
491.634085 385.509810 2
492.137239 386.381299 2
493.143548 388.124277 2
493.646702 388.995766 2
494.149857 389.867255 2
495.156166 391.610233 2
496.162475 393.353211 2
496.665629 394.224700 2
497.168784 395.096190 2
497.671938 395.967679 2
498.175092 396.839168 2
498.678247 397.710657 2
499.181401 398.582146 2
499.684556 399.453635 2
500.690865 401.196613 2
501.194019 402.068102 2
502.200328 403.811080 2
502.703482 404.682569 2
503.206637 405.554058 2
503.709791 406.425547 2
504.716100 408.168526 2
505.219255 409.040015 2
505.722409 409.911504 2
506.225564 410.782993 2
506.728718 411.654482 2
507.231873 412.525971 2
505.223323 417.747859 1
503.213959 421.228179 1
502.711618 422.098259 1
502.209278 422.968339 1
501.204596 424.708498 1
500.702255 425.578578 1
499.195232 428.188818 1
498.190551 429.928978 1
493.669483 437.759696 1
492.664801 439.499856 1
491.660120 441.240016 1
491.157779 442.110096 1
489.148415 445.590415 1
488.143734 447.330575 1
487.139052 449.070735 1
482.617984 456.901454 1
482.115643 457.771534 1
479.603939 462.121933 1
479.101598 462.992013 1
478.599257 463.862093 1
477.092235 466.472332 1
476.589894 467.342412 1
476.087553 468.212492 1
474.580531 470.822732 1
472.571167 474.303051 1
471.566486 476.043211 1
471.064145 476.913291 1
469.557122 479.523530 1
469.054781 480.393610 1
468.552440 481.263690 1
467.547759 483.003850 1
467.045418 483.873930 1
466.543077 484.744010 1
466.040736 485.614089 1
465.036054 487.354249 1
464.031373 489.094409 1
463.529032 489.964489 1
463.026691 490.834569 1
462.524350 491.704649 1
460.514987 495.184968 1
459.510305 496.925128 1
457.500942 500.405447 1
456.998601 501.275527 1
452.477533 509.106246 1
451.472851 510.846406 1
444.440079 523.027524 1
441.426034 528.248003 1
439.416671 531.728323 1
437.407308 535.208642 1
436.904967 536.078722 1
434.895603 539.559042 1
433.388581 542.169281 1
430.374536 547.389760 1
428.867513 550.000000 1
428.867513 550.000000 0
421.848999 550.000000 0
420.846354 550.000000 0
417.838420 550.000000 0
413.827840 550.000000 0
412.825195 550.000000 0
409.817261 550.000000 0
404.804036 550.000000 0
403.801392 550.000000 0
394.777588 550.000000 0
375.727336 550.000000 0
364.698242 550.000000 0
361.690308 550.000000 0
357.679728 550.000000 0
356.677083 550.000000 0
342.640055 550.000000 0
332.613607 550.000000 0
324.592448 550.000000 0
322.587158 550.000000 0
312.560710 550.000000 0
306.544840 550.000000 0
302.534261 550.000000 0
298.523682 550.000000 0
294.513102 550.000000 0
281.478719 550.000000 0
250.396729 550.000000 0
249.394084 550.000000 0
244.380859 550.000000 0
237.362345 550.000000 0
236.359701 550.000000 0
228.338542 550.000000 0
219.314738 550.000000 0
217.309448 550.000000 0
204.275065 550.000000 0
201.267131 550.000000 0
200.264486 550.000000 0
199.261841 550.000000 0
192.243327 550.000000 0
186.227458 550.000000 0
183.219523 550.000000 0
181.214233 550.000000 0
168.179850 550.000000 0
160.158691 550.000000 0
153.140177 550.000000 0
148.126953 550.000000 0
146.121663 550.000000 0
144.116374 550.000000 0
141.108439 550.000000 0
139.103149 550.000000 0
136.095215 550.000000 0
129.076701 550.000000 0
125.066121 550.000000 0
124.063477 550.000000 0
119.050252 550.000000 0
118.047607 550.000000 0
108.021159 550.000000 0
