1050
101.000489 450.000000 20
106.002933 450.000000 20
107.003422 450.000000 20
108.003911 450.000000 20
109.004400 450.000000 20
115.007333 450.000000 20
116.007822 450.000000 20
119.009289 450.000000 20
121.010267 450.000000 20
122.010755 450.000000 20
127.013200 450.000000 20
129.014178 450.000000 20
136.017600 450.000000 20
137.018089 450.000000 20
140.019555 450.000000 20
150.024444 450.000000 20
155.026889 450.000000 20
158.028355 450.000000 20
162.030311 450.000000 20
180.039111 450.000000 20
181.039599 450.000000 20
189.043510 450.000000 20
197.047422 450.000000 20
209.053288 450.000000 20
211.054266 450.000000 20
214.055733 450.000000 20
216.056710 450.000000 20
219.058177 450.000000 20
228.062577 450.000000 20
230.063555 450.000000 20
238.067466 450.000000 20
241.068932 450.000000 20
245.070888 450.000000 20
248.072355 450.000000 20
250.073332 450.000000 20
251.073821 450.000000 20
252.074310 450.000000 20
255.075777 450.000000 20
257.076754 450.000000 20
258.077243 450.000000 20
262.079199 450.000000 20
266.081154 450.000000 20
267.081643 450.000000 20
268.082132 450.000000 20
270.083110 450.000000 20
277.086532 450.000000 20
281.088488 450.000000 20
283.089465 450.000000 20
292.093865 450.000000 20
293.094354 450.000000 20
295.095332 450.000000 20
297.096310 450.000000 20
310.102665 450.000000 20
314.104621 450.000000 20
316.105598 450.000000 20
320.107554 450.000000 20
325.109998 450.000000 20
335.114887 450.000000 20
336.115376 450.000000 20
338.116354 450.000000 20
339.116843 450.000000 20
342.118309 450.000000 20
344.119287 450.000000 20
349.121732 450.000000 20
351.122709 450.000000 20
355.124665 450.000000 20
358.126132 450.000000 20
366.130043 450.000000 20
367.130531 450.000000 20
371.132487 450.000000 20
371.635641 449.128511 19
372.138796 448.257022 19
372.641950 447.385533 19
373.145105 446.514044 19
373.648259 445.642555 19
374.151414 444.771066 19
374.654568 443.899577 19
375.157722 443.028088 19
375.660877 442.156599 19
376.667186 440.413620 19
377.170340 439.542131 19
377.673495 438.670642 19
378.176649 437.799153 19
378.679803 436.927664 19
379.182958 436.056175 19
380.189267 434.313197 19
380.692421 433.441708 19
381.195576 432.570219 19
382.201884 430.827241 19
382.705039 429.955752 19
383.208193 429.084263 19
383.711348 428.212774 19
384.214502 427.341285 19
384.717657 426.469796 19
385.220811 425.598307 19
385.723965 424.726818 19
386.227120 423.855329 19
386.730274 422.983840 19
387.233429 422.112350 19
387.736583 421.240861 19
388.239738 420.369372 19
388.742892 419.497883 19
389.246046 418.626394 19
389.749201 417.754905 19
390.252355 416.883416 19
390.755510 416.011927 19
391.258664 415.140438 19
392.264973 413.397460 19
389.250928 408.176981 18
387.743905 405.566741 18
387.241565 404.696661 18
386.236883 402.956501 18
384.729860 400.346262 18
383.725179 398.606102 18
382.720497 396.865942 18
381.715815 395.125783 18
380.711134 393.385623 18
380.208793 392.515543 18
378.701770 389.905303 18
378.199429 389.035223 18
376.190066 385.554904 18
375.185384 383.814744 18
373.678362 381.204504 18
372.673680 379.464345 18
372.171339 378.594265 18
371.166657 376.854105 18
370.161976 375.113945 18
368.152612 371.633626 18
363.631545 363.802907 18
363.129204 362.932827 18
362.626863 362.062747 18
362.124522 361.192667 18
361.119840 359.452508 18
358.105795 354.232028 18
357.603455 353.361948 18
354.589409 348.141469 18
354.087069 347.271389 18
353.584728 346.401309 18
352.077705 343.791070 18
351.575364 342.920990 18
351.073024 342.050910 18
348.561319 337.700511 18
348.058978 336.830431 18
346.551956 334.220191 18
345.547274 332.480031 18
345.044933 331.609951 18
344.542593 330.739871 18
344.040252 329.869792 18
343.035570 328.129632 18
338.514502 320.298913 18
337.007480 317.688673 18
334.495776 313.338274 18
331.481730 308.117795 18
330.477049 306.377635 18
329.974708 305.507555 18
328.970026 303.767395 18
327.965345 302.027235 18
327.463004 301.157156 18
326.960663 300.287076 18
325.955981 298.546916 18
324.448959 295.936676 18
323.946618 295.066596 18
322.941936 293.326437 18
321.937254 291.586277 18
320.932573 289.846117 18
318.923209 286.365798 18
318.420868 285.495718 18
315.909164 281.145318 18
316.411505 276.794919 17
317.416187 276.794919 17
319.425550 276.794919 17
324.448959 276.794919 17
325.453640 276.794919 17
327.463004 276.794919 17
328.467686 276.794919 17
329.472367 276.794919 17
330.477049 276.794919 17
331.481731 276.794919 17
335.500457 276.794919 17
339.519184 276.794919 17
342.533229 276.794919 17
348.561320 276.794919 17
356.598773 276.794919 17
358.608137 276.794919 17
362.626863 276.794919 17
368.654954 276.794919 17
369.659635 276.794919 17
372.673680 276.794919 17
384.729861 276.794919 17
386.739224 276.794919 17
388.748588 276.794919 17
394.776678 276.794919 17
395.781359 276.794919 17
397.790723 276.794919 17
398.795405 276.794919 17
404.823495 276.794919 17
406.832858 276.794919 17
407.837540 276.794919 17
408.842222 276.794919 17
410.851585 276.794919 17
414.870312 276.794919 17
415.874993 276.794919 17
422.907765 276.794919 17
423.912447 276.794919 17
424.917129 276.794919 17
431.949901 276.794919 17
434.963946 276.794919 17
445.010763 276.794919 17
446.015444 276.794919 17
449.029490 276.794919 17
452.043535 276.794919 17
455.057580 276.794919 17
456.062261 276.794919 17
458.071625 276.794919 17
459.076307 276.794919 17
461.085670 276.794919 17
462.090352 276.794919 17
463.095033 276.794919 17
466.109078 276.794919 17
467.113760 276.794919 17
469.123124 276.794919 17
472.137169 275.054759 16
473.141850 273.314600 16
475.653555 268.964200 16
478.165259 264.613801 16
480.676963 260.263401 16
482.686326 256.783082 16
485.700372 251.562603 16
487.207394 248.952363 16
488.714417 246.342123 16
490.221439 243.731884 16
490.723780 242.861804 16
492.230803 240.251564 16
492.733143 239.381484 16
494.742507 235.901165 16
496.249529 233.290925 16
496.751870 232.420845 16
497.254211 231.550766 16
498.258893 229.810606 16
499.263574 228.070446 16
500.268256 226.330286 16
501.272938 224.590127 16
501.775279 223.720047 16
502.277620 222.849967 16
503.784642 220.239727 16
505.794005 216.759408 16
506.798687 215.019248 16
507.803369 213.279088 16
508.305710 212.409008 16
509.310391 210.668849 16
509.812732 209.798769 16
512.826777 204.578290 16
513.831459 202.838130 16
514.836141 201.097970 16
515.338482 200.227890 16
517.347845 196.747571 16
518.352527 195.007411 16
518.854867 194.137331 16
520.864231 190.657012 16
522.371253 188.046772 16
522.873594 187.176692 16
524.882958 183.696373 16
525.385298 182.826293 16
525.887639 181.956213 16
527.394662 179.345973 16
528.901684 176.735734 16
529.404025 175.865654 16
529.906366 174.995574 16
530.408707 174.125494 16
531.915730 171.515254 16
533.422752 168.905015 16
534.427434 167.164855 16
535.934456 164.554615 16
536.939138 162.814456 16
537.441479 161.944376 16
538.948501 159.334136 16
539.953183 157.593976 16
540.455524 156.723897 16
541.962546 154.113657 16
543.469569 151.503417 16
544.474251 149.763258 16
547.488296 144.542778 16
548.492977 142.802619 16
550.502341 141.062459 15
551.004682 141.932539 15
555.023408 148.893178 15
555.525749 149.763258 15
556.028090 150.633337 15
556.530431 151.503417 15
557.535113 153.243577 15
558.539794 154.983737 15
562.056180 161.074296 15
566.577248 168.905015 15
570.595975 175.865654 15
571.600656 177.605814 15
572.605338 179.345973 15
573.610020 181.086133 15
574.614702 182.826293 15
575.117042 183.696373 15
575.619383 184.566453 15
577.628747 188.046772 15
580.642792 193.267251 15
581.145133 194.137331 15
581.647473 195.007411 15
586.168541 202.838130 15
586.670882 203.708210 15
587.173223 204.578290 15
589.182586 208.058609 15
589.684927 208.928689 15
590.187268 209.798769 15
591.191949 211.538929 15
592.698972 214.149168 15
593.201313 215.019248 15
593.703654 215.889328 15
594.708335 217.629488 15
595.210676 218.499568 15
595.713017 219.369647 15
598.224721 223.720047 15
600.736426 228.070446 15
601.741107 229.810606 15
602.243448 230.680686 15
602.745789 231.550766 15
603.750471 233.290925 15
606.764516 238.511405 15
607.769197 240.251564 15
608.271538 241.121644 15
609.778561 243.731884 15
617.313674 256.783082 15
619.825378 261.133481 15
620.327719 262.003561 15
622.839423 266.353961 15
628.867513 276.794919 14
638.914330 276.794919 14
641.928375 276.794919 14
642.933057 276.794919 14
649.965829 276.794919 14
650.970510 276.794919 14
652.979874 276.794919 14
653.984556 276.794919 14
661.017327 276.794919 14
662.022009 276.794919 14
663.026691 276.794919 14
667.045418 276.794919 14
669.054781 276.794919 14
670.059463 276.794919 14
674.078190 276.794919 14
676.087553 276.794919 14
677.092235 276.794919 14
679.101598 276.794919 14
681.110961 276.794919 14
682.115643 276.794919 14
684.125007 276.794919 14
685.129688 276.794919 14
691.157778 276.794919 14
693.167142 276.794919 14
700.199914 276.794919 14
706.228004 276.794919 14
710.246731 276.794919 14
711.251412 276.794919 14
713.260776 276.794919 14
717.279503 276.794919 14
725.316956 276.794919 14
726.321638 276.794919 14
727.326320 276.794919 14
728.331001 276.794919 14
730.340365 276.794919 14
736.368455 276.794919 14
738.377818 276.794919 14
739.382500 276.794919 14
746.415272 276.794919 14
750.433999 276.794919 14
751.438680 276.794919 14
752.443362 276.794919 14
757.466771 276.794919 14
760.480816 276.794919 14
768.518269 276.794919 14
769.522951 276.794919 14
771.532314 276.794919 14
773.541678 276.794919 14
775.551041 276.794919 14
778.565086 276.794919 14
779.569768 276.794919 14
783.588495 276.794919 14
784.593177 276.794919 14
783.086154 282.885478 13
780.072109 288.105957 13
779.569768 288.976037 13
779.067427 289.846117 13
777.560405 292.456357 13
776.555723 294.196517 13
775.551041 295.936676 13
775.048701 296.806756 13
774.546360 297.676836 13
771.029974 303.767395 13
770.527633 304.637475 13
768.518270 308.117795 13
766.508906 311.598114 13
765.504224 313.338274 13
763.997202 315.948514 13
763.494861 316.818593 13
762.992520 317.688673 13
761.987838 319.428833 13
761.485498 320.298913 13
759.978475 322.909153 13
759.476134 323.779232 13
758.973793 324.649312 13
756.964430 328.129632 13
755.457407 330.739871 13
754.452726 332.480031 13
753.950385 333.350111 13
753.448044 334.220191 13
752.945703 335.090271 13
751.941022 336.830431 13
751.438681 337.700511 13
747.419954 344.661150 13
745.912931 347.271389 13
745.410591 348.141469 13
744.405909 349.881629 13
743.903568 350.751709 13
743.401227 351.621789 13
738.377819 360.322587 13
737.373137 362.062747 13
732.852069 369.893466 13
732.349729 370.763546 13
729.838024 375.113945 13
725.316957 382.944664 13
724.814616 383.814744 13
723.809934 385.554904 13
722.805252 387.295064 13
720.795889 390.775383 13
719.791207 392.515543 13
719.288866 393.385623 13
718.786526 394.255703 13
715.270140 400.346262 13
714.265458 402.086422 13
711.251413 407.306901 13
709.242050 410.787220 13
708.739709 411.657300 13
708.237368 412.527380 13
707.735027 413.397460 13
707.735027 413.397460 12
708.238181 414.268949 12
708.741336 415.140438 12
709.244490 416.011927 12
709.747645 416.883416 12
710.250799 417.754905 12
710.753954 418.626394 12
711.257108 419.497883 12
711.760262 420.369372 12
712.263417 421.240861 12
712.766571 422.112350 12
713.269726 422.983840 12
713.772880 423.855329 12
714.276035 424.726818 12
715.785498 427.341285 12
716.288652 428.212774 12
716.791807 429.084263 12
717.294961 429.955752 12
718.804424 432.570219 12
719.307579 433.441708 12
719.810733 434.313197 12
720.313888 435.184686 12
720.817042 436.056175 12
721.320197 436.927664 12
721.823351 437.799153 12
722.326505 438.670642 12
722.829660 439.542131 12
723.332814 440.413620 12
723.835969 441.285110 12
724.339123 442.156599 12
724.842278 443.028088 12
725.345432 443.899577 12
725.848586 444.771066 12
726.854895 446.514044 12
728.364359 449.128511 12
728.867513 450.000000 12
732.869469 450.000000 11
741.873868 450.000000 11
743.874846 450.000000 11
745.875824 450.000000 11
757.881691 450.000000 11
758.882179 450.000000 11
776.890979 450.000000 11
783.894402 450.000000 11
787.896357 450.000000 11
788.896846 450.000000 11
796.900757 450.000000 11
797.901246 450.000000 11
806.905646 450.000000 11
807.906135 450.000000 11
813.909068 450.000000 11
818.911512 450.000000 11
819.912001 450.000000 11
820.912490 450.000000 11
830.917379 450.000000 11
832.918357 450.000000 11
833.918846 450.000000 11
834.919334 450.000000 11
837.920801 450.000000 11
842.923246 450.000000 11
845.924712 450.000000 11
848.926179 450.000000 11
851.927645 450.000000 11
856.930090 450.000000 11
857.930579 450.000000 11
860.932045 450.000000 11
862.933023 450.000000 11
871.937423 450.000000 11
882.942801 450.000000 11
887.945245 450.000000 11
892.947690 450.000000 11
896.949645 450.000000 11
908.955512 450.000000 11
917.959912 450.000000 11
922.962356 450.000000 11
928.965289 450.000000 11
934.968223 450.000000 11
939.970667 450.000000 11
942.972134 450.000000 11
943.972623 450.000000 11
944.973111 450.000000 11
955.978489 450.000000 11
962.981911 450.000000 11
966.983867 450.000000 11
976.988756 450.000000 11
977.989245 450.000000 11
980.990711 450.000000 11
982.991689 450.000000 11
997.999022 450.000000 11
1000.000000 450.000000 10
1000.000000 451.000000 10
1000.000000 455.000000 10
1000.000000 460.000000 10
1000.000000 461.000000 10
1000.000000 464.000000 10
1000.000000 465.000000 10
1000.000000 466.000000 10
1000.000000 467.000000 10
1000.000000 471.000000 10
1000.000000 473.000000 10
1000.000000 474.000000 10
1000.000000 476.000000 10
1000.000000 477.000000 10
1000.000000 478.000000 10
1000.000000 479.000000 10
1000.000000 483.000000 10
1000.000000 485.000000 10
1000.000000 487.000000 10
1000.000000 490.000000 10
1000.000000 491.000000 10
1000.000000 493.000000 10
1000.000000 498.000000 10
1000.000000 500.000000 10
1000.000000 502.000000 10
1000.000000 503.000000 10
1000.000000 504.000000 10
1000.000000 505.000000 10
1000.000000 507.000000 10
1000.000000 511.000000 10
1000.000000 513.000000 10
1000.000000 515.000000 10
1000.000000 518.000000 10
1000.000000 526.000000 10
1000.000000 527.000000 10
1000.000000 528.000000 10
1000.000000 530.000000 10
1000.000000 532.000000 10
1000.000000 533.000000 10
1000.000000 534.000000 10
1000.000000 535.000000 10
1000.000000 536.000000 10
1000.000000 538.000000 10
1000.000000 539.000000 10
1000.000000 540.000000 10
1000.000000 546.000000 10
1000.000000 547.000000 10
1000.000000 549.000000 10
1000.000000 550.000000 10
992.981486 550.000000 9
987.968262 550.000000 9
985.962972 550.000000 9
983.957682 550.000000 9
970.923299 550.000000 9
969.920654 550.000000 9
963.904785 550.000000 9
961.899495 550.000000 9
953.878337 550.000000 9
951.873047 550.000000 9
945.857178 550.000000 9
944.854533 550.000000 9
942.849243 550.000000 9
939.841309 550.000000 9
938.838664 550.000000 9
936.833374 550.000000 9
935.830729 550.000000 9
933.825439 550.000000 9
923.798991 550.000000 9
922.796346 550.000000 9
919.788411 550.000000 9
916.780477 550.000000 9
911.767253 550.000000 9
908.759318 550.000000 9
902.743449 550.000000 9
895.724935 550.000000 9
888.706421 550.000000 9
881.687907 550.000000 9
875.672038 550.000000 9
872.664103 550.000000 9
860.632365 550.000000 9
853.613851 550.000000 9
849.603271 550.000000 9
848.600627 550.000000 9
842.584757 550.000000 9
829.550374 550.000000 9
825.539795 550.000000 9
824.537150 550.000000 9
822.531860 550.000000 9
811.502767 550.000000 9
800.473674 550.000000 9
797.465739 550.000000 9
796.463094 550.000000 9
791.449870 550.000000 9
784.431356 550.000000 9
782.426066 550.000000 9
780.420776 550.000000 9
777.412842 550.000000 9
769.391683 550.000000 9
767.386393 550.000000 9
762.373169 550.000000 9
759.365234 550.000000 9
758.362590 550.000000 9
755.354655 550.000000 9
746.330851 550.000000 9
742.320272 550.000000 9
739.312337 550.000000 9
738.309692 550.000000 9
728.283244 550.000000 9
726.277954 550.000000 9
725.275309 550.000000 9
715.248861 550.000000 9
711.238281 550.000000 9
710.235636 550.000000 9
708.230347 550.000000 9
704.219767 550.000000 9
703.217122 550.000000 9
697.201253 550.000000 9
696.198608 550.000000 9
688.177450 550.000000 9
677.148356 550.000000 9
670.630146 549.129920 8
669.625464 547.389760 8
668.118442 544.779521 8
666.611419 542.169281 8
666.109078 541.299201 8
665.104397 539.559042 8
663.597374 536.948802 8
661.588011 533.468482 8
661.085670 532.598403 8
660.080988 530.858243 8
659.578647 529.988163 8
657.066943 525.637764 8
656.062261 523.897604 8
651.038853 515.196805 8
650.536512 514.326725 8
648.024808 509.976326 8
647.020126 508.236166 8
644.508422 503.885767 8
643.503740 502.145607 8
643.001399 501.275527 8
642.499058 500.405447 8
641.996717 499.535367 8
640.992036 497.795208 8
640.489695 496.925128 8
639.987354 496.055048 8
638.982672 494.314888 8
636.470968 489.964489 8
635.968627 489.094409 8
632.452241 483.003850 8
631.949900 482.133770 8
631.447560 481.263690 8
630.945219 480.393610 8
624.917128 469.952652 8
623.912447 468.212492 8
623.410106 467.342412 8
620.396061 462.121933 8
619.893720 461.251853 8
619.391379 460.381773 8
618.889038 459.511693 8
616.879675 456.031374 8
612.860948 449.070735 8
610.851585 445.590415 8
610.349244 444.720335 8
608.842221 442.110096 8
606.330517 437.759696 8
605.325835 436.019537 8
604.321153 434.279377 8
602.814131 431.669137 8
600.302427 427.318738 8
597.790722 422.968339 8
596.283700 420.358099 8
595.279018 418.617939 8
593.771996 416.007700 8
593.269655 415.137620 8
592.264973 413.397460 8
592.264973 413.397460 7
592.768127 412.525971 7
594.277591 409.911504 7
594.780745 409.040015 7
595.283900 408.168526 7
596.290209 406.425547 7
596.793363 405.554058 7
598.302826 402.939591 7
599.309135 401.196613 7
599.812290 400.325124 7
600.315444 399.453635 7
600.818599 398.582146 7
601.824908 396.839168 7
602.328062 395.967679 7
602.831216 395.096190 7
603.334371 394.224700 7
603.837525 393.353211 7
604.340680 392.481722 7
604.843834 391.610233 7
605.346989 390.738744 7
605.850143 389.867255 7
606.353298 388.995766 7
606.856452 388.124277 7
607.359607 387.252788 7
607.862761 386.381299 7
608.365915 385.509810 7
608.869070 384.638321 7
609.372224 383.766832 7
609.875379 382.895342 7
610.378533 382.023853 7
610.881688 381.152364 7
611.384842 380.280875 7
611.887997 379.409386 7
612.391151 378.537897 7
612.894306 377.666408 7
613.397460 376.794919 7
613.397460 376.794919 6
612.391151 376.794919 6
611.384842 376.794919 6
608.365916 376.794919 6
607.359607 376.794919 6
606.353298 376.794919 6
605.346989 376.794919 6
604.340680 376.794919 6
603.334371 376.794919 6
602.328062 376.794919 6
601.321753 376.794919 6
600.315445 376.794919 6
599.309136 376.794919 6
598.302827 376.794919 6
597.296518 376.794919 6
595.283900 376.794919 6
594.277591 376.794919 6
592.264973 376.794919 6
591.258665 376.794919 6
590.252356 376.794919 6
589.246047 376.794919 6
588.239738 376.794919 6
586.227120 376.794919 6
585.220811 376.794919 6
584.214502 376.794919 6
583.208194 376.794919 6
582.201885 376.794919 6
581.195576 376.794919 6
580.189267 376.794919 6
579.182958 376.794919 6
578.176649 376.794919 6
577.170340 376.794919 6
576.164031 376.794919 6
575.157723 376.794919 6
574.151414 376.794919 6
573.145105 376.794919 6
572.138796 376.794919 6
571.132487 376.794919 6
571.132487 376.794919 5
570.629333 375.923430 5
570.126178 375.051941 5
569.623024 374.180452 5
569.119869 373.308963 5
568.616715 372.437474 5
568.113560 371.565985 5
567.610406 370.694496 5
567.107251 369.823007 5
566.604097 368.951518 5
566.100942 368.080029 5
565.094634 366.337050 5
564.591479 365.465561 5
564.088325 364.594072 5
563.585170 363.722583 5
563.082016 362.851094 5
562.578861 361.979605 5
562.075707 361.108116 5
561.572552 360.236627 5
561.069398 359.365138 5
560.566243 358.493649 5
559.559935 356.750671 5
559.056780 355.879182 5
558.553626 355.007693 5
558.050471 354.136204 5
557.547317 353.264715 5
557.044162 352.393226 5
556.541008 351.521737 5
556.037853 350.650248 5
555.534699 349.778759 5
554.528390 348.035780 5
554.025236 347.164291 5
552.515772 344.549824 5
552.012618 343.678335 5
551.509463 342.806846 5
551.006309 341.935357 5
550.503154 341.063868 5
550.000000 340.192379 5
549.496846 341.063868 4
548.993691 341.935357 4
547.484228 344.549824 4
546.477919 346.292802 4
545.974764 347.164291 4
545.471610 348.035780 4
544.968455 348.907269 4
544.465301 349.778759 4
543.962147 350.650248 4
543.458992 351.521737 4
542.955838 352.393226 4
541.949529 354.136204 4
541.446374 355.007693 4
540.943220 355.879182 4
540.440065 356.750671 4
538.930602 359.365138 4
538.427448 360.236627 4
537.924293 361.108116 4
537.421139 361.979605 4
536.414830 363.722583 4
535.911675 364.594072 4
535.408521 365.465561 4
534.905366 366.337050 4
534.402212 367.208539 4
532.389594 370.694496 4
531.383285 372.437474 4
530.880131 373.308963 4
530.376976 374.180452 4
529.370667 375.923430 4
528.867513 376.794919 4
528.867513 376.794919 3
526.854895 376.794919 3
525.848586 376.794919 3
524.842277 376.794919 3
522.829660 376.794919 3
520.817042 376.794919 3
518.804424 376.794919 3
517.798115 376.794919 3
516.791806 376.794919 3
515.785498 376.794919 3
514.779189 376.794919 3
513.772880 376.794919 3
512.766571 376.794919 3
511.760262 376.794919 3
510.753953 376.794919 3
509.747644 376.794919 3
508.741335 376.794919 3
507.735027 376.794919 3
506.728718 376.794919 3
505.722409 376.794919 3
504.716100 376.794919 3
503.709791 376.794919 3
502.703482 376.794919 3
501.697173 376.794919 3
500.690864 376.794919 3
499.684555 376.794919 3
498.678247 376.794919 3
497.671938 376.794919 3
496.665629 376.794919 3
495.659320 376.794919 3
494.653011 376.794919 3
493.646702 376.794919 3
492.640393 376.794919 3
491.634084 376.794919 3
490.627776 376.794919 3
489.621467 376.794919 3
488.615158 376.794919 3
487.608849 376.794919 3
486.602540 376.794919 3
486.602540 376.794919 2
487.105694 377.666408 2
488.112003 379.409386 2
488.615158 380.280875 2
489.118312 381.152364 2
489.621467 382.023853 2
490.124621 382.895342 2
490.627776 383.766832 2
491.130930 384.638321 2
491.634085 385.509810 2
492.137239 386.381299 2
492.640393 387.252788 2
493.143548 388.124277 2
493.646702 388.995766 2
494.653011 390.738744 2
495.156166 391.610233 2
495.659320 392.481722 2
496.162475 393.353211 2
496.665629 394.224700 2
498.175092 396.839168 2
498.678247 397.710657 2
499.181401 398.582146 2
499.684556 399.453635 2
500.187710 400.325124 2
500.690865 401.196613 2
501.194019 402.068102 2
501.697174 402.939591 2
502.703482 404.682569 2
503.206637 405.554058 2
503.709791 406.425547 2
504.212946 407.297036 2
504.716100 408.168526 2
505.722409 409.911504 2
506.225564 410.782993 2
507.231873 412.525971 2
507.735027 413.397460 2
507.735027 413.397460 1
505.725664 416.877779 1
505.223323 417.747859 1
504.720982 418.617939 1
502.209278 422.968339 1
501.204596 424.708498 1
499.697573 427.318738 1
499.195232 428.188818 1
498.190551 429.928978 1
497.688210 430.799057 1
497.185869 431.669137 1
496.683528 432.539217 1
494.674165 436.019537 1
494.171824 436.889617 1
493.167142 438.629776 1
491.157779 442.110096 1
490.655438 442.980176 1
489.650756 444.720335 1
489.148415 445.590415 1
488.143734 447.330575 1
487.641393 448.200655 1
487.139052 449.070735 1
485.129689 452.551054 1
484.627348 453.421134 1
484.125007 454.291214 1
482.115643 457.771534 1
481.110962 459.511693 1
478.599257 463.862093 1
476.087553 468.212492 1
475.585212 469.082572 1
473.073508 473.432971 1
472.068826 475.173131 1
471.064145 476.913291 1
469.557122 479.523530 1
467.045418 483.873930 1
466.040736 485.614089 1
464.533714 488.224329 1
463.026691 490.834569 1
460.012646 496.055048 1
459.510305 496.925128 1
459.007964 497.795208 1
458.003283 499.535367 1
457.500942 500.405447 1
456.998601 501.275527 1
456.496260 502.145607 1
455.993919 503.015687 1
454.989237 504.755847 1
452.477533 509.106246 1
451.472851 510.846406 1
450.970511 511.716486 1
449.965829 513.456645 1
449.463488 514.326725 1
445.947102 520.417284 1
443.937739 523.897604 1
440.923693 529.118083 1
440.421353 529.988163 1
439.416671 531.728323 1
438.411989 533.468482 1
435.397944 538.688962 1
432.886240 543.039361 1
432.383899 543.909441 1
431.881558 544.779521 1
422.851644 550.000000 0
416.835775 550.000000 0
413.827840 550.000000 0
403.801392 550.000000 0
396.782878 550.000000 0
393.774943 550.000000 0
391.769653 550.000000 0
386.756429 550.000000 0
383.748494 550.000000 0
382.745850 550.000000 0
377.732625 550.000000 0
376.729980 550.000000 0
373.722046 550.000000 0
369.711466 550.000000 0
367.706177 550.000000 0
366.703532 550.000000 0
362.692952 550.000000 0
359.685018 550.000000 0
347.653280 550.000000 0
344.645345 550.000000 0
342.640055 550.000000 0
337.626831 550.000000 0
333.616252 550.000000 0
329.605672 550.000000 0
321.584513 550.000000 0
320.581868 550.000000 0
312.560710 550.000000 0
309.552775 550.000000 0
298.523682 550.000000 0
293.510457 550.000000 0
291.505168 550.000000 0
288.497233 550.000000 0
287.494588 550.000000 0
284.486654 550.000000 0
282.481364 550.000000 0
270.449626 550.000000 0
266.439046 550.000000 0
261.425822 550.000000 0
255.409953 550.000000 0
249.394084 550.000000 0
246.386149 550.000000 0
245.383504 550.000000 0
237.362345 550.000000 0
236.359701 550.000000 0
234.354411 550.000000 0
230.343831 550.000000 0
226.333252 550.000000 0
207.283000 550.000000 0
201.267131 550.000000 0
196.253906 550.000000 0
192.243327 550.000000 0
185.224813 550.000000 0
184.222168 550.000000 0
175.198364 550.000000 0
170.185140 550.000000 0
165.171916 550.000000 0
164.169271 550.000000 0
158.153402 550.000000 0
153.140177 550.000000 0
151.134888 550.000000 0
149.129598 550.000000 0
138.100505 550.000000 0
127.071411 550.000000 0
121.055542 550.000000 0
116.042318 550.000000 0
114.037028 550.000000 0
105.013224 550.000000 0
