1090
103.005598 450.000000 32
104.007464 450.000000 32
105.009330 450.000000 32
111.020526 450.000000 32
112.022392 450.000000 32
113.024258 450.000000 32
114.026124 450.000000 32
115.027990 450.000000 32
117.031722 450.000000 32
120.037320 450.000000 32
122.041052 450.000000 32
126.048516 450.000000 32
128.052248 450.000000 32
130.055980 450.000000 32
131.057846 450.000000 32
136.067177 450.000000 32
138.070909 450.000000 32
139.072775 450.000000 32
143.080239 450.000000 32
144.082105 450.000000 32
147.087703 450.000000 32
148.089569 450.000000 32
150.093301 450.000000 32
151.095167 450.000000 32
155.102631 450.000000 32
156.104497 450.000000 32
157.106363 450.000000 32
160.111961 450.000000 32
161.113827 450.000000 32
165.121291 450.000000 32
166.123157 450.000000 32
167.125023 450.000000 32
168.126889 450.000000 32
169.128755 450.000000 32
170.130621 450.000000 32
171.132487 450.000000 32
171.132487 450.000000 31
174.648873 443.909441 31
176.155895 441.299201 31
178.667600 436.948802 31
179.672281 435.208642 31
180.174622 434.338562 31
180.676963 433.468482 31
182.686326 429.988163 31
184.695690 426.507843 31
185.700372 424.767684 31
188.212076 420.417284 31
188.714417 419.547204 31
189.216757 418.677125 31
191.226121 415.196805 31
192.230803 413.456645 31
192.733143 412.586565 31
200.770597 398.665288 31
202.277620 396.055048 31
213.831459 376.043211 31
214.836141 374.303051 31
218.352527 368.212492 31
219.859549 365.602252 31
222.873594 360.381773 31
223.375935 359.511693 31
225.385298 356.031374 31
225.887639 355.161294 31
229.404025 349.070735 31
230.408707 347.330575 31
232.418070 343.850256 31
232.920411 342.980176 31
235.934456 337.759696 31
238.948501 332.539217 31
241.460206 328.188818 31
243.469569 324.708498 31
245.478932 321.228179 31
250.502341 314.267540 30
251.507023 316.007700 30
252.511704 317.747859 30
253.014045 318.617939 30
254.018727 320.358099 30
256.028090 323.838418 30
259.042135 329.058898 30
259.544476 329.928978 30
263.060862 336.019537 30
273.107679 353.421134 30
277.126406 360.381773 30
280.140451 365.602252 30
282.652155 369.952652 30
286.168541 376.043211 30
293.201313 388.224329 30
294.708335 390.834569 30
295.713017 392.574728 30
296.215358 393.444808 30
298.727062 397.795208 30
301.741107 403.015687 30
302.745789 404.755847 30
303.750471 406.496006 30
305.759834 409.976326 30
307.266857 412.586565 30
308.773879 415.196805 30
309.778561 416.936965 30
311.787924 420.417284 30
312.290265 421.287364 30
314.299628 424.767684 30
318.820696 432.598403 30
319.323037 433.468482 30
319.825378 434.338562 30
326.355809 445.649601 30
328.365172 449.129920 30
329.873822 450.000000 29
331.886440 450.000000 29
332.892749 450.000000 29
333.899058 450.000000 29
334.905366 450.000000 29
336.917984 450.000000 29
337.924293 450.000000 29
338.930602 450.000000 29
340.943220 450.000000 29
342.955838 450.000000 29
343.962147 450.000000 29
344.968455 450.000000 29
345.974764 450.000000 29
346.981073 450.000000 29
347.987382 450.000000 29
348.993691 450.000000 29
350.000000 450.000000 29
353.018927 450.000000 29
356.037853 450.000000 29
357.044162 450.000000 29
358.050471 450.000000 29
359.056780 450.000000 29
361.069398 450.000000 29
363.082016 450.000000 29
364.088325 450.000000 29
365.094634 450.000000 29
366.100942 450.000000 29
367.107251 450.000000 29
368.113560 450.000000 29
369.119869 450.000000 29
370.126178 450.000000 29
371.132487 450.000000 29
371.132487 450.000000 28
371.635641 449.128511 28
372.138796 448.257022 28
372.641950 447.385533 28
373.145105 446.514044 28
373.648259 445.642555 28
374.654568 443.899577 28
375.157722 443.028088 28
376.164031 441.285110 28
376.667186 440.413620 28
377.170340 439.542131 28
377.673495 438.670642 28
378.679803 436.927664 28
379.182958 436.056175 28
379.686112 435.184686 28
380.189267 434.313197 28
381.195576 432.570219 28
381.698730 431.698730 28
382.201884 430.827241 28
382.705039 429.955752 28
383.208193 429.084263 28
384.717657 426.469796 28
385.220811 425.598307 28
385.723965 424.726818 28
386.227120 423.855329 28
386.730274 422.983840 28
387.233429 422.112350 28
388.742892 419.497883 28
389.749201 417.754905 28
390.252355 416.883416 28
390.755510 416.011927 28
392.264973 413.397460 28
382.720497 396.865942 27
379.706452 391.645463 27
375.185384 383.814744 27
372.171339 378.594265 27
371.668998 377.724185 27
369.659635 374.243865 27
369.157294 373.373786 27
367.650271 370.763546 27
366.645590 369.023386 27
363.631545 363.802907 27
362.626863 362.062747 27
361.119840 359.452508 27
352.580046 344.661150 27
347.556638 335.960351 27
346.551956 334.220191 27
344.040252 329.869792 27
341.026207 324.649312 27
337.007480 317.688673 27
336.002798 315.948514 27
334.998116 314.208354 27
334.495776 313.338274 27
333.993435 312.468194 27
332.988753 310.728034 27
330.979390 307.247715 27
327.965345 302.027235 27
324.951299 296.806756 27
317.416187 283.755558 27
315.909164 281.145318 27
314.402142 278.535079 27
313.899801 277.664999 27
313.397460 276.794919 27
316.411505 276.794919 26
323.444277 276.794919 26
328.467686 276.794919 26
329.472367 276.794919 26
331.481731 276.794919 26
334.495776 276.794919 26
338.514503 276.794919 26
349.566001 276.794919 26
351.575365 276.794919 26
353.584728 276.794919 26
357.603455 276.794919 26
363.631545 276.794919 26
380.711134 276.794919 26
382.720497 276.794919 26
399.800086 276.794919 26
403.818813 276.794919 26
404.823495 276.794919 26
408.842222 276.794919 26
410.851585 276.794919 26
411.856267 276.794919 26
412.860948 276.794919 26
416.879675 276.794919 26
421.903084 276.794919 26
423.912447 276.794919 26
425.921810 276.794919 26
426.926492 276.794919 26
427.931174 276.794919 26
431.949901 276.794919 26
441.996718 276.794919 26
445.010763 276.794919 26
446.015444 276.794919 26
447.020126 276.794919 26
454.052898 276.794919 26
466.109078 276.794919 26
467.113760 276.794919 26
469.123124 276.794919 26
471.132487 276.794919 26
471.132487 276.794919 25
473.644191 272.444520 25
479.672281 262.003561 25
485.700372 251.562603 25
486.705053 249.822443 25
488.714417 246.342123 25
489.719098 244.601964 25
493.737825 237.641325 25
497.254211 231.550766 25
498.258893 229.810606 25
500.770597 225.460207 25
503.784642 220.239727 25
509.812732 209.798769 25
510.315073 208.928689 25
513.329118 203.708210 25
514.836141 201.097970 25
515.338482 200.227890 25
517.347845 196.747571 25
517.850186 195.877491 25
520.361890 191.527091 25
520.864231 190.657012 25
521.366572 189.786932 25
522.371253 188.046772 25
523.878276 185.436532 25
524.882958 183.696373 25
525.887639 181.956213 25
529.404025 175.865654 25
531.915730 171.515254 25
532.418070 170.645175 25
532.920411 169.775095 25
533.925093 168.034935 25
534.427434 167.164855 25
538.948501 159.334136 25
543.469569 151.503417 25
544.474251 149.763258 25
544.976592 148.893178 25
545.981273 147.153018 25
547.990637 143.672698 25
548.492977 142.802619 25
550.000000 140.192379 24
553.014045 145.412858 24
553.516386 146.282938 24
555.525749 149.763258 24
557.535113 153.243577 24
558.037454 154.113657 24
561.051499 159.334136 24
561.553839 160.204216 24
565.572566 167.164855 24
568.586611 172.385334 24
574.614702 182.826293 24
575.117042 183.696373 24
580.140451 192.397171 24
585.163859 201.097970 24
590.187268 209.798769 24
592.698972 214.149168 24
594.205995 216.759408 24
596.215358 220.239727 24
599.229403 225.460207 24
604.252811 234.161005 24
604.755152 235.031085 24
605.257493 235.901165 24
605.759834 236.771245 24
606.764516 238.511405 24
611.787924 247.212203 24
617.816014 257.653162 24
618.318355 258.523242 24
619.323037 260.263401 24
619.825378 261.133481 24
620.830059 262.873641 24
621.332400 263.743721 24
622.839423 266.353961 24
623.844105 268.094120 24
624.848786 269.834280 24
627.360490 274.184679 24
627.862831 275.054759 24
628.867513 276.794919 24
628.867513 276.794919 23
632.886240 276.794919 23
633.890922 276.794919 23
634.895603 276.794919 23
637.909648 276.794919 23
638.914330 276.794919 23
639.919012 276.794919 23
650.970510 276.794919 23
651.975192 276.794919 23
664.031373 276.794919 23
667.045418 276.794919 23
670.059463 276.794919 23
678.096916 276.794919 23
680.106280 276.794919 23
685.129688 276.794919 23
688.143733 276.794919 23
692.162460 276.794919 23
697.185869 276.794919 23
709.242049 276.794919 23
710.246731 276.794919 23
712.256094 276.794919 23
713.260776 276.794919 23
715.270139 276.794919 23
717.279503 276.794919 23
723.307593 276.794919 23
729.335683 276.794919 23
733.354410 276.794919 23
751.438680 276.794919 23
755.457407 276.794919 23
762.490179 276.794919 23
766.508906 276.794919 23
768.518269 276.794919 23
770.527633 276.794919 23
777.560405 276.794919 23
781.579131 276.794919 23
784.593177 276.794919 23
785.597858 278.535079 22
784.593177 280.275239 22
783.588495 282.015398 22
781.076791 286.365798 22
776.555723 294.196517 22
776.053382 295.066596 22
775.048701 296.806756 22
773.541678 299.416996 22
770.527633 304.637475 22
770.025292 305.507555 22
769.522951 306.377635 22
768.015929 308.987875 22
763.494861 316.818593 22
760.983157 321.168993 22
760.480816 322.039073 22
759.978475 322.909153 22
759.476134 323.779232 22
758.973793 324.649312 22
753.448044 334.220191 22
750.433999 339.440670 22
748.926976 342.050910 22
748.424636 342.920990 22
747.922295 343.791070 22
746.415272 346.401309 22
745.410591 348.141469 22
738.880160 359.452508 22
734.861433 366.413147 22
732.349729 370.763546 22
727.828661 378.594265 22
726.321638 381.204504 22
721.800571 389.035223 22
718.284185 395.125783 22
716.274821 398.606102 22
713.763117 402.956501 22
710.246731 409.047061 22
707.735027 413.397460 21
708.238181 414.268949 21
708.741336 415.140438 21
709.747645 416.883416 21
710.250799 417.754905 21
711.257108 419.497883 21
711.760262 420.369372 21
712.766571 422.112350 21
713.269726 422.983840 21
715.785498 427.341285 21
716.791807 429.084263 21
718.301270 431.698730 21
718.804424 432.570219 21
719.307579 433.441708 21
719.810733 434.313197 21
720.313888 435.184686 21
720.817042 436.056175 21
721.320197 436.927664 21
721.823351 437.799153 21
722.326505 438.670642 21
722.829660 439.542131 21
723.835969 441.285110 21
724.339123 442.156599 21
724.842278 443.028088 21
725.345432 443.899577 21
727.358050 447.385533 21
728.364359 449.128511 21
728.867513 450.000000 21
728.867513 450.000000 20
731.886440 450.000000 20
736.917984 450.000000 20
737.924293 450.000000 20
738.930602 450.000000 20
739.936911 450.000000 20
740.943220 450.000000 20
741.949529 450.000000 20
742.955838 450.000000 20
743.962147 450.000000 20
744.968455 450.000000 20
745.974764 450.000000 20
746.981073 450.000000 20
748.993691 450.000000 20
750.000000 450.000000 20
752.012618 450.000000 20
753.018927 450.000000 20
754.025236 450.000000 20
755.031545 450.000000 20
757.044162 450.000000 20
759.056780 450.000000 20
760.063089 450.000000 20
761.069398 450.000000 20
762.075707 450.000000 20
763.082016 450.000000 20
764.088325 450.000000 20
765.094634 450.000000 20
767.107251 450.000000 20
769.119869 450.000000 20
770.126178 450.000000 20
771.132487 450.000000 20
773.644191 445.649601 19
775.151214 443.039361 19
775.653555 442.169281 19
777.160577 439.559042 19
780.676963 433.468482 19
782.686326 429.988163 19
791.728462 414.326725 19
796.249529 406.496006 19
801.775279 396.925128 19
805.794005 389.964489 19
808.305710 385.614089 19
808.808051 384.744010 19
812.324436 378.653450 19
814.333800 375.173131 19
815.338482 373.432971 19
817.850186 369.082572 19
821.366572 362.992013 19
825.385298 356.031374 19
828.399344 350.810895 19
832.418070 343.850256 19
834.427434 340.369936 19
836.436797 336.889617 19
837.441479 335.149457 19
838.446161 333.409297 19
843.971910 323.838418 19
845.478932 321.228179 19
846.985955 318.617939 19
850.000000 313.397460 19
850.000000 313.397460 18
851.004682 315.137620 18
855.525749 322.968339 18
857.535113 326.448658 18
859.544476 329.928978 18
860.046817 330.799057 18
860.549158 331.669137 18
862.056180 334.279377 18
863.563203 336.889617 18
864.065544 337.759696 18
865.070225 339.499856 18
866.577248 342.110096 18
867.079589 342.980176 18
867.581930 343.850256 18
869.591293 347.330575 18
871.098316 349.940815 18
872.102997 351.680974 18
876.624065 359.511693 18
877.126406 360.381773 18
878.633428 362.992013 18
879.638110 364.732172 18
881.145133 367.342412 18
881.647473 368.212492 18
883.154496 370.822732 18
884.159178 372.562891 18
884.661518 373.432971 18
885.666200 375.173131 18
886.168541 376.043211 18
887.675564 378.653450 18
889.182586 381.263690 18
889.684927 382.133770 18
890.689609 383.873930 18
892.196631 386.484169 18
893.201313 388.224329 18
896.717699 394.314888 18
897.220040 395.184968 18
899.229403 398.665288 18
900.234085 400.405447 18
905.759834 409.976326 18
911.285583 419.547204 18
912.792606 422.157444 18
913.294947 423.027524 18
915.806651 427.377923 18
916.308992 428.248003 18
919.825378 434.338562 18
923.844105 441.299201 18
927.360490 447.389760 18
927.862831 448.259840 18
928.365172 449.129920 18
929.869379 450.000000 17
935.880575 450.000000 17
937.884307 450.000000 17
938.886173 450.000000 17
940.889905 450.000000 17
941.891771 450.000000 17
943.895503 450.000000 17
947.902967 450.000000 17
953.914163 450.000000 17
954.916029 450.000000 17
955.917895 450.000000 17
956.919761 450.000000 17
958.923493 450.000000 17
960.927225 450.000000 17
961.929091 450.000000 17
964.934690 450.000000 17
969.944020 450.000000 17
972.949618 450.000000 17
979.962680 450.000000 17
980.964546 450.000000 17
981.966412 450.000000 17
983.970144 450.000000 17
987.977608 450.000000 17
988.979474 450.000000 17
990.983206 450.000000 17
995.992536 450.000000 17
998.998134 450.000000 17
1000.000000 450.000000 17
1000.000000 450.000000 16
1000.000000 453.000000 16
1000.000000 458.000000 16
1000.000000 462.000000 16
1000.000000 463.000000 16
1000.000000 468.000000 16
1000.000000 469.000000 16
1000.000000 471.000000 16
1000.000000 472.000000 16
1000.000000 475.000000 16
1000.000000 478.000000 16
1000.000000 479.000000 16
1000.000000 489.000000 16
1000.000000 490.000000 16
1000.000000 491.000000 16
1000.000000 492.000000 16
1000.000000 493.000000 16
1000.000000 496.000000 16
1000.000000 502.000000 16
1000.000000 507.000000 16
1000.000000 509.000000 16
1000.000000 511.000000 16
1000.000000 514.000000 16
1000.000000 517.000000 16
1000.000000 518.000000 16
1000.000000 523.000000 16
1000.000000 526.000000 16
1000.000000 527.000000 16
1000.000000 528.000000 16
1000.000000 529.000000 16
1000.000000 535.000000 16
1000.000000 536.000000 16
1000.000000 540.000000 16
1000.000000 544.000000 16
1000.000000 548.000000 16
1000.000000 550.000000 15
996.979668 550.000000 15
993.959335 550.000000 15
990.939003 550.000000 15
985.905116 550.000000 15
979.864451 550.000000 15
976.844119 550.000000 15
975.837341 550.000000 15
974.830564 550.000000 15
966.776344 550.000000 15
965.769567 550.000000 15
959.728902 550.000000 15
956.708570 550.000000 15
952.681460 550.000000 15
951.674683 550.000000 15
950.667905 550.000000 15
947.647573 550.000000 15
943.620463 550.000000 15
941.606908 550.000000 15
938.586576 550.000000 15
937.579798 550.000000 15
936.573021 550.000000 15
934.559466 550.000000 15
933.552689 550.000000 15
931.539134 550.000000 15
928.518801 550.000000 15
926.505246 550.000000 15
925.498469 550.000000 15
921.471359 550.000000 15
918.451027 550.000000 15
915.430695 550.000000 15
914.423917 550.000000 15
912.410362 550.000000 15
911.403585 550.000000 15
910.396807 550.000000 15
907.376475 550.000000 15
899.322255 550.000000 15
896.301923 550.000000 15
889.254481 550.000000 15
886.234149 550.000000 15
880.193484 550.000000 15
874.152819 550.000000 15
872.139264 550.000000 15
871.132487 550.000000 15
871.132487 550.000000 14
870.629333 549.128511 14
869.623024 547.385533 14
869.119869 546.514044 14
867.610406 543.899577 14
866.100942 541.285110 14
865.597788 540.413620 14
864.591479 538.670642 14
864.088325 537.799153 14
862.578861 535.184686 14
862.075707 534.313197 14
860.566243 531.698730 14
860.063089 530.827241 14
859.559935 529.955752 14
859.056780 529.084263 14
857.547317 526.469796 14
857.044162 525.598307 14
855.534699 522.983840 14
855.031545 522.112350 14
854.025236 520.369372 14
853.018927 518.626394 14
852.515772 517.754905 14
852.012618 516.883416 14
851.509463 516.011927 14
851.006309 515.140438 14
850.503154 514.268949 14
850.000000 513.397460 14
850.000000 513.397460 13
849.496846 514.268949 13
848.993691 515.140438 13
848.490537 516.011927 13
846.981073 518.626394 13
845.974764 520.369372 13
845.471610 521.240861 13
842.955838 525.598307 13
842.452683 526.469796 13
841.949529 527.341285 13
841.446374 528.212774 13
840.440065 529.955752 13
839.433757 531.698730 13
837.924293 534.313197 13
837.421139 535.184686 13
836.917984 536.056175 13
836.414830 536.927664 13
835.911675 537.799153 13
835.408521 538.670642 13
834.905366 539.542131 13
834.402212 540.413620 13
833.899058 541.285110 13
833.395903 542.156599 13
832.892749 543.028088 13
832.389594 543.899577 13
831.886440 544.771066 13
831.383285 545.642555 13
830.880131 546.514044 13
829.873822 548.257022 13
829.370667 549.128511 13
828.867513 550.000000 12
827.862831 550.000000 12
826.858150 550.000000 12
825.853468 550.000000 12
823.844105 550.000000 12
821.834741 550.000000 12
799.731744 550.000000 12
797.722380 550.000000 12
793.703654 550.000000 12
792.698972 550.000000 12
791.694290 550.000000 12
790.689609 550.000000 12
784.661518 550.000000 12
782.652155 550.000000 12
780.642792 550.000000 12
772.605338 550.000000 12
771.600656 550.000000 12
768.586611 550.000000 12
767.581930 550.000000 12
764.567885 550.000000 12
751.507023 550.000000 12
734.427434 550.000000 12
733.422752 550.000000 12
732.418070 550.000000 12
728.399344 550.000000 12
726.389980 550.000000 12
715.338482 550.000000 12
709.310391 550.000000 12
708.305710 550.000000 12
706.296346 550.000000 12
705.291665 550.000000 12
702.277620 550.000000 12
698.258893 550.000000 12
692.230803 550.000000 12
691.226121 550.000000 12
685.198031 550.000000 12
670.127805 548.259840 11
669.123124 546.519681 11
667.616101 543.909441 11
666.611419 542.169281 11
665.606738 540.429121 11
663.597374 536.948802 11
661.085670 532.598403 11
659.578647 529.988163 11
659.076307 529.118083 11
656.564602 524.767684 11
655.559921 523.027524 11
653.048216 518.677125 11
652.545875 517.807045 11
650.536512 514.326725 11
650.034171 513.456645 11
645.513103 505.625926 11
645.010763 504.755847 11
643.503740 502.145607 11
638.480332 493.444808 11
637.977991 492.574728 11
637.475650 491.704649 11
635.968627 489.094409 11
632.954582 483.873930 11
631.949900 482.133770 11
630.945219 480.393610 11
629.438196 477.783371 11
628.433514 476.043211 11
626.424151 472.562891 11
624.917128 469.952652 11
623.912447 468.212492 11
621.400743 463.862093 11
619.893720 461.251853 11
618.889038 459.511693 11
618.386697 458.641613 11
617.884357 457.771534 11
616.879675 456.031374 11
615.874993 454.291214 11
613.865630 450.810895 11
610.851585 445.590415 11
610.349244 444.720335 11
605.828176 436.889617 11
605.325835 436.019537 11
604.823494 435.149457 11
603.316472 432.539217 11
600.804768 428.188818 11
600.302427 427.318738 11
598.293063 423.838418 11
597.288382 422.098259 11
594.274336 416.877779 11
592.767314 414.267540 11
592.264973 413.397460 10
592.768127 412.525971 10
596.290209 406.425547 10
596.793363 405.554058 10
597.296518 404.682569 10
597.799672 403.811080 10
598.302826 402.939591 10
598.805981 402.068102 10
599.309135 401.196613 10
599.812290 400.325124 10
600.315444 399.453635 10
600.818599 398.582146 10
601.321753 397.710657 10
601.824908 396.839168 10
602.328062 395.967679 10
602.831216 395.096190 10
603.334371 394.224700 10
603.837525 393.353211 10
604.340680 392.481722 10
605.850143 389.867255 10
606.353298 388.995766 10
606.856452 388.124277 10
607.359607 387.252788 10
607.862761 386.381299 10
608.365915 385.509810 10
608.869070 384.638321 10
609.372224 383.766832 10
610.378533 382.023853 10
610.881688 381.152364 10
611.384842 380.280875 10
612.391151 378.537897 10
612.894306 377.666408 10
613.397460 376.794919 10
613.397460 376.794919 9
612.391151 376.794919 9
611.384842 376.794919 9
610.378533 376.794919 9
608.365916 376.794919 9
607.359607 376.794919 9
605.346989 376.794919 9
603.334371 376.794919 9
602.328062 376.794919 9
601.321753 376.794919 9
599.309136 376.794919 9
598.302827 376.794919 9
597.296518 376.794919 9
595.283900 376.794919 9
593.271282 376.794919 9
592.264973 376.794919 9
590.252356 376.794919 9
589.246047 376.794919 9
588.239738 376.794919 9
587.233429 376.794919 9
586.227120 376.794919 9
580.189267 376.794919 9
579.182958 376.794919 9
578.176649 376.794919 9
577.170340 376.794919 9
575.157723 376.794919 9
574.151414 376.794919 9
573.145105 376.794919 9
571.132487 376.794919 9
571.132487 376.794919 8
570.629333 375.923430 8
568.113560 371.565985 8
567.107251 369.823007 8
565.597788 367.208539 8
565.094634 366.337050 8
564.088325 364.594072 8
563.585170 363.722583 8
562.075707 361.108116 8
561.572552 360.236627 8
561.069398 359.365138 8
560.566243 358.493649 8
559.056780 355.879182 8
558.050471 354.136204 8
557.547317 353.264715 8
557.044162 352.393226 8
555.534699 349.778759 8
555.031545 348.907269 8
554.528390 348.035780 8
554.025236 347.164291 8
553.018927 345.421313 8
552.515772 344.549824 8
552.012618 343.678335 8
551.006309 341.935357 8
550.503154 341.063868 8
550.000000 340.192379 8
550.000000 340.192379 7
549.496846 341.063868 7
548.993691 341.935357 7
547.987382 343.678335 7
547.484228 344.549824 7
545.974764 347.164291 7
545.471610 348.035780 7
544.465301 349.778759 7
542.955838 352.393226 7
541.949529 354.136204 7
541.446374 355.007693 7
540.440065 356.750671 7
538.427448 360.236627 7
537.421139 361.979605 7
536.917984 362.851094 7
536.414830 363.722583 7
534.905366 366.337050 7
534.402212 367.208539 7
533.899058 368.080029 7
533.395903 368.951518 7
532.892749 369.823007 7
532.389594 370.694496 7
531.886440 371.565985 7
530.376976 374.180452 7
529.873822 375.051941 7
529.370667 375.923430 7
528.867513 376.794919 7
528.867513 376.794919 6
527.861204 376.794919 6
525.848586 376.794919 6
524.842277 376.794919 6
523.835969 376.794919 6
522.829660 376.794919 6
521.823351 376.794919 6
517.798115 376.794919 6
516.791806 376.794919 6
515.785498 376.794919 6
514.779189 376.794919 6
511.760262 376.794919 6
509.747644 376.794919 6
508.741335 376.794919 6
505.722409 376.794919 6
504.716100 376.794919 6
501.697173 376.794919 6
500.690864 376.794919 6
497.671938 376.794919 6
494.653011 376.794919 6
493.646702 376.794919 6
492.640393 376.794919 6
491.634084 376.794919 6
490.627776 376.794919 6
489.621467 376.794919 6
488.615158 376.794919 6
486.602540 376.794919 6
486.602540 376.794919 5
487.608849 378.537897 5
489.118312 381.152364 5
489.621467 382.023853 5
490.124621 382.895342 5
491.130930 384.638321 5
491.634085 385.509810 5
492.137239 386.381299 5
492.640393 387.252788 5
493.143548 388.124277 5
493.646702 388.995766 5
494.149857 389.867255 5
494.653011 390.738744 5
496.162475 393.353211 5
496.665629 394.224700 5
497.671938 395.967679 5
498.175092 396.839168 5
499.684556 399.453635 5
500.187710 400.325124 5
500.690865 401.196613 5
501.194019 402.068102 5
501.697174 402.939591 5
502.200328 403.811080 5
502.703482 404.682569 5
503.206637 405.554058 5
503.709791 406.425547 5
504.716100 408.168526 5
506.225564 410.782993 5
506.728718 411.654482 5
507.735027 413.397460 5
506.730345 415.137620 4
503.213959 421.228179 4
500.702255 425.578578 4
498.692892 429.058898 4
498.190551 429.928978 4
495.678847 434.279377 4
494.674165 436.019537 4
491.157779 442.110096 4
489.650756 444.720335 4
489.148415 445.590415 4
481.613303 458.641613 4
481.110962 459.511693 4
477.594576 465.602252 4
473.575849 472.562891 4
472.571167 474.303051 4
471.064145 476.913291 4
470.059463 478.653450 4
469.054781 480.393610 4
468.552440 481.263690 4
463.529032 489.964489 4
463.026691 490.834569 4
461.017328 494.314888 4
460.514987 495.184968 4
457.500942 500.405447 4
455.491578 503.885767 4
450.468170 512.586565 4
448.961147 515.196805 4
445.444761 521.287364 4
444.942420 522.157444 4
442.430716 526.507843 4
440.923693 529.118083 4
434.393262 540.429121 4
430.876876 546.519681 4
426.858150 550.000000 3
425.853468 550.000000 3
423.844105 550.000000 3
421.834741 550.000000 3
412.792606 550.000000 3
410.783243 550.000000 3
397.722380 550.000000 3
396.717699 550.000000 3
393.703654 550.000000 3
387.675564 550.000000 3
386.670882 550.000000 3
385.666200 550.000000 3
380.642792 550.000000 3
379.638110 550.000000 3
374.614702 550.000000 3
372.605338 550.000000 3
370.595975 550.000000 3
365.572566 550.000000 3
364.567885 550.000000 3
360.549158 550.000000 3
353.516386 550.000000 3
350.502341 550.000000 3
344.474251 550.000000 3
342.464887 550.000000 3
340.455524 550.000000 3
338.446161 550.000000 3
337.441479 550.000000 3
335.432115 550.000000 3
334.427434 550.000000 3
314.333800 550.000000 3
312.324436 550.000000 3
303.282301 550.000000 3
297.254211 550.000000 3
292.230803 550.000000 3
290.221439 550.000000 3
287.207394 550.000000 3
286.202712 550.000000 3
285.198031 550.000000 3
271.132487 550.000000 3
271.132487 550.000000 2
270.629333 549.128511 2
270.126178 548.257022 2
269.623024 547.385533 2
267.107251 543.028088 2
266.604097 542.156599 2
266.100942 541.285110 2
263.082016 536.056175 2
262.578861 535.184686 2
262.075707 534.313197 2
261.572552 533.441708 2
260.063089 530.827241 2
259.559935 529.955752 2
259.056780 529.084263 2
258.050471 527.341285 2
256.541008 524.726818 2
256.037853 523.855329 2
255.534699 522.983840 2
254.025236 520.369372 2
253.522081 519.497883 2
253.018927 518.626394 2
252.012618 516.883416 2
251.509463 516.011927 2
251.006309 515.140438 2
250.000000 513.397460 2
248.993691 515.140438 1
248.490537 516.011927 1
247.987382 516.883416 1
247.484228 517.754905 1
246.981073 518.626394 1
246.477919 519.497883 1
245.974764 520.369372 1
244.465301 522.983840 1
243.458992 524.726818 1
242.955838 525.598307 1
240.943220 529.084263 1
237.924293 534.313197 1
235.408521 538.670642 1
234.905366 539.542131 1
234.402212 540.413620 1
232.892749 543.028088 1
231.886440 544.771066 1
228.867513 550.000000 1
224.840403 550.000000 0
223.833626 550.000000 0
215.779406 550.000000 0
213.765851 550.000000 0
210.745519 550.000000 0
209.738742 550.000000 0
207.725187 550.000000 0
195.643857 550.000000 0
192.623525 550.000000 0
185.576083 550.000000 0
181.548973 550.000000 0
172.487976 550.000000 0
171.481199 550.000000 0
168.460866 550.000000 0
167.454089 550.000000 0
161.413424 550.000000 0
159.399869 550.000000 0
158.393092 550.000000 0
156.379537 550.000000 0
149.332095 550.000000 0
141.277875 550.000000 0
140.271098 550.000000 0
138.257543 550.000000 0
133.223656 550.000000 0
132.216878 550.000000 0
131.210101 550.000000 0
126.176214 550.000000 0
125.169436 550.000000 0
124.162659 550.000000 0
121.142326 550.000000 0
117.115217 550.000000 0
110.067774 550.000000 0
105.033887 550.000000 0
