920
101.000489 450.000000 20
103.001467 450.000000 20
108.003911 450.000000 20
109.004400 450.000000 20
111.005378 450.000000 20
115.007333 450.000000 20
120.009778 450.000000 20
127.013200 450.000000 20
128.013689 450.000000 20
134.016622 450.000000 20
136.017600 450.000000 20
138.018578 450.000000 20
149.023955 450.000000 20
160.029333 450.000000 20
164.031288 450.000000 20
171.034711 450.000000 20
181.039599 450.000000 20
185.041555 450.000000 20
188.043022 450.000000 20
192.044977 450.000000 20
197.047422 450.000000 20
201.049377 450.000000 20
202.049866 450.000000 20
204.050844 450.000000 20
206.051821 450.000000 20
207.052310 450.000000 20
227.062088 450.000000 20
228.062577 450.000000 20
238.067466 450.000000 20
255.075777 450.000000 20
267.081643 450.000000 20
268.082132 450.000000 20
270.083110 450.000000 20
271.083599 450.000000 20
292.093865 450.000000 20
297.096310 450.000000 20
314.104621 450.000000 20
317.106087 450.000000 20
320.107554 450.000000 20
321.108043 450.000000 20
322.108532 450.000000 20
329.111954 450.000000 20
335.114887 450.000000 20
342.118309 450.000000 20
345.119776 450.000000 20
346.120265 450.000000 20
350.122220 450.000000 20
353.123687 450.000000 20
370.131998 450.000000 20
371.132487 450.000000 19
371.635641 449.128511 19
372.641950 447.385533 19
373.145105 446.514044 19
373.648259 445.642555 19
375.157722 443.028088 19
375.660877 442.156599 19
376.164031 441.285110 19
376.667186 440.413620 19
377.673495 438.670642 19
378.176649 437.799153 19
378.679803 436.927664 19
379.686112 435.184686 19
380.189267 434.313197 19
380.692421 433.441708 19
381.195576 432.570219 19
381.698730 431.698730 19
382.201884 430.827241 19
382.705039 429.955752 19
383.711348 428.212774 19
384.214502 427.341285 19
384.717657 426.469796 19
385.220811 425.598307 19
385.723965 424.726818 19
386.227120 423.855329 19
386.730274 422.983840 19
387.233429 422.112350 19
387.736583 421.240861 19
389.749201 417.754905 19
390.252355 416.883416 19
391.761819 414.268949 19
392.264973 413.397460 19
392.264973 413.397460 18
391.260291 411.657300 18
390.255610 409.917140 18
389.250928 408.176981 18
388.246246 406.436821 18
387.241565 404.696661 18
378.701770 389.905303 18
376.190066 385.554904 18
375.687725 384.684824 18
375.185384 383.814744 18
370.664317 375.984025 18
369.157294 373.373786 18
367.650271 370.763546 18
363.129204 362.932827 18
362.626863 362.062747 18
360.617500 358.582428 18
359.612818 356.842268 18
358.105795 354.232028 18
357.101114 352.491868 18
356.598773 351.621789 18
352.077705 343.791070 18
351.073024 342.050910 18
350.068342 340.310750 18
349.063660 338.570590 18
346.551956 334.220191 18
342.533229 327.259552 18
340.021525 322.909153 18
338.012162 319.428833 18
334.998116 314.208354 18
332.486412 309.857954 18
331.481730 308.117795 18
330.477049 306.377635 18
328.970026 303.767395 18
328.467685 302.897315 18
327.463004 301.157156 18
324.448959 295.936676 18
323.946618 295.066596 18
323.444277 294.196517 18
319.927891 288.105957 18
317.918528 284.625638 18
313.397460 276.794919 18
314.402142 276.794919 17
320.430232 276.794919 17
323.444277 276.794919 17
327.463004 276.794919 17
331.481731 276.794919 17
338.514503 276.794919 17
345.547274 276.794919 17
346.551956 276.794919 17
347.556638 276.794919 17
348.561320 276.794919 17
349.566001 276.794919 17
351.575365 276.794919 17
352.580046 276.794919 17
353.584728 276.794919 17
359.612818 276.794919 17
361.622182 276.794919 17
362.626863 276.794919 17
366.645590 276.794919 17
380.711134 276.794919 17
381.715816 276.794919 17
385.734542 276.794919 17
386.739224 276.794919 17
389.753269 276.794919 17
393.771996 276.794919 17
397.790723 276.794919 17
402.814131 276.794919 17
404.823495 276.794919 17
412.860948 276.794919 17
416.879675 276.794919 17
417.884357 276.794919 17
424.917129 276.794919 17
426.926492 276.794919 17
433.959264 276.794919 17
438.982673 276.794919 17
439.987354 276.794919 17
443.001399 276.794919 17
444.006081 276.794919 17
448.024808 276.794919 17
449.029490 276.794919 17
453.048216 276.794919 17
455.057580 276.794919 17
460.080988 276.794919 17
461.085670 276.794919 17
463.095033 276.794919 17
465.104397 276.794919 17
466.109078 276.794919 17
470.127805 276.794919 17
471.634828 275.924839 16
473.141850 273.314600 16
473.644191 272.444520 16
475.151214 269.834280 16
475.653555 268.964200 16
476.658236 267.224040 16
477.160577 266.353961 16
479.169941 262.873641 16
480.174622 261.133481 16
481.179304 259.393322 16
482.183986 257.653162 16
482.686326 256.783082 16
483.188667 255.913002 16
484.193349 254.172842 16
486.705053 249.822443 16
490.221439 243.731884 16
491.226121 241.991724 16
492.230803 240.251564 16
492.733143 239.381484 16
493.235484 238.511405 16
494.240166 236.771245 16
495.244848 235.031085 16
495.747189 234.161005 16
496.249529 233.290925 16
496.751870 232.420845 16
497.756552 230.680686 16
498.258893 229.810606 16
498.761234 228.940526 16
499.765915 227.200366 16
500.268256 226.330286 16
501.775279 223.720047 16
505.794005 216.759408 16
506.296346 215.889328 16
508.305710 212.409008 16
510.315073 208.928689 16
511.822096 206.318449 16
512.324436 205.448369 16
515.338482 200.227890 16
516.343163 198.487730 16
517.347845 196.747571 16
517.850186 195.877491 16
519.357208 193.267251 16
519.859549 192.397171 16
521.366572 189.786932 16
521.868913 188.916852 16
524.380617 184.566453 16
524.882958 183.696373 16
525.887639 181.956213 16
527.897003 178.475893 16
528.901684 176.735734 16
529.404025 175.865654 16
530.408707 174.125494 16
531.413389 172.385334 16
533.422752 168.905015 16
534.427434 167.164855 16
535.432115 165.424695 16
537.943820 161.074296 16
540.957865 155.853817 16
541.962546 154.113657 16
542.967228 152.373497 16
544.474251 149.763258 16
545.478932 148.023098 16
547.488296 144.542778 16
548.492977 142.802619 16
551.004682 141.932539 15
553.014045 145.412858 15
555.525749 149.763258 15
557.535113 153.243577 15
558.037454 154.113657 15
559.544476 156.723897 15
562.056180 161.074296 15
562.558521 161.944376 15
563.060862 162.814456 15
566.074907 168.034935 15
567.581930 170.645175 15
568.586611 172.385334 15
570.093634 174.995574 15
572.102997 178.475893 15
573.610020 181.086133 15
574.112361 181.956213 15
577.628747 188.046772 15
579.638110 191.527091 15
580.140451 192.397171 15
583.154496 197.617651 15
584.661518 200.227890 15
585.163859 201.097970 15
585.666200 201.968050 15
586.168541 202.838130 15
586.670882 203.708210 15
587.675564 205.448369 15
589.182586 208.058609 15
589.684927 208.928689 15
590.187268 209.798769 15
591.191949 211.538929 15
592.698972 214.149168 15
594.205995 216.759408 15
595.210676 218.499568 15
596.215358 220.239727 15
596.717699 221.109807 15
598.727062 224.590127 15
602.745789 231.550766 15
603.248130 232.420845 15
603.750471 233.290925 15
606.262175 237.641325 15
608.271538 241.121644 15
609.778561 243.731884 15
610.280902 244.601964 15
612.290265 248.082283 15
614.801969 252.432683 15
615.806651 254.172842 15
616.811333 255.913002 15
617.313674 256.783082 15
621.332400 263.743721 15
621.834741 264.613801 15
622.337082 265.483881 15
622.839423 266.353961 15
623.341764 267.224040 15
624.346445 268.964200 15
625.853468 271.574440 15
626.355809 272.444520 15
627.862831 275.054759 15
628.867513 276.794919 14
630.876876 276.794919 14
632.886240 276.794919 14
636.904967 276.794919 14
639.919012 276.794919 14
649.965829 276.794919 14
654.989237 276.794919 14
658.003282 276.794919 14
659.007964 276.794919 14
660.012646 276.794919 14
666.040736 276.794919 14
676.087553 276.794919 14
679.101598 276.794919 14
688.143733 276.794919 14
691.157778 276.794919 14
693.167142 276.794919 14
696.181187 276.794919 14
697.185869 276.794919 14
700.199914 276.794919 14
705.223322 276.794919 14
706.228004 276.794919 14
711.251412 276.794919 14
712.256094 276.794919 14
714.265458 276.794919 14
716.274821 276.794919 14
717.279503 276.794919 14
719.288866 276.794919 14
720.293548 276.794919 14
722.302911 276.794919 14
725.316956 276.794919 14
730.340365 276.794919 14
733.354410 276.794919 14
734.359092 276.794919 14
739.382500 276.794919 14
740.387182 276.794919 14
743.401227 276.794919 14
744.405909 276.794919 14
746.415272 276.794919 14
749.429317 276.794919 14
750.433999 276.794919 14
756.462089 276.794919 14
762.490179 276.794919 14
764.499543 276.794919 14
770.527633 276.794919 14
771.532314 276.794919 14
775.551041 276.794919 14
778.565086 276.794919 14
785.597858 276.794919 14
784.090836 281.145318 13
783.588495 282.015398 13
783.086154 282.885478 13
780.574450 287.235878 13
778.062746 291.586277 13
777.560405 292.456357 13
775.551041 295.936676 13
774.044019 298.546916 13
770.527633 304.637475 13
767.513588 309.857954 13
762.992520 317.688673 13
762.490179 318.558753 13
761.485498 320.298913 13
760.983157 321.168993 13
759.978475 322.909153 13
759.476134 323.779232 13
758.471453 325.519392 13
757.969112 326.389472 13
757.466771 327.259552 13
756.964430 328.129632 13
755.457407 330.739871 13
754.955067 331.609951 13
750.936340 338.570590 13
749.931658 340.310750 13
749.429317 341.180830 13
747.922295 343.791070 13
745.912931 347.271389 13
744.908250 349.011549 13
743.401227 351.621789 13
742.898886 352.491868 13
740.889523 355.972188 13
740.387182 356.842268 13
739.382500 358.582428 13
736.870796 362.932827 13
734.359092 367.283226 13
733.856751 368.153306 13
732.852069 369.893466 13
730.340365 374.243865 13
729.838024 375.113945 13
728.833343 376.854105 13
726.321638 381.204504 13
723.307593 386.424984 13
720.795889 390.775383 13
720.293548 391.645463 13
718.786526 394.255703 13
717.781844 395.995862 13
714.265458 402.086422 13
713.763117 402.956501 13
709.744390 409.917140 13
709.242050 410.787220 13
708.237368 412.527380 13
707.735027 413.397460 12
708.238181 414.268949 12
709.244490 416.011927 12
709.747645 416.883416 12
710.250799 417.754905 12
710.753954 418.626394 12
711.257108 419.497883 12
711.760262 420.369372 12
712.263417 421.240861 12
713.772880 423.855329 12
714.276035 424.726818 12
714.779189 425.598307 12
715.785498 427.341285 12
716.288652 428.212774 12
716.791807 429.084263 12
717.294961 429.955752 12
718.301270 431.698730 12
718.804424 432.570219 12
719.307579 433.441708 12
719.810733 434.313197 12
720.313888 435.184686 12
720.817042 436.056175 12
721.320197 436.927664 12
721.823351 437.799153 12
722.829660 439.542131 12
723.332814 440.413620 12
723.835969 441.285110 12
724.339123 442.156599 12
724.842278 443.028088 12
725.345432 443.899577 12
726.351741 445.642555 12
726.854895 446.514044 12
727.358050 447.385533 12
727.861204 448.257022 12
728.364359 449.128511 12
728.867513 450.000000 12
730.868491 450.000000 11
736.871424 450.000000 11
748.877291 450.000000 11
749.877780 450.000000 11
752.879246 450.000000 11
753.879735 450.000000 11
757.881691 450.000000 11
799.902224 450.000000 11
820.912490 450.000000 11
826.915423 450.000000 11
829.916890 450.000000 11
831.917868 450.000000 11
832.918357 450.000000 11
833.918846 450.000000 11
843.923734 450.000000 11
847.925690 450.000000 11
848.926179 450.000000 11
851.927645 450.000000 11
853.928623 450.000000 11
866.934979 450.000000 11
867.935468 450.000000 11
870.936934 450.000000 11
871.937423 450.000000 11
873.938401 450.000000 11
881.942312 450.000000 11
882.942801 450.000000 11
885.944267 450.000000 11
887.945245 450.000000 11
893.948179 450.000000 11
895.949156 450.000000 11
906.954534 450.000000 11
911.956978 450.000000 11
913.957956 450.000000 11
918.960401 450.000000 11
923.962845 450.000000 11
924.963334 450.000000 11
925.963823 450.000000 11
932.967245 450.000000 11
934.968223 450.000000 11
946.974089 450.000000 11
951.976534 450.000000 11
963.982400 450.000000 11
968.984845 450.000000 11
971.986311 450.000000 11
973.987289 450.000000 11
975.988267 450.000000 11
976.988756 450.000000 11
977.989245 450.000000 11
981.991200 450.000000 11
982.991689 450.000000 11
992.996578 450.000000 11
1000.000000 450.000000 10
1000.000000 451.000000 10
1000.000000 453.000000 10
1000.000000 461.000000 10
1000.000000 463.000000 10
1000.000000 464.000000 10
1000.000000 465.000000 10
1000.000000 466.000000 10
1000.000000 467.000000 10
1000.000000 469.000000 10
1000.000000 471.000000 10
1000.000000 473.000000 10
1000.000000 474.000000 10
1000.000000 475.000000 10
1000.000000 477.000000 10
1000.000000 479.000000 10
1000.000000 481.000000 10
1000.000000 484.000000 10
1000.000000 485.000000 10
1000.000000 488.000000 10
1000.000000 489.000000 10
1000.000000 492.000000 10
1000.000000 493.000000 10
1000.000000 494.000000 10
1000.000000 495.000000 10
1000.000000 498.000000 10
1000.000000 500.000000 10
1000.000000 501.000000 10
1000.000000 502.000000 10
1000.000000 504.000000 10
1000.000000 505.000000 10
1000.000000 506.000000 10
1000.000000 508.000000 10
1000.000000 512.000000 10
1000.000000 517.000000 10
1000.000000 519.000000 10
1000.000000 520.000000 10
1000.000000 521.000000 10
1000.000000 522.000000 10
1000.000000 523.000000 10
1000.000000 525.000000 10
1000.000000 526.000000 10
1000.000000 528.000000 10
1000.000000 529.000000 10
1000.000000 530.000000 10
1000.000000 532.000000 10
1000.000000 535.000000 10
1000.000000 537.000000 10
1000.000000 538.000000 10
1000.000000 542.000000 10
1000.000000 544.000000 10
1000.000000 546.000000 10
1000.000000 548.000000 10
1000.000000 549.000000 10
981.952393 550.000000 9
973.931234 550.000000 9
970.923299 550.000000 9
969.920654 550.000000 9
941.846598 550.000000 9
938.838664 550.000000 9
936.833374 550.000000 9
933.825439 550.000000 9
930.817505 550.000000 9
918.785767 550.000000 9
905.751383 550.000000 9
902.743449 550.000000 9
901.740804 550.000000 9
898.732869 550.000000 9
896.727580 550.000000 9
888.706421 550.000000 9
885.698486 550.000000 9
871.661458 550.000000 9
868.653524 550.000000 9
863.640299 550.000000 9
860.632365 550.000000 9
856.621785 550.000000 9
853.613851 550.000000 9
850.605916 550.000000 9
848.600627 550.000000 9
845.592692 550.000000 9
844.590047 550.000000 9
840.579468 550.000000 9
839.576823 550.000000 9
817.518636 550.000000 9
814.510702 550.000000 9
813.508057 550.000000 9
808.494832 550.000000 9
805.486898 550.000000 9
802.478963 550.000000 9
797.465739 550.000000 9
787.439290 550.000000 9
779.418132 550.000000 9
778.415487 550.000000 9
771.396973 550.000000 9
767.386393 550.000000 9
758.362590 550.000000 9
748.336141 550.000000 9
744.325562 550.000000 9
715.248861 550.000000 9
704.219767 550.000000 9
680.156291 550.000000 9
678.151001 550.000000 9
670.127805 548.259840 8
669.625464 547.389760 8
669.123124 546.519681 8
667.113760 543.039361 8
665.104397 539.559042 8
664.602056 538.688962 8
662.592692 535.208642 8
659.076307 529.118083 8
658.573966 528.248003 8
658.071625 527.377923 8
656.564602 524.767684 8
655.559921 523.027524 8
653.550557 519.547204 8
652.545875 517.807045 8
650.536512 514.326725 8
649.029489 511.716486 8
648.527149 510.846406 8
645.513103 505.625926 8
642.499058 500.405447 8
641.494377 498.665288 8
639.485013 495.184968 8
637.977991 492.574728 8
635.466286 488.224329 8
634.963946 487.354249 8
629.940537 478.653450 8
627.931174 475.173131 8
626.926492 473.432971 8
626.424151 472.562891 8
623.410106 467.342412 8
622.907765 466.472332 8
622.405424 465.602252 8
620.898402 462.992013 8
619.893720 461.251853 8
618.386697 458.641613 8
615.874993 454.291214 8
614.367971 451.680974 8
613.865630 450.810895 8
611.856266 447.330575 8
611.353925 446.460495 8
609.344562 442.980176 8
606.832858 438.629776 8
606.330517 437.759696 8
605.828176 436.889617 8
603.316472 432.539217 8
601.307108 429.058898 8
599.297745 425.578578 8
596.283700 420.358099 8
592.264973 413.397460 7
592.768127 412.525971 7
593.271282 411.654482 7
593.774436 410.782993 7
594.277591 409.911504 7
594.780745 409.040015 7
595.787054 407.297036 7
596.290209 406.425547 7
596.793363 405.554058 7
597.296518 404.682569 7
597.799672 403.811080 7
598.302826 402.939591 7
598.805981 402.068102 7
599.309135 401.196613 7
599.812290 400.325124 7
602.328062 395.967679 7
602.831216 395.096190 7
603.837525 393.353211 7
604.843834 391.610233 7
605.346989 390.738744 7
606.353298 388.995766 7
606.856452 388.124277 7
607.862761 386.381299 7
608.365915 385.509810 7
608.869070 384.638321 7
609.372224 383.766832 7
609.875379 382.895342 7
610.378533 382.023853 7
611.384842 380.280875 7
611.887997 379.409386 7
612.391151 376.794919 6
611.384842 376.794919 6
609.372224 376.794919 6
608.365916 376.794919 6
607.359607 376.794919 6
605.346989 376.794919 6
603.334371 376.794919 6
602.328062 376.794919 6
601.321753 376.794919 6
600.315445 376.794919 6
599.309136 376.794919 6
598.302827 376.794919 6
597.296518 376.794919 6
596.290209 376.794919 6
594.277591 376.794919 6
593.271282 376.794919 6
591.258665 376.794919 6
590.252356 376.794919 6
589.246047 376.794919 6
588.239738 376.794919 6
585.220811 376.794919 6
584.214502 376.794919 6
581.195576 376.794919 6
579.182958 376.794919 6
578.176649 376.794919 6
577.170340 376.794919 6
576.164031 376.794919 6
573.145105 376.794919 6
571.132487 376.794919 6
571.132487 376.794919 5
570.629333 375.923430 5
570.126178 375.051941 5
569.623024 374.180452 5
568.616715 372.437474 5
568.113560 371.565985 5
567.610406 370.694496 5
566.604097 368.951518 5
565.094634 366.337050 5
564.591479 365.465561 5
564.088325 364.594072 5
562.578861 361.979605 5
562.075707 361.108116 5
561.572552 360.236627 5
561.069398 359.365138 5
560.566243 358.493649 5
559.056780 355.879182 5
558.553626 355.007693 5
557.547317 353.264715 5
557.044162 352.393226 5
556.541008 351.521737 5
556.037853 350.650248 5
555.031545 348.907269 5
554.528390 348.035780 5
554.025236 347.164291 5
553.522081 346.292802 5
553.018927 345.421313 5
552.012618 343.678335 5
551.509463 342.806846 5
551.006309 341.935357 5
550.503154 341.063868 5
550.000000 340.192379 5
550.000000 340.192379 4
549.496846 341.063868 4
548.993691 341.935357 4
548.490537 342.806846 4
547.987382 343.678335 4
547.484228 344.549824 4
546.981073 345.421313 4
545.974764 347.164291 4
545.471610 348.035780 4
544.968455 348.907269 4
544.465301 349.778759 4
543.962147 350.650248 4
542.452683 353.264715 4
541.446374 355.007693 4
540.943220 355.879182 4
540.440065 356.750671 4
539.936911 357.622160 4
539.433757 358.493649 4
538.930602 359.365138 4
538.427448 360.236627 4
537.924293 361.108116 4
537.421139 361.979605 4
536.917984 362.851094 4
536.414830 363.722583 4
535.408521 365.465561 4
534.905366 366.337050 4
534.402212 367.208539 4
533.899058 368.080029 4
533.395903 368.951518 4
531.886440 371.565985 4
531.383285 372.437474 4
530.880131 373.308963 4
530.376976 374.180452 4
529.873822 375.051941 4
529.370667 375.923430 4
528.867513 376.794919 3
526.854895 376.794919 3
524.842277 376.794919 3
523.835969 376.794919 3
522.829660 376.794919 3
521.823351 376.794919 3
520.817042 376.794919 3
519.810733 376.794919 3
518.804424 376.794919 3
517.798115 376.794919 3
516.791806 376.794919 3
515.785498 376.794919 3
514.779189 376.794919 3
513.772880 376.794919 3
512.766571 376.794919 3
511.760262 376.794919 3
510.753953 376.794919 3
508.741335 376.794919 3
507.735027 376.794919 3
506.728718 376.794919 3
505.722409 376.794919 3
504.716100 376.794919 3
503.709791 376.794919 3
500.690864 376.794919 3
499.684555 376.794919 3
498.678247 376.794919 3
496.665629 376.794919 3
495.659320 376.794919 3
494.653011 376.794919 3
493.646702 376.794919 3
492.640393 376.794919 3
491.634084 376.794919 3
490.627776 376.794919 3
489.621467 376.794919 3
487.608849 376.794919 3
486.602540 376.794919 2
487.105694 377.666408 2
488.112003 379.409386 2
488.615158 380.280875 2
489.621467 382.023853 2
490.124621 382.895342 2
490.627776 383.766832 2
491.634085 385.509810 2
492.137239 386.381299 2
492.640393 387.252788 2
493.143548 388.124277 2
493.646702 388.995766 2
494.653011 390.738744 2
495.659320 392.481722 2
496.162475 393.353211 2
496.665629 394.224700 2
497.168784 395.096190 2
498.175092 396.839168 2
498.678247 397.710657 2
499.181401 398.582146 2
500.690865 401.196613 2
501.194019 402.068102 2
501.697174 402.939591 2
502.200328 403.811080 2
502.703482 404.682569 2
503.206637 405.554058 2
503.709791 406.425547 2
506.225564 410.782993 2
506.728718 411.654482 2
507.735027 413.397460 2
507.232686 414.267540 1
506.228004 416.007700 1
505.725664 416.877779 1
505.223323 417.747859 1
504.218641 419.488019 1
502.711618 422.098259 1
501.204596 424.708498 1
498.692892 429.058898 1
497.185869 431.669137 1
496.683528 432.539217 1
495.176506 435.149457 1
494.674165 436.019537 1
494.171824 436.889617 1
493.167142 438.629776 1
492.162461 440.369936 1
491.157779 442.110096 1
485.129689 452.551054 1
483.622666 455.161294 1
483.120325 456.031374 1
482.617984 456.901454 1
482.115643 457.771534 1
479.603939 462.121933 1
477.594576 465.602252 1
477.092235 466.472332 1
475.082872 469.952652 1
470.059463 478.653450 1
469.557122 479.523530 1
467.045418 483.873930 1
466.543077 484.744010 1
465.036054 487.354249 1
461.017328 494.314888 1
451.472851 510.846406 1
450.468170 512.586565 1
449.965829 513.456645 1
448.458806 516.066885 1
447.956465 516.936965 1
446.951784 518.677125 1
443.435398 524.767684 1
438.914330 532.598403 1
437.909648 534.338562 1
435.397944 538.688962 1
433.890922 541.299201 1
432.383899 543.909441 1
429.872195 548.259840 1
425.859578 550.000000 0
417.838420 550.000000 0
406.809326 550.000000 0
404.804036 550.000000 0
403.801392 550.000000 0
396.782878 550.000000 0
390.767008 550.000000 0
386.756429 550.000000 0
384.751139 550.000000 0
380.740560 550.000000 0
373.722046 550.000000 0
371.716756 550.000000 0
365.700887 550.000000 0
360.687663 550.000000 0
328.603027 550.000000 0
325.595093 550.000000 0
316.571289 550.000000 0
314.565999 550.000000 0
311.558065 550.000000 0
301.531616 550.000000 0
293.510457 550.000000 0
292.507812 550.000000 0
291.505168 550.000000 0
288.497233 550.000000 0
282.481364 550.000000 0
275.462850 550.000000 0
267.441691 550.000000 0
263.431112 550.000000 0
260.423177 550.000000 0
243.378215 550.000000 0
241.372925 550.000000 0
239.367635 550.000000 0
236.359701 550.000000 0
235.357056 550.000000 0
220.317383 550.000000 0
215.304159 550.000000 0
213.298869 550.000000 0
207.283000 550.000000 0
201.267131 550.000000 0
197.256551 550.000000 0
194.248617 550.000000 0
189.235392 550.000000 0
182.216878 550.000000 0
179.208944 550.000000 0
175.198364 550.000000 0
166.174561 550.000000 0
164.169271 550.000000 0
163.166626 550.000000 0
158.153402 550.000000 0
150.132243 550.000000 0
142.111084 550.000000 0
139.103149 550.000000 0
135.092570 550.000000 0
133.087280 550.000000 0
124.063477 550.000000 0
114.037028 550.000000 0
108.021159 550.000000 0
106.015869 550.000000 0
105.013224 550.000000 0
101.002645 550.000000 0
