1400
100.000000 450.000000 32
103.005598 450.000000 32
105.009330 450.000000 32
106.011196 450.000000 32
107.013062 450.000000 32
110.018660 450.000000 32
111.020526 450.000000 32
112.022392 450.000000 32
113.024258 450.000000 32
114.026124 450.000000 32
115.027990 450.000000 32
116.029856 450.000000 32
117.031722 450.000000 32
118.033588 450.000000 32
119.035454 450.000000 32
120.037320 450.000000 32
121.039186 450.000000 32
122.041052 450.000000 32
123.042918 450.000000 32
124.044784 450.000000 32
125.046650 450.000000 32
127.050382 450.000000 32
128.052248 450.000000 32
129.054114 450.000000 32
133.061578 450.000000 32
135.065310 450.000000 32
136.067177 450.000000 32
137.069043 450.000000 32
139.072775 450.000000 32
145.083971 450.000000 32
146.085837 450.000000 32
148.089569 450.000000 32
149.091435 450.000000 32
150.093301 450.000000 32
151.095167 450.000000 32
154.100765 450.000000 32
156.104497 450.000000 32
159.110095 450.000000 32
160.111961 450.000000 32
161.113827 450.000000 32
162.115693 450.000000 32
165.121291 450.000000 32
166.123157 450.000000 32
167.125023 450.000000 32
168.126889 450.000000 32
169.128755 450.000000 32
170.130621 450.000000 32
172.639510 447.389760 31
173.141850 446.519681 31
173.644191 445.649601 31
174.146532 444.779521 31
178.667600 436.948802 31
179.169941 436.078722 31
180.174622 434.338562 31
181.179304 432.598403 31
181.681645 431.728323 31
182.183986 430.858243 31
182.686326 429.988163 31
184.193349 427.377923 31
185.198031 425.637764 31
189.216757 418.677125 31
190.221439 416.936965 31
191.226121 415.196805 31
196.249529 406.496006 31
197.756552 403.885767 31
198.258893 403.015687 31
199.263574 401.275527 31
199.765915 400.405447 31
200.268256 399.535367 31
202.779960 395.184968 31
203.784642 393.444808 31
209.310391 383.873930 31
210.315073 382.133770 31
211.319755 380.393610 31
211.822096 379.523530 31
212.826777 377.783371 31
214.333800 375.173131 31
214.836141 374.303051 31
215.338482 373.432971 31
216.845504 370.822732 31
220.361890 364.732172 31
221.868913 362.121933 31
222.873594 360.381773 31
223.375935 359.511693 31
224.380617 357.771534 31
227.897003 351.680974 31
228.901684 349.940815 31
232.920411 342.980176 31
237.441479 335.149457 31
240.455524 329.928978 31
240.957865 329.058898 31
241.962546 327.318738 31
242.967228 325.578578 31
243.469569 324.708498 31
246.483614 319.488019 31
247.990637 316.877779 31
250.502341 314.267540 30
251.507023 316.007700 30
252.009363 316.877779 30
254.018727 320.358099 30
255.023408 322.098259 30
256.028090 323.838418 30
257.032772 325.578578 30
259.042135 329.058898 30
260.046817 330.799057 30
263.060862 336.019537 30
263.563203 336.889617 30
265.070225 339.499856 30
266.577248 342.110096 30
267.079589 342.980176 30
268.084270 344.720335 30
269.088952 346.460495 30
270.595975 349.070735 30
272.605338 352.551054 30
274.614702 356.031374 30
276.121724 358.641613 30
277.628747 361.251853 30
278.131087 362.121933 30
279.135769 363.862093 30
280.140451 365.602252 30
281.145133 367.342412 30
282.652155 369.952652 30
283.656837 371.692811 30
284.661518 373.432971 30
287.675564 378.653450 30
289.684927 382.133770 30
292.196631 386.484169 30
293.703654 389.094409 30
294.205995 389.964489 30
295.210676 391.704649 30
296.215358 393.444808 30
296.717699 394.314888 30
298.727062 397.795208 30
302.243448 403.885767 30
304.252811 407.366086 30
305.257493 409.106246 30
305.759834 409.976326 30
311.787924 420.417284 30
317.313674 429.988163 30
317.816014 430.858243 30
318.820696 432.598403 30
320.830059 436.078722 30
321.834741 437.818882 30
323.341764 440.429121 30
326.355809 445.649601 30
328.867513 450.000000 29
330.880131 450.000000 29
331.886440 450.000000 29
334.905366 450.000000 29
335.911675 450.000000 29
336.917984 450.000000 29
337.924293 450.000000 29
338.930602 450.000000 29
339.936911 450.000000 29
340.943220 450.000000 29
341.949529 450.000000 29
342.955838 450.000000 29
343.962147 450.000000 29
344.968455 450.000000 29
345.974764 450.000000 29
346.981073 450.000000 29
347.987382 450.000000 29
350.000000 450.000000 29
352.012618 450.000000 29
353.018927 450.000000 29
354.025236 450.000000 29
356.037853 450.000000 29
357.044162 450.000000 29
358.050471 450.000000 29
359.056780 450.000000 29
360.063089 450.000000 29
361.069398 450.000000 29
362.075707 450.000000 29
364.088325 450.000000 29
365.094634 450.000000 29
366.100942 450.000000 29
367.107251 450.000000 29
368.113560 450.000000 29
370.126178 450.000000 29
371.132487 450.000000 29
371.132487 450.000000 28
371.635641 449.128511 28
372.138796 448.257022 28
372.641950 447.385533 28
373.145105 446.514044 28
373.648259 445.642555 28
374.151414 444.771066 28
374.654568 443.899577 28
375.157722 443.028088 28
375.660877 442.156599 28
376.164031 441.285110 28
376.667186 440.413620 28
377.170340 439.542131 28
377.673495 438.670642 28
378.176649 437.799153 28
378.679803 436.927664 28
379.182958 436.056175 28
379.686112 435.184686 28
380.189267 434.313197 28
380.692421 433.441708 28
381.195576 432.570219 28
382.705039 429.955752 28
383.208193 429.084263 28
383.711348 428.212774 28
384.214502 427.341285 28
384.717657 426.469796 28
385.723965 424.726818 28
386.227120 423.855329 28
387.233429 422.112350 28
387.736583 421.240861 28
388.239738 420.369372 28
388.742892 419.497883 28
389.246046 418.626394 28
390.252355 416.883416 28
391.258664 415.140438 28
391.761819 414.268949 28
389.753269 409.047061 27
388.748587 407.306901 27
388.246246 406.436821 27
383.222838 397.736022 27
382.720497 396.865942 27
380.208793 392.515543 27
379.706452 391.645463 27
379.204111 390.775383 27
377.697088 388.165144 27
374.180703 382.074584 27
372.673680 379.464345 27
370.664317 375.984025 27
368.152612 371.633626 27
367.147931 369.893466 27
364.133886 364.672987 27
363.129204 362.932827 27
362.626863 362.062747 27
360.115159 357.712348 27
359.110477 355.972188 27
357.603455 353.361948 27
354.087069 347.271389 27
353.082387 345.531229 27
351.073024 342.050910 27
348.058978 336.830431 27
347.556638 335.960351 27
345.044933 331.609951 27
343.537911 328.999712 27
343.035570 328.129632 27
338.012162 319.428833 27
337.509821 318.558753 27
336.505139 316.818593 27
334.495776 313.338274 27
332.486412 309.857954 27
328.970026 303.767395 27
328.467685 302.897315 27
327.965345 302.027235 27
326.960663 300.287076 27
320.932573 289.846117 27
316.411505 282.015398 27
315.406823 280.275239 27
313.899801 277.664999 27
313.397460 276.794919 27
315.406823 276.794919 26
318.420869 276.794919 26
320.430232 276.794919 26
332.486412 276.794919 26
333.491094 276.794919 26
337.509821 276.794919 26
342.533229 276.794919 26
350.570683 276.794919 26
356.598773 276.794919 26
357.603455 276.794919 26
358.608137 276.794919 26
359.612818 276.794919 26
360.617500 276.794919 26
366.645590 276.794919 26
377.697089 276.794919 26
380.711134 276.794919 26
389.753269 276.794919 26
392.767314 276.794919 26
398.795405 276.794919 26
400.804768 276.794919 26
401.809450 276.794919 26
404.823495 276.794919 26
409.846903 276.794919 26
410.851585 276.794919 26
422.907765 276.794919 26
423.912447 276.794919 26
424.917129 276.794919 26
428.935856 276.794919 26
435.968627 276.794919 26
439.987354 276.794919 26
445.010763 276.794919 26
447.020126 276.794919 26
449.029490 276.794919 26
458.071625 276.794919 26
460.080988 276.794919 26
461.085670 276.794919 26
464.099715 276.794919 26
469.123124 276.794919 26
471.132487 276.794919 26
471.132487 276.794919 25
471.634828 275.924839 25
472.639510 274.184679 25
475.151214 269.834280 25
475.653555 268.964200 25
476.658236 267.224040 25
477.662918 265.483881 25
478.165259 264.613801 25
479.169941 262.873641 25
480.676963 260.263401 25
481.179304 259.393322 25
483.691008 255.042922 25
486.705053 249.822443 25
488.714417 246.342123 25
489.216757 245.472044 25
491.226121 241.991724 25
492.733143 239.381484 25
493.235484 238.511405 25
495.747189 234.161005 25
496.751870 232.420845 25
497.756552 230.680686 25
498.258893 229.810606 25
499.263574 228.070446 25
503.784642 220.239727 25
504.286983 219.369647 25
507.803369 213.279088 25
508.305710 212.409008 25
509.812732 209.798769 25
512.826777 204.578290 25
514.333800 201.968050 25
515.840822 199.357810 25
522.873594 187.176692 25
525.887639 181.956213 25
527.394662 179.345973 25
528.901684 176.735734 25
529.906366 174.995574 25
532.418070 170.645175 25
532.920411 169.775095 25
533.422752 168.905015 25
533.925093 168.034935 25
534.427434 167.164855 25
534.929775 166.294775 25
535.432115 165.424695 25
536.939138 162.814456 25
538.446161 160.204216 25
538.948501 159.334136 25
539.953183 157.593976 25
541.460206 154.983737 25
542.967228 152.373497 25
545.981273 147.153018 25
546.985955 145.412858 25
547.488296 144.542778 25
548.995318 141.932539 25
549.497659 141.062459 25
550.502341 141.062459 24
553.014045 145.412858 24
554.018727 147.153018 24
554.521068 148.023098 24
557.535113 153.243577 24
558.037454 154.113657 24
559.544476 156.723897 24
561.051499 159.334136 24
561.553839 160.204216 24
562.056180 161.074296 24
562.558521 161.944376 24
563.060862 162.814456 24
563.563203 163.684536 24
564.065544 164.554615 24
567.079589 169.775095 24
567.581930 170.645175 24
568.586611 172.385334 24
570.093634 174.995574 24
571.600656 177.605814 24
574.112361 181.956213 24
575.117042 183.696373 24
576.624065 186.306612 24
580.642792 193.267251 24
581.145133 194.137331 24
582.652155 196.747571 24
585.666200 201.968050 24
587.173223 204.578290 24
591.694290 212.409008 24
592.196631 213.279088 24
592.698972 214.149168 24
595.210676 218.499568 24
595.713017 219.369647 24
596.717699 221.109807 24
597.220040 221.979887 24
598.224721 223.720047 24
603.750471 233.290925 24
605.759834 236.771245 24
606.262175 237.641325 24
608.773879 241.991724 24
610.280902 244.601964 24
610.783243 245.472044 24
611.285583 246.342123 24
612.290265 248.082283 24
614.801969 252.432683 24
617.313674 256.783082 24
622.337082 265.483881 24
623.341764 267.224040 24
623.844105 268.094120 24
624.848786 269.834280 24
626.858150 273.314600 24
627.862831 275.054759 24
628.867513 276.794919 23
629.872195 276.794919 23
632.886240 276.794919 23
633.890922 276.794919 23
634.895603 276.794919 23
641.928375 276.794919 23
652.979874 276.794919 23
653.984556 276.794919 23
654.989237 276.794919 23
659.007964 276.794919 23
660.012646 276.794919 23
667.045418 276.794919 23
669.054781 276.794919 23
670.059463 276.794919 23
675.082871 276.794919 23
678.096916 276.794919 23
682.115643 276.794919 23
683.120325 276.794919 23
684.125007 276.794919 23
691.157778 276.794919 23
696.181187 276.794919 23
699.195232 276.794919 23
710.246731 276.794919 23
712.256094 276.794919 23
716.274821 276.794919 23
719.288866 276.794919 23
722.302911 276.794919 23
727.326320 276.794919 23
728.331001 276.794919 23
738.377818 276.794919 23
739.382500 276.794919 23
740.387182 276.794919 23
741.391863 276.794919 23
743.401227 276.794919 23
744.405909 276.794919 23
745.410590 276.794919 23
749.429317 276.794919 23
754.452726 276.794919 23
759.476134 276.794919 23
761.485497 276.794919 23
764.499543 276.794919 23
766.508906 276.794919 23
768.518269 276.794919 23
771.532314 276.794919 23
774.546360 276.794919 23
775.551041 276.794919 23
776.555723 276.794919 23
778.565086 276.794919 23
780.574450 276.794919 23
782.583813 276.794919 23
785.597858 276.794919 23
786.602540 276.794919 23
780.574450 287.235878 22
775.048701 296.806756 22
771.029974 303.767395 22
770.025292 305.507555 22
768.015929 308.987875 22
763.997202 315.948514 22
753.448044 334.220191 22
752.443362 335.960351 22
750.433999 339.440670 22
749.931658 340.310750 22
749.429317 341.180830 22
748.926976 342.050910 22
745.912931 347.271389 22
744.405909 349.881629 22
743.903568 350.751709 22
741.391864 355.102108 22
739.884841 357.712348 22
739.382500 358.582428 22
737.875478 361.192667 22
737.373137 362.062747 22
733.354410 369.023386 22
730.340365 374.243865 22
727.828661 378.594265 22
725.819297 382.074584 22
724.814616 383.814744 22
719.288866 393.385623 22
718.284185 395.125783 22
716.777162 397.736022 22
716.274821 398.606102 22
715.270140 400.346262 22
710.749072 408.176981 22
710.246731 409.047061 22
708.237368 412.527380 22
708.238181 414.268949 21
708.741336 415.140438 21
709.244490 416.011927 21
710.753954 418.626394 21
711.257108 419.497883 21
711.760262 420.369372 21
712.263417 421.240861 21
712.766571 422.112350 21
713.772880 423.855329 21
714.276035 424.726818 21
715.282343 426.469796 21
715.785498 427.341285 21
716.288652 428.212774 21
716.791807 429.084263 21
717.294961 429.955752 21
717.798116 430.827241 21
718.301270 431.698730 21
718.804424 432.570219 21
719.307579 433.441708 21
720.313888 435.184686 21
720.817042 436.056175 21
721.320197 436.927664 21
722.326505 438.670642 21
722.829660 439.542131 21
723.332814 440.413620 21
723.835969 441.285110 21
724.339123 442.156599 21
724.842278 443.028088 21
725.848586 444.771066 21
726.351741 445.642555 21
726.854895 446.514044 21
727.358050 447.385533 21
727.861204 448.257022 21
728.364359 449.128511 21
728.867513 450.000000 21
729.873822 450.000000 20
730.880131 450.000000 20
732.892749 450.000000 20
733.899058 450.000000 20
734.905366 450.000000 20
735.911675 450.000000 20
737.924293 450.000000 20
738.930602 450.000000 20
739.936911 450.000000 20
740.943220 450.000000 20
741.949529 450.000000 20
742.955838 450.000000 20
744.968455 450.000000 20
745.974764 450.000000 20
746.981073 450.000000 20
747.987382 450.000000 20
748.993691 450.000000 20
751.006309 450.000000 20
752.012618 450.000000 20
754.025236 450.000000 20
755.031545 450.000000 20
757.044162 450.000000 20
758.050471 450.000000 20
759.056780 450.000000 20
760.063089 450.000000 20
761.069398 450.000000 20
762.075707 450.000000 20
763.082016 450.000000 20
764.088325 450.000000 20
765.094634 450.000000 20
766.100942 450.000000 20
767.107251 450.000000 20
769.119869 450.000000 20
770.126178 450.000000 20
773.141850 446.519681 19
774.146532 444.779521 19
775.151214 443.039361 19
776.155895 441.299201 19
776.658236 440.429121 19
780.676963 433.468482 19
782.183986 430.858243 19
782.686326 429.988163 19
784.193349 427.377923 19
786.202712 423.897604 19
786.705053 423.027524 19
787.709735 421.287364 19
788.714417 419.547204 19
790.221439 416.936965 19
791.728462 414.326725 19
793.235484 411.716486 19
794.240166 409.976326 19
795.244848 408.236166 19
796.249529 406.496006 19
796.751870 405.625926 19
797.756552 403.885767 19
801.775279 396.925128 19
802.277620 396.055048 19
803.282301 394.314888 19
804.286983 392.574728 19
804.789324 391.704649 19
805.794005 389.964489 19
806.296346 389.094409 19
806.798687 388.224329 19
807.301028 387.354249 19
812.324436 378.653450 19
812.826777 377.783371 19
813.329118 376.913291 19
813.831459 376.043211 19
814.333800 375.173131 19
815.338482 373.432971 19
815.840822 372.562891 19
817.850186 369.082572 19
819.357208 366.472332 19
820.361890 364.732172 19
820.864231 363.862093 19
822.873594 360.381773 19
823.878276 358.641613 19
824.380617 357.771534 19
824.882958 356.901454 19
829.404025 349.070735 19
830.911048 346.460495 19
832.920411 342.980176 19
835.934456 337.759696 19
838.948501 332.539217 19
840.957865 329.058898 19
842.464887 326.448658 19
846.483614 319.488019 19
847.990637 316.877779 19
853.014045 318.617939 18
854.018727 320.358099 18
857.032772 325.578578 18
857.535113 326.448658 18
860.549158 331.669137 18
861.051499 332.539217 18
862.558521 335.149457 18
863.060862 336.019537 18
865.070225 339.499856 18
866.577248 342.110096 18
867.079589 342.980176 18
867.581930 343.850256 18
869.088952 346.460495 18
869.591293 347.330575 18
871.600656 350.810895 18
872.102997 351.680974 18
873.107679 353.421134 18
873.610020 354.291214 18
875.619383 357.771534 18
878.131087 362.121933 18
879.135769 363.862093 18
879.638110 364.732172 18
881.145133 367.342412 18
882.149814 369.082572 18
882.652155 369.952652 18
883.154496 370.822732 18
884.661518 373.432971 18
885.163859 374.303051 18
885.666200 375.173131 18
886.670882 376.913291 18
889.182586 381.263690 18
890.689609 383.873930 18
896.717699 394.314888 18
897.220040 395.184968 18
899.229403 398.665288 18
901.741107 403.015687 18
904.252811 407.366086 18
905.257493 409.106246 18
905.759834 409.976326 18
906.262175 410.846406 18
906.764516 411.716486 18
907.266857 412.586565 18
908.271538 414.326725 18
910.280902 417.807045 18
910.783243 418.677125 18
911.285583 419.547204 18
913.797288 423.897604 18
915.304310 426.507843 18
919.825378 434.338562 18
920.327719 435.208642 18
921.332400 436.948802 18
922.337082 438.688962 18
924.848786 443.039361 18
925.853468 444.779521 18
926.355809 445.649601 18
927.862831 448.259840 18
928.867513 450.000000 17
931.873111 450.000000 17
932.874977 450.000000 17
935.880575 450.000000 17
937.884307 450.000000 17
940.889905 450.000000 17
941.891771 450.000000 17
942.893637 450.000000 17
943.895503 450.000000 17
948.904833 450.000000 17
950.908565 450.000000 17
954.916029 450.000000 17
955.917895 450.000000 17
956.919761 450.000000 17
957.921627 450.000000 17
959.925359 450.000000 17
960.927225 450.000000 17
961.929091 450.000000 17
964.934690 450.000000 17
966.938422 450.000000 17
968.942154 450.000000 17
970.945886 450.000000 17
973.951484 450.000000 17
976.957082 450.000000 17
977.958948 450.000000 17
978.960814 450.000000 17
979.962680 450.000000 17
980.964546 450.000000 17
981.966412 450.000000 17
983.970144 450.000000 17
985.973876 450.000000 17
987.977608 450.000000 17
989.981340 450.000000 17
991.985072 450.000000 17
992.986938 450.000000 17
993.988804 450.000000 17
994.990670 450.000000 17
996.994402 450.000000 17
998.998134 450.000000 17
1000.000000 450.000000 17
1000.000000 450.000000 16
1000.000000 452.000000 16
1000.000000 455.000000 16
1000.000000 459.000000 16
1000.000000 460.000000 16
1000.000000 461.000000 16
1000.000000 469.000000 16
1000.000000 470.000000 16
1000.000000 471.000000 16
1000.000000 472.000000 16
1000.000000 473.000000 16
1000.000000 481.000000 16
1000.000000 483.000000 16
1000.000000 484.000000 16
1000.000000 486.000000 16
1000.000000 487.000000 16
1000.000000 494.000000 16
1000.000000 495.000000 16
1000.000000 498.000000 16
1000.000000 499.000000 16
1000.000000 500.000000 16
1000.000000 501.000000 16
1000.000000 505.000000 16
1000.000000 509.000000 16
1000.000000 510.000000 16
1000.000000 512.000000 16
1000.000000 514.000000 16
1000.000000 515.000000 16
1000.000000 516.000000 16
1000.000000 523.000000 16
1000.000000 524.000000 16
1000.000000 526.000000 16
1000.000000 530.000000 16
1000.000000 531.000000 16
1000.000000 532.000000 16
1000.000000 533.000000 16
1000.000000 534.000000 16
1000.000000 536.000000 16
1000.000000 539.000000 16
1000.000000 540.000000 16
1000.000000 543.000000 16
1000.000000 545.000000 16
1000.000000 546.000000 16
1000.000000 548.000000 16
1000.000000 549.000000 16
997.986445 550.000000 15
996.979668 550.000000 15
995.972890 550.000000 15
989.932226 550.000000 15
985.905116 550.000000 15
983.891561 550.000000 15
981.878006 550.000000 15
980.871229 550.000000 15
979.864451 550.000000 15
973.823786 550.000000 15
971.810232 550.000000 15
970.803454 550.000000 15
967.783122 550.000000 15
961.742457 550.000000 15
960.735680 550.000000 15
959.728902 550.000000 15
950.667905 550.000000 15
948.654350 550.000000 15
947.647573 550.000000 15
945.634018 550.000000 15
944.627241 550.000000 15
943.620463 550.000000 15
941.606908 550.000000 15
936.573021 550.000000 15
932.545911 550.000000 15
931.539134 550.000000 15
929.525579 550.000000 15
928.518801 550.000000 15
926.505246 550.000000 15
925.498469 550.000000 15
923.484914 550.000000 15
921.471359 550.000000 15
920.464582 550.000000 15
915.430695 550.000000 15
911.403585 550.000000 15
907.376475 550.000000 15
905.362920 550.000000 15
903.349365 550.000000 15
898.315478 550.000000 15
894.288368 550.000000 15
893.281591 550.000000 15
892.274813 550.000000 15
890.261258 550.000000 15
886.234149 550.000000 15
881.200261 550.000000 15
880.193484 550.000000 15
879.186707 550.000000 15
876.166374 550.000000 15
875.159597 550.000000 15
873.146042 550.000000 15
871.132487 550.000000 15
871.132487 550.000000 14
869.119869 546.514044 14
868.616715 545.642555 14
867.610406 543.899577 14
867.107251 543.028088 14
866.604097 542.156599 14
866.100942 541.285110 14
865.597788 540.413620 14
865.094634 539.542131 14
864.591479 538.670642 14
864.088325 537.799153 14
863.082016 536.056175 14
862.578861 535.184686 14
862.075707 534.313197 14
861.572552 533.441708 14
861.069398 532.570219 14
860.063089 530.827241 14
859.559935 529.955752 14
859.056780 529.084263 14
858.050471 527.341285 14
857.547317 526.469796 14
857.044162 525.598307 14
856.541008 524.726818 14
856.037853 523.855329 14
855.534699 522.983840 14
855.031545 522.112350 14
854.025236 520.369372 14
853.018927 518.626394 14
852.515772 517.754905 14
852.012618 516.883416 14
851.509463 516.011927 14
851.006309 515.140438 14
850.000000 513.397460 14
850.000000 513.397460 13
849.496846 514.268949 13
848.993691 515.140438 13
848.490537 516.011927 13
847.987382 516.883416 13
847.484228 517.754905 13
846.477919 519.497883 13
845.974764 520.369372 13
845.471610 521.240861 13
844.968455 522.112350 13
843.458992 524.726818 13
842.955838 525.598307 13
841.949529 527.341285 13
841.446374 528.212774 13
840.943220 529.084263 13
840.440065 529.955752 13
839.936911 530.827241 13
838.427448 533.441708 13
837.924293 534.313197 13
837.421139 535.184686 13
836.917984 536.056175 13
835.911675 537.799153 13
835.408521 538.670642 13
834.905366 539.542131 13
833.395903 542.156599 13
832.892749 543.028088 13
832.389594 543.899577 13
831.886440 544.771066 13
830.376976 547.385533 13
829.873822 548.257022 13
829.370667 549.128511 13
828.867513 550.000000 13
822.839423 550.000000 12
821.834741 550.000000 12
817.816014 550.000000 12
812.792606 550.000000 12
810.783243 550.000000 12
805.759834 550.000000 12
801.741107 550.000000 12
798.727062 550.000000 12
797.722380 550.000000 12
794.708335 550.000000 12
793.703654 550.000000 12
791.694290 550.000000 12
787.675564 550.000000 12
785.666200 550.000000 12
782.652155 550.000000 12
780.642792 550.000000 12
776.624065 550.000000 12
771.600656 550.000000 12
769.591293 550.000000 12
766.577248 550.000000 12
763.563203 550.000000 12
759.544476 550.000000 12
757.535113 550.000000 12
754.521068 550.000000 12
752.511704 550.000000 12
748.492977 550.000000 12
746.483614 550.000000 12
741.460206 550.000000 12
740.455524 550.000000 12
739.450842 550.000000 12
737.441479 550.000000 12
735.432115 550.000000 12
732.418070 550.000000 12
727.394662 550.000000 12
724.380617 550.000000 12
723.375935 550.000000 12
718.352527 550.000000 12
713.329118 550.000000 12
712.324436 550.000000 12
711.319755 550.000000 12
709.310391 550.000000 12
705.291665 550.000000 12
702.277620 550.000000 12
701.272938 550.000000 12
696.249529 550.000000 12
695.244848 550.000000 12
694.240166 550.000000 12
693.235484 550.000000 12
689.216757 550.000000 12
684.193349 550.000000 12
680.174622 550.000000 12
679.169941 550.000000 12
677.160577 550.000000 12
674.146532 550.000000 12
670.630146 549.129920 11
670.127805 548.259840 11
667.616101 543.909441 11
667.113760 543.039361 11
666.611419 542.169281 11
666.109078 541.299201 11
665.104397 539.559042 11
663.597374 536.948802 11
663.095033 536.078722 11
662.090352 534.338562 11
661.588011 533.468482 11
660.080988 530.858243 11
658.573966 528.248003 11
658.071625 527.377923 11
655.559921 523.027524 11
654.555239 521.287364 11
653.550557 519.547204 11
649.531830 512.586565 11
647.522467 509.106246 11
647.020126 508.236166 11
646.517785 507.366086 11
643.001399 501.275527 11
642.499058 500.405447 11
641.494377 498.665288 11
639.987354 496.055048 11
635.968627 489.094409 11
635.466286 488.224329 11
634.963946 487.354249 11
633.456923 484.744010 11
632.954582 483.873930 11
632.452241 483.003850 11
630.945219 480.393610 11
627.931174 475.173131 11
627.428833 474.303051 11
623.410106 467.342412 11
621.400743 463.862093 11
620.898402 462.992013 11
620.396061 462.121933 11
619.391379 460.381773 11
617.382016 456.901454 11
611.856266 447.330575 11
611.353925 446.460495 11
610.851585 445.590415 11
610.349244 444.720335 11
609.846903 443.850256 11
606.832858 438.629776 11
606.330517 437.759696 11
604.321153 434.279377 11
603.818813 433.409297 11
603.316472 432.539217 11
602.814131 431.669137 11
602.311790 430.799057 11
600.804768 428.188818 11
598.795404 424.708498 11
598.293063 423.838418 11
597.790722 422.968339 11
594.776677 417.747859 11
593.771996 416.007700 11
592.264973 413.397460 10
592.768127 412.525971 10
593.774436 410.782993 10
594.277591 409.911504 10
594.780745 409.040015 10
595.283900 408.168526 10
596.290209 406.425547 10
596.793363 405.554058 10
597.296518 404.682569 10
597.799672 403.811080 10
598.302826 402.939591 10
598.805981 402.068102 10
599.309135 401.196613 10
600.315444 399.453635 10
601.321753 397.710657 10
601.824908 396.839168 10
602.328062 395.967679 10
603.334371 394.224700 10
604.340680 392.481722 10
604.843834 391.610233 10
605.346989 390.738744 10
605.850143 389.867255 10
606.353298 388.995766 10
607.862761 386.381299 10
609.372224 383.766832 10
609.875379 382.895342 10
610.378533 382.023853 10
610.881688 381.152364 10
611.384842 380.280875 10
612.391151 378.537897 10
613.397460 376.794919 10
612.391151 376.794919 9
611.384842 376.794919 9
609.372224 376.794919 9
608.365916 376.794919 9
607.359607 376.794919 9
605.346989 376.794919 9
603.334371 376.794919 9
601.321753 376.794919 9
597.296518 376.794919 9
596.290209 376.794919 9
592.264973 376.794919 9
590.252356 376.794919 9
589.246047 376.794919 9
587.233429 376.794919 9
585.220811 376.794919 9
584.214502 376.794919 9
583.208194 376.794919 9
581.195576 376.794919 9
579.182958 376.794919 9
577.170340 376.794919 9
576.164031 376.794919 9
575.157723 376.794919 9
574.151414 376.794919 9
573.145105 376.794919 9
572.138796 376.794919 9
571.132487 376.794919 9
570.629333 375.923430 8
570.126178 375.051941 8
569.119869 373.308963 8
568.616715 372.437474 8
568.113560 371.565985 8
567.610406 370.694496 8
567.107251 369.823007 8
566.604097 368.951518 8
566.100942 368.080029 8
565.597788 367.208539 8
565.094634 366.337050 8
564.088325 364.594072 8
563.585170 363.722583 8
562.578861 361.979605 8
561.572552 360.236627 8
560.566243 358.493649 8
560.063089 357.622160 8
559.559935 356.750671 8
559.056780 355.879182 8
558.050471 354.136204 8
557.547317 353.264715 8
557.044162 352.393226 8
556.541008 351.521737 8
555.534699 349.778759 8
555.031545 348.907269 8
553.522081 346.292802 8
552.515772 344.549824 8
552.012618 343.678335 8
551.006309 341.935357 8
550.503154 341.063868 8
550.000000 340.192379 8
550.000000 340.192379 7
549.496846 341.063868 7
548.993691 341.935357 7
548.490537 342.806846 7
547.987382 343.678335 7
547.484228 344.549824 7
546.981073 345.421313 7
546.477919 346.292802 7
545.471610 348.035780 7
544.968455 348.907269 7
544.465301 349.778759 7
543.458992 351.521737 7
542.955838 352.393226 7
541.949529 354.136204 7
541.446374 355.007693 7
540.943220 355.879182 7
540.440065 356.750671 7
539.936911 357.622160 7
539.433757 358.493649 7
538.427448 360.236627 7
537.924293 361.108116 7
537.421139 361.979605 7
536.917984 362.851094 7
536.414830 363.722583 7
535.911675 364.594072 7
535.408521 365.465561 7
534.905366 366.337050 7
534.402212 367.208539 7
533.899058 368.080029 7
533.395903 368.951518 7
532.389594 370.694496 7
531.886440 371.565985 7
531.383285 372.437474 7
530.880131 373.308963 7
529.370667 375.923430 7
528.867513 376.794919 7
528.867513 376.794919 6
526.854895 376.794919 6
524.842277 376.794919 6
522.829660 376.794919 6
521.823351 376.794919 6
519.810733 376.794919 6
518.804424 376.794919 6
517.798115 376.794919 6
516.791806 376.794919 6
515.785498 376.794919 6
513.772880 376.794919 6
511.760262 376.794919 6
510.753953 376.794919 6
509.747644 376.794919 6
508.741335 376.794919 6
505.722409 376.794919 6
504.716100 376.794919 6
502.703482 376.794919 6
499.684555 376.794919 6
498.678247 376.794919 6
497.671938 376.794919 6
496.665629 376.794919 6
495.659320 376.794919 6
494.653011 376.794919 6
493.646702 376.794919 6
492.640393 376.794919 6
491.634084 376.794919 6
490.627776 376.794919 6
488.615158 376.794919 6
487.608849 376.794919 6
486.602540 376.794919 6
486.602540 376.794919 5
487.105694 377.666408 5
487.608849 378.537897 5
488.615158 380.280875 5
489.118312 381.152364 5
490.124621 382.895342 5
491.130930 384.638321 5
491.634085 385.509810 5
492.137239 386.381299 5
492.640393 387.252788 5
493.143548 388.124277 5
493.646702 388.995766 5
495.156166 391.610233 5
495.659320 392.481722 5
496.162475 393.353211 5
496.665629 394.224700 5
497.168784 395.096190 5
497.671938 395.967679 5
498.175092 396.839168 5
498.678247 397.710657 5
499.181401 398.582146 5
500.187710 400.325124 5
500.690865 401.196613 5
501.194019 402.068102 5
501.697174 402.939591 5
502.703482 404.682569 5
503.206637 405.554058 5
503.709791 406.425547 5
504.212946 407.297036 5
504.716100 408.168526 5
505.219255 409.040015 5
505.722409 409.911504 5
506.728718 411.654482 5
507.231873 412.525971 5
507.735027 413.397460 5
507.232686 414.267540 4
506.730345 415.137620 4
506.228004 416.007700 4
505.725664 416.877779 4
505.223323 417.747859 4
503.716300 420.358099 4
501.706937 423.838418 4
497.185869 431.669137 4
496.181187 433.409297 4
495.678847 434.279377 4
495.176506 435.149457 4
494.674165 436.019537 4
492.162461 440.369936 4
491.157779 442.110096 4
486.636711 449.940815 4
486.134370 450.810895 4
485.129689 452.551054 4
483.120325 456.031374 4
480.608621 460.381773 4
479.101598 462.992013 4
478.599257 463.862093 4
477.594576 465.602252 4
475.585212 469.082572 4
474.580531 470.822732 4
473.575849 472.562891 4
471.064145 476.913291 4
470.059463 478.653450 4
469.054781 480.393610 4
467.045418 483.873930 4
465.538395 486.484169 4
464.533714 488.224329 4
464.031373 489.094409 4
462.524350 491.704649 4
461.519668 493.444808 4
461.017328 494.314888 4
459.007964 497.795208 4
456.496260 502.145607 4
455.491578 503.885767 4
454.989237 504.755847 4
453.984556 506.496006 4
451.472851 510.846406 4
450.970511 511.716486 4
449.463488 514.326725 4
448.458806 516.066885 4
445.947102 520.417284 4
443.937739 523.897604 4
443.435398 524.767684 4
440.421353 529.988163 4
438.914330 532.598403 4
438.411989 533.468482 4
435.900285 537.818882 4
434.393262 540.429121 4
433.890922 541.299201 4
432.383899 543.909441 4
431.881558 544.779521 4
430.374536 547.389760 4
429.872195 548.259840 4
428.867513 550.000000 4
427.862831 550.000000 3
426.858150 550.000000 3
414.801969 550.000000 3
413.797288 550.000000 3
411.787924 550.000000 3
410.783243 550.000000 3
408.773879 550.000000 3
407.769197 550.000000 3
404.755152 550.000000 3
402.745789 550.000000 3
399.731744 550.000000 3
398.727062 550.000000 3
397.722380 550.000000 3
396.717699 550.000000 3
395.713017 550.000000 3
393.703654 550.000000 3
392.698972 550.000000 3
390.689609 550.000000 3
388.680245 550.000000 3
374.614702 550.000000 3
373.610020 550.000000 3
370.595975 550.000000 3
369.591293 550.000000 3
361.553839 550.000000 3
357.535113 550.000000 3
353.516386 550.000000 3
352.511704 550.000000 3
351.507023 550.000000 3
350.502341 550.000000 3
346.483614 550.000000 3
338.446161 550.000000 3
336.436797 550.000000 3
335.432115 550.000000 3
327.394662 550.000000 3
326.389980 550.000000 3
325.385298 550.000000 3
324.380617 550.000000 3
323.375935 550.000000 3
322.371253 550.000000 3
321.366572 550.000000 3
320.361890 550.000000 3
318.352527 550.000000 3
316.343163 550.000000 3
315.338482 550.000000 3
313.329118 550.000000 3
310.315073 550.000000 3
307.301028 550.000000 3
302.277620 550.000000 3
299.263574 550.000000 3
295.244848 550.000000 3
293.235484 550.000000 3
291.226121 550.000000 3
290.221439 550.000000 3
287.207394 550.000000 3
286.202712 550.000000 3
284.193349 550.000000 3
281.179304 550.000000 3
279.169941 550.000000 3
278.165259 550.000000 3
271.132487 550.000000 2
270.629333 549.128511 2
270.126178 548.257022 2
269.623024 547.385533 2
269.119869 546.514044 2
268.616715 545.642555 2
268.113560 544.771066 2
267.107251 543.028088 2
266.604097 542.156599 2
266.100942 541.285110 2
265.094634 539.542131 2
264.088325 537.799153 2
263.585170 536.927664 2
263.082016 536.056175 2
262.075707 534.313197 2
261.572552 533.441708 2
261.069398 532.570219 2
260.566244 531.698730 2
260.063089 530.827241 2
259.559935 529.955752 2
258.553626 528.212774 2
258.050471 527.341285 2
257.044162 525.598307 2
256.541008 524.726818 2
255.534699 522.983840 2
255.031545 522.112350 2
254.528390 521.240861 2
254.025236 520.369372 2
253.522081 519.497883 2
253.018927 518.626394 2
252.515772 517.754905 2
252.012618 516.883416 2
251.006309 515.140438 2
250.000000 513.397460 2
250.000000 513.397460 1
249.496846 514.268949 1
248.993691 515.140438 1
248.490537 516.011927 1
247.987382 516.883416 1
245.974764 520.369372 1
245.471610 521.240861 1
244.968455 522.112350 1
244.465301 522.983840 1
243.962147 523.855329 1
242.955838 525.598307 1
242.452683 526.469796 1
241.949529 527.341285 1
241.446374 528.212774 1
240.943220 529.084263 1
239.936911 530.827241 1
239.433757 531.698730 1
238.930602 532.570219 1
237.924293 534.313197 1
237.421139 535.184686 1
236.414830 536.927664 1
235.911675 537.799153 1
235.408521 538.670642 1
234.905366 539.542131 1
234.402212 540.413620 1
232.892749 543.028088 1
232.389594 543.899577 1
231.383285 545.642555 1
230.376976 547.385533 1
229.873822 548.257022 1
229.370667 549.128511 1
228.867513 550.000000 1
228.867513 550.000000 0
227.860736 550.000000 0
224.840403 550.000000 0
223.833626 550.000000 0
218.799739 550.000000 0
212.759074 550.000000 0
211.752296 550.000000 0
209.738742 550.000000 0
205.711632 550.000000 0
204.704854 550.000000 0
201.684522 550.000000 0
200.677745 550.000000 0
197.657412 550.000000 0
196.650635 550.000000 0
193.630302 550.000000 0
192.623525 550.000000 0
189.603193 550.000000 0
188.596415 550.000000 0
187.589638 550.000000 0
184.569305 550.000000 0
181.548973 550.000000 0
180.542196 550.000000 0
179.535418 550.000000 0
178.528641 550.000000 0
175.508308 550.000000 0
174.501531 550.000000 0
173.494754 550.000000 0
172.487976 550.000000 0
171.481199 550.000000 0
169.467644 550.000000 0
167.454089 550.000000 0
155.372759 550.000000 0
148.325317 550.000000 0
146.311762 550.000000 0
133.223656 550.000000 0
130.203323 550.000000 0
127.182991 550.000000 0
126.176214 550.000000 0
122.149104 550.000000 0
121.142326 550.000000 0
118.121994 550.000000 0
117.115217 550.000000 0
115.101662 550.000000 0
114.094884 550.000000 0
112.081329 550.000000 0
111.074552 550.000000 0
108.054220 550.000000 0
101.006777 550.000000 0
