1360
101.001866 450.000000 32
103.005598 450.000000 32
105.009330 450.000000 32
108.014928 450.000000 32
111.020526 450.000000 32
113.024258 450.000000 32
114.026124 450.000000 32
115.027990 450.000000 32
116.029856 450.000000 32
117.031722 450.000000 32
119.035454 450.000000 32
121.039186 450.000000 32
124.044784 450.000000 32
125.046650 450.000000 32
126.048516 450.000000 32
127.050382 450.000000 32
128.052248 450.000000 32
131.057846 450.000000 32
132.059712 450.000000 32
133.061578 450.000000 32
135.065310 450.000000 32
137.069043 450.000000 32
138.070909 450.000000 32
142.078373 450.000000 32
143.080239 450.000000 32
144.082105 450.000000 32
146.085837 450.000000 32
148.089569 450.000000 32
149.091435 450.000000 32
150.093301 450.000000 32
154.100765 450.000000 32
155.102631 450.000000 32
156.104497 450.000000 32
160.111961 450.000000 32
161.113827 450.000000 32
162.115693 450.000000 32
164.119425 450.000000 32
166.123157 450.000000 32
168.126889 450.000000 32
171.132487 450.000000 32
171.132487 450.000000 31
173.644191 445.649601 31
174.648873 443.909441 31
175.151214 443.039361 31
180.174622 434.338562 31
180.676963 433.468482 31
182.183986 430.858243 31
183.188667 429.118083 31
183.691008 428.248003 31
185.700372 424.767684 31
188.212076 420.417284 31
190.723780 416.066885 31
191.728462 414.326725 31
194.742507 409.106246 31
195.747189 407.366086 31
196.249529 406.496006 31
196.751870 405.625926 31
197.254211 404.755847 31
198.258893 403.015687 31
198.761234 402.145607 31
201.775279 396.925128 31
202.779960 395.184968 31
203.784642 393.444808 31
204.286983 392.574728 31
204.789324 391.704649 31
205.291665 390.834569 31
205.794005 389.964489 31
206.296346 389.094409 31
207.301028 387.354249 31
210.817414 381.263690 31
211.319755 380.393610 31
214.836141 374.303051 31
215.840822 372.562891 31
216.343163 371.692811 31
216.845504 370.822732 31
219.357208 366.472332 31
225.385298 356.031374 31
225.887639 355.161294 31
226.389980 354.291214 31
227.394662 352.551054 31
229.404025 349.070735 31
229.906366 348.200655 31
230.408707 347.330575 31
234.929775 339.499856 31
236.939138 336.019537 31
237.441479 335.149457 31
238.446161 333.409297 31
239.953183 330.799057 31
242.464887 326.448658 31
244.474251 322.968339 31
246.483614 319.488019 31
248.995318 315.137620 31
249.497659 314.267540 31
250.000000 313.397460 30
250.502341 314.267540 30
251.004682 315.137620 30
252.009363 316.877779 30
253.014045 318.617939 30
253.516386 319.488019 30
257.032772 325.578578 30
257.535113 326.448658 30
259.544476 329.928978 30
261.051499 332.539217 30
263.060862 336.019537 30
264.065544 337.759696 30
265.070225 339.499856 30
265.572566 340.369936 30
270.595975 349.070735 30
271.098316 349.940815 30
271.600656 350.810895 30
272.605338 352.551054 30
274.614702 356.031374 30
275.117042 356.901454 30
276.624065 359.511693 30
278.131087 362.121933 30
279.135769 363.862093 30
282.149814 369.082572 30
284.661518 373.432971 30
290.187268 383.003850 30
291.191949 384.744010 30
292.196631 386.484169 30
294.205995 389.964489 30
296.215358 393.444808 30
302.745789 404.755847 30
303.248130 405.625926 30
305.257493 409.106246 30
305.759834 409.976326 30
307.266857 412.586565 30
310.280902 417.807045 30
311.787924 420.417284 30
315.304310 426.507843 30
316.308992 428.248003 30
318.318355 431.728323 30
320.327719 435.208642 30
320.830059 436.078722 30
322.839423 439.559042 30
324.346445 442.169281 30
325.853468 444.779521 30
326.355809 445.649601 30
326.858150 446.519681 30
328.365172 449.129920 30
328.867513 450.000000 29
331.886440 450.000000 29
333.899058 450.000000 29
334.905366 450.000000 29
338.930602 450.000000 29
339.936911 450.000000 29
340.943220 450.000000 29
342.955838 450.000000 29
343.962147 450.000000 29
344.968455 450.000000 29
345.974764 450.000000 29
346.981073 450.000000 29
347.987382 450.000000 29
348.993691 450.000000 29
350.000000 450.000000 29
351.006309 450.000000 29
352.012618 450.000000 29
353.018927 450.000000 29
354.025236 450.000000 29
355.031545 450.000000 29
356.037853 450.000000 29
357.044162 450.000000 29
359.056780 450.000000 29
362.075707 450.000000 29
363.082016 450.000000 29
364.088325 450.000000 29
365.094634 450.000000 29
369.119869 450.000000 29
370.126178 450.000000 29
371.132487 450.000000 29
371.635641 449.128511 28
372.138796 448.257022 28
372.641950 447.385533 28
373.145105 446.514044 28
373.648259 445.642555 28
374.151414 444.771066 28
374.654568 443.899577 28
375.157722 443.028088 28
375.660877 442.156599 28
376.164031 441.285110 28
376.667186 440.413620 28
377.170340 439.542131 28
377.673495 438.670642 28
378.176649 437.799153 28
379.182958 436.056175 28
379.686112 435.184686 28
380.189267 434.313197 28
380.692421 433.441708 28
381.195576 432.570219 28
381.698730 431.698730 28
382.201884 430.827241 28
382.705039 429.955752 28
383.208193 429.084263 28
383.711348 428.212774 28
384.214502 427.341285 28
385.220811 425.598307 28
385.723965 424.726818 28
387.736583 421.240861 28
388.742892 419.497883 28
389.246046 418.626394 28
389.749201 417.754905 28
390.755510 416.011927 28
391.258664 415.140438 28
390.757950 410.787220 27
390.255610 409.917140 27
389.753269 409.047061 27
388.748587 407.306901 27
388.246246 406.436821 27
387.241565 404.696661 27
385.734542 402.086422 27
383.725179 398.606102 27
383.222838 397.736022 27
382.720497 396.865942 27
379.706452 391.645463 27
378.199429 389.035223 27
377.697088 388.165144 27
374.683043 382.944664 27
371.166657 376.854105 27
370.161976 375.113945 27
367.650271 370.763546 27
364.636226 365.543067 27
363.129204 362.932827 27
362.626863 362.062747 27
362.124522 361.192667 27
361.119840 359.452508 27
360.617500 358.582428 27
360.115159 357.712348 27
358.608136 355.102108 27
358.105795 354.232028 27
357.603455 353.361948 27
353.584728 346.401309 27
353.082387 345.531229 27
351.575364 342.920990 27
351.073024 342.050910 27
349.566001 339.440670 27
347.556638 335.960351 27
346.049615 333.350111 27
345.547274 332.480031 27
342.533229 327.259552 27
341.026207 324.649312 27
339.519184 322.039073 27
338.514502 320.298913 27
337.509821 318.558753 27
336.002798 315.948514 27
334.998116 314.208354 27
332.988753 310.728034 27
330.979390 307.247715 27
329.974708 305.507555 27
324.448959 295.936676 27
323.946618 295.066596 27
320.932573 289.846117 27
318.923209 286.365798 27
316.913846 282.885478 27
315.909164 281.145318 27
315.406823 280.275239 27
315.406823 276.794919 26
318.420869 276.794919 26
320.430232 276.794919 26
326.458322 276.794919 26
327.463004 276.794919 26
328.467686 276.794919 26
330.477049 276.794919 26
332.486412 276.794919 26
334.495776 276.794919 26
335.500457 276.794919 26
336.505139 276.794919 26
339.519184 276.794919 26
341.528548 276.794919 26
348.561320 276.794919 26
349.566001 276.794919 26
352.580046 276.794919 26
353.584728 276.794919 26
356.598773 276.794919 26
357.603455 276.794919 26
360.617500 276.794919 26
362.626863 276.794919 26
367.650272 276.794919 26
374.683044 276.794919 26
375.687725 276.794919 26
376.692407 276.794919 26
377.697089 276.794919 26
381.715816 276.794919 26
385.734542 276.794919 26
387.743906 276.794919 26
390.757951 276.794919 26
393.771996 276.794919 26
396.786041 276.794919 26
397.790723 276.794919 26
400.804768 276.794919 26
401.809450 276.794919 26
403.818813 276.794919 26
404.823495 276.794919 26
406.832858 276.794919 26
413.865630 276.794919 26
415.874993 276.794919 26
418.889039 276.794919 26
420.898402 276.794919 26
421.903084 276.794919 26
423.912447 276.794919 26
424.917129 276.794919 26
429.940537 276.794919 26
436.973309 276.794919 26
439.987354 276.794919 26
441.996718 276.794919 26
448.024808 276.794919 26
450.034171 276.794919 26
451.038853 276.794919 26
454.052898 276.794919 26
463.095033 276.794919 26
464.099715 276.794919 26
473.141850 273.314600 25
474.146532 271.574440 25
476.155895 268.094120 25
478.165259 264.613801 25
478.667600 263.743721 25
481.179304 259.393322 25
482.183986 257.653162 25
483.691008 255.042922 25
486.705053 249.822443 25
487.709735 248.082283 25
489.216757 245.472044 25
490.221439 243.731884 25
492.230803 240.251564 25
493.737825 237.641325 25
500.770597 225.460207 25
501.272938 224.590127 25
503.282301 221.109807 25
506.798687 215.019248 25
507.803369 213.279088 25
508.305710 212.409008 25
515.840822 199.357810 25
517.347845 196.747571 25
520.361890 191.527091 25
520.864231 190.657012 25
521.868913 188.916852 25
526.892321 180.216053 25
527.897003 178.475893 25
530.408707 174.125494 25
532.920411 169.775095 25
534.929775 166.294775 25
536.436797 163.684536 25
537.943820 161.074296 25
538.948501 159.334136 25
539.450842 158.464056 25
540.957865 155.853817 25
541.460206 154.983737 25
545.478932 148.023098 25
545.981273 147.153018 25
547.488296 144.542778 25
547.990637 143.672698 25
549.497659 141.062459 25
550.000000 140.192379 25
551.507023 142.802619 24
554.018727 147.153018 24
555.023408 148.893178 24
556.028090 150.633337 24
556.530431 151.503417 24
560.549158 158.464056 24
562.558521 161.944376 24
563.060862 162.814456 24
564.567885 165.424695 24
565.572566 167.164855 24
569.088952 173.255414 24
571.098316 176.735734 24
572.102997 178.475893 24
573.107679 180.216053 24
574.112361 181.956213 24
574.614702 182.826293 24
575.117042 183.696373 24
575.619383 184.566453 24
576.624065 186.306612 24
577.126406 187.176692 24
581.145133 194.137331 24
581.647473 195.007411 24
586.670882 203.708210 24
588.680245 207.188529 24
589.684927 208.928689 24
590.187268 209.798769 24
592.196631 213.279088 24
594.205995 216.759408 24
594.708335 217.629488 24
595.210676 218.499568 24
597.220040 221.979887 24
597.722380 222.849967 24
600.234085 227.200366 24
601.238766 228.940526 24
601.741107 229.810606 24
603.248130 232.420845 24
605.759834 236.771245 24
607.769197 240.251564 24
610.783243 245.472044 24
612.290265 248.082283 24
614.299628 251.562603 24
615.806651 254.172842 24
621.332400 263.743721 24
623.341764 267.224040 24
624.848786 269.834280 24
626.355809 272.444520 24
626.858150 273.314600 24
628.867513 276.794919 24
628.867513 276.794919 23
629.872195 276.794919 23
632.886240 276.794919 23
634.895603 276.794919 23
636.904967 276.794919 23
637.909648 276.794919 23
638.914330 276.794919 23
643.937739 276.794919 23
645.947102 276.794919 23
646.951784 276.794919 23
648.961147 276.794919 23
649.965829 276.794919 23
650.970510 276.794919 23
652.979874 276.794919 23
663.026691 276.794919 23
664.031373 276.794919 23
668.050099 276.794919 23
670.059463 276.794919 23
672.068826 276.794919 23
673.073508 276.794919 23
676.087553 276.794919 23
678.096916 276.794919 23
684.125007 276.794919 23
697.185869 276.794919 23
698.190550 276.794919 23
699.195232 276.794919 23
701.204595 276.794919 23
704.218641 276.794919 23
706.228004 276.794919 23
708.237367 276.794919 23
709.242049 276.794919 23
710.246731 276.794919 23
713.260776 276.794919 23
715.270139 276.794919 23
718.284184 276.794919 23
722.302911 276.794919 23
724.312275 276.794919 23
732.349728 276.794919 23
735.363773 276.794919 23
738.377818 276.794919 23
741.391863 276.794919 23
747.419954 276.794919 23
748.424635 276.794919 23
752.443362 276.794919 23
757.466771 276.794919 23
762.490179 276.794919 23
763.494861 276.794919 23
772.536996 276.794919 23
777.560405 276.794919 23
781.579131 276.794919 23
783.588495 276.794919 23
783.086154 282.885478 22
782.583813 283.755558 22
781.076791 286.365798 22
780.072109 288.105957 22
779.067427 289.846117 22
778.062746 291.586277 22
777.560405 292.456357 22
776.555723 294.196517 22
776.053382 295.066596 22
774.546360 297.676836 22
774.044019 298.546916 22
773.541678 299.416996 22
772.034655 302.027235 22
768.015929 308.987875 22
766.508906 311.598114 22
765.504224 313.338274 22
763.997202 315.948514 22
762.992520 317.688673 22
760.480816 322.039073 22
759.978475 322.909153 22
758.973793 324.649312 22
758.471453 325.519392 22
757.969112 326.389472 22
751.438681 337.700511 22
750.433999 339.440670 22
749.931658 340.310750 22
748.926976 342.050910 22
747.922295 343.791070 22
743.903568 350.751709 22
742.396545 353.361948 22
739.884841 357.712348 22
739.382500 358.582428 22
738.880160 359.452508 22
737.373137 362.062747 22
736.870796 362.932827 22
736.368455 363.802907 22
733.354410 369.023386 22
730.842706 373.373786 22
722.302912 388.165144 22
721.800571 389.035223 22
720.795889 390.775383 22
720.293548 391.645463 22
719.791207 392.515543 22
717.781844 395.995862 22
715.270140 400.346262 22
712.758435 404.696661 22
712.256095 405.566741 22
711.753754 406.436821 22
711.251413 407.306901 22
707.735027 413.397460 22
707.735027 413.397460 21
708.238181 414.268949 21
708.741336 415.140438 21
709.244490 416.011927 21
709.747645 416.883416 21
710.250799 417.754905 21
710.753954 418.626394 21
711.257108 419.497883 21
711.760262 420.369372 21
712.263417 421.240861 21
713.269726 422.983840 21
713.772880 423.855329 21
714.779189 425.598307 21
715.785498 427.341285 21
716.288652 428.212774 21
716.791807 429.084263 21
717.294961 429.955752 21
717.798116 430.827241 21
718.301270 431.698730 21
718.804424 432.570219 21
719.307579 433.441708 21
719.810733 434.313197 21
720.313888 435.184686 21
721.320197 436.927664 21
721.823351 437.799153 21
722.326505 438.670642 21
722.829660 439.542131 21
723.332814 440.413620 21
724.339123 442.156599 21
725.345432 443.899577 21
726.351741 445.642555 21
726.854895 446.514044 21
727.861204 448.257022 21
728.364359 449.128511 21
728.867513 450.000000 20
729.873822 450.000000 20
732.892749 450.000000 20
733.899058 450.000000 20
735.911675 450.000000 20
736.917984 450.000000 20
737.924293 450.000000 20
739.936911 450.000000 20
740.943220 450.000000 20
741.949529 450.000000 20
742.955838 450.000000 20
743.962147 450.000000 20
744.968455 450.000000 20
746.981073 450.000000 20
747.987382 450.000000 20
748.993691 450.000000 20
750.000000 450.000000 20
751.006309 450.000000 20
754.025236 450.000000 20
755.031545 450.000000 20
756.037853 450.000000 20
757.044162 450.000000 20
758.050471 450.000000 20
759.056780 450.000000 20
760.063089 450.000000 20
762.075707 450.000000 20
763.082016 450.000000 20
764.088325 450.000000 20
765.094634 450.000000 20
767.107251 450.000000 20
770.126178 450.000000 20
771.132487 450.000000 20
771.132487 450.000000 19
774.648873 443.909441 19
775.151214 443.039361 19
778.165259 437.818882 19
780.174622 434.338562 19
780.676963 433.468482 19
781.681645 431.728323 19
782.183986 430.858243 19
782.686326 429.988163 19
783.188667 429.118083 19
783.691008 428.248003 19
785.198031 425.637764 19
786.705053 423.027524 19
788.212076 420.417284 19
788.714417 419.547204 19
789.216757 418.677125 19
789.719098 417.807045 19
791.728462 414.326725 19
794.240166 409.976326 19
795.747189 407.366086 19
797.254211 404.755847 19
800.268256 399.535367 19
802.277620 396.055048 19
803.784642 393.444808 19
805.291665 390.834569 19
806.296346 389.094409 19
807.803369 386.484169 19
809.310391 383.873930 19
810.315073 382.133770 19
813.329118 376.913291 19
813.831459 376.043211 19
815.840822 372.562891 19
816.343163 371.692811 19
816.845504 370.822732 19
817.347845 369.952652 19
817.850186 369.082572 19
818.854867 367.342412 19
820.361890 364.732172 19
821.868913 362.121933 19
822.873594 360.381773 19
824.380617 357.771534 19
824.882958 356.901454 19
825.385298 356.031374 19
825.887639 355.161294 19
827.394662 352.551054 19
829.404025 349.070735 19
832.418070 343.850256 19
832.920411 342.980176 19
834.929775 339.499856 19
835.432115 338.629776 19
840.957865 329.058898 19
841.962546 327.318738 19
850.000000 313.397460 19
850.502341 314.267540 18
852.009363 316.877779 18
853.014045 318.617939 18
855.023408 322.098259 18
857.535113 326.448658 18
858.037454 327.318738 18
859.042135 329.058898 18
859.544476 329.928978 18
861.051499 332.539217 18
861.553839 333.409297 18
864.065544 337.759696 18
866.074907 341.240016 18
868.586611 345.590415 18
871.600656 350.810895 18
872.605338 352.551054 18
873.610020 354.291214 18
875.117042 356.901454 18
876.624065 359.511693 18
879.638110 364.732172 18
881.647473 368.212492 18
883.154496 370.822732 18
883.656837 371.692811 18
884.661518 373.432971 18
885.163859 374.303051 18
887.675564 378.653450 18
888.177904 379.523530 18
891.191949 384.744010 18
892.698972 387.354249 18
893.201313 388.224329 18
894.708335 390.834569 18
895.713017 392.574728 18
896.215358 393.444808 18
897.220040 395.184968 18
898.727062 397.795208 18
899.229403 398.665288 18
901.238766 402.145607 18
902.243448 403.885767 18
903.248130 405.625926 18
905.257493 409.106246 18
905.759834 409.976326 18
906.764516 411.716486 18
910.280902 417.807045 18
911.285583 419.547204 18
911.787924 420.417284 18
912.792606 422.157444 18
915.806651 427.377923 18
916.308992 428.248003 18
917.313674 429.988163 18
921.332400 436.948802 18
921.834741 437.818882 18
923.341764 440.429121 18
925.853468 444.779521 18
926.858150 446.519681 18
927.862831 448.259840 18
928.867513 450.000000 17
929.869379 450.000000 17
930.871245 450.000000 17
932.874977 450.000000 17
939.888039 450.000000 17
940.889905 450.000000 17
941.891771 450.000000 17
942.893637 450.000000 17
943.895503 450.000000 17
945.899235 450.000000 17
946.901101 450.000000 17
949.906699 450.000000 17
950.908565 450.000000 17
951.910431 450.000000 17
954.916029 450.000000 17
959.925359 450.000000 17
961.929091 450.000000 17
962.930957 450.000000 17
963.932823 450.000000 17
964.934690 450.000000 17
965.936556 450.000000 17
967.940288 450.000000 17
968.942154 450.000000 17
969.944020 450.000000 17
970.945886 450.000000 17
973.951484 450.000000 17
978.960814 450.000000 17
979.962680 450.000000 17
980.964546 450.000000 17
981.966412 450.000000 17
982.968278 450.000000 17
983.970144 450.000000 17
984.972010 450.000000 17
986.975742 450.000000 17
987.977608 450.000000 17
989.981340 450.000000 17
990.983206 450.000000 17
991.985072 450.000000 17
992.986938 450.000000 17
993.988804 450.000000 17
994.990670 450.000000 17
995.992536 450.000000 17
996.994402 450.000000 17
997.996268 450.000000 17
1000.000000 450.000000 16
1000.000000 452.000000 16
1000.000000 454.000000 16
1000.000000 455.000000 16
1000.000000 457.000000 16
1000.000000 461.000000 16
1000.000000 463.000000 16
1000.000000 465.000000 16
1000.000000 469.000000 16
1000.000000 470.000000 16
1000.000000 471.000000 16
1000.000000 476.000000 16
1000.000000 478.000000 16
1000.000000 482.000000 16
1000.000000 483.000000 16
1000.000000 485.000000 16
1000.000000 487.000000 16
1000.000000 488.000000 16
1000.000000 489.000000 16
1000.000000 490.000000 16
1000.000000 495.000000 16
1000.000000 497.000000 16
1000.000000 499.000000 16
1000.000000 502.000000 16
1000.000000 505.000000 16
1000.000000 506.000000 16
1000.000000 509.000000 16
1000.000000 510.000000 16
1000.000000 512.000000 16
1000.000000 516.000000 16
1000.000000 520.000000 16
1000.000000 524.000000 16
1000.000000 528.000000 16
1000.000000 529.000000 16
1000.000000 530.000000 16
1000.000000 531.000000 16
1000.000000 533.000000 16
1000.000000 534.000000 16
1000.000000 535.000000 16
1000.000000 536.000000 16
1000.000000 539.000000 16
1000.000000 540.000000 16
1000.000000 542.000000 16
1000.000000 545.000000 16
1000.000000 546.000000 16
1000.000000 549.000000 16
1000.000000 550.000000 15
996.979668 550.000000 15
992.952558 550.000000 15
989.932226 550.000000 15
986.911893 550.000000 15
984.898338 550.000000 15
983.891561 550.000000 15
980.871229 550.000000 15
979.864451 550.000000 15
977.850896 550.000000 15
975.837341 550.000000 15
974.830564 550.000000 15
972.817009 550.000000 15
971.810232 550.000000 15
970.803454 550.000000 15
968.789899 550.000000 15
967.783122 550.000000 15
961.742457 550.000000 15
959.728902 550.000000 15
958.722125 550.000000 15
954.695015 550.000000 15
953.688238 550.000000 15
952.681460 550.000000 15
950.667905 550.000000 15
941.606908 550.000000 15
939.593353 550.000000 15
928.518801 550.000000 15
927.512024 550.000000 15
925.498469 550.000000 15
923.484914 550.000000 15
922.478137 550.000000 15
920.464582 550.000000 15
915.430695 550.000000 15
910.396807 550.000000 15
908.383252 550.000000 15
905.362920 550.000000 15
904.356143 550.000000 15
900.329033 550.000000 15
899.322255 550.000000 15
896.301923 550.000000 15
895.295146 550.000000 15
894.288368 550.000000 15
891.268036 550.000000 15
885.227371 550.000000 15
883.213816 550.000000 15
881.200261 550.000000 15
873.146042 550.000000 15
871.132487 550.000000 15
871.132487 550.000000 14
870.629333 549.128511 14
870.126178 548.257022 14
869.623024 547.385533 14
869.119869 546.514044 14
868.616715 545.642555 14
868.113560 544.771066 14
867.610406 543.899577 14
867.107251 543.028088 14
866.604097 542.156599 14
866.100942 541.285110 14
865.597788 540.413620 14
865.094634 539.542131 14
864.591479 538.670642 14
864.088325 537.799153 14
863.585170 536.927664 14
863.082016 536.056175 14
862.578861 535.184686 14
862.075707 534.313197 14
861.572552 533.441708 14
861.069398 532.570219 14
860.566243 531.698730 14
860.063089 530.827241 14
859.559935 529.955752 14
859.056780 529.084263 14
858.050471 527.341285 14
857.547317 526.469796 14
857.044162 525.598307 14
856.037853 523.855329 14
855.031545 522.112350 14
854.025236 520.369372 14
853.522081 519.497883 14
853.018927 518.626394 14
852.515772 517.754905 14
852.012618 516.883416 14
850.503154 514.268949 14
849.496846 514.268949 13
848.993691 515.140438 13
848.490537 516.011927 13
847.987382 516.883416 13
847.484228 517.754905 13
845.974764 520.369372 13
844.968455 522.112350 13
844.465301 522.983840 13
843.458992 524.726818 13
842.955838 525.598307 13
842.452683 526.469796 13
841.949529 527.341285 13
841.446374 528.212774 13
840.943220 529.084263 13
840.440065 529.955752 13
839.433757 531.698730 13
838.930602 532.570219 13
838.427448 533.441708 13
837.924293 534.313197 13
837.421139 535.184686 13
836.917984 536.056175 13
836.414830 536.927664 13
835.408521 538.670642 13
834.905366 539.542131 13
834.402212 540.413620 13
833.395903 542.156599 13
832.892749 543.028088 13
832.389594 543.899577 13
831.383285 545.642555 13
830.880131 546.514044 13
830.376976 547.385533 13
829.873822 548.257022 13
829.370667 549.128511 13
828.867513 550.000000 13
828.867513 550.000000 12
822.839423 550.000000 12
817.816014 550.000000 12
816.811333 550.000000 12
813.797288 550.000000 12
809.778561 550.000000 12
807.769197 550.000000 12
805.759834 550.000000 12
799.731744 550.000000 12
794.708335 550.000000 12
793.703654 550.000000 12
791.694290 550.000000 12
785.666200 550.000000 12
782.652155 550.000000 12
780.642792 550.000000 12
777.628747 550.000000 12
775.619383 550.000000 12
773.610020 550.000000 12
772.605338 550.000000 12
764.567885 550.000000 12
763.563203 550.000000 12
762.558521 550.000000 12
759.544476 550.000000 12
756.530431 550.000000 12
754.521068 550.000000 12
742.464887 550.000000 12
741.460206 550.000000 12
740.455524 550.000000 12
739.450842 550.000000 12
737.441479 550.000000 12
736.436797 550.000000 12
735.432115 550.000000 12
727.394662 550.000000 12
724.380617 550.000000 12
722.371253 550.000000 12
716.343163 550.000000 12
714.333800 550.000000 12
710.315073 550.000000 12
708.305710 550.000000 12
704.286983 550.000000 12
703.282301 550.000000 12
702.277620 550.000000 12
695.244848 550.000000 12
694.240166 550.000000 12
692.230803 550.000000 12
686.202712 550.000000 12
685.198031 550.000000 12
682.183986 550.000000 12
679.169941 550.000000 12
676.155895 550.000000 12
674.146532 550.000000 12
673.141850 550.000000 12
671.132487 550.000000 12
671.132487 550.000000 11
669.123124 546.519681 11
668.620783 545.649601 11
667.616101 543.909441 11
667.113760 543.039361 11
666.109078 541.299201 11
663.597374 536.948802 11
663.095033 536.078722 11
661.588011 533.468482 11
660.080988 530.858243 11
658.071625 527.377923 11
656.564602 524.767684 11
656.062261 523.897604 11
652.545875 517.807045 11
649.531830 512.586565 11
649.029489 511.716486 11
648.527149 510.846406 11
641.494377 498.665288 11
639.987354 496.055048 11
637.475650 491.704649 11
636.470968 489.964489 11
633.959264 485.614089 11
632.452241 483.003850 11
630.945219 480.393610 11
628.935855 476.913291 11
626.926492 473.432971 11
626.424151 472.562891 11
625.419469 470.822732 11
624.414788 469.082572 11
623.912447 468.212492 11
622.907765 466.472332 11
621.903083 464.732172 11
621.400743 463.862093 11
620.396061 462.121933 11
617.884357 457.771534 11
617.382016 456.901454 11
614.870311 452.551054 11
609.846903 443.850256 11
607.837539 440.369936 11
604.321153 434.279377 11
603.818813 433.409297 11
602.814131 431.669137 11
599.800086 426.448658 11
599.297745 425.578578 11
597.288382 422.098259 11
594.274336 416.877779 11
592.768127 412.525971 10
593.271282 411.654482 10
593.774436 410.782993 10
594.277591 409.911504 10
594.780745 409.040015 10
595.283900 408.168526 10
596.290209 406.425547 10
596.793363 405.554058 10
597.296518 404.682569 10
598.302826 402.939591 10
598.805981 402.068102 10
599.309135 401.196613 10
600.818599 398.582146 10
601.321753 397.710657 10
601.824908 396.839168 10
602.831216 395.096190 10
603.334371 394.224700 10
603.837525 393.353211 10
604.843834 391.610233 10
605.346989 390.738744 10
606.353298 388.995766 10
606.856452 388.124277 10
608.869070 384.638321 10
609.372224 383.766832 10
609.875379 382.895342 10
610.378533 382.023853 10
610.881688 381.152364 10
611.384842 380.280875 10
611.887997 379.409386 10
612.894306 377.666408 10
613.397460 376.794919 10
611.384842 376.794919 9
610.378533 376.794919 9
606.353298 376.794919 9
605.346989 376.794919 9
604.340680 376.794919 9
603.334371 376.794919 9
602.328062 376.794919 9
601.321753 376.794919 9
600.315445 376.794919 9
599.309136 376.794919 9
597.296518 376.794919 9
596.290209 376.794919 9
595.283900 376.794919 9
594.277591 376.794919 9
591.258665 376.794919 9
590.252356 376.794919 9
588.239738 376.794919 9
587.233429 376.794919 9
586.227120 376.794919 9
585.220811 376.794919 9
583.208194 376.794919 9
582.201885 376.794919 9
581.195576 376.794919 9
578.176649 376.794919 9
576.164031 376.794919 9
575.157723 376.794919 9
574.151414 376.794919 9
572.138796 376.794919 9
571.132487 376.794919 9
570.629333 375.923430 8
570.126178 375.051941 8
569.623024 374.180452 8
569.119869 373.308963 8
568.616715 372.437474 8
567.610406 370.694496 8
567.107251 369.823007 8
566.604097 368.951518 8
566.100942 368.080029 8
565.597788 367.208539 8
565.094634 366.337050 8
564.591479 365.465561 8
564.088325 364.594072 8
563.585170 363.722583 8
563.082016 362.851094 8
562.578861 361.979605 8
562.075707 361.108116 8
561.069398 359.365138 8
560.566243 358.493649 8
560.063089 357.622160 8
559.559935 356.750671 8
559.056780 355.879182 8
558.553626 355.007693 8
558.050471 354.136204 8
557.547317 353.264715 8
557.044162 352.393226 8
556.541008 351.521737 8
556.037853 350.650248 8
555.534699 349.778759 8
555.031545 348.907269 8
554.528390 348.035780 8
553.522081 346.292802 8
551.509463 342.806846 8
551.006309 341.935357 8
550.503154 341.063868 8
550.000000 340.192379 8
547.987382 343.678335 7
547.484228 344.549824 7
546.981073 345.421313 7
546.477919 346.292802 7
545.471610 348.035780 7
544.465301 349.778759 7
543.962147 350.650248 7
543.458992 351.521737 7
542.955838 352.393226 7
541.949529 354.136204 7
541.446374 355.007693 7
540.943220 355.879182 7
540.440065 356.750671 7
539.936911 357.622160 7
539.433757 358.493649 7
538.930602 359.365138 7
537.924293 361.108116 7
537.421139 361.979605 7
536.917984 362.851094 7
535.911675 364.594072 7
535.408521 365.465561 7
534.402212 367.208539 7
533.899058 368.080029 7
533.395903 368.951518 7
532.892749 369.823007 7
531.383285 372.437474 7
530.376976 374.180452 7
529.873822 375.051941 7
528.867513 376.794919 7
528.867513 376.794919 6
527.861204 376.794919 6
526.854895 376.794919 6
524.842277 376.794919 6
522.829660 376.794919 6
520.817042 376.794919 6
519.810733 376.794919 6
518.804424 376.794919 6
516.791806 376.794919 6
515.785498 376.794919 6
514.779189 376.794919 6
513.772880 376.794919 6
511.760262 376.794919 6
508.741335 376.794919 6
507.735027 376.794919 6
506.728718 376.794919 6
505.722409 376.794919 6
503.709791 376.794919 6
501.697173 376.794919 6
500.690864 376.794919 6
499.684555 376.794919 6
497.671938 376.794919 6
496.665629 376.794919 6
495.659320 376.794919 6
493.646702 376.794919 6
491.634084 376.794919 6
490.627776 376.794919 6
489.621467 376.794919 6
486.602540 376.794919 6
486.602540 376.794919 5
487.105694 377.666408 5
488.112003 379.409386 5
488.615158 380.280875 5
491.634085 385.509810 5
492.137239 386.381299 5
492.640393 387.252788 5
493.143548 388.124277 5
494.149857 389.867255 5
494.653011 390.738744 5
497.168784 395.096190 5
498.175092 396.839168 5
498.678247 397.710657 5
499.181401 398.582146 5
499.684556 399.453635 5
500.187710 400.325124 5
502.200328 403.811080 5
502.703482 404.682569 5
503.206637 405.554058 5
503.709791 406.425547 5
504.212946 407.297036 5
504.716100 408.168526 5
505.722409 409.911504 5
506.225564 410.782993 5
507.231873 412.525971 5
506.228004 416.007700 4
505.223323 417.747859 4
504.720982 418.617939 4
502.711618 422.098259 4
502.209278 422.968339 4
500.702255 425.578578 4
498.692892 429.058898 4
498.190551 429.928978 4
497.688210 430.799057 4
497.185869 431.669137 4
496.181187 433.409297 4
495.176506 435.149457 4
493.669483 437.759696 4
493.167142 438.629776 4
491.157779 442.110096 4
489.650756 444.720335 4
489.148415 445.590415 4
486.636711 449.940815 4
485.632029 451.680974 4
477.092235 466.472332 4
474.580531 470.822732 4
474.078190 471.692811 4
473.575849 472.562891 4
471.566486 476.043211 4
470.561804 477.783371 4
467.547759 483.003850 4
464.533714 488.224329 4
458.505623 498.665288 4
457.500942 500.405447 4
456.998601 501.275527 4
455.993919 503.015687 4
455.491578 503.885767 4
453.984556 506.496006 4
450.970511 511.716486 4
446.449443 519.547204 4
441.426034 528.248003 4
440.923693 529.118083 4
438.914330 532.598403 4
438.411989 533.468482 4
434.895603 539.559042 4
432.886240 543.039361 4
431.881558 544.779521 4
430.876876 546.519681 4
429.369854 549.129920 4
428.867513 550.000000 4
427.862831 550.000000 3
424.848786 550.000000 3
423.844105 550.000000 3
422.839423 550.000000 3
421.834741 550.000000 3
418.820696 550.000000 3
415.806651 550.000000 3
403.750471 550.000000 3
394.708335 550.000000 3
387.675564 550.000000 3
382.652155 550.000000 3
379.638110 550.000000 3
378.633428 550.000000 3
377.628747 550.000000 3
366.577248 550.000000 3
361.553839 550.000000 3
360.549158 550.000000 3
357.535113 550.000000 3
354.521068 550.000000 3
352.511704 550.000000 3
351.507023 550.000000 3
349.497659 550.000000 3
343.469569 550.000000 3
333.422752 550.000000 3
322.371253 550.000000 3
313.329118 550.000000 3
305.291665 550.000000 3
302.277620 550.000000 3
293.235484 550.000000 3
291.226121 550.000000 3
288.212076 550.000000 3
287.207394 550.000000 3
286.202712 550.000000 3
284.193349 550.000000 3
280.174622 550.000000 3
276.155895 550.000000 3
275.151214 550.000000 3
274.146532 550.000000 3
273.141850 550.000000 3
272.137169 550.000000 3
271.132487 550.000000 2
270.629333 549.128511 2
270.126178 548.257022 2
269.119869 546.514044 2
268.616715 545.642555 2
267.610406 543.899577 2
267.107251 543.028088 2
266.604097 542.156599 2
266.100942 541.285110 2
265.597788 540.413620 2
264.088325 537.799153 2
263.585170 536.927664 2
263.082016 536.056175 2
262.578861 535.184686 2
261.572552 533.441708 2
261.069398 532.570219 2
260.566244 531.698730 2
260.063089 530.827241 2
259.559935 529.955752 2
259.056780 529.084263 2
258.553626 528.212774 2
258.050471 527.341285 2
257.547317 526.469796 2
257.044162 525.598307 2
256.541008 524.726818 2
256.037853 523.855329 2
255.534699 522.983840 2
254.528390 521.240861 2
254.025236 520.369372 2
253.522081 519.497883 2
253.018927 518.626394 2
252.515772 517.754905 2
252.012618 516.883416 2
251.006309 515.140438 2
250.503154 514.268949 2
250.000000 513.397460 2
250.000000 513.397460 1
249.496846 514.268949 1
248.993691 515.140438 1
247.987382 516.883416 1
247.484228 517.754905 1
246.981073 518.626394 1
246.477919 519.497883 1
245.974764 520.369372 1
245.471610 521.240861 1
244.968455 522.112350 1
242.955838 525.598307 1
242.452683 526.469796 1
240.440065 529.955752 1
239.433757 531.698730 1
238.930602 532.570219 1
237.924293 534.313197 1
237.421139 535.184686 1
236.917984 536.056175 1
235.911675 537.799153 1
235.408521 538.670642 1
234.905366 539.542131 1
234.402212 540.413620 1
233.899058 541.285110 1
233.395903 542.156599 1
232.892749 543.028088 1
231.886440 544.771066 1
231.383285 545.642555 1
230.376976 547.385533 1
229.370667 549.128511 1
226.853958 550.000000 0
224.840403 550.000000 0
221.820071 550.000000 0
219.806516 550.000000 0
218.799739 550.000000 0
217.792961 550.000000 0
214.772629 550.000000 0
213.765851 550.000000 0
208.731964 550.000000 0
206.718409 550.000000 0
205.711632 550.000000 0
203.698077 550.000000 0
199.670967 550.000000 0
196.650635 550.000000 0
195.643857 550.000000 0
193.630302 550.000000 0
191.616748 550.000000 0
187.589638 550.000000 0
185.576083 550.000000 0
175.508308 550.000000 0
174.501531 550.000000 0
171.481199 550.000000 0
169.467644 550.000000 0
168.460866 550.000000 0
166.447311 550.000000 0
161.413424 550.000000 0
159.399869 550.000000 0
158.393092 550.000000 0
156.379537 550.000000 0
155.372759 550.000000 0
151.345650 550.000000 0
144.298208 550.000000 0
141.277875 550.000000 0
140.271098 550.000000 0
138.257543 550.000000 0
137.250765 550.000000 0
133.223656 550.000000 0
130.203323 550.000000 0
128.189768 550.000000 0
127.182991 550.000000 0
124.162659 550.000000 0
122.149104 550.000000 0
120.135549 550.000000 0
112.081329 550.000000 0
110.067774 550.000000 0
105.033887 550.000000 0
103.020332 550.000000 0
102.013555 550.000000 0
101.006777 550.000000 0
