720
102.003732 450.000000 32
103.005598 450.000000 32
104.007464 450.000000 32
106.011196 450.000000 32
107.013062 450.000000 32
108.014928 450.000000 32
109.016794 450.000000 32
110.018660 450.000000 32
119.035454 450.000000 32
120.037320 450.000000 32
132.059712 450.000000 32
137.069043 450.000000 32
138.070909 450.000000 32
142.078373 450.000000 32
149.091435 450.000000 32
150.093301 450.000000 32
152.097033 450.000000 32
154.100765 450.000000 32
155.102631 450.000000 32
156.104497 450.000000 32
159.110095 450.000000 32
169.128755 450.000000 32
179.169941 436.078722 31
183.691008 428.248003 31
184.193349 427.377923 31
188.212076 420.417284 31
191.226121 415.196805 31
196.751870 405.625926 31
198.761234 402.145607 31
199.765915 400.405447 31
203.784642 393.444808 31
205.291665 390.834569 31
209.812732 383.003850 31
211.822096 379.523530 31
212.826777 377.783371 31
214.333800 375.173131 31
218.854867 367.342412 31
223.878276 358.641613 31
226.892321 353.421134 31
227.394662 352.551054 31
228.901684 349.940815 31
229.906366 348.200655 31
231.915730 344.720335 31
235.432115 338.629776 31
237.943820 334.279377 31
244.976592 322.098259 31
245.981273 320.358099 31
248.995318 315.137620 31
255.023408 322.098259 30
255.525749 322.968339 30
258.539794 328.188818 30
259.042135 329.058898 30
261.553839 333.409297 30
267.079589 342.980176 30
272.605338 352.551054 30
278.131087 362.121933 30
281.647473 368.212492 30
292.196631 386.484169 30
298.224721 396.925128 30
307.266857 412.586565 30
309.778561 416.936965 30
310.783243 418.677125 30
315.304310 426.507843 30
316.308992 428.248003 30
317.313674 429.988163 30
320.327719 435.208642 30
323.341764 440.429121 30
328.867513 450.000000 29
333.899058 450.000000 29
334.905366 450.000000 29
335.911675 450.000000 29
336.917984 450.000000 29
338.930602 450.000000 29
339.936911 450.000000 29
344.968455 450.000000 29
345.974764 450.000000 29
346.981073 450.000000 29
347.987382 450.000000 29
357.044162 450.000000 29
358.050471 450.000000 29
364.088325 450.000000 29
365.094634 450.000000 29
366.100942 450.000000 29
368.113560 450.000000 29
369.119869 450.000000 29
370.126178 450.000000 29
371.132487 450.000000 29
373.648259 445.642555 28
374.151414 444.771066 28
377.170340 439.542131 28
378.176649 437.799153 28
378.679803 436.927664 28
379.182958 436.056175 28
379.686112 435.184686 28
381.195576 432.570219 28
382.201884 430.827241 28
382.705039 429.955752 28
383.208193 429.084263 28
384.717657 426.469796 28
386.227120 423.855329 28
386.730274 422.983840 28
387.736583 421.240861 28
388.742892 419.497883 28
389.749201 417.754905 28
390.252355 416.883416 28
390.755510 416.011927 28
391.258664 415.140438 28
378.199429 389.035223 27
361.119840 359.452508 27
360.617500 358.582428 27
357.603455 353.361948 27
357.101114 352.491868 27
354.589409 348.141469 27
349.063660 338.570590 27
343.537911 328.999712 27
340.523866 323.779232 27
339.016843 321.168993 27
321.937254 291.586277 27
319.927891 288.105957 27
319.425550 287.235878 27
316.913846 282.885478 27
314.904483 279.405159 27
314.402142 276.794919 26
329.472367 276.794919 26
331.481731 276.794919 26
337.509821 276.794919 26
345.547274 276.794919 26
357.603455 276.794919 26
365.640908 276.794919 26
372.673680 276.794919 26
377.697089 276.794919 26
379.706452 276.794919 26
384.729861 276.794919 26
389.753269 276.794919 26
391.762633 276.794919 26
392.767314 276.794919 26
395.781359 276.794919 26
399.800086 276.794919 26
412.860948 276.794919 26
415.874993 276.794919 26
417.884357 276.794919 26
422.907765 276.794919 26
434.963946 276.794919 26
436.973309 276.794919 26
438.982673 276.794919 26
439.987354 276.794919 26
446.015444 276.794919 26
457.066943 276.794919 26
465.104397 276.794919 26
467.113760 276.794919 26
471.634828 275.924839 25
472.137169 275.054759 25
472.639510 274.184679 25
475.151214 269.834280 25
477.160577 266.353961 25
481.681645 258.523242 25
483.691008 255.042922 25
490.221439 243.731884 25
491.728462 241.121644 25
493.737825 237.641325 25
498.258893 229.810606 25
504.286983 219.369647 25
516.845504 197.617651 25
521.868913 188.916852 25
526.389980 181.086133 25
528.399344 177.605814 25
531.413389 172.385334 25
540.957865 155.853817 25
542.464887 153.243577 25
547.488296 144.542778 25
561.051499 159.334136 24
564.065544 164.554615 24
565.070225 166.294775 24
566.577248 168.905015 24
568.586611 172.385334 24
570.093634 174.995574 24
574.614702 182.826293 24
575.619383 184.566453 24
578.633428 189.786932 24
592.698972 214.149168 24
593.703654 215.889328 24
594.205995 216.759408 24
597.722380 222.849967 24
599.731744 226.330286 24
601.238766 228.940526 24
602.745789 231.550766 24
606.262175 237.641325 24
610.783243 245.472044 24
611.285583 246.342123 24
616.308992 255.042922 24
617.816014 257.653162 24
619.323037 260.263401 24
631.881558 276.794919 23
634.895603 276.794919 23
646.951784 276.794919 23
648.961147 276.794919 23
650.970510 276.794919 23
651.975192 276.794919 23
658.003282 276.794919 23
659.007964 276.794919 23
670.059463 276.794919 23
673.073508 276.794919 23
676.087553 276.794919 23
681.110961 276.794919 23
682.115643 276.794919 23
683.120325 276.794919 23
688.143733 276.794919 23
694.171824 276.794919 23
698.190550 276.794919 23
700.199914 276.794919 23
702.209277 276.794919 23
704.218641 276.794919 23
712.256094 276.794919 23
719.288866 276.794919 23
723.307593 276.794919 23
737.373137 276.794919 23
743.401227 276.794919 23
745.410590 276.794919 23
754.452726 276.794919 23
756.462089 276.794919 23
762.490179 276.794919 23
764.499543 276.794919 23
769.522951 276.794919 23
770.527633 276.794919 23
778.565086 276.794919 23
786.602540 276.794919 22
781.076791 286.365798 22
780.072109 288.105957 22
775.048701 296.806756 22
774.546360 297.676836 22
772.034655 302.027235 22
766.006565 312.468194 22
765.504224 313.338274 22
764.499543 315.078434 22
760.983157 321.168993 22
758.471453 325.519392 22
757.466771 327.259552 22
751.438681 337.700511 22
747.419954 344.661150 22
744.405909 349.881629 22
742.898886 352.491868 22
738.377819 360.322587 22
736.870796 362.932827 22
734.359092 367.283226 22
731.847388 371.633626 22
727.326320 379.464345 22
725.819297 382.074584 22
724.814616 383.814744 22
722.805252 387.295064 22
722.302912 388.165144 22
717.279503 396.865942 22
716.777162 397.736022 22
716.274821 398.606102 22
715.270140 400.346262 22
713.763117 402.956501 22
713.260776 403.826581 22
707.735027 413.397460 21
708.238181 414.268949 21
708.741336 415.140438 21
709.244490 416.011927 21
709.747645 416.883416 21
710.753954 418.626394 21
712.263417 421.240861 21
714.779189 425.598307 21
715.282343 426.469796 21
718.804424 432.570219 21
719.307579 433.441708 21
720.313888 435.184686 21
722.829660 439.542131 21
723.332814 440.413620 21
723.835969 441.285110 21
727.861204 448.257022 21
728.867513 450.000000 21
728.867513 450.000000 20
730.880131 450.000000 20
732.892749 450.000000 20
733.899058 450.000000 20
740.943220 450.000000 20
741.949529 450.000000 20
744.968455 450.000000 20
745.974764 450.000000 20
746.981073 450.000000 20
747.987382 450.000000 20
748.993691 450.000000 20
751.006309 450.000000 20
753.018927 450.000000 20
756.037853 450.000000 20
757.044162 450.000000 20
759.056780 450.000000 20
760.063089 450.000000 20
766.100942 450.000000 20
767.107251 450.000000 20
769.119869 450.000000 20
770.126178 450.000000 20
771.132487 450.000000 20
772.137169 448.259840 19
772.639510 447.389760 19
775.653555 442.169281 19
778.165259 437.818882 19
779.672281 435.208642 19
784.193349 427.377923 19
788.714417 419.547204 19
789.216757 418.677125 19
789.719098 417.807045 19
792.230803 413.456645 19
795.747189 407.366086 19
800.268256 399.535367 19
801.775279 396.925128 19
804.789324 391.704649 19
809.310391 383.873930 19
809.812732 383.003850 19
810.817414 381.263690 19
815.840822 372.562891 19
820.361890 364.732172 19
822.371253 361.251853 19
822.873594 360.381773 19
827.394662 352.551054 19
831.413389 345.590415 19
834.929775 339.499856 19
837.441479 335.149457 19
843.971910 323.838418 19
846.985955 318.617939 19
847.488296 317.747859 19
850.502341 314.267540 18
851.004682 315.137620 18
851.507023 316.007700 18
856.028090 323.838418 18
865.572566 340.369936 18
867.581930 343.850256 18
868.084270 344.720335 18
879.638110 364.732172 18
880.140451 365.602252 18
883.154496 370.822732 18
885.666200 375.173131 18
890.187268 383.003850 18
890.689609 383.873930 18
891.191949 384.744010 18
898.224721 396.925128 18
901.741107 403.015687 18
906.764516 411.716486 18
913.797288 423.897604 18
920.830059 436.078722 18
923.341764 440.429121 18
924.848786 443.039361 18
930.871245 450.000000 17
937.884307 450.000000 17
939.888039 450.000000 17
942.893637 450.000000 17
944.897369 450.000000 17
945.899235 450.000000 17
951.910431 450.000000 17
953.914163 450.000000 17
954.916029 450.000000 17
956.919761 450.000000 17
958.923493 450.000000 17
966.938422 450.000000 17
967.940288 450.000000 17
974.953350 450.000000 17
976.957082 450.000000 17
984.972010 450.000000 17
986.975742 450.000000 17
991.985072 450.000000 17
992.986938 450.000000 17
1000.000000 450.000000 16
1000.000000 453.000000 16
1000.000000 460.000000 16
1000.000000 462.000000 16
1000.000000 463.000000 16
1000.000000 464.000000 16
1000.000000 465.000000 16
1000.000000 473.000000 16
1000.000000 481.000000 16
1000.000000 487.000000 16
1000.000000 490.000000 16
1000.000000 491.000000 16
1000.000000 494.000000 16
1000.000000 503.000000 16
1000.000000 511.000000 16
1000.000000 519.000000 16
1000.000000 526.000000 16
1000.000000 529.000000 16
1000.000000 530.000000 16
1000.000000 534.000000 16
1000.000000 536.000000 16
1000.000000 537.000000 16
1000.000000 538.000000 16
1000.000000 540.000000 16
1000.000000 545.000000 16
1000.000000 549.000000 16
1000.000000 550.000000 15
995.972890 550.000000 15
994.966113 550.000000 15
987.918671 550.000000 15
981.878006 550.000000 15
975.837341 550.000000 15
972.817009 550.000000 15
963.756012 550.000000 15
960.735680 550.000000 15
949.661128 550.000000 15
946.640795 550.000000 15
942.613686 550.000000 15
937.579798 550.000000 15
926.505246 550.000000 15
923.484914 550.000000 15
922.478137 550.000000 15
915.430695 550.000000 15
913.417140 550.000000 15
905.362920 550.000000 15
902.342588 550.000000 15
880.193484 550.000000 15
874.152819 550.000000 15
871.132487 550.000000 15
870.126178 548.257022 14
869.623024 547.385533 14
868.113560 544.771066 14
867.610406 543.899577 14
867.107251 543.028088 14
863.585170 536.927664 14
861.069398 532.570219 14
860.063089 530.827241 14
859.559935 529.955752 14
859.056780 529.084263 14
857.044162 525.598307 14
855.534699 522.983840 14
855.031545 522.112350 14
851.509463 516.011927 14
851.006309 515.140438 14
850.503154 514.268949 14
849.496846 514.268949 13
848.490537 516.011927 13
847.484228 517.754905 13
846.981073 518.626394 13
845.974764 520.369372 13
843.962147 523.855329 13
842.955838 525.598307 13
839.433757 531.698730 13
838.427448 533.441708 13
837.924293 534.313197 13
837.421139 535.184686 13
836.414830 536.927664 13
835.911675 537.799153 13
834.402212 540.413620 13
833.899058 541.285110 13
833.395903 542.156599 13
832.389594 543.899577 13
831.383285 545.642555 13
830.880131 546.514044 13
829.370667 549.128511 13
825.853468 550.000000 12
817.816014 550.000000 12
811.787924 550.000000 12
806.764516 550.000000 12
803.750471 550.000000 12
797.722380 550.000000 12
796.717699 550.000000 12
780.642792 550.000000 12
774.614702 550.000000 12
772.605338 550.000000 12
762.558521 550.000000 12
759.544476 550.000000 12
758.539794 550.000000 12
756.530431 550.000000 12
747.488296 550.000000 12
744.474251 550.000000 12
736.436797 550.000000 12
731.413389 550.000000 12
729.404025 550.000000 12
724.380617 550.000000 12
723.375935 550.000000 12
718.352527 550.000000 12
717.347845 550.000000 12
699.263574 550.000000 12
689.216757 550.000000 12
686.202712 550.000000 12
674.146532 550.000000 12
668.118442 544.779521 11
665.104397 539.559042 11
661.588011 533.468482 11
661.085670 532.598403 11
656.564602 524.767684 11
653.048216 518.677125 11
652.043535 516.936965 11
650.536512 514.326725 11
643.503740 502.145607 11
641.996717 499.535367 11
640.992036 497.795208 11
640.489695 496.925128 11
639.987354 496.055048 11
636.973309 490.834569 11
635.968627 489.094409 11
634.461605 486.484169 11
632.954582 483.873930 11
631.949900 482.133770 11
630.442878 479.523530 11
626.926492 473.432971 11
625.419469 470.822732 11
614.367971 451.680974 11
612.358607 448.200655 11
611.353925 446.460495 11
609.846903 443.850256 11
609.344562 442.980176 11
605.828176 436.889617 11
601.307108 429.058898 11
598.795404 424.708498 11
596.283700 420.358099 11
592.768127 412.525971 10
593.271282 411.654482 10
594.277591 409.911504 10
594.780745 409.040015 10
596.290209 406.425547 10
597.799672 403.811080 10
598.302826 402.939591 10
598.805981 402.068102 10
601.824908 396.839168 10
603.334371 394.224700 10
603.837525 393.353211 10
604.843834 391.610233 10
606.353298 388.995766 10
607.862761 386.381299 10
608.365915 385.509810 10
608.869070 384.638321 10
609.372224 383.766832 10
609.875379 382.895342 10
610.378533 382.023853 10
610.881688 381.152364 10
613.397460 376.794919 10
612.391151 376.794919 9
610.378533 376.794919 9
608.365916 376.794919 9
604.340680 376.794919 9
603.334371 376.794919 9
602.328062 376.794919 9
601.321753 376.794919 9
599.309136 376.794919 9
598.302827 376.794919 9
594.277591 376.794919 9
592.264973 376.794919 9
591.258665 376.794919 9
590.252356 376.794919 9
588.239738 376.794919 9
585.220811 376.794919 9
583.208194 376.794919 9
582.201885 376.794919 9
581.195576 376.794919 9
580.189267 376.794919 9
579.182958 376.794919 9
577.170340 376.794919 9
576.164031 376.794919 9
575.157723 376.794919 9
572.138796 376.794919 9
562.578861 361.979605 8
561.572552 360.236627 8
561.069398 359.365138 8
560.566243 358.493649 8
559.056780 355.879182 8
556.541008 351.521737 8
555.534699 349.778759 8
555.031545 348.907269 8
553.522081 346.292802 8
551.006309 341.935357 8
550.503154 341.063868 8
548.490537 342.806846 7
547.484228 344.549824 7
546.981073 345.421313 7
546.477919 346.292802 7
545.974764 347.164291 7
544.968455 348.907269 7
544.465301 349.778759 7
543.458992 351.521737 7
542.955838 352.393226 7
542.452683 353.264715 7
541.949529 354.136204 7
541.446374 355.007693 7
537.924293 361.108116 7
537.421139 361.979605 7
536.917984 362.851094 7
535.911675 364.594072 7
535.408521 365.465561 7
534.402212 367.208539 7
532.892749 369.823007 7
531.886440 371.565985 7
530.880131 373.308963 7
529.873822 375.051941 7
527.861204 376.794919 6
523.835969 376.794919 6
521.823351 376.794919 6
520.817042 376.794919 6
514.779189 376.794919 6
513.772880 376.794919 6
510.753953 376.794919 6
507.735027 376.794919 6
502.703482 376.794919 6
501.697173 376.794919 6
500.690864 376.794919 6
499.684555 376.794919 6
495.659320 376.794919 6
493.646702 376.794919 6
490.627776 376.794919 6
488.615158 376.794919 6
487.608849 376.794919 6
486.602540 376.794919 6
486.602540 376.794919 5
488.615158 380.280875 5
489.118312 381.152364 5
490.124621 382.895342 5
493.646702 388.995766 5
494.149857 389.867255 5
494.653011 390.738744 5
495.659320 392.481722 5
497.671938 395.967679 5
498.678247 397.710657 5
499.181401 398.582146 5
501.697174 402.939591 5
503.206637 405.554058 5
503.709791 406.425547 5
504.212946 407.297036 5
505.219255 409.040015 5
505.722409 409.911504 5
507.232686 414.267540 4
497.688210 430.799057 4
490.655438 442.980176 4
488.143734 447.330575 4
487.641393 448.200655 4
484.627348 453.421134 4
484.125007 454.291214 4
483.622666 455.161294 4
480.106280 461.251853 4
465.036054 487.354249 4
464.533714 488.224329 4
460.012646 496.055048 4
455.491578 503.885767 4
453.984556 506.496006 4
453.482215 507.366086 4
448.458806 516.066885 4
436.904967 536.078722 4
434.895603 539.559042 4
414.801969 550.000000 3
403.750471 550.000000 3
385.666200 550.000000 3
382.652155 550.000000 3
379.638110 550.000000 3
373.610020 550.000000 3
361.553839 550.000000 3
355.525749 550.000000 3
347.488296 550.000000 3
346.483614 550.000000 3
336.436797 550.000000 3
309.310391 550.000000 3
307.301028 550.000000 3
300.268256 550.000000 3
284.193349 550.000000 3
283.188667 550.000000 3
282.183986 550.000000 3
271.132487 550.000000 2
270.126178 548.257022 2
269.623024 547.385533 2
269.119869 546.514044 2
268.616715 545.642555 2
267.107251 543.028088 2
266.604097 542.156599 2
265.094634 539.542131 2
263.585170 536.927664 2
263.082016 536.056175 2
262.578861 535.184686 2
262.075707 534.313197 2
261.572552 533.441708 2
260.063089 530.827241 2
258.553626 528.212774 2
258.050471 527.341285 2
257.547317 526.469796 2
256.541008 524.726818 2
256.037853 523.855329 2
255.031545 522.112350 2
253.018927 518.626394 2
250.000000 513.397460 2
249.496846 514.268949 1
248.993691 515.140438 1
247.484228 517.754905 1
246.477919 519.497883 1
245.974764 520.369372 1
245.471610 521.240861 1
244.968455 522.112350 1
243.962147 523.855329 1
241.446374 528.212774 1
240.943220 529.084263 1
240.440065 529.955752 1
238.930602 532.570219 1
238.427448 533.441708 1
237.421139 535.184686 1
235.911675 537.799153 1
235.408521 538.670642 1
234.905366 539.542131 1
233.899058 541.285110 1
233.395903 542.156599 1
230.880131 546.514044 1
228.867513 550.000000 1
223.833626 550.000000 0
222.826848 550.000000 0
221.820071 550.000000 0
214.772629 550.000000 0
210.745519 550.000000 0
208.731964 550.000000 0
203.698077 550.000000 0
200.677745 550.000000 0
193.630302 550.000000 0
192.623525 550.000000 0
191.616748 550.000000 0
188.596415 550.000000 0
163.426979 550.000000 0
159.399869 550.000000 0
156.379537 550.000000 0
155.372759 550.000000 0
153.359205 550.000000 0
152.352427 550.000000 0
147.318540 550.000000 0
146.311762 550.000000 0
138.257543 550.000000 0
137.250765 550.000000 0
129.196546 550.000000 0
104.027110 550.000000 0
