710
108.003911 450.000000 20
109.004400 450.000000 20
114.006844 450.000000 20
117.008311 450.000000 20
120.009778 450.000000 20
122.010755 450.000000 20
128.013689 450.000000 20
130.014666 450.000000 20
144.021511 450.000000 20
152.025422 450.000000 20
160.029333 450.000000 20
176.037155 450.000000 20
177.037644 450.000000 20
178.038133 450.000000 20
181.039599 450.000000 20
203.050355 450.000000 20
215.056221 450.000000 20
216.056710 450.000000 20
219.058177 450.000000 20
222.059644 450.000000 20
230.063555 450.000000 20
238.067466 450.000000 20
241.068932 450.000000 20
247.071866 450.000000 20
249.072843 450.000000 20
250.073332 450.000000 20
251.073821 450.000000 20
252.074310 450.000000 20
253.074799 450.000000 20
255.075777 450.000000 20
273.084577 450.000000 20
276.086043 450.000000 20
279.087510 450.000000 20
286.090932 450.000000 20
289.092399 450.000000 20
290.092888 450.000000 20
301.098265 450.000000 20
308.101687 450.000000 20
312.103643 450.000000 20
313.104132 450.000000 20
314.104621 450.000000 20
321.108043 450.000000 20
326.110487 450.000000 20
327.110976 450.000000 20
328.111465 450.000000 20
330.112443 450.000000 20
340.117332 450.000000 20
344.119287 450.000000 20
348.121243 450.000000 20
350.122220 450.000000 20
353.123687 450.000000 20
357.125643 450.000000 20
371.132487 450.000000 19
371.635641 449.128511 19
372.138796 448.257022 19
373.648259 445.642555 19
374.654568 443.899577 19
375.660877 442.156599 19
376.164031 441.285110 19
377.673495 438.670642 19
378.176649 437.799153 19
378.679803 436.927664 19
379.686112 435.184686 19
380.189267 434.313197 19
381.195576 432.570219 19
381.698730 431.698730 19
382.201884 430.827241 19
382.705039 429.955752 19
383.711348 428.212774 19
384.214502 427.341285 19
384.717657 426.469796 19
385.723965 424.726818 19
387.233429 422.112350 19
387.736583 421.240861 19
388.742892 419.497883 19
390.252355 416.883416 19
390.755510 416.011927 19
391.258664 415.140438 19
391.762632 412.527380 18
387.743905 405.566741 18
385.232201 401.216342 18
382.720497 396.865942 18
381.213474 394.255703 18
379.204111 390.775383 18
377.697088 388.165144 18
375.687725 384.684824 18
374.683043 382.944664 18
373.678362 381.204504 18
373.176021 380.334425 18
371.166657 376.854105 18
370.161976 375.113945 18
368.654953 372.503706 18
366.645590 369.023386 18
366.143249 368.153306 18
365.640908 367.283226 18
364.636226 365.543067 18
364.133886 364.672987 18
360.115159 357.712348 18
359.612818 356.842268 18
359.110477 355.972188 18
358.105795 354.232028 18
353.584728 346.401309 18
351.575364 342.920990 18
347.054297 335.090271 18
346.049615 333.350111 18
344.040252 329.869792 18
341.528547 325.519392 18
333.491094 311.598114 18
331.481730 308.117795 18
330.477049 306.377635 18
329.974708 305.507555 18
328.467685 302.897315 18
327.965345 302.027235 18
324.448959 295.936676 18
323.946618 295.066596 18
322.941936 293.326437 18
322.439595 292.456357 18
320.430232 288.976037 18
319.927891 288.105957 18
318.923209 286.365798 18
318.420868 285.495718 18
315.909164 281.145318 18
315.406823 280.275239 18
315.406823 276.794919 17
317.416187 276.794919 17
319.425550 276.794919 17
321.434914 276.794919 17
335.500457 276.794919 17
338.514503 276.794919 17
340.523866 276.794919 17
343.537911 276.794919 17
345.547274 276.794919 17
347.556638 276.794919 17
349.566001 276.794919 17
350.570683 276.794919 17
358.608137 276.794919 17
359.612818 276.794919 17
366.645590 276.794919 17
371.668999 276.794919 17
379.706452 276.794919 17
380.711134 276.794919 17
388.748588 276.794919 17
390.757951 276.794919 17
392.767314 276.794919 17
394.776678 276.794919 17
397.790723 276.794919 17
403.818813 276.794919 17
405.828176 276.794919 17
409.846903 276.794919 17
410.851585 276.794919 17
417.884357 276.794919 17
418.889039 276.794919 17
427.931174 276.794919 17
428.935856 276.794919 17
432.954582 276.794919 17
441.996718 276.794919 17
447.020126 276.794919 17
450.034171 276.794919 17
455.057580 276.794919 17
457.066943 276.794919 17
464.099715 276.794919 17
468.118442 276.794919 17
471.132487 276.794919 17
472.137169 275.054759 16
472.639510 274.184679 16
475.653555 268.964200 16
476.155895 268.094120 16
477.160577 266.353961 16
478.165259 264.613801 16
480.676963 260.263401 16
481.681645 258.523242 16
485.198031 252.432683 16
486.202712 250.692523 16
488.212076 247.212203 16
490.221439 243.731884 16
491.226121 241.991724 16
492.733143 239.381484 16
493.235484 238.511405 16
496.249529 233.290925 16
501.775279 223.720047 16
505.291665 217.629488 16
506.798687 215.019248 16
507.803369 213.279088 16
508.808051 211.538929 16
509.310391 210.668849 16
509.812732 209.798769 16
510.817414 208.058609 16
517.347845 196.747571 16
518.352527 195.007411 16
523.375935 186.306612 16
526.389980 181.086133 16
528.399344 177.605814 16
529.906366 174.995574 16
531.915730 171.515254 16
532.920411 169.775095 16
534.929775 166.294775 16
537.943820 161.074296 16
538.948501 159.334136 16
539.450842 158.464056 16
539.953183 157.593976 16
544.976592 148.893178 16
545.478932 148.023098 16
546.985955 145.412858 16
554.018727 147.153018 15
557.535113 153.243577 15
559.042135 155.853817 15
566.074907 168.034935 15
566.577248 168.905015 15
573.610020 181.086133 15
577.628747 188.046772 15
578.131087 188.916852 15
578.633428 189.786932 15
579.135769 190.657012 15
579.638110 191.527091 15
581.647473 195.007411 15
584.159178 199.357810 15
585.666200 201.968050 15
590.689609 210.668849 15
599.229403 225.460207 15
600.736426 228.070446 15
603.248130 232.420845 15
605.257493 235.901165 15
605.759834 236.771245 15
606.262175 237.641325 15
612.792606 248.952363 15
617.313674 256.783082 15
620.830059 262.873641 15
623.341764 267.224040 15
626.858150 273.314600 15
628.365172 275.924839 15
636.904967 276.794919 14
637.909648 276.794919 14
638.914330 276.794919 14
639.919012 276.794919 14
645.947102 276.794919 14
647.956465 276.794919 14
650.970510 276.794919 14
662.022009 276.794919 14
663.026691 276.794919 14
666.040736 276.794919 14
670.059463 276.794919 14
684.125007 276.794919 14
686.134370 276.794919 14
693.167142 276.794919 14
701.204595 276.794919 14
702.209277 276.794919 14
703.213959 276.794919 14
706.228004 276.794919 14
708.237367 276.794919 14
713.260776 276.794919 14
719.288866 276.794919 14
720.293548 276.794919 14
721.298229 276.794919 14
722.302911 276.794919 14
729.335683 276.794919 14
736.368455 276.794919 14
738.377818 276.794919 14
744.405909 276.794919 14
746.415272 276.794919 14
749.429317 276.794919 14
750.433999 276.794919 14
753.448044 276.794919 14
754.452726 276.794919 14
757.466771 276.794919 14
760.480816 276.794919 14
765.504224 276.794919 14
769.522951 276.794919 14
786.602540 276.794919 14
785.095517 279.405159 13
783.086154 282.885478 13
778.565086 290.716197 13
776.053382 295.066596 13
775.551041 295.936676 13
774.044019 298.546916 13
770.025292 305.507555 13
768.015929 308.987875 13
760.983157 321.168993 13
756.964430 328.129632 13
749.931658 340.310750 13
748.424636 342.920990 13
746.917613 345.531229 13
746.415272 346.401309 13
744.908250 349.011549 13
742.396545 353.361948 13
740.889523 355.972188 13
735.363774 365.543067 13
733.856751 368.153306 13
730.842706 373.373786 13
727.828661 378.594265 13
723.809934 385.554904 13
722.302912 388.165144 13
720.795889 390.775383 13
716.777162 397.736022 13
714.767799 401.216342 13
709.244490 416.011927 12
709.747645 416.883416 12
711.760262 420.369372 12
712.263417 421.240861 12
712.766571 422.112350 12
713.772880 423.855329 12
714.276035 424.726818 12
716.288652 428.212774 12
716.791807 429.084263 12
718.301270 431.698730 12
718.804424 432.570219 12
719.307579 433.441708 12
719.810733 434.313197 12
721.320197 436.927664 12
722.829660 439.542131 12
723.332814 440.413620 12
723.835969 441.285110 12
724.842278 443.028088 12
725.345432 443.899577 12
725.848586 444.771066 12
726.854895 446.514044 12
728.364359 449.128511 12
728.867513 450.000000 12
731.868980 450.000000 11
734.870446 450.000000 11
736.871424 450.000000 11
742.874357 450.000000 11
743.874846 450.000000 11
752.879246 450.000000 11
761.883646 450.000000 11
765.885602 450.000000 11
767.886579 450.000000 11
769.887557 450.000000 11
781.893424 450.000000 11
785.895379 450.000000 11
786.895868 450.000000 11
788.896846 450.000000 11
796.900757 450.000000 11
800.902712 450.000000 11
805.905157 450.000000 11
806.905646 450.000000 11
809.907112 450.000000 11
822.913468 450.000000 11
840.922268 450.000000 11
858.931068 450.000000 11
861.932534 450.000000 11
862.933023 450.000000 11
866.934979 450.000000 11
877.940356 450.000000 11
884.943779 450.000000 11
887.945245 450.000000 11
903.953067 450.000000 11
931.966756 450.000000 11
933.967734 450.000000 11
935.968712 450.000000 11
938.970178 450.000000 11
941.971645 450.000000 11
954.978000 450.000000 11
955.978489 450.000000 11
959.980445 450.000000 11
961.981422 450.000000 11
962.981911 450.000000 11
972.986800 450.000000 11
976.988756 450.000000 11
991.996089 450.000000 11
995.998044 450.000000 11
996.998533 450.000000 11
1000.000000 450.000000 10
1000.000000 452.000000 10
1000.000000 454.000000 10
1000.000000 457.000000 10
1000.000000 459.000000 10
1000.000000 460.000000 10
1000.000000 466.000000 10
1000.000000 470.000000 10
1000.000000 471.000000 10
1000.000000 474.000000 10
1000.000000 477.000000 10
1000.000000 478.000000 10
1000.000000 482.000000 10
1000.000000 506.000000 10
1000.000000 507.000000 10
1000.000000 516.000000 10
1000.000000 523.000000 10
1000.000000 524.000000 10
1000.000000 525.000000 10
1000.000000 528.000000 10
1000.000000 529.000000 10
1000.000000 531.000000 10
1000.000000 532.000000 10
1000.000000 534.000000 10
1000.000000 535.000000 10
1000.000000 538.000000 10
1000.000000 539.000000 10
1000.000000 541.000000 10
1000.000000 542.000000 10
1000.000000 546.000000 10
991.978841 550.000000 9
986.965617 550.000000 9
983.957682 550.000000 9
971.925944 550.000000 9
962.902140 550.000000 9
961.899495 550.000000 9
939.841309 550.000000 9
930.817505 550.000000 9
922.796346 550.000000 9
901.740804 550.000000 9
866.648234 550.000000 9
860.632365 550.000000 9
857.624430 550.000000 9
856.621785 550.000000 9
852.611206 550.000000 9
817.518636 550.000000 9
771.396973 550.000000 9
762.373169 550.000000 9
751.344076 550.000000 9
746.330851 550.000000 9
732.293823 550.000000 9
728.283244 550.000000 9
722.267375 550.000000 9
699.206543 550.000000 9
695.195964 550.000000 9
693.190674 550.000000 9
687.174805 550.000000 9
685.169515 550.000000 9
670.127805 548.259840 8
665.606738 540.429121 8
658.573966 528.248003 8
658.071625 527.377923 8
657.569284 526.507843 8
656.062261 523.897604 8
652.043535 516.936965 8
651.541194 516.066885 8
651.038853 515.196805 8
650.536512 514.326725 8
647.522467 509.106246 8
639.987354 496.055048 8
636.470968 489.964489 8
634.461605 486.484169 8
631.949900 482.133770 8
629.438196 477.783371 8
627.428833 474.303051 8
626.926492 473.432971 8
626.424151 472.562891 8
625.419469 470.822732 8
623.912447 468.212492 8
623.410106 467.342412 8
622.907765 466.472332 8
622.405424 465.602252 8
618.889038 459.511693 8
616.879675 456.031374 8
614.870311 452.551054 8
613.363289 449.940815 8
612.860948 449.070735 8
611.353925 446.460495 8
610.851585 445.590415 8
610.349244 444.720335 8
605.325835 436.019537 8
604.321153 434.279377 8
603.818813 433.409297 8
600.302427 427.318738 8
599.297745 425.578578 8
598.795404 424.708498 8
594.274336 416.877779 8
592.264973 413.397460 7
592.768127 412.525971 7
593.774436 410.782993 7
594.277591 409.911504 7
594.780745 409.040015 7
595.283900 408.168526 7
595.787054 407.297036 7
596.793363 405.554058 7
597.296518 404.682569 7
598.805981 402.068102 7
603.334371 394.224700 7
603.837525 393.353211 7
604.340680 392.481722 7
604.843834 391.610233 7
605.346989 390.738744 7
605.850143 389.867255 7
606.353298 388.995766 7
606.856452 388.124277 7
607.359607 387.252788 7
607.862761 386.381299 7
608.869070 384.638321 7
609.372224 383.766832 7
610.881688 381.152364 7
612.391151 378.537897 7
612.894306 377.666408 7
612.391151 376.794919 6
609.372224 376.794919 6
608.365916 376.794919 6
606.353298 376.794919 6
604.340680 376.794919 6
602.328062 376.794919 6
597.296518 376.794919 6
595.283900 376.794919 6
594.277591 376.794919 6
593.271282 376.794919 6
592.264973 376.794919 6
591.258665 376.794919 6
590.252356 376.794919 6
587.233429 376.794919 6
585.220811 376.794919 6
584.214502 376.794919 6
583.208194 376.794919 6
582.201885 376.794919 6
579.182958 376.794919 6
577.170340 376.794919 6
576.164031 376.794919 6
575.157723 376.794919 6
574.151414 376.794919 6
573.145105 376.794919 6
572.138796 376.794919 6
571.132487 376.794919 6
571.132487 376.794919 5
570.629333 375.923430 5
569.623024 374.180452 5
569.119869 373.308963 5
568.616715 372.437474 5
568.113560 371.565985 5
566.100942 368.080029 5
564.591479 365.465561 5
564.088325 364.594072 5
563.585170 363.722583 5
563.082016 362.851094 5
562.075707 361.108116 5
561.572552 360.236627 5
561.069398 359.365138 5
559.559935 356.750671 5
558.553626 355.007693 5
557.547317 353.264715 5
555.031545 348.907269 5
554.528390 348.035780 5
553.522081 346.292802 5
553.018927 345.421313 5
552.515772 344.549824 5
552.012618 343.678335 5
551.006309 341.935357 5
550.503154 341.063868 5
550.000000 340.192379 5
549.496846 341.063868 4
548.993691 341.935357 4
548.490537 342.806846 4
547.987382 343.678335 4
546.981073 345.421313 4
546.477919 346.292802 4
545.974764 347.164291 4
545.471610 348.035780 4
544.968455 348.907269 4
544.465301 349.778759 4
543.458992 351.521737 4
542.955838 352.393226 4
542.452683 353.264715 4
540.943220 355.879182 4
539.936911 357.622160 4
539.433757 358.493649 4
538.930602 359.365138 4
538.427448 360.236627 4
537.924293 361.108116 4
537.421139 361.979605 4
536.917984 362.851094 4
535.911675 364.594072 4
535.408521 365.465561 4
534.905366 366.337050 4
534.402212 367.208539 4
533.899058 368.080029 4
533.395903 368.951518 4
532.892749 369.823007 4
532.389594 370.694496 4
530.880131 373.308963 4
530.376976 374.180452 4
529.873822 375.051941 4
529.370667 375.923430 4
528.867513 376.794919 3
527.861204 376.794919 3
526.854895 376.794919 3
525.848586 376.794919 3
524.842277 376.794919 3
521.823351 376.794919 3
518.804424 376.794919 3
517.798115 376.794919 3
515.785498 376.794919 3
514.779189 376.794919 3
513.772880 376.794919 3
512.766571 376.794919 3
511.760262 376.794919 3
510.753953 376.794919 3
509.747644 376.794919 3
508.741335 376.794919 3
507.735027 376.794919 3
506.728718 376.794919 3
505.722409 376.794919 3
503.709791 376.794919 3
502.703482 376.794919 3
501.697173 376.794919 3
498.678247 376.794919 3
497.671938 376.794919 3
495.659320 376.794919 3
494.653011 376.794919 3
493.646702 376.794919 3
492.640393 376.794919 3
491.634084 376.794919 3
490.627776 376.794919 3
489.621467 376.794919 3
488.615158 376.794919 3
486.602540 376.794919 3
486.602540 376.794919 2
487.608849 378.537897 2
489.118312 381.152364 2
491.130930 384.638321 2
493.646702 388.995766 2
494.149857 389.867255 2
494.653011 390.738744 2
495.156166 391.610233 2
496.162475 393.353211 2
496.665629 394.224700 2
497.168784 395.096190 2
497.671938 395.967679 2
498.175092 396.839168 2
498.678247 397.710657 2
499.684556 399.453635 2
500.187710 400.325124 2
500.690865 401.196613 2
501.194019 402.068102 2
502.200328 403.811080 2
502.703482 404.682569 2
504.212946 407.297036 2
506.728718 411.654482 2
507.231873 412.525971 2
507.735027 413.397460 2
506.730345 415.137620 1
506.228004 416.007700 1
500.199914 426.448658 1
499.697573 427.318738 1
497.688210 430.799057 1
494.674165 436.019537 1
491.157779 442.110096 1
490.153097 443.850256 1
486.134370 450.810895 1
485.129689 452.551054 1
484.627348 453.421134 1
483.120325 456.031374 1
481.110962 459.511693 1
480.106280 461.251853 1
478.096917 464.732172 1
477.092235 466.472332 1
476.589894 467.342412 1
472.571167 474.303051 1
469.557122 479.523530 1
465.036054 487.354249 1
464.031373 489.094409 1
462.524350 491.704649 1
460.012646 496.055048 1
457.500942 500.405447 1
456.998601 501.275527 1
456.496260 502.145607 1
453.984556 506.496006 1
452.979874 508.236166 1
449.965829 513.456645 1
448.458806 516.066885 1
446.951784 518.677125 1
445.947102 520.417284 1
442.430716 526.507843 1
439.919012 530.858243 1
439.416671 531.728323 1
438.411989 533.468482 1
434.393262 540.429121 1
432.886240 543.039361 1
432.383899 543.909441 1
428.867513 550.000000 1
423.854289 550.000000 0
416.835775 550.000000 0
406.809326 550.000000 0
398.788167 550.000000 0
385.753784 550.000000 0
384.751139 550.000000 0
380.740560 550.000000 0
378.735270 550.000000 0
375.727336 550.000000 0
367.706177 550.000000 0
336.624186 550.000000 0
324.592448 550.000000 0
323.589803 550.000000 0
321.584513 550.000000 0
320.581868 550.000000 0
302.534261 550.000000 0
293.510457 550.000000 0
291.505168 550.000000 0
279.473429 550.000000 0
274.460205 550.000000 0
264.433756 550.000000 0
257.415243 550.000000 0
255.409953 550.000000 0
245.383504 550.000000 0
236.359701 550.000000 0
228.338542 550.000000 0
222.322673 550.000000 0
221.320028 550.000000 0
220.317383 550.000000 0
207.283000 550.000000 0
206.280355 550.000000 0
203.272420 550.000000 0
201.267131 550.000000 0
176.201009 550.000000 0
172.190430 550.000000 0
159.156047 550.000000 0
153.140177 550.000000 0
139.103149 550.000000 0
135.092570 550.000000 0
128.074056 550.000000 0
122.058187 550.000000 0
111.029093 550.000000 0
109.023804 550.000000 0
108.021159 550.000000 0
102.005290 550.000000 0
