840
100.000000 450.000000 8
107.003422 450.000000 8
109.004400 450.000000 8
115.007333 450.000000 8
116.007822 450.000000 8
117.008311 450.000000 8
118.008800 450.000000 8
121.010266 450.000000 8
125.012222 450.000000 8
126.012711 450.000000 8
127.013200 450.000000 8
134.016622 450.000000 8
135.017111 450.000000 8
136.017600 450.000000 8
138.018577 450.000000 8
141.020044 450.000000 8
142.020533 450.000000 8
143.021022 450.000000 8
145.022000 450.000000 8
149.023955 450.000000 8
150.024444 450.000000 8
151.024933 450.000000 8
157.027866 450.000000 8
158.028355 450.000000 8
161.029822 450.000000 8
165.031777 450.000000 8
166.032266 450.000000 8
167.032755 450.000000 8
168.033244 450.000000 8
169.033733 450.000000 8
174.036177 450.000000 8
176.037155 450.000000 8
177.037644 450.000000 8
183.040577 450.000000 8
187.042533 450.000000 8
190.043999 450.000000 8
191.044488 450.000000 8
196.046933 450.000000 8
199.048399 450.000000 8
200.048888 450.000000 8
202.049866 450.000000 8
204.050844 450.000000 8
205.051332 450.000000 8
208.052799 450.000000 8
209.053288 450.000000 8
210.053777 450.000000 8
211.054266 450.000000 8
212.054755 450.000000 8
214.055732 450.000000 8
216.056710 450.000000 8
220.058666 450.000000 8
221.059155 450.000000 8
225.061110 450.000000 8
227.062088 450.000000 8
228.062577 450.000000 8
232.064532 450.000000 8
234.065510 450.000000 8
235.065999 450.000000 8
238.067465 450.000000 8
240.068443 450.000000 8
243.069910 450.000000 8
247.071865 450.000000 8
252.074310 450.000000 8
253.074799 450.000000 8
255.075776 450.000000 8
258.077243 450.000000 8
259.077732 450.000000 8
262.079199 450.000000 8
263.079687 450.000000 8
264.080176 450.000000 8
266.081154 450.000000 8
272.084087 450.000000 8
278.087021 450.000000 8
280.087998 450.000000 8
284.089954 450.000000 8
287.091421 450.000000 8
289.092398 450.000000 8
293.094354 450.000000 8
298.096798 450.000000 8
300.097776 450.000000 8
301.098265 450.000000 8
303.099243 450.000000 8
305.100220 450.000000 8
311.103154 450.000000 8
320.107554 450.000000 8
323.109020 450.000000 8
325.109998 450.000000 8
326.110487 450.000000 8
333.113909 450.000000 8
339.116842 450.000000 8
340.117331 450.000000 8
341.117820 450.000000 8
343.118798 450.000000 8
349.121731 450.000000 8
351.122709 450.000000 8
361.127598 450.000000 8
364.129064 450.000000 8
365.129553 450.000000 8
366.130042 450.000000 8
367.130531 450.000000 8
369.131509 450.000000 8
373.136604 446.528766 7
374.138663 444.793149 7
375.641752 442.189724 7
379.649987 435.247256 7
381.153076 432.643831 7
383.157193 429.172597 7
384.660282 426.569172 7
386.664399 423.097938 7
388.167488 420.494512 7
389.169547 418.758895 7
390.171606 417.023278 7
392.676753 412.684236 7
396.183959 406.609577 7
397.687047 404.006151 7
399.691165 400.534918 7
400.192195 399.667109 7
407.206607 387.517791 7
409.210725 384.046557 7
412.717931 377.971898 7
413.218960 377.104089 7
413.719990 376.236281 7
414.722049 374.500664 7
415.223078 373.632855 7
416.225137 371.897238 7
416.726166 371.029430 7
419.732343 365.822579 7
422.738520 360.615728 7
425.744697 355.408878 7
429.251903 349.334218 7
431.256020 345.862984 7
435.765286 338.052708 7
437.769403 334.581474 7
438.270433 333.713666 7
441.777639 327.639007 7
447.789992 317.225305 7
449.293081 314.621880 7
450.796169 312.018454 7
451.297198 311.150646 7
452.299257 309.415029 7
455.806464 303.340370 7
456.808522 301.604753 7
460.315729 295.530094 7
460.816758 294.662285 7
462.820876 291.191051 7
465.827052 285.984201 7
469.835288 279.041733 7
470.336318 278.173924 7
471.839406 275.570499 7
472.340435 274.702691 7
474.344553 271.231457 7
474.845583 270.363648 7
476.348671 267.760223 7
477.851759 265.156797 7
485.367201 252.139671 7
487.872348 247.800628 7
488.874407 246.065011 7
490.878525 242.593777 7
491.880584 240.858161 7
493.884702 237.386927 7
494.886761 235.651310 7
496.890878 232.180076 7
498.393967 229.576651 7
502.903232 221.766374 7
504.907350 218.295140 7
506.911467 214.823907 7
507.913526 213.088290 7
508.915585 211.352673 7
509.917644 209.617056 7
510.919703 207.881439 7
513.424850 203.542397 7
515.428968 200.071163 7
516.431027 198.335546 7
520.940292 190.525270 7
523.445439 186.186227 7
523.946469 185.318419 7
524.948528 183.582802 7
525.449557 182.714994 7
526.451616 180.979377 7
527.453675 179.243760 7
529.457793 175.772526 7
530.459851 174.036909 7
535.470146 165.358824 7
535.971175 164.491016 7
538.476323 160.151974 7
539.478382 158.416357 7
539.979411 157.548548 7
540.981470 155.812931 7
541.983529 154.077314 7
542.484558 153.209506 7
543.486617 151.473889 7
545.991764 147.134847 7
547.995882 143.663613 7
548.997941 141.927996 7
550.000000 140.192379 6
551.002059 141.927996 6
552.505147 144.531421 6
556.012353 150.606080 6
557.014412 152.341697 6
558.016471 154.077314 6
560.020589 157.548548 6
560.521618 158.416357 6
561.523677 160.151974 6
562.024707 161.019782 6
563.026766 162.755399 6
563.527795 163.623207 6
565.030883 166.226633 6
566.032942 167.962250 6
566.533972 168.830058 6
567.035001 169.697867 6
568.037060 171.433484 6
568.538090 172.301292 6
570.041178 174.904717 6
575.051472 183.582802 6
576.554561 186.186227 6
580.562796 193.128695 6
584.070003 199.203354 6
584.571032 200.071163 6
585.072061 200.938971 6
587.577209 205.278014 6
588.579268 207.013630 6
589.080297 207.881439 6
593.589562 215.691715 6
594.090592 216.559524 6
596.595739 220.898566 6
597.597798 222.634183 6
600.603974 227.841034 6
604.111181 233.915693 6
604.612210 234.783501 6
605.113239 235.651310 6
608.119416 240.858161 6
611.626622 246.932820 6
616.135887 254.743096 6
616.636917 255.610904 6
623.651329 267.760223 6
624.653388 269.495840 6
626.156476 272.099265 6
627.158535 273.834882 6
631.166771 280.777350 6
632.168830 282.512967 6
640.185301 296.397902 6
642.189419 299.869136 6
643.191478 301.604753 6
643.692507 302.472561 6
645.195595 305.075987 6
645.696625 305.943795 6
646.197654 306.811604 6
649.203831 312.018454 6
650.706919 314.621880 6
652.711037 318.093114 6
653.713096 319.828731 6
655.717214 323.299964 6
656.218243 324.167773 6
658.222361 327.639007 6
659.725449 330.242432 6
660.226479 331.110241 6
661.729567 333.713666 6
663.733685 337.184900 6
664.234714 338.052708 6
664.735744 338.920517 6
666.739862 342.391751 6
667.240891 343.259559 6
668.242950 344.995176 6
670.247068 348.466410 6
671.249127 350.202027 6
672.752215 352.805452 6
674.255303 355.408878 6
675.758392 358.012303 6
677.762510 361.483537 6
679.766627 364.954771 6
680.267657 365.822579 6
683.273834 371.029430 6
683.774863 371.897238 6
684.776922 373.632855 6
687.783099 378.839706 6
689.286187 381.443131 6
689.787216 382.310940 6
691.290305 384.914365 6
695.298540 391.856833 6
702.312953 404.006151 6
703.816041 406.609577 6
710.329424 417.891087 6
711.331483 419.626704 6
711.832512 420.494512 6
717.844866 430.908214 6
721.352072 436.982873 6
724.859278 443.057532 6
731.868980 450.000000 5
732.869469 450.000000 5
733.869958 450.000000 5
735.870936 450.000000 5
738.872402 450.000000 5
742.874358 450.000000 5
743.874847 450.000000 5
746.876313 450.000000 5
750.878269 450.000000 5
751.878758 450.000000 5
752.879247 450.000000 5
759.882669 450.000000 5
760.883158 450.000000 5
761.883647 450.000000 5
762.884135 450.000000 5
763.884624 450.000000 5
765.885602 450.000000 5
771.888535 450.000000 5
773.889513 450.000000 5
777.891469 450.000000 5
778.891957 450.000000 5
788.896846 450.000000 5
789.897335 450.000000 5
790.897824 450.000000 5
794.899780 450.000000 5
795.900268 450.000000 5
796.900757 450.000000 5
797.901246 450.000000 5
798.901735 450.000000 5
806.905646 450.000000 5
808.906624 450.000000 5
810.907602 450.000000 5
813.909068 450.000000 5
816.910535 450.000000 5
817.911024 450.000000 5
818.911513 450.000000 5
819.912002 450.000000 5
820.912490 450.000000 5
821.912979 450.000000 5
823.913957 450.000000 5
824.914446 450.000000 5
827.915913 450.000000 5
829.916890 450.000000 5
831.917868 450.000000 5
835.919824 450.000000 5
837.920801 450.000000 5
842.923246 450.000000 5
846.925201 450.000000 5
850.927157 450.000000 5
853.928623 450.000000 5
855.929601 450.000000 5
858.931068 450.000000 5
862.933023 450.000000 5
866.934979 450.000000 5
871.937423 450.000000 5
878.940845 450.000000 5
888.945734 450.000000 5
890.946712 450.000000 5
891.947201 450.000000 5
895.949156 450.000000 5
898.950623 450.000000 5
899.951112 450.000000 5
902.952579 450.000000 5
904.953556 450.000000 5
906.954534 450.000000 5
907.955023 450.000000 5
909.956001 450.000000 5
912.957467 450.000000 5
915.958934 450.000000 5
916.959423 450.000000 5
918.960401 450.000000 5
921.961867 450.000000 5
922.962356 450.000000 5
926.964312 450.000000 5
928.965290 450.000000 5
935.968712 450.000000 5
937.969689 450.000000 5
948.975067 450.000000 5
949.975556 450.000000 5
952.977023 450.000000 5
955.978489 450.000000 5
956.978978 450.000000 5
959.980445 450.000000 5
960.980934 450.000000 5
962.981911 450.000000 5
963.982400 450.000000 5
969.985334 450.000000 5
970.985822 450.000000 5
971.986311 450.000000 5
975.988267 450.000000 5
981.991200 450.000000 5
985.993156 450.000000 5
988.994622 450.000000 5
993.997067 450.000000 5
998.999511 450.000000 5
1000.000000 450.000000 5
1000.000000 450.000000 4
1000.000000 451.000000 4
1000.000000 453.000000 4
1000.000000 454.000000 4
1000.000000 455.000000 4
1000.000000 456.000000 4
1000.000000 459.000000 4
1000.000000 460.000000 4
1000.000000 461.000000 4
1000.000000 462.000000 4
1000.000000 464.000000 4
1000.000000 465.000000 4
1000.000000 466.000000 4
1000.000000 467.000000 4
1000.000000 469.000000 4
1000.000000 470.000000 4
1000.000000 471.000000 4
1000.000000 473.000000 4
1000.000000 474.000000 4
1000.000000 475.000000 4
1000.000000 476.000000 4
1000.000000 478.000000 4
1000.000000 481.000000 4
1000.000000 482.000000 4
1000.000000 483.000000 4
1000.000000 484.000000 4
1000.000000 485.000000 4
1000.000000 486.000000 4
1000.000000 487.000000 4
1000.000000 488.000000 4
1000.000000 490.000000 4
1000.000000 492.000000 4
1000.000000 493.000000 4
1000.000000 494.000000 4
1000.000000 496.000000 4
1000.000000 497.000000 4
1000.000000 498.000000 4
1000.000000 500.000000 4
1000.000000 503.000000 4
1000.000000 506.000000 4
1000.000000 507.000000 4
1000.000000 508.000000 4
1000.000000 510.000000 4
1000.000000 511.000000 4
1000.000000 513.000000 4
1000.000000 514.000000 4
1000.000000 515.000000 4
1000.000000 516.000000 4
1000.000000 517.000000 4
1000.000000 519.000000 4
1000.000000 520.000000 4
1000.000000 521.000000 4
1000.000000 522.000000 4
1000.000000 523.000000 4
1000.000000 525.000000 4
1000.000000 526.000000 4
1000.000000 527.000000 4
1000.000000 528.000000 4
1000.000000 529.000000 4
1000.000000 530.000000 4
1000.000000 531.000000 4
1000.000000 532.000000 4
1000.000000 534.000000 4
1000.000000 536.000000 4
1000.000000 538.000000 4
1000.000000 539.000000 4
1000.000000 540.000000 4
1000.000000 541.000000 4
1000.000000 542.000000 4
1000.000000 543.000000 4
1000.000000 545.000000 4
1000.000000 546.000000 4
1000.000000 547.000000 4
1000.000000 549.000000 4
1000.000000 550.000000 4
1000.000000 550.000000 3
996.992065 550.000000 3
995.989421 550.000000 3
994.986776 550.000000 3
993.984131 550.000000 3
991.978841 550.000000 3
988.970907 550.000000 3
985.962972 550.000000 3
983.957682 550.000000 3
979.947103 550.000000 3
978.944458 550.000000 3
974.933879 550.000000 3
970.923299 550.000000 3
962.902140 550.000000 3
961.899495 550.000000 3
953.878337 550.000000 3
948.865112 550.000000 3
944.854533 550.000000 3
919.788411 550.000000 3
917.783122 550.000000 3
911.767252 550.000000 3
910.764608 550.000000 3
907.756673 550.000000 3
906.754028 550.000000 3
905.751383 550.000000 3
904.748738 550.000000 3
903.746094 550.000000 3
899.735514 550.000000 3
897.730224 550.000000 3
896.727580 550.000000 3
891.714355 550.000000 3
889.709066 550.000000 3
885.698486 550.000000 3
883.693196 550.000000 3
880.685262 550.000000 3
878.679972 550.000000 3
875.672038 550.000000 3
872.664103 550.000000 3
864.642944 550.000000 3
858.627075 550.000000 3
856.621785 550.000000 3
854.616496 550.000000 3
848.600626 550.000000 3
845.592692 550.000000 3
842.584757 550.000000 3
841.582112 550.000000 3
839.576823 550.000000 3
834.563598 550.000000 3
832.558309 550.000000 3
825.539795 550.000000 3
818.521281 550.000000 3
813.508056 550.000000 3
810.500122 550.000000 3
805.486898 550.000000 3
793.455159 550.000000 3
790.447225 550.000000 3
789.444580 550.000000 3
788.441935 550.000000 3
785.434000 550.000000 3
775.407552 550.000000 3
773.402262 550.000000 3
771.396972 550.000000 3
768.389038 550.000000 3
766.383748 550.000000 3
764.378458 550.000000 3
763.375813 550.000000 3
756.357299 550.000000 3
749.338785 550.000000 3
747.333496 550.000000 3
741.317627 550.000000 3
736.304402 550.000000 3
733.296468 550.000000 3
732.293823 550.000000 3
728.283243 550.000000 3
723.270019 550.000000 3
721.264729 550.000000 3
718.256795 550.000000 3
715.248860 550.000000 3
714.246215 550.000000 3
712.240926 550.000000 3
709.232991 550.000000 3
704.219767 550.000000 3
703.217122 550.000000 3
699.206543 550.000000 3
695.195963 550.000000 3
691.185384 550.000000 3
686.172159 550.000000 3
684.166870 550.000000 3
682.161580 550.000000 3
679.153645 550.000000 3
671.132487 550.000000 3
670.131392 548.266053 2
669.130297 546.532105 2
665.626464 540.463290 2
665.125917 539.596316 2
663.624275 536.995395 2
661.622085 533.527501 2
661.121537 532.660527 2
659.619895 530.059606 2
658.618800 528.325659 2
658.118252 527.458685 2
656.616610 524.857764 2
656.116063 523.990791 2
655.615515 523.123817 2
654.614420 521.389870 2
654.113873 520.522896 2
649.608946 512.720133 2
649.108398 511.853160 2
648.607851 510.986186 2
648.107303 510.119213 2
647.606756 509.252239 2
646.605661 507.518292 2
645.604566 505.784344 2
642.100734 499.715529 2
641.099639 497.981582 2
640.599091 497.114608 2
640.098544 496.247634 2
639.097449 494.513687 2
633.591427 484.976977 2
632.590332 483.243030 2
630.087594 478.908161 2
629.587047 478.041188 2
628.585952 476.307241 2
628.085405 475.440267 2
627.584857 474.573293 2
625.582667 471.105399 2
625.082120 470.238425 2
623.079930 466.770530 2
622.078835 465.036583 2
621.578288 464.169610 2
621.077740 463.302636 2
619.576098 460.701715 2
619.075550 459.834741 2
618.575003 458.967768 2
615.571718 453.765926 2
614.070076 451.165005 2
613.068981 449.431058 2
611.066791 445.963163 2
607.562958 439.894348 2
606.561864 438.160400 2
606.061316 437.293427 2
605.560769 436.426453 2
602.557484 431.224611 2
601.556389 429.490664 2
601.055841 428.623690 2
599.554199 426.022769 2
598.553104 424.288822 2
598.052557 423.421848 2
597.552009 422.554875 2
597.051462 421.687901 2
591.545440 412.151191 2
587.541060 405.215402 2
586.039417 402.614481 2
585.538870 401.747507 2
583.536680 398.279613 2
583.036133 397.412639 2
582.035038 395.678692 2
581.033943 393.944745 2
578.030658 388.742903 2
577.530111 387.875929 2
577.029563 387.008955 2
575.027373 383.541061 2
572.024088 378.339219 2
571.022994 376.605272 2
569.521351 374.004351 2
567.519161 370.536456 2
567.018614 369.669483 2
566.518066 368.802509 2
565.516971 367.068562 2
563.514782 363.600667 2
563.014234 362.733694 2
562.013139 360.999746 2
561.512592 360.132773 2
561.012044 359.265799 2
560.010949 357.531852 2
558.509307 354.930931 2
557.508212 353.196983 2
556.507117 351.463036 2
556.006570 350.596063 2
554.504927 347.995142 2
554.004380 347.128168 2
553.503832 346.261194 2
551.501642 342.793300 2
551.001095 341.926326 2
550.500547 341.059353 2
549.499453 341.059353 1
546.996715 345.394221 1
543.993430 350.596063 1
542.992335 352.330010 1
542.491788 353.196983 1
541.991241 354.063957 1
540.489598 356.664878 1
539.989051 357.531852 1
538.487408 360.132773 1
537.986861 360.999746 1
535.484124 365.334614 1
533.481934 368.802509 1
532.480839 370.536456 1
528.476459 377.472245 1
526.474269 380.940140 1
524.472079 384.408035 1
523.470984 386.141982 1
522.469889 387.875929 1
521.468794 389.609876 1
520.968247 390.476850 1
518.966057 393.944745 1
518.465510 394.811718 1
517.964962 395.678692 1
517.464415 396.545666 1
513.960583 402.614481 1
512.959488 404.348428 1
512.458940 405.215402 1
511.457845 406.949349 1
510.957298 407.816323 1
509.956203 409.550270 1
504.950728 418.220007 1
504.450181 419.086980 1
503.949633 419.953954 1
503.449086 420.820927 1
502.948538 421.687901 1
502.447991 422.554875 1
500.946348 425.155796 1
498.443611 429.490664 1
497.442516 431.224611 1
496.441421 432.958558 1
495.940874 433.825532 1
491.435947 441.628295 1
490.935399 442.495269 1
489.433757 445.096189 1
488.933209 445.963163 1
483.927735 454.632899 1
480.924450 459.834741 1
479.422807 462.435662 1
476.419523 467.637504 1
475.418428 469.371451 1
474.917880 470.238425 1
472.915690 473.706320 1
468.911311 480.642109 1
468.410763 481.509082 1
466.909121 484.110003 1
465.908026 485.843951 1
462.404194 491.912766 1
461.903646 492.779740 1
461.403099 493.646713 1
460.402004 495.380661 1
459.901456 496.247634 1
457.398719 500.582502 1
456.397624 502.316450 1
455.897077 503.183423 1
455.396529 504.050397 1
454.895982 504.917371 1
450.391054 512.720133 1
447.888317 517.055002 1
447.387770 517.921975 1
446.887222 518.788949 1
446.386675 519.655923 1
441.881748 527.458685 1
440.880653 529.192633 1
440.380105 530.059606 1
439.879558 530.926580 1
439.379010 531.793554 1
438.878463 532.660527 1
438.377915 533.527501 1
437.877368 534.394474 1
436.375725 536.995395 1
435.374631 538.729343 1
434.874083 539.596316 1
434.373536 540.463290 1
433.372441 542.197237 1
430.369156 547.399079 1
426.862224 550.000000 0
419.843710 550.000000 0
408.814616 550.000000 0
403.801392 550.000000 0
399.790813 550.000000 0
397.785523 550.000000 0
396.782878 550.000000 0
394.777588 550.000000 0
392.772299 550.000000 0
390.767009 550.000000 0
389.764364 550.000000 0
385.753785 550.000000 0
383.748495 550.000000 0
382.745850 550.000000 0
380.740560 550.000000 0
376.729981 550.000000 0
374.724691 550.000000 0
368.708822 550.000000 0
365.700887 550.000000 0
363.695598 550.000000 0
359.685018 550.000000 0
356.677084 550.000000 0
354.671794 550.000000 0
352.666504 550.000000 0
351.663859 550.000000 0
350.661215 550.000000 0
343.642701 550.000000 0
342.640056 550.000000 0
341.637411 550.000000 0
340.634766 550.000000 0
336.624187 550.000000 0
334.618897 550.000000 0
330.608317 550.000000 0
328.603028 550.000000 0
323.589803 550.000000 0
322.587159 550.000000 0
318.576579 550.000000 0
313.563355 550.000000 0
312.560710 550.000000 0
307.547486 550.000000 0
306.544841 550.000000 0
300.528972 550.000000 0
298.523682 550.000000 0
296.518392 550.000000 0
295.515747 550.000000 0
293.510458 550.000000 0
292.507813 550.000000 0
288.497233 550.000000 0
287.494588 550.000000 0
284.486654 550.000000 0
282.481364 550.000000 0
280.476074 550.000000 0
278.470785 550.000000 0
275.462850 550.000000 0
274.460205 550.000000 0
272.454916 550.000000 0
269.446981 550.000000 0
268.444336 550.000000 0
261.425822 550.000000 0
259.420532 550.000000 0
254.407308 550.000000 0
252.402018 550.000000 0
250.396729 550.000000 0
241.372925 550.000000 0
237.362346 550.000000 0
236.359701 550.000000 0
235.357056 550.000000 0
230.343832 550.000000 0
227.335897 550.000000 0
225.330607 550.000000 0
224.327962 550.000000 0
221.320028 550.000000 0
214.301514 550.000000 0
212.296224 550.000000 0
210.290934 550.000000 0
206.280355 550.000000 0
205.277710 550.000000 0
203.272420 550.000000 0
201.267131 550.000000 0
199.261841 550.000000 0
197.256551 550.000000 0
194.248617 550.000000 0
189.235392 550.000000 0
188.232748 550.000000 0
185.224813 550.000000 0
184.222168 550.000000 0
182.216878 550.000000 0
181.214234 550.000000 0
178.206299 550.000000 0
171.187785 550.000000 0
167.177205 550.000000 0
158.153402 550.000000 0
156.148112 550.000000 0
155.145467 550.000000 0
152.137533 550.000000 0
147.124308 550.000000 0
146.121663 550.000000 0
145.119019 550.000000 0
143.113729 550.000000 0
140.105794 550.000000 0
135.092570 550.000000 0
134.089925 550.000000 0
133.087280 550.000000 0
128.074056 550.000000 0
118.047607 550.000000 0
115.039673 550.000000 0
114.037028 550.000000 0
111.029093 550.000000 0
108.021159 550.000000 0
105.013224 550.000000 0
103.007935 550.000000 0
100.000000 550.000000 0
