1250
101.000489 450.000000 8
102.000978 450.000000 8
103.001467 450.000000 8
105.002444 450.000000 8
108.003911 450.000000 8
109.004400 450.000000 8
114.006844 450.000000 8
115.007333 450.000000 8
119.009289 450.000000 8
121.010266 450.000000 8
122.010755 450.000000 8
123.011244 450.000000 8
124.011733 450.000000 8
128.013689 450.000000 8
129.014178 450.000000 8
131.015155 450.000000 8
134.016622 450.000000 8
138.018577 450.000000 8
139.019066 450.000000 8
143.021022 450.000000 8
144.021511 450.000000 8
145.022000 450.000000 8
147.022977 450.000000 8
148.023466 450.000000 8
151.024933 450.000000 8
152.025422 450.000000 8
153.025911 450.000000 8
154.026400 450.000000 8
155.026888 450.000000 8
158.028355 450.000000 8
159.028844 450.000000 8
161.029822 450.000000 8
162.030311 450.000000 8
163.030799 450.000000 8
165.031777 450.000000 8
167.032755 450.000000 8
168.033244 450.000000 8
169.033733 450.000000 8
170.034222 450.000000 8
172.035199 450.000000 8
174.036177 450.000000 8
175.036666 450.000000 8
176.037155 450.000000 8
177.037644 450.000000 8
184.041066 450.000000 8
186.042044 450.000000 8
188.043021 450.000000 8
189.043510 450.000000 8
191.044488 450.000000 8
192.044977 450.000000 8
193.045466 450.000000 8
194.045955 450.000000 8
197.047421 450.000000 8
198.047910 450.000000 8
200.048888 450.000000 8
201.049377 450.000000 8
202.049866 450.000000 8
203.050355 450.000000 8
204.050844 450.000000 8
205.051332 450.000000 8
206.051821 450.000000 8
210.053777 450.000000 8
211.054266 450.000000 8
214.055732 450.000000 8
215.056221 450.000000 8
217.057199 450.000000 8
219.058177 450.000000 8
222.059643 450.000000 8
223.060132 450.000000 8
225.061110 450.000000 8
229.063066 450.000000 8
230.063554 450.000000 8
231.064043 450.000000 8
232.064532 450.000000 8
234.065510 450.000000 8
235.065999 450.000000 8
237.066977 450.000000 8
240.068443 450.000000 8
241.068932 450.000000 8
242.069421 450.000000 8
244.070399 450.000000 8
245.070888 450.000000 8
247.071865 450.000000 8
251.073821 450.000000 8
256.076265 450.000000 8
257.076754 450.000000 8
260.078221 450.000000 8
261.078710 450.000000 8
262.079199 450.000000 8
264.080176 450.000000 8
265.080665 450.000000 8
266.081154 450.000000 8
267.081643 450.000000 8
268.082132 450.000000 8
271.083599 450.000000 8
272.084087 450.000000 8
273.084576 450.000000 8
276.086043 450.000000 8
277.086532 450.000000 8
279.087510 450.000000 8
281.088487 450.000000 8
283.089465 450.000000 8
284.089954 450.000000 8
288.091909 450.000000 8
289.092398 450.000000 8
291.093376 450.000000 8
294.094843 450.000000 8
298.096798 450.000000 8
299.097287 450.000000 8
300.097776 450.000000 8
301.098265 450.000000 8
303.099243 450.000000 8
305.100220 450.000000 8
307.101198 450.000000 8
308.101687 450.000000 8
310.102665 450.000000 8
312.103643 450.000000 8
314.104620 450.000000 8
316.105598 450.000000 8
318.106576 450.000000 8
319.107065 450.000000 8
321.108043 450.000000 8
323.109020 450.000000 8
325.109998 450.000000 8
326.110487 450.000000 8
328.111465 450.000000 8
329.111954 450.000000 8
331.112931 450.000000 8
332.113420 450.000000 8
334.114398 450.000000 8
336.115376 450.000000 8
339.116842 450.000000 8
341.117820 450.000000 8
343.118798 450.000000 8
344.119287 450.000000 8
346.120265 450.000000 8
349.121731 450.000000 8
354.124176 450.000000 8
355.124664 450.000000 8
356.125153 450.000000 8
357.125642 450.000000 8
362.128087 450.000000 8
367.130531 450.000000 8
370.131998 450.000000 8
371.132487 450.000000 7
371.633516 449.132192 7
374.138663 444.793149 7
375.641752 442.189724 7
376.643810 440.454107 7
377.645869 438.718490 7
378.146899 437.850682 7
379.649987 435.247256 7
380.151017 434.379448 7
381.654105 431.776022 7
382.656164 430.040405 7
384.660282 426.569172 7
385.662341 424.833555 7
386.163370 423.965746 7
388.668517 419.626704 7
389.670576 417.891087 7
391.674694 414.419853 7
393.678812 410.948619 7
394.179841 410.080811 7
394.680871 409.213002 7
397.186018 404.873960 7
398.188077 403.138343 7
399.190136 401.402726 7
400.693224 398.799301 7
401.194254 397.931492 7
401.695283 397.063684 7
402.697342 395.328067 7
403.198371 394.460258 7
403.699401 393.592450 7
404.200430 392.724641 7
405.703519 390.121216 7
407.707636 386.649982 7
409.210725 384.046557 7
410.212784 382.310940 7
410.713813 381.443131 7
411.214842 380.575323 7
411.715872 379.707515 7
412.216901 378.839706 7
413.218960 377.104089 7
414.221019 375.368472 7
416.726166 371.029430 7
417.227196 370.161621 7
421.736461 362.351345 7
422.237490 361.483537 7
423.239549 359.747920 7
423.740579 358.880111 7
424.742638 357.144495 7
425.744697 355.408878 7
428.249844 351.069835 7
429.752932 348.466410 7
431.256020 345.862984 7
431.757050 344.995176 7
432.759109 343.259559 7
433.761168 341.523942 7
434.262197 340.656134 7
435.264256 338.920517 7
436.266315 337.184900 7
436.767344 336.317091 7
437.769403 334.581474 7
438.270433 333.713666 7
439.272492 331.978049 7
441.276609 328.506815 7
442.278668 326.771198 7
442.779698 325.903390 7
443.280727 325.035581 7
443.781757 324.167773 7
445.284845 321.564348 7
447.288963 318.093114 7
447.789992 317.225305 7
448.291022 316.357497 7
449.293081 314.621880 7
449.794110 313.754071 7
450.796169 312.018454 7
451.798228 310.282838 7
453.301316 307.679412 7
453.802346 306.811604 7
454.303375 305.943795 7
454.804405 305.075987 7
455.806464 303.340370 7
456.307493 302.472561 7
457.810581 299.869136 7
458.812640 298.133519 7
461.317787 293.794477 7
461.818817 292.926668 7
462.319846 292.058860 7
465.326023 286.852009 7
466.829111 284.248584 7
467.831170 282.512967 7
468.332200 281.645158 7
469.334259 279.909541 7
470.837347 277.306116 7
471.338376 276.438307 7
473.342494 272.967074 7
474.344553 271.231457 7
475.847641 268.628031 7
476.849700 266.892414 7
477.350730 266.024606 7
477.851759 265.156797 7
478.352789 264.288989 7
478.853818 263.421181 7
479.354848 262.553372 7
481.859995 258.214330 7
482.361024 257.346521 7
482.862054 256.478713 7
484.365142 253.875287 7
487.371319 248.668437 7
487.872348 247.800628 7
491.379554 241.725969 7
491.880584 240.858161 7
492.381613 239.990352 7
492.882643 239.122544 7
493.383672 238.254735 7
494.886761 235.651310 7
495.387790 234.783501 7
495.888819 233.915693 7
498.393967 229.576651 7
498.894996 228.708842 7
499.396026 227.841034 7
500.398085 226.105417 7
500.899114 225.237608 7
501.400143 224.369800 7
504.406320 219.162949 7
506.410438 215.691715 7
506.911467 214.823907 7
507.913526 213.088290 7
510.418673 208.749247 7
513.925880 202.674588 7
515.428968 200.071163 7
516.431027 198.335546 7
516.932056 197.467737 7
517.433086 196.599929 7
517.934115 195.732120 7
518.435145 194.864312 7
520.439262 191.393078 7
520.940292 190.525270 7
521.441321 189.657461 7
523.445439 186.186227 7
524.447498 184.450610 7
524.948528 183.582802 7
525.950586 181.847185 7
526.451616 180.979377 7
527.954704 178.375951 7
531.461910 172.301292 7
531.962940 171.433484 7
532.463969 170.565675 7
533.466028 168.830058 7
535.971175 164.491016 7
538.977352 159.284165 7
540.480440 156.680740 7
540.981470 155.812931 7
543.486617 151.473889 7
543.987647 150.606080 7
545.991764 147.134847 7
546.993823 145.399230 7
547.995882 143.663613 7
550.000000 140.192379 6
550.501029 141.060187 6
552.505147 144.531421 6
553.507206 146.267038 6
554.008236 147.134847 6
555.511324 149.738272 6
558.517501 154.945123 6
559.018530 155.812931 6
560.521618 158.416357 6
562.024707 161.019782 6
565.030883 166.226633 6
565.531913 167.094441 6
567.035001 169.697867 6
567.536031 170.565675 6
568.037060 171.433484 6
570.041178 174.904717 6
570.542207 175.772526 6
572.045296 178.375951 6
572.546325 179.243760 6
574.049414 181.847185 6
575.051472 183.582802 6
576.554561 186.186227 6
579.059708 190.525270 6
581.063826 193.996504 6
582.065885 195.732120 6
583.568973 198.335546 6
584.571032 200.071163 6
586.074120 202.674588 6
587.577209 205.278014 6
588.078238 206.145822 6
588.579268 207.013630 6
591.084415 211.352673 6
592.086474 213.088290 6
592.587503 213.956098 6
595.593680 219.162949 6
596.595739 220.898566 6
597.597798 222.634183 6
598.098827 223.501991 6
600.603974 227.841034 6
601.105004 228.708842 6
601.606033 229.576651 6
603.109122 232.180076 6
604.612210 234.783501 6
605.113239 235.651310 6
606.115298 237.386927 6
606.616328 238.254735 6
609.121475 242.593777 6
611.626622 246.932820 6
612.628681 248.668437 6
613.129711 249.536245 6
613.630740 250.404054 6
614.131770 251.271862 6
615.133828 253.007479 6
616.636917 255.610904 6
618.140005 258.214330 6
618.641035 259.082138 6
619.142064 259.949947 6
621.146182 263.421181 6
621.647211 264.288989 6
622.148241 265.156797 6
622.649270 266.024606 6
624.653388 269.495840 6
625.154417 270.363648 6
625.655447 271.231457 6
626.156476 272.099265 6
627.158535 273.834882 6
629.663682 278.173924 6
630.164712 279.041733 6
630.665741 279.909541 6
632.168830 282.512967 6
632.669859 283.380775 6
636.177065 289.455434 6
636.678095 290.323243 6
638.181183 292.926668 6
639.183242 294.662285 6
639.684271 295.530094 6
640.686330 297.265711 6
641.688389 299.001328 6
643.191478 301.604753 6
643.692507 302.472561 6
644.694566 304.208178 6
646.197654 306.811604 6
646.698684 307.679412 6
647.199713 308.547221 6
648.201772 310.282838 6
650.205890 313.754071 6
652.711037 318.093114 6
656.719273 325.035581 6
657.220302 325.903390 6
657.721332 326.771198 6
659.224420 329.374624 6
661.228538 332.845858 6
661.729567 333.713666 6
662.230597 334.581474 6
663.232656 336.317091 6
663.733685 337.184900 6
665.737803 340.656134 6
668.743980 345.862984 6
669.746038 347.598601 6
670.748097 349.334218 6
671.249127 350.202027 6
671.750156 351.069835 6
674.756333 356.276686 6
675.257362 357.144495 6
676.760451 359.747920 6
678.263539 362.351345 6
681.770745 368.426005 6
683.273834 371.029430 6
684.275892 372.765047 6
685.277951 374.500664 6
686.280010 376.236281 6
687.282069 377.971898 6
687.783099 378.839706 6
688.785158 380.575323 6
691.290305 384.914365 6
691.791334 385.782174 6
692.793393 387.517791 6
694.296481 390.121216 6
697.302658 395.328067 6
699.306776 398.799301 6
700.809864 401.402726 6
701.310894 402.270535 6
702.813982 404.873960 6
703.315012 405.741768 6
704.818100 408.345194 6
705.319129 409.213002 6
705.820159 410.080811 6
707.323247 412.684236 6
709.828394 417.023278 6
711.331483 419.626704 6
711.832512 420.494512 6
712.333542 421.362321 6
713.335601 423.097938 6
714.838689 425.701363 6
715.840748 427.436980 6
716.842807 429.172597 6
717.343836 430.040405 6
718.345895 431.776022 6
719.347954 433.511639 6
720.350013 435.247256 6
720.851042 436.115065 6
722.354131 438.718490 6
722.855160 439.586298 6
724.358248 442.189724 6
726.863396 446.528766 6
728.366484 449.132192 6
728.867513 450.000000 6
729.868002 450.000000 5
737.871913 450.000000 5
738.872402 450.000000 5
740.873380 450.000000 5
742.874358 450.000000 5
746.876313 450.000000 5
747.876802 450.000000 5
748.877291 450.000000 5
749.877780 450.000000 5
750.878269 450.000000 5
754.880224 450.000000 5
758.882180 450.000000 5
759.882669 450.000000 5
760.883158 450.000000 5
761.883647 450.000000 5
765.885602 450.000000 5
766.886091 450.000000 5
767.886580 450.000000 5
770.888046 450.000000 5
771.888535 450.000000 5
772.889024 450.000000 5
773.889513 450.000000 5
774.890002 450.000000 5
777.891469 450.000000 5
780.892935 450.000000 5
785.895380 450.000000 5
786.895869 450.000000 5
787.896357 450.000000 5
788.896846 450.000000 5
793.899291 450.000000 5
796.900757 450.000000 5
800.902713 450.000000 5
802.903691 450.000000 5
804.904668 450.000000 5
805.905157 450.000000 5
806.905646 450.000000 5
807.906135 450.000000 5
809.907113 450.000000 5
810.907602 450.000000 5
811.908091 450.000000 5
813.909068 450.000000 5
816.910535 450.000000 5
820.912490 450.000000 5
824.914446 450.000000 5
825.914935 450.000000 5
828.916401 450.000000 5
829.916890 450.000000 5
830.917379 450.000000 5
833.918846 450.000000 5
834.919335 450.000000 5
836.920313 450.000000 5
837.920801 450.000000 5
838.921290 450.000000 5
839.921779 450.000000 5
840.922268 450.000000 5
842.923246 450.000000 5
843.923735 450.000000 5
844.924224 450.000000 5
848.926179 450.000000 5
849.926668 450.000000 5
850.927157 450.000000 5
854.929112 450.000000 5
855.929601 450.000000 5
856.930090 450.000000 5
857.930579 450.000000 5
858.931068 450.000000 5
859.931557 450.000000 5
860.932046 450.000000 5
861.932535 450.000000 5
862.933023 450.000000 5
863.933512 450.000000 5
864.934001 450.000000 5
867.935468 450.000000 5
868.935957 450.000000 5
869.936446 450.000000 5
871.937423 450.000000 5
872.937912 450.000000 5
873.938401 450.000000 5
874.938890 450.000000 5
875.939379 450.000000 5
877.940357 450.000000 5
879.941334 450.000000 5
883.943290 450.000000 5
885.944268 450.000000 5
892.947690 450.000000 5
898.950623 450.000000 5
902.952579 450.000000 5
905.954045 450.000000 5
907.955023 450.000000 5
909.956001 450.000000 5
911.956979 450.000000 5
912.957467 450.000000 5
913.957956 450.000000 5
915.958934 450.000000 5
920.961378 450.000000 5
923.962845 450.000000 5
924.963334 450.000000 5
925.963823 450.000000 5
926.964312 450.000000 5
929.965778 450.000000 5
931.966756 450.000000 5
932.967245 450.000000 5
937.969689 450.000000 5
939.970667 450.000000 5
942.972134 450.000000 5
943.972623 450.000000 5
945.973600 450.000000 5
949.975556 450.000000 5
950.976045 450.000000 5
951.976534 450.000000 5
952.977023 450.000000 5
953.977512 450.000000 5
954.978000 450.000000 5
957.979467 450.000000 5
959.980445 450.000000 5
961.981423 450.000000 5
962.981911 450.000000 5
963.982400 450.000000 5
964.982889 450.000000 5
966.983867 450.000000 5
968.984845 450.000000 5
970.985822 450.000000 5
974.987778 450.000000 5
975.988267 450.000000 5
976.988756 450.000000 5
977.989245 450.000000 5
978.989734 450.000000 5
982.991689 450.000000 5
983.992178 450.000000 5
984.992667 450.000000 5
985.993156 450.000000 5
986.993645 450.000000 5
987.994133 450.000000 5
988.994622 450.000000 5
989.995111 450.000000 5
990.995600 450.000000 5
994.997556 450.000000 5
996.998533 450.000000 5
997.999022 450.000000 5
998.999511 450.000000 5
1000.000000 450.000000 4
1000.000000 451.000000 4
1000.000000 454.000000 4
1000.000000 455.000000 4
1000.000000 456.000000 4
1000.000000 459.000000 4
1000.000000 460.000000 4
1000.000000 461.000000 4
1000.000000 462.000000 4
1000.000000 463.000000 4
1000.000000 464.000000 4
1000.000000 465.000000 4
1000.000000 466.000000 4
1000.000000 468.000000 4
1000.000000 469.000000 4
1000.000000 470.000000 4
1000.000000 471.000000 4
1000.000000 472.000000 4
1000.000000 473.000000 4
1000.000000 474.000000 4
1000.000000 475.000000 4
1000.000000 476.000000 4
1000.000000 478.000000 4
1000.000000 479.000000 4
1000.000000 480.000000 4
1000.000000 481.000000 4
1000.000000 482.000000 4
1000.000000 483.000000 4
1000.000000 484.000000 4
1000.000000 486.000000 4
1000.000000 487.000000 4
1000.000000 488.000000 4
1000.000000 489.000000 4
1000.000000 490.000000 4
1000.000000 491.000000 4
1000.000000 493.000000 4
1000.000000 495.000000 4
1000.000000 496.000000 4
1000.000000 497.000000 4
1000.000000 498.000000 4
1000.000000 499.000000 4
1000.000000 500.000000 4
1000.000000 501.000000 4
1000.000000 502.000000 4
1000.000000 503.000000 4
1000.000000 504.000000 4
1000.000000 505.000000 4
1000.000000 506.000000 4
1000.000000 507.000000 4
1000.000000 508.000000 4
1000.000000 509.000000 4
1000.000000 510.000000 4
1000.000000 511.000000 4
1000.000000 512.000000 4
1000.000000 513.000000 4
1000.000000 514.000000 4
1000.000000 515.000000 4
1000.000000 516.000000 4
1000.000000 517.000000 4
1000.000000 518.000000 4
1000.000000 519.000000 4
1000.000000 520.000000 4
1000.000000 521.000000 4
1000.000000 522.000000 4
1000.000000 523.000000 4
1000.000000 524.000000 4
1000.000000 525.000000 4
1000.000000 526.000000 4
1000.000000 527.000000 4
1000.000000 528.000000 4
1000.000000 529.000000 4
1000.000000 530.000000 4
1000.000000 531.000000 4
1000.000000 532.000000 4
1000.000000 533.000000 4
1000.000000 534.000000 4
1000.000000 535.000000 4
1000.000000 536.000000 4
1000.000000 537.000000 4
1000.000000 538.000000 4
1000.000000 539.000000 4
1000.000000 540.000000 4
1000.000000 541.000000 4
1000.000000 544.000000 4
1000.000000 545.000000 4
1000.000000 546.000000 4
1000.000000 547.000000 4
1000.000000 549.000000 4
1000.000000 550.000000 4
1000.000000 550.000000 3
998.997355 550.000000 3
997.994710 550.000000 3
994.986776 550.000000 3
993.984131 550.000000 3
988.970907 550.000000 3
987.968262 550.000000 3
985.962972 550.000000 3
984.960327 550.000000 3
981.952393 550.000000 3
980.949748 550.000000 3
979.947103 550.000000 3
978.944458 550.000000 3
974.933879 550.000000 3
972.928589 550.000000 3
970.923299 550.000000 3
965.910075 550.000000 3
962.902140 550.000000 3
961.899495 550.000000 3
957.888916 550.000000 3
956.886271 550.000000 3
955.883626 550.000000 3
948.865112 550.000000 3
947.862467 550.000000 3
943.851888 550.000000 3
941.846598 550.000000 3
940.843953 550.000000 3
938.838664 550.000000 3
937.836019 550.000000 3
936.833374 550.000000 3
933.825439 550.000000 3
932.822795 550.000000 3
931.820150 550.000000 3
930.817505 550.000000 3
926.806925 550.000000 3
924.801636 550.000000 3
921.793701 550.000000 3
919.788411 550.000000 3
918.785766 550.000000 3
917.783122 550.000000 3
914.775187 550.000000 3
912.769897 550.000000 3
911.767252 550.000000 3
910.764608 550.000000 3
908.759318 550.000000 3
907.756673 550.000000 3
904.748738 550.000000 3
902.743449 550.000000 3
898.732869 550.000000 3
896.727580 550.000000 3
895.724935 550.000000 3
889.709066 550.000000 3
887.703776 550.000000 3
886.701131 550.000000 3
883.693196 550.000000 3
882.690552 550.000000 3
881.687907 550.000000 3
880.685262 550.000000 3
879.682617 550.000000 3
877.677327 550.000000 3
876.674682 550.000000 3
870.658813 550.000000 3
869.656168 550.000000 3
868.653524 550.000000 3
867.650879 550.000000 3
864.642944 550.000000 3
862.637654 550.000000 3
860.632365 550.000000 3
856.621785 550.000000 3
852.611206 550.000000 3
849.603271 550.000000 3
846.595337 550.000000 3
845.592692 550.000000 3
842.584757 550.000000 3
841.582112 550.000000 3
839.576823 550.000000 3
838.574178 550.000000 3
836.568888 550.000000 3
834.563598 550.000000 3
830.553019 550.000000 3
827.545084 550.000000 3
826.542440 550.000000 3
825.539795 550.000000 3
823.534505 550.000000 3
822.531860 550.000000 3
817.518636 550.000000 3
816.515991 550.000000 3
805.486898 550.000000 3
804.484253 550.000000 3
802.478963 550.000000 3
800.473673 550.000000 3
798.468384 550.000000 3
797.465739 550.000000 3
795.460449 550.000000 3
793.455159 550.000000 3
792.452514 550.000000 3
788.441935 550.000000 3
786.436645 550.000000 3
783.428711 550.000000 3
782.426066 550.000000 3
778.415486 550.000000 3
777.412841 550.000000 3
776.410197 550.000000 3
775.407552 550.000000 3
773.402262 550.000000 3
769.391683 550.000000 3
764.378458 550.000000 3
759.365234 550.000000 3
757.359944 550.000000 3
754.352010 550.000000 3
753.349365 550.000000 3
748.336141 550.000000 3
746.330851 550.000000 3
744.325561 550.000000 3
740.314982 550.000000 3
738.309692 550.000000 3
735.301757 550.000000 3
733.296468 550.000000 3
731.291178 550.000000 3
730.288533 550.000000 3
729.285888 550.000000 3
726.277954 550.000000 3
723.270019 550.000000 3
721.264729 550.000000 3
720.262085 550.000000 3
718.256795 550.000000 3
717.254150 550.000000 3
714.246215 550.000000 3
713.243571 550.000000 3
712.240926 550.000000 3
708.230346 550.000000 3
707.227701 550.000000 3
705.222412 550.000000 3
701.211832 550.000000 3
699.206543 550.000000 3
695.195963 550.000000 3
693.190673 550.000000 3
692.188029 550.000000 3
688.177449 550.000000 3
686.172159 550.000000 3
683.164225 550.000000 3
678.151001 550.000000 3
676.145711 550.000000 3
675.143066 550.000000 3
673.137776 550.000000 3
672.135131 550.000000 3
671.132487 550.000000 3
670.131392 548.266053 2
669.630844 547.399079 2
669.130297 546.532105 2
668.629749 545.665132 2
667.628654 543.931185 2
665.125917 539.596316 2
662.623180 535.261448 2
662.122632 534.394474 2
661.622085 533.527501 2
661.121537 532.660527 2
660.620990 531.793554 2
660.120442 530.926580 2
659.619895 530.059606 2
659.119347 529.192633 2
656.616610 524.857764 2
656.116063 523.990791 2
655.615515 523.123817 2
655.114968 522.256843 2
654.614420 521.389870 2
654.113873 520.522896 2
653.613325 519.655923 2
653.112778 518.788949 2
652.111683 517.055002 2
651.611135 516.188028 2
650.610040 514.454081 2
649.608946 512.720133 2
648.607851 510.986186 2
648.107303 510.119213 2
646.605661 507.518292 2
645.604566 505.784344 2
644.102923 503.183423 2
643.101828 501.449476 2
641.600186 498.848555 2
641.099639 497.981582 2
640.599091 497.114608 2
639.097449 494.513687 2
638.096354 492.779740 2
637.095259 491.045792 2
635.593617 488.444871 2
635.093069 487.577898 2
634.091974 485.843951 2
633.591427 484.976977 2
632.590332 483.243030 2
632.089784 482.376056 2
631.589237 481.509082 2
630.588142 479.775135 2
630.087594 478.908161 2
628.585952 476.307241 2
627.584857 474.573293 2
627.084310 473.706320 2
626.583762 472.839346 2
623.580477 467.637504 2
623.079930 466.770530 2
622.579382 465.903557 2
622.078835 465.036583 2
621.077740 463.302636 2
620.076645 461.568689 2
619.075550 459.834741 2
617.573908 457.233820 2
616.572813 455.499873 2
615.571718 453.765926 2
615.071170 452.898952 2
614.570623 452.031979 2
613.569528 450.298031 2
613.068981 449.431058 2
611.066791 445.963163 2
609.565148 443.362242 2
608.564053 441.628295 2
608.063506 440.761321 2
607.062411 439.027374 2
606.061316 437.293427 2
605.560769 436.426453 2
605.060221 435.559479 2
604.559674 434.692506 2
604.059126 433.825532 2
603.558579 432.958558 2
603.058031 432.091585 2
601.556389 429.490664 2
599.554199 426.022769 2
599.053652 425.155796 2
598.553104 424.288822 2
598.052557 423.421848 2
597.051462 421.687901 2
596.550914 420.820927 2
595.049272 418.220007 2
594.548724 417.353033 2
594.048177 416.486059 2
593.547629 415.619086 2
593.047082 414.752112 2
589.042702 407.816323 2
587.541060 405.215402 2
587.040512 404.348428 2
586.039417 402.614481 2
585.038323 400.880534 2
583.036133 397.412639 2
582.035038 395.678692 2
581.033943 393.944745 2
580.533395 393.077771 2
580.032848 392.210797 2
579.031753 390.476850 2
578.030658 388.742903 2
577.029563 387.008955 2
576.529016 386.141982 2
576.028468 385.275008 2
575.527921 384.408035 2
575.027373 383.541061 2
574.526826 382.674087 2
574.026278 381.807114 2
573.025183 380.073166 2
572.024088 378.339219 2
571.523541 377.472245 2
570.522446 375.738298 2
569.020804 373.137377 2
568.019709 371.403430 2
567.519161 370.536456 2
566.017519 367.935535 2
565.516971 367.068562 2
564.515876 365.334614 2
564.015329 364.467641 2
563.514782 363.600667 2
563.014234 362.733694 2
562.013139 360.999746 2
561.512592 360.132773 2
561.012044 359.265799 2
560.511497 358.398825 2
559.009854 355.797904 2
558.509307 354.930931 2
558.008759 354.063957 2
557.508212 353.196983 2
556.006570 350.596063 2
555.506022 349.729089 2
555.005475 348.862115 2
554.004380 347.128168 2
552.502737 344.527247 2
552.002190 343.660273 2
550.000000 340.192379 2
550.000000 340.192379 1
547.497263 344.527247 1
545.995620 347.128168 1
544.994525 348.862115 1
542.992335 352.330010 1
541.991241 354.063957 1
540.489598 356.664878 1
539.488503 358.398825 1
538.987956 359.265799 1
538.487408 360.132773 1
537.986861 360.999746 1
536.485218 363.600667 1
535.984671 364.467641 1
534.983576 366.201588 1
534.483029 367.068562 1
533.982481 367.935535 1
533.481934 368.802509 1
532.981386 369.669483 1
532.480839 370.536456 1
531.980291 371.403430 1
530.979196 373.137377 1
530.478649 374.004351 1
529.978101 374.871325 1
529.477554 375.738298 1
528.977006 376.605272 1
528.476459 377.472245 1
527.975912 378.339219 1
526.974817 380.073166 1
526.474269 380.940140 1
524.972627 383.541061 1
524.472079 384.408035 1
522.469889 387.875929 1
520.968247 390.476850 1
519.967152 392.210797 1
518.966057 393.944745 1
517.964962 395.678692 1
517.464415 396.545666 1
516.963867 397.412639 1
516.463320 398.279613 1
514.461130 401.747507 1
513.960583 402.614481 1
513.460035 403.481455 1
512.458940 405.215402 1
511.457845 406.949349 1
510.957298 407.816323 1
508.955108 411.284217 1
507.954013 413.018165 1
506.952918 414.752112 1
506.452371 415.619086 1
505.451276 417.353033 1
504.950728 418.220007 1
504.450181 419.086980 1
501.947443 423.421848 1
501.446896 424.288822 1
500.946348 425.155796 1
500.445801 426.022769 1
499.444706 427.756717 1
498.944159 428.623690 1
498.443611 429.490664 1
497.943064 430.357638 1
497.442516 431.224611 1
496.441421 432.958558 1
495.940874 433.825532 1
494.939779 435.559479 1
493.938684 437.293427 1
493.438136 438.160400 1
492.937589 439.027374 1
492.437042 439.894348 1
491.435947 441.628295 1
490.935399 442.495269 1
488.432662 446.830137 1
487.431567 448.564084 1
486.931019 449.431058 1
486.430472 450.298031 1
485.929924 451.165005 1
485.429377 452.031979 1
483.427187 455.499873 1
482.926640 456.366847 1
482.426092 457.233820 1
481.925545 458.100794 1
481.424997 458.967768 1
480.924450 459.834741 1
480.423902 460.701715 1
479.923355 461.568689 1
479.422807 462.435662 1
478.421712 464.169610 1
476.920070 466.770530 1
476.419523 467.637504 1
475.918975 468.504478 1
475.418428 469.371451 1
474.917880 470.238425 1
474.417333 471.105399 1
473.416238 472.839346 1
472.415143 474.573293 1
471.914595 475.440267 1
470.913501 477.174214 1
470.412953 478.041188 1
469.912406 478.908161 1
469.411858 479.775135 1
467.409668 483.243030 1
465.908026 485.843951 1
464.906931 487.577898 1
463.905836 489.311845 1
463.405289 490.178819 1
462.404194 491.912766 1
461.903646 492.779740 1
460.902551 494.513687 1
459.901456 496.247634 1
457.398719 500.582502 1
456.898172 501.449476 1
455.897077 503.183423 1
455.396529 504.050397 1
454.395434 505.784344 1
453.394339 507.518292 1
452.393244 509.252239 1
451.392149 510.986186 1
450.891602 511.853160 1
450.391054 512.720133 1
448.889412 515.321054 1
448.388865 516.188028 1
447.387770 517.921975 1
446.887222 518.788949 1
445.886127 520.522896 1
445.385580 521.389870 1
443.383390 524.857764 1
442.882842 525.724738 1
441.381200 528.325659 1
439.379010 531.793554 1
438.878463 532.660527 1
436.375725 536.995395 1
435.875178 537.862369 1
435.374631 538.729343 1
434.874083 539.596316 1
430.869703 546.532105 1
430.369156 547.399079 1
429.368061 549.133026 1
428.867513 550.000000 1
426.862224 550.000000 0
425.859579 550.000000 0
424.856934 550.000000 0
423.854289 550.000000 0
421.848999 550.000000 0
418.841065 550.000000 0
416.835775 550.000000 0
411.822551 550.000000 0
409.817261 550.000000 0
408.814616 550.000000 0
404.804037 550.000000 0
401.796102 550.000000 0
399.790813 550.000000 0
398.788168 550.000000 0
397.785523 550.000000 0
391.769654 550.000000 0
390.767009 550.000000 0
388.761719 550.000000 0
387.759074 550.000000 0
386.756429 550.000000 0
385.753785 550.000000 0
382.745850 550.000000 0
379.737915 550.000000 0
378.735271 550.000000 0
376.729981 550.000000 0
367.706177 550.000000 0
366.703532 550.000000 0
365.700887 550.000000 0
362.692953 550.000000 0
357.679729 550.000000 0
356.677084 550.000000 0
354.671794 550.000000 0
352.666504 550.000000 0
350.661215 550.000000 0
349.658570 550.000000 0
348.655925 550.000000 0
346.650635 550.000000 0
344.645345 550.000000 0
343.642701 550.000000 0
342.640056 550.000000 0
340.634766 550.000000 0
338.629476 550.000000 0
337.626831 550.000000 0
336.624187 550.000000 0
331.610962 550.000000 0
325.595093 550.000000 0
324.592448 550.000000 0
323.589803 550.000000 0
320.581869 550.000000 0
316.571289 550.000000 0
315.568644 550.000000 0
314.566000 550.000000 0
313.563355 550.000000 0
312.560710 550.000000 0
309.552775 550.000000 0
308.550130 550.000000 0
307.547486 550.000000 0
306.544841 550.000000 0
304.539551 550.000000 0
303.536906 550.000000 0
300.528972 550.000000 0
299.526327 550.000000 0
298.523682 550.000000 0
295.515747 550.000000 0
292.507813 550.000000 0
289.499878 550.000000 0
287.494588 550.000000 0
286.491944 550.000000 0
285.489299 550.000000 0
281.478719 550.000000 0
279.473430 550.000000 0
277.468140 550.000000 0
276.465495 550.000000 0
275.462850 550.000000 0
268.444336 550.000000 0
266.439046 550.000000 0
265.436402 550.000000 0
260.423177 550.000000 0
253.404663 550.000000 0
252.402018 550.000000 0
251.399374 550.000000 0
248.391439 550.000000 0
246.386149 550.000000 0
242.375570 550.000000 0
241.372925 550.000000 0
237.362346 550.000000 0
233.351766 550.000000 0
229.341187 550.000000 0
228.338542 550.000000 0
223.325318 550.000000 0
220.317383 550.000000 0
218.312093 550.000000 0
216.306804 550.000000 0
214.301514 550.000000 0
213.298869 550.000000 0
212.296224 550.000000 0
211.293579 550.000000 0
209.288290 550.000000 0
206.280355 550.000000 0
205.277710 550.000000 0
204.275065 550.000000 0
203.272420 550.000000 0
202.269776 550.000000 0
201.267131 550.000000 0
197.256551 550.000000 0
194.248617 550.000000 0
188.232748 550.000000 0
187.230103 550.000000 0
185.224813 550.000000 0
184.222168 550.000000 0
182.216878 550.000000 0
181.214234 550.000000 0
180.211589 550.000000 0
179.208944 550.000000 0
177.203654 550.000000 0
175.198364 550.000000 0
174.195720 550.000000 0
173.193075 550.000000 0
170.185140 550.000000 0
168.179850 550.000000 0
167.177205 550.000000 0
166.174561 550.000000 0
163.166626 550.000000 0
162.163981 550.000000 0
160.158691 550.000000 0
158.153402 550.000000 0
157.150757 550.000000 0
156.148112 550.000000 0
154.142822 550.000000 0
152.137533 550.000000 0
151.134888 550.000000 0
148.126953 550.000000 0
143.113729 550.000000 0
142.111084 550.000000 0
140.105794 550.000000 0
138.100505 550.000000 0
137.097860 550.000000 0
135.092570 550.000000 0
131.081991 550.000000 0
129.076701 550.000000 0
128.074056 550.000000 0
127.071411 550.000000 0
126.068766 550.000000 0
125.066121 550.000000 0
124.063477 550.000000 0
119.050252 550.000000 0
116.042318 550.000000 0
114.037028 550.000000 0
113.034383 550.000000 0
110.026449 550.000000 0
109.023804 550.000000 0
106.015869 550.000000 0
105.013224 550.000000 0
103.007935 550.000000 0
101.002645 550.000000 0
