1390
103.005598 450.000000 32
104.007464 450.000000 32
106.011196 450.000000 32
109.016794 450.000000 32
111.020526 450.000000 32
113.024258 450.000000 32
115.027990 450.000000 32
120.037320 450.000000 32
121.039186 450.000000 32
122.041052 450.000000 32
125.046650 450.000000 32
126.048516 450.000000 32
127.050382 450.000000 32
129.054114 450.000000 32
130.055980 450.000000 32
132.059712 450.000000 32
133.061578 450.000000 32
136.067177 450.000000 32
138.070909 450.000000 32
142.078373 450.000000 32
143.080239 450.000000 32
145.083971 450.000000 32
147.087703 450.000000 32
148.089569 450.000000 32
150.093301 450.000000 32
151.095167 450.000000 32
154.100765 450.000000 32
156.104497 450.000000 32
157.106363 450.000000 32
159.110095 450.000000 32
160.111961 450.000000 32
162.115693 450.000000 32
163.117559 450.000000 32
164.119425 450.000000 32
165.121291 450.000000 32
167.125023 450.000000 32
168.126889 450.000000 32
169.128755 450.000000 32
171.132487 450.000000 32
171.132487 450.000000 31
173.141850 446.519681 31
173.644191 445.649601 31
174.146532 444.779521 31
175.151214 443.039361 31
176.658236 440.429121 31
178.165259 437.818882 31
180.174622 434.338562 31
181.179304 432.598403 31
181.681645 431.728323 31
182.183986 430.858243 31
182.686326 429.988163 31
185.700372 424.767684 31
186.202712 423.897604 31
187.207394 422.157444 31
187.709735 421.287364 31
188.212076 420.417284 31
189.216757 418.677125 31
189.719098 417.807045 31
191.728462 414.326725 31
193.737825 410.846406 31
194.240166 409.976326 31
198.258893 403.015687 31
199.765915 400.405447 31
200.268256 399.535367 31
200.770597 398.665288 31
205.794005 389.964489 31
206.296346 389.094409 31
207.301028 387.354249 31
207.803369 386.484169 31
208.305710 385.614089 31
208.808051 384.744010 31
209.812732 383.003850 31
211.319755 380.393610 31
211.822096 379.523530 31
212.324436 378.653450 31
213.329118 376.913291 31
213.831459 376.043211 31
215.840822 372.562891 31
216.343163 371.692811 31
218.352527 368.212492 31
218.854867 367.342412 31
219.357208 366.472332 31
220.361890 364.732172 31
221.366572 362.992013 31
222.371253 361.251853 31
225.385298 356.031374 31
225.887639 355.161294 31
228.901684 349.940815 31
231.413389 345.590415 31
232.418070 343.850256 31
233.925093 341.240016 31
234.427434 340.369936 31
234.929775 339.499856 31
236.436797 336.889617 31
237.943820 334.279377 31
239.953183 330.799057 31
241.460206 328.188818 31
241.962546 327.318738 31
242.464887 326.448658 31
242.967228 325.578578 31
243.469569 324.708498 31
244.474251 322.968339 31
246.985955 318.617939 31
250.000000 313.397460 30
251.507023 316.007700 30
252.009363 316.877779 30
252.511704 317.747859 30
254.521068 321.228179 30
255.023408 322.098259 30
255.525749 322.968339 30
256.530431 324.708498 30
258.539794 328.188818 30
259.544476 329.928978 30
261.553839 333.409297 30
263.060862 336.019537 30
266.074907 341.240016 30
267.581930 343.850256 30
268.586611 345.590415 30
273.107679 353.421134 30
273.610020 354.291214 30
274.112361 355.161294 30
275.619383 357.771534 30
277.628747 361.251853 30
279.135769 363.862093 30
279.638110 364.732172 30
280.642792 366.472332 30
284.159178 372.562891 30
284.661518 373.432971 30
291.191949 384.744010 30
294.708335 390.834569 30
298.224721 396.925128 30
299.731744 399.535367 30
300.234085 400.405447 30
302.243448 403.885767 30
303.248130 405.625926 30
304.755152 408.236166 30
307.266857 412.586565 30
307.769197 413.456645 30
308.773879 415.196805 30
309.276220 416.066885 30
311.285583 419.547204 30
311.787924 420.417284 30
313.797288 423.897604 30
317.313674 429.988163 30
317.816014 430.858243 30
318.318355 431.728323 30
322.337082 438.688962 30
323.341764 440.429121 30
326.355809 445.649601 30
327.360490 447.389760 30
328.867513 450.000000 29
329.873822 450.000000 29
330.880131 450.000000 29
331.886440 450.000000 29
332.892749 450.000000 29
334.905366 450.000000 29
335.911675 450.000000 29
337.924293 450.000000 29
338.930602 450.000000 29
339.936911 450.000000 29
340.943220 450.000000 29
343.962147 450.000000 29
344.968455 450.000000 29
346.981073 450.000000 29
347.987382 450.000000 29
352.012618 450.000000 29
353.018927 450.000000 29
354.025236 450.000000 29
355.031545 450.000000 29
356.037853 450.000000 29
357.044162 450.000000 29
358.050471 450.000000 29
359.056780 450.000000 29
360.063089 450.000000 29
362.075707 450.000000 29
363.082016 450.000000 29
364.088325 450.000000 29
365.094634 450.000000 29
366.100942 450.000000 29
367.107251 450.000000 29
369.119869 450.000000 29
370.126178 450.000000 29
371.132487 450.000000 29
371.132487 450.000000 28
372.641950 447.385533 28
373.145105 446.514044 28
373.648259 445.642555 28
374.151414 444.771066 28
374.654568 443.899577 28
376.164031 441.285110 28
376.667186 440.413620 28
377.170340 439.542131 28
378.176649 437.799153 28
379.182958 436.056175 28
380.692421 433.441708 28
381.195576 432.570219 28
381.698730 431.698730 28
382.705039 429.955752 28
383.208193 429.084263 28
383.711348 428.212774 28
384.214502 427.341285 28
384.717657 426.469796 28
385.220811 425.598307 28
385.723965 424.726818 28
386.227120 423.855329 28
387.233429 422.112350 28
387.736583 421.240861 28
388.239738 420.369372 28
389.749201 417.754905 28
390.252355 416.883416 28
391.761819 414.268949 28
390.255610 409.917140 27
389.753269 409.047061 27
388.748587 407.306901 27
385.734542 402.086422 27
384.227519 399.476182 27
381.213474 394.255703 27
380.711134 393.385623 27
380.208793 392.515543 27
379.706452 391.645463 27
379.204111 390.775383 27
378.701770 389.905303 27
378.199429 389.035223 27
377.194748 387.295064 27
376.692407 386.424984 27
375.687725 384.684824 27
373.678362 381.204504 27
371.166657 376.854105 27
369.157294 373.373786 27
368.152612 371.633626 27
366.645590 369.023386 27
366.143249 368.153306 27
365.138567 366.413147 27
363.129204 362.932827 27
361.622181 360.322587 27
361.119840 359.452508 27
357.603455 353.361948 27
356.096432 350.751709 27
354.589409 348.141469 27
353.584728 346.401309 27
353.082387 345.531229 27
351.575364 342.920990 27
350.570683 341.180830 27
347.556638 335.960351 27
346.551956 334.220191 27
345.547274 332.480031 27
344.040252 329.869792 27
343.035570 328.129632 27
340.021525 322.909153 27
339.519184 322.039073 27
339.016843 321.168993 27
338.012162 319.428833 27
334.495776 313.338274 27
331.481730 308.117795 27
330.477049 306.377635 27
328.467685 302.897315 27
327.965345 302.027235 27
327.463004 301.157156 27
326.960663 300.287076 27
324.951299 296.806756 27
323.444277 294.196517 27
320.932573 289.846117 27
319.927891 288.105957 27
319.425550 287.235878 27
317.918528 284.625638 27
316.913846 282.885478 27
315.909164 281.145318 27
315.406823 280.275239 27
319.425550 276.794919 26
322.439595 276.794919 26
323.444277 276.794919 26
327.463004 276.794919 26
329.472367 276.794919 26
330.477049 276.794919 26
331.481731 276.794919 26
337.509821 276.794919 26
338.514503 276.794919 26
339.519184 276.794919 26
341.528548 276.794919 26
346.551956 276.794919 26
347.556638 276.794919 26
349.566001 276.794919 26
353.584728 276.794919 26
355.594091 276.794919 26
366.645590 276.794919 26
367.650272 276.794919 26
368.654954 276.794919 26
369.659635 276.794919 26
373.678362 276.794919 26
376.692407 276.794919 26
378.701771 276.794919 26
380.711134 276.794919 26
381.715816 276.794919 26
382.720497 276.794919 26
392.767314 276.794919 26
393.771996 276.794919 26
399.800086 276.794919 26
401.809450 276.794919 26
405.828176 276.794919 26
406.832858 276.794919 26
407.837540 276.794919 26
410.851585 276.794919 26
411.856267 276.794919 26
414.870312 276.794919 26
417.884357 276.794919 26
426.926492 276.794919 26
429.940537 276.794919 26
430.945219 276.794919 26
434.963946 276.794919 26
435.968627 276.794919 26
436.973309 276.794919 26
438.982673 276.794919 26
441.996718 276.794919 26
447.020126 276.794919 26
448.024808 276.794919 26
451.038853 276.794919 26
453.048216 276.794919 26
454.052898 276.794919 26
457.066943 276.794919 26
466.109078 276.794919 26
467.113760 276.794919 26
468.118442 276.794919 26
471.132487 276.794919 25
472.639510 274.184679 25
474.648873 270.704360 25
476.658236 267.224040 25
477.160577 266.353961 25
480.676963 260.263401 25
481.681645 258.523242 25
482.183986 257.653162 25
482.686326 256.783082 25
484.695690 253.302762 25
487.207394 248.952363 25
488.212076 247.212203 25
489.719098 244.601964 25
491.728462 241.121644 25
492.230803 240.251564 25
492.733143 239.381484 25
495.244848 235.031085 25
497.756552 230.680686 25
498.761234 228.940526 25
500.268256 226.330286 25
501.775279 223.720047 25
502.779960 221.979887 25
503.282301 221.109807 25
504.286983 219.369647 25
505.291665 217.629488 25
505.794005 216.759408 25
506.296346 215.889328 25
506.798687 215.019248 25
509.812732 209.798769 25
510.817414 208.058609 25
511.319755 207.188529 25
511.822096 206.318449 25
513.329118 203.708210 25
514.836141 201.097970 25
519.357208 193.267251 25
521.366572 189.786932 25
522.873594 187.176692 25
525.887639 181.956213 25
527.394662 179.345973 25
528.399344 177.605814 25
531.915730 171.515254 25
533.925093 168.034935 25
534.427434 167.164855 25
536.939138 162.814456 25
537.441479 161.944376 25
540.455524 156.723897 25
541.962546 154.113657 25
546.483614 146.282938 25
548.492977 142.802619 25
549.497659 141.062459 25
550.502341 141.062459 24
551.507023 142.802619 24
553.014045 145.412858 24
554.018727 147.153018 24
554.521068 148.023098 24
555.023408 148.893178 24
555.525749 149.763258 24
556.028090 150.633337 24
557.032772 152.373497 24
557.535113 153.243577 24
558.037454 154.113657 24
560.046817 157.593976 24
560.549158 158.464056 24
561.051499 159.334136 24
562.056180 161.074296 24
565.070225 166.294775 24
568.084270 171.515254 24
568.586611 172.385334 24
569.088952 173.255414 24
569.591293 174.125494 24
571.600656 177.605814 24
572.102997 178.475893 24
573.107679 180.216053 24
575.619383 184.566453 24
576.121724 185.436532 24
577.628747 188.046772 24
578.131087 188.916852 24
578.633428 189.786932 24
581.145133 194.137331 24
582.652155 196.747571 24
584.661518 200.227890 24
585.163859 201.097970 24
585.666200 201.968050 24
589.182586 208.058609 24
590.187268 209.798769 24
591.191949 211.538929 24
594.205995 216.759408 24
595.210676 218.499568 24
595.713017 219.369647 24
596.717699 221.109807 24
597.722380 222.849967 24
598.224721 223.720047 24
599.229403 225.460207 24
600.234085 227.200366 24
601.238766 228.940526 24
603.248130 232.420845 24
606.262175 237.641325 24
607.769197 240.251564 24
611.787924 247.212203 24
612.290265 248.082283 24
613.797288 250.692523 24
614.299628 251.562603 24
614.801969 252.432683 24
622.337082 265.483881 24
624.848786 269.834280 24
625.351127 270.704360 24
626.355809 272.444520 24
628.365172 275.924839 24
628.867513 276.794919 24
629.872195 276.794919 23
630.876876 276.794919 23
631.881558 276.794919 23
639.919012 276.794919 23
645.947102 276.794919 23
646.951784 276.794919 23
650.970510 276.794919 23
652.979874 276.794919 23
654.989237 276.794919 23
662.022009 276.794919 23
666.040736 276.794919 23
667.045418 276.794919 23
670.059463 276.794919 23
671.064144 276.794919 23
674.078190 276.794919 23
679.101598 276.794919 23
680.106280 276.794919 23
682.115643 276.794919 23
687.139052 276.794919 23
692.162460 276.794919 23
696.181187 276.794919 23
697.185869 276.794919 23
700.199914 276.794919 23
702.209277 276.794919 23
703.213959 276.794919 23
707.232686 276.794919 23
709.242049 276.794919 23
710.246731 276.794919 23
711.251412 276.794919 23
715.270139 276.794919 23
719.288866 276.794919 23
720.293548 276.794919 23
724.312275 276.794919 23
732.349728 276.794919 23
733.354410 276.794919 23
735.363773 276.794919 23
737.373137 276.794919 23
738.377818 276.794919 23
745.410590 276.794919 23
746.415272 276.794919 23
757.466771 276.794919 23
763.494861 276.794919 23
765.504224 276.794919 23
771.532314 276.794919 23
772.536996 276.794919 23
774.546360 276.794919 23
775.551041 276.794919 23
779.569768 276.794919 23
783.588495 282.015398 22
781.579132 285.495718 22
780.072109 288.105957 22
779.067427 289.846117 22
778.565086 290.716197 22
777.560405 292.456357 22
776.555723 294.196517 22
774.546360 297.676836 22
774.044019 298.546916 22
773.039337 300.287076 22
772.034655 302.027235 22
771.029974 303.767395 22
768.518270 308.117795 22
766.508906 311.598114 22
765.001884 314.208354 22
762.992520 317.688673 22
760.983157 321.168993 22
758.973793 324.649312 22
756.964430 328.129632 22
755.959748 329.869792 22
754.452726 332.480031 22
753.950385 333.350111 22
751.438681 337.700511 22
749.931658 340.310750 22
748.926976 342.050910 22
747.419954 344.661150 22
744.405909 349.881629 22
739.884841 357.712348 22
736.870796 362.932827 22
735.363774 365.543067 22
734.861433 366.413147 22
732.852069 369.893466 22
730.842706 373.373786 22
727.828661 378.594265 22
726.321638 381.204504 22
725.819297 382.074584 22
724.814616 383.814744 22
722.302912 388.165144 22
721.298230 389.905303 22
719.288866 393.385623 22
717.781844 395.995862 22
715.772481 399.476182 22
712.758435 404.696661 22
711.753754 406.436821 22
711.251413 407.306901 22
710.749072 408.176981 22
708.739709 411.657300 22
708.237368 412.527380 22
707.735027 413.397460 22
708.238181 414.268949 21
709.244490 416.011927 21
709.747645 416.883416 21
710.250799 417.754905 21
712.263417 421.240861 21
712.766571 422.112350 21
713.772880 423.855329 21
714.276035 424.726818 21
714.779189 425.598307 21
715.282343 426.469796 21
715.785498 427.341285 21
716.288652 428.212774 21
716.791807 429.084263 21
717.294961 429.955752 21
718.301270 431.698730 21
718.804424 432.570219 21
719.810733 434.313197 21
720.313888 435.184686 21
721.320197 436.927664 21
721.823351 437.799153 21
722.326505 438.670642 21
722.829660 439.542131 21
723.835969 441.285110 21
724.339123 442.156599 21
725.345432 443.899577 21
725.848586 444.771066 21
726.351741 445.642555 21
726.854895 446.514044 21
728.867513 450.000000 21
728.867513 450.000000 20
729.873822 450.000000 20
730.880131 450.000000 20
732.892749 450.000000 20
734.905366 450.000000 20
735.911675 450.000000 20
736.917984 450.000000 20
738.930602 450.000000 20
739.936911 450.000000 20
740.943220 450.000000 20
742.955838 450.000000 20
743.962147 450.000000 20
745.974764 450.000000 20
747.987382 450.000000 20
748.993691 450.000000 20
750.000000 450.000000 20
752.012618 450.000000 20
753.018927 450.000000 20
754.025236 450.000000 20
755.031545 450.000000 20
756.037853 450.000000 20
757.044162 450.000000 20
759.056780 450.000000 20
760.063089 450.000000 20
761.069398 450.000000 20
763.082016 450.000000 20
764.088325 450.000000 20
765.094634 450.000000 20
766.100942 450.000000 20
767.107251 450.000000 20
768.113560 450.000000 20
770.126178 450.000000 20
771.132487 450.000000 20
772.137169 448.259840 19
772.639510 447.389760 19
773.141850 446.519681 19
773.644191 445.649601 19
774.648873 443.909441 19
776.658236 440.429121 19
779.169941 436.078722 19
781.681645 431.728323 19
783.691008 428.248003 19
785.198031 425.637764 19
786.202712 423.897604 19
791.226121 415.196805 19
792.230803 413.456645 19
793.737825 410.846406 19
795.747189 407.366086 19
798.761234 402.145607 19
799.263574 401.275527 19
800.770597 398.665288 19
801.775279 396.925128 19
808.808051 384.744010 19
809.812732 383.003850 19
812.826777 377.783371 19
813.831459 376.043211 19
814.836141 374.303051 19
816.343163 371.692811 19
817.850186 369.082572 19
818.854867 367.342412 19
820.864231 363.862093 19
822.371253 361.251853 19
823.878276 358.641613 19
825.385298 356.031374 19
827.394662 352.551054 19
827.897003 351.680974 19
829.404025 349.070735 19
830.911048 346.460495 19
831.413389 345.590415 19
831.915730 344.720335 19
834.427434 340.369936 19
835.934456 337.759696 19
838.948501 332.539217 19
841.962546 327.318738 19
849.497659 314.267540 19
853.014045 318.617939 18
854.018727 320.358099 18
854.521068 321.228179 18
855.525749 322.968339 18
864.065544 337.759696 18
866.577248 342.110096 18
868.586611 345.590415 18
873.610020 354.291214 18
875.117042 356.901454 18
877.628747 361.251853 18
878.633428 362.992013 18
879.135769 363.862093 18
879.638110 364.732172 18
880.642792 366.472332 18
881.647473 368.212492 18
882.149814 369.082572 18
886.670882 376.913291 18
890.689609 383.873930 18
891.694290 385.614089 18
893.201313 388.224329 18
895.210676 391.704649 18
895.713017 392.574728 18
899.731744 399.535367 18
900.234085 400.405447 18
902.745789 404.755847 18
904.252811 407.366086 18
904.755152 408.236166 18
910.280902 417.807045 18
912.792606 422.157444 18
914.299628 424.767684 18
914.801969 425.637764 18
917.313674 429.988163 18
917.816014 430.858243 18
918.318355 431.728323 18
918.820696 432.598403 18
921.332400 436.948802 18
921.834741 437.818882 18
923.341764 440.429121 18
924.346445 442.169281 18
925.853468 444.779521 18
927.862831 448.259840 18
928.365172 449.129920 18
928.867513 450.000000 18
928.867513 450.000000 17
929.869379 450.000000 17
930.871245 450.000000 17
933.876843 450.000000 17
937.884307 450.000000 17
939.888039 450.000000 17
941.891771 450.000000 17
942.893637 450.000000 17
944.897369 450.000000 17
946.901101 450.000000 17
951.910431 450.000000 17
954.916029 450.000000 17
956.919761 450.000000 17
958.923493 450.000000 17
961.929091 450.000000 17
963.932823 450.000000 17
964.934690 450.000000 17
965.936556 450.000000 17
966.938422 450.000000 17
968.942154 450.000000 17
969.944020 450.000000 17
970.945886 450.000000 17
971.947752 450.000000 17
975.955216 450.000000 17
977.958948 450.000000 17
978.960814 450.000000 17
979.962680 450.000000 17
983.970144 450.000000 17
987.977608 450.000000 17
988.979474 450.000000 17
990.983206 450.000000 17
992.986938 450.000000 17
994.990670 450.000000 17
997.996268 450.000000 17
998.998134 450.000000 17
1000.000000 450.000000 17
1000.000000 450.000000 16
1000.000000 459.000000 16
1000.000000 461.000000 16
1000.000000 463.000000 16
1000.000000 465.000000 16
1000.000000 466.000000 16
1000.000000 470.000000 16
1000.000000 474.000000 16
1000.000000 476.000000 16
1000.000000 480.000000 16
1000.000000 481.000000 16
1000.000000 483.000000 16
1000.000000 489.000000 16
1000.000000 490.000000 16
1000.000000 491.000000 16
1000.000000 495.000000 16
1000.000000 497.000000 16
1000.000000 498.000000 16
1000.000000 499.000000 16
1000.000000 501.000000 16
1000.000000 508.000000 16
1000.000000 510.000000 16
1000.000000 512.000000 16
1000.000000 513.000000 16
1000.000000 514.000000 16
1000.000000 515.000000 16
1000.000000 516.000000 16
1000.000000 518.000000 16
1000.000000 521.000000 16
1000.000000 522.000000 16
1000.000000 523.000000 16
1000.000000 524.000000 16
1000.000000 525.000000 16
1000.000000 526.000000 16
1000.000000 527.000000 16
1000.000000 528.000000 16
1000.000000 529.000000 16
1000.000000 531.000000 16
1000.000000 533.000000 16
1000.000000 536.000000 16
1000.000000 538.000000 16
1000.000000 539.000000 16
1000.000000 541.000000 16
1000.000000 542.000000 16
1000.000000 544.000000 16
1000.000000 545.000000 16
1000.000000 547.000000 16
1000.000000 548.000000 16
1000.000000 549.000000 16
1000.000000 550.000000 16
1000.000000 550.000000 15
997.986445 550.000000 15
996.979668 550.000000 15
992.952558 550.000000 15
988.925448 550.000000 15
986.911893 550.000000 15
980.871229 550.000000 15
979.864451 550.000000 15
978.857674 550.000000 15
977.850896 550.000000 15
970.803454 550.000000 15
966.776344 550.000000 15
965.769567 550.000000 15
962.749235 550.000000 15
960.735680 550.000000 15
959.728902 550.000000 15
956.708570 550.000000 15
952.681460 550.000000 15
951.674683 550.000000 15
950.667905 550.000000 15
949.661128 550.000000 15
947.647573 550.000000 15
944.627241 550.000000 15
943.620463 550.000000 15
938.586576 550.000000 15
937.579798 550.000000 15
934.559466 550.000000 15
928.518801 550.000000 15
925.498469 550.000000 15
924.491692 550.000000 15
922.478137 550.000000 15
917.444249 550.000000 15
913.417140 550.000000 15
912.410362 550.000000 15
911.403585 550.000000 15
906.369698 550.000000 15
904.356143 550.000000 15
903.349365 550.000000 15
902.342588 550.000000 15
896.301923 550.000000 15
895.295146 550.000000 15
892.274813 550.000000 15
890.261258 550.000000 15
884.220594 550.000000 15
883.213816 550.000000 15
882.207039 550.000000 15
881.200261 550.000000 15
874.152819 550.000000 15
873.146042 550.000000 15
871.132487 550.000000 15
870.126178 548.257022 14
869.623024 547.385533 14
869.119869 546.514044 14
868.113560 544.771066 14
866.604097 542.156599 14
865.597788 540.413620 14
865.094634 539.542131 14
864.591479 538.670642 14
864.088325 537.799153 14
863.082016 536.056175 14
862.578861 535.184686 14
862.075707 534.313197 14
861.572552 533.441708 14
861.069398 532.570219 14
860.063089 530.827241 14
859.559935 529.955752 14
859.056780 529.084263 14
858.553626 528.212774 14
858.050471 527.341285 14
857.547317 526.469796 14
857.044162 525.598307 14
856.541008 524.726818 14
856.037853 523.855329 14
855.534699 522.983840 14
855.031545 522.112350 14
854.528390 521.240861 14
854.025236 520.369372 14
853.522081 519.497883 14
853.018927 518.626394 14
852.515772 517.754905 14
852.012618 516.883416 14
851.509463 516.011927 14
850.503154 514.268949 14
850.000000 513.397460 14
850.000000 513.397460 13
848.993691 515.140438 13
848.490537 516.011927 13
847.987382 516.883416 13
847.484228 517.754905 13
846.477919 519.497883 13
845.974764 520.369372 13
845.471610 521.240861 13
844.968455 522.112350 13
844.465301 522.983840 13
843.962147 523.855329 13
843.458992 524.726818 13
842.955838 525.598307 13
842.452683 526.469796 13
841.949529 527.341285 13
841.446374 528.212774 13
840.943220 529.084263 13
840.440065 529.955752 13
839.433757 531.698730 13
838.930602 532.570219 13
838.427448 533.441708 13
837.924293 534.313197 13
837.421139 535.184686 13
836.917984 536.056175 13
836.414830 536.927664 13
835.911675 537.799153 13
835.408521 538.670642 13
834.402212 540.413620 13
833.899058 541.285110 13
833.395903 542.156599 13
832.892749 543.028088 13
832.389594 543.899577 13
831.886440 544.771066 13
831.383285 545.642555 13
830.880131 546.514044 13
830.376976 547.385533 13
829.873822 548.257022 13
828.867513 550.000000 13
820.830059 550.000000 12
815.806651 550.000000 12
810.783243 550.000000 12
807.769197 550.000000 12
806.764516 550.000000 12
800.736426 550.000000 12
796.717699 550.000000 12
789.684927 550.000000 12
786.670882 550.000000 12
784.661518 550.000000 12
781.647473 550.000000 12
780.642792 550.000000 12
779.638110 550.000000 12
777.628747 550.000000 12
776.624065 550.000000 12
773.610020 550.000000 12
770.595975 550.000000 12
768.586611 550.000000 12
763.563203 550.000000 12
760.549158 550.000000 12
757.535113 550.000000 12
756.530431 550.000000 12
754.521068 550.000000 12
753.516386 550.000000 12
745.478932 550.000000 12
743.469569 550.000000 12
742.464887 550.000000 12
740.455524 550.000000 12
739.450842 550.000000 12
736.436797 550.000000 12
735.432115 550.000000 12
732.418070 550.000000 12
729.404025 550.000000 12
727.394662 550.000000 12
721.366572 550.000000 12
716.343163 550.000000 12
714.333800 550.000000 12
711.319755 550.000000 12
709.310391 550.000000 12
702.277620 550.000000 12
695.244848 550.000000 12
686.202712 550.000000 12
685.198031 550.000000 12
683.188667 550.000000 12
680.174622 550.000000 12
678.165259 550.000000 12
677.160577 550.000000 12
672.137169 550.000000 12
671.132487 550.000000 12
670.630146 549.129920 11
670.127805 548.259840 11
669.123124 546.519681 11
667.616101 543.909441 11
667.113760 543.039361 11
664.099715 537.818882 11
663.597374 536.948802 11
663.095033 536.078722 11
662.090352 534.338562 11
660.583329 531.728323 11
658.071625 527.377923 11
657.569284 526.507843 11
656.564602 524.767684 11
655.559921 523.027524 11
654.555239 521.287364 11
654.052898 520.417284 11
652.545875 517.807045 11
651.038853 515.196805 11
650.034171 513.456645 11
645.513103 505.625926 11
645.010763 504.755847 11
643.001399 501.275527 11
642.499058 500.405447 11
641.494377 498.665288 11
640.489695 496.925128 11
637.977991 492.574728 11
637.475650 491.704649 11
636.973309 490.834569 11
635.466286 488.224329 11
633.959264 485.614089 11
633.456923 484.744010 11
630.442878 479.523530 11
629.940537 478.653450 11
628.935855 476.913291 11
626.424151 472.562891 11
625.419469 470.822732 11
621.400743 463.862093 11
620.396061 462.121933 11
619.391379 460.381773 11
616.879675 456.031374 11
615.874993 454.291214 11
614.367971 451.680974 11
612.860948 449.070735 11
609.344562 442.980176 11
607.837539 440.369936 11
607.335199 439.499856 11
604.823494 435.149457 11
603.818813 433.409297 11
602.311790 430.799057 11
600.804768 428.188818 11
598.795404 424.708498 11
597.288382 422.098259 11
596.283700 420.358099 11
595.781359 419.488019 11
594.776677 417.747859 11
592.768127 412.525971 10
593.774436 410.782993 10
594.277591 409.911504 10
594.780745 409.040015 10
595.283900 408.168526 10
595.787054 407.297036 10
596.290209 406.425547 10
596.793363 405.554058 10
597.296518 404.682569 10
597.799672 403.811080 10
599.309135 401.196613 10
600.818599 398.582146 10
601.321753 397.710657 10
602.328062 395.967679 10
602.831216 395.096190 10
603.334371 394.224700 10
603.837525 393.353211 10
606.353298 388.995766 10
606.856452 388.124277 10
607.359607 387.252788 10
607.862761 386.381299 10
608.365915 385.509810 10
609.875379 382.895342 10
610.378533 382.023853 10
610.881688 381.152364 10
611.384842 380.280875 10
611.887997 379.409386 10
612.391151 378.537897 10
612.894306 377.666408 10
613.397460 376.794919 10
613.397460 376.794919 9
612.391151 376.794919 9
611.384842 376.794919 9
610.378533 376.794919 9
609.372224 376.794919 9
608.365916 376.794919 9
605.346989 376.794919 9
604.340680 376.794919 9
603.334371 376.794919 9
602.328062 376.794919 9
601.321753 376.794919 9
600.315445 376.794919 9
597.296518 376.794919 9
596.290209 376.794919 9
595.283900 376.794919 9
594.277591 376.794919 9
593.271282 376.794919 9
592.264973 376.794919 9
591.258665 376.794919 9
590.252356 376.794919 9
589.246047 376.794919 9
587.233429 376.794919 9
585.220811 376.794919 9
583.208194 376.794919 9
582.201885 376.794919 9
581.195576 376.794919 9
580.189267 376.794919 9
578.176649 376.794919 9
577.170340 376.794919 9
576.164031 376.794919 9
575.157723 376.794919 9
573.145105 376.794919 9
572.138796 376.794919 9
571.132487 376.794919 9
571.132487 376.794919 8
570.629333 375.923430 8
569.623024 374.180452 8
569.119869 373.308963 8
568.616715 372.437474 8
568.113560 371.565985 8
567.610406 370.694496 8
567.107251 369.823007 8
566.604097 368.951518 8
566.100942 368.080029 8
565.597788 367.208539 8
565.094634 366.337050 8
564.088325 364.594072 8
563.585170 363.722583 8
563.082016 362.851094 8
562.075707 361.108116 8
561.572552 360.236627 8
560.063089 357.622160 8
559.056780 355.879182 8
558.553626 355.007693 8
558.050471 354.136204 8
557.547317 353.264715 8
556.541008 351.521737 8
556.037853 350.650248 8
555.534699 349.778759 8
555.031545 348.907269 8
553.018927 345.421313 8
552.515772 344.549824 8
551.509463 342.806846 8
551.006309 341.935357 8
550.503154 341.063868 8
550.000000 340.192379 8
550.000000 340.192379 7
549.496846 341.063868 7
548.993691 341.935357 7
548.490537 342.806846 7
547.987382 343.678335 7
547.484228 344.549824 7
546.981073 345.421313 7
546.477919 346.292802 7
545.471610 348.035780 7
544.968455 348.907269 7
543.458992 351.521737 7
542.452683 353.264715 7
541.949529 354.136204 7
541.446374 355.007693 7
540.943220 355.879182 7
540.440065 356.750671 7
539.936911 357.622160 7
538.930602 359.365138 7
537.924293 361.108116 7
536.917984 362.851094 7
536.414830 363.722583 7
535.911675 364.594072 7
535.408521 365.465561 7
534.905366 366.337050 7
534.402212 367.208539 7
533.395903 368.951518 7
532.389594 370.694496 7
531.383285 372.437474 7
530.880131 373.308963 7
530.376976 374.180452 7
529.873822 375.051941 7
529.370667 375.923430 7
528.867513 376.794919 7
528.867513 376.794919 6
527.861204 376.794919 6
525.848586 376.794919 6
524.842277 376.794919 6
522.829660 376.794919 6
521.823351 376.794919 6
520.817042 376.794919 6
518.804424 376.794919 6
517.798115 376.794919 6
515.785498 376.794919 6
514.779189 376.794919 6
513.772880 376.794919 6
512.766571 376.794919 6
511.760262 376.794919 6
510.753953 376.794919 6
509.747644 376.794919 6
506.728718 376.794919 6
505.722409 376.794919 6
504.716100 376.794919 6
502.703482 376.794919 6
501.697173 376.794919 6
499.684555 376.794919 6
498.678247 376.794919 6
497.671938 376.794919 6
496.665629 376.794919 6
492.640393 376.794919 6
491.634084 376.794919 6
488.615158 376.794919 6
486.602540 376.794919 6
486.602540 376.794919 5
487.105694 377.666408 5
487.608849 378.537897 5
488.615158 380.280875 5
489.118312 381.152364 5
490.124621 382.895342 5
491.634085 385.509810 5
492.640393 387.252788 5
493.143548 388.124277 5
493.646702 388.995766 5
494.653011 390.738744 5
495.156166 391.610233 5
495.659320 392.481722 5
496.162475 393.353211 5
496.665629 394.224700 5
497.671938 395.967679 5
498.175092 396.839168 5
499.181401 398.582146 5
499.684556 399.453635 5
500.690865 401.196613 5
501.697174 402.939591 5
502.200328 403.811080 5
502.703482 404.682569 5
503.206637 405.554058 5
504.212946 407.297036 5
505.219255 409.040015 5
506.225564 410.782993 5
506.728718 411.654482 5
507.231873 412.525971 5
507.735027 413.397460 5
507.735027 413.397460 4
507.232686 414.267540 4
505.223323 417.747859 4
504.720982 418.617939 4
503.213959 421.228179 4
502.209278 422.968339 4
500.702255 425.578578 4
499.195232 428.188818 4
497.688210 430.799057 4
496.181187 433.409297 4
495.176506 435.149457 4
493.167142 438.629776 4
492.664801 439.499856 4
491.660120 441.240016 4
491.157779 442.110096 4
490.153097 443.850256 4
489.148415 445.590415 4
486.636711 449.940815 4
486.134370 450.810895 4
485.129689 452.551054 4
482.115643 457.771534 4
481.613303 458.641613 4
480.106280 461.251853 4
479.603939 462.121933 4
478.096917 464.732172 4
475.082872 469.952652 4
474.580531 470.822732 4
471.566486 476.043211 4
470.059463 478.653450 4
469.557122 479.523530 4
469.054781 480.393610 4
468.552440 481.263690 4
467.045418 483.873930 4
466.040736 485.614089 4
465.538395 486.484169 4
465.036054 487.354249 4
463.529032 489.964489 4
462.524350 491.704649 4
462.022009 492.574728 4
461.519668 493.444808 4
461.017328 494.314888 4
460.514987 495.184968 4
460.012646 496.055048 4
456.496260 502.145607 4
455.993919 503.015687 4
450.970511 511.716486 4
450.468170 512.586565 4
448.961147 515.196805 4
447.454125 517.807045 4
445.444761 521.287364 4
444.942420 522.157444 4
444.440079 523.027524 4
441.928375 527.377923 4
441.426034 528.248003 4
440.421353 529.988163 4
438.914330 532.598403 4
438.411989 533.468482 4
437.407308 535.208642 4
435.900285 537.818882 4
435.397944 538.688962 4
433.890922 541.299201 4
430.374536 547.389760 4
428.867513 550.000000 3
424.848786 550.000000 3
421.834741 550.000000 3
419.825378 550.000000 3
417.816014 550.000000 3
416.811333 550.000000 3
412.792606 550.000000 3
407.769197 550.000000 3
400.736426 550.000000 3
396.717699 550.000000 3
394.708335 550.000000 3
393.703654 550.000000 3
391.694290 550.000000 3
390.689609 550.000000 3
389.684927 550.000000 3
387.675564 550.000000 3
385.666200 550.000000 3
376.624065 550.000000 3
375.619383 550.000000 3
374.614702 550.000000 3
369.591293 550.000000 3
366.577248 550.000000 3
364.567885 550.000000 3
362.558521 550.000000 3
358.539794 550.000000 3
355.525749 550.000000 3
354.521068 550.000000 3
350.502341 550.000000 3
348.492977 550.000000 3
342.464887 550.000000 3
341.460206 550.000000 3
337.441479 550.000000 3
334.427434 550.000000 3
333.422752 550.000000 3
331.413389 550.000000 3
330.408707 550.000000 3
329.404025 550.000000 3
320.361890 550.000000 3
318.352527 550.000000 3
315.338482 550.000000 3
314.333800 550.000000 3
313.329118 550.000000 3
309.310391 550.000000 3
295.244848 550.000000 3
287.207394 550.000000 3
284.193349 550.000000 3
283.188667 550.000000 3
281.179304 550.000000 3
279.169941 550.000000 3
272.137169 550.000000 3
271.132487 550.000000 2
270.629333 549.128511 2
269.623024 547.385533 2
268.616715 545.642555 2
268.113560 544.771066 2
267.610406 543.899577 2
267.107251 543.028088 2
266.604097 542.156599 2
265.094634 539.542131 2
264.591479 538.670642 2
264.088325 537.799153 2
263.082016 536.056175 2
262.578861 535.184686 2
262.075707 534.313197 2
261.069398 532.570219 2
260.566244 531.698730 2
260.063089 530.827241 2
259.559935 529.955752 2
259.056780 529.084263 2
258.553626 528.212774 2
257.547317 526.469796 2
257.044162 525.598307 2
255.534699 522.983840 2
255.031545 522.112350 2
254.528390 521.240861 2
254.025236 520.369372 2
253.522081 519.497883 2
252.515772 517.754905 2
251.509463 516.011927 2
250.503154 514.268949 2
250.000000 513.397460 2
250.000000 513.397460 1
249.496846 514.268949 1
248.993691 515.140438 1
248.490537 516.011927 1
247.484228 517.754905 1
246.477919 519.497883 1
245.974764 520.369372 1
244.968455 522.112350 1
243.962147 523.855329 1
243.458992 524.726818 1
242.955838 525.598307 1
242.452683 526.469796 1
241.949529 527.341285 1
241.446374 528.212774 1
240.943220 529.084263 1
240.440065 529.955752 1
239.433757 531.698730 1
238.930602 532.570219 1
237.924293 534.313197 1
237.421139 535.184686 1
236.917984 536.056175 1
236.414830 536.927664 1
235.911675 537.799153 1
235.408521 538.670642 1
234.905366 539.542131 1
233.395903 542.156599 1
232.892749 543.028088 1
232.389594 543.899577 1
231.886440 544.771066 1
231.383285 545.642555 1
230.880131 546.514044 1
230.376976 547.385533 1
228.867513 550.000000 1
228.867513 550.000000 0
223.833626 550.000000 0
219.806516 550.000000 0
217.792961 550.000000 0
216.786184 550.000000 0
215.779406 550.000000 0
209.738742 550.000000 0
200.677745 550.000000 0
198.664190 550.000000 0
191.616748 550.000000 0
189.603193 550.000000 0
188.596415 550.000000 0
185.576083 550.000000 0
184.569305 550.000000 0
181.548973 550.000000 0
180.542196 550.000000 0
177.521863 550.000000 0
175.508308 550.000000 0
170.474421 550.000000 0
169.467644 550.000000 0
164.433757 550.000000 0
163.426979 550.000000 0
160.406647 550.000000 0
157.386314 550.000000 0
156.379537 550.000000 0
152.352427 550.000000 0
150.338872 550.000000 0
135.237211 550.000000 0
121.142326 550.000000 0
117.115217 550.000000 0
114.094884 550.000000 0
113.088107 550.000000 0
112.081329 550.000000 0
111.074552 550.000000 0
107.047442 550.000000 0
103.020332 550.000000 0
102.013555 550.000000 0
101.006777 550.000000 0
100.000000 550.000000 0
