780
101.001866 450.000000 32
103.005598 450.000000 32
111.020526 450.000000 32
112.022392 450.000000 32
117.031722 450.000000 32
123.042918 450.000000 32
124.044784 450.000000 32
125.046650 450.000000 32
126.048516 450.000000 32
128.052248 450.000000 32
129.054114 450.000000 32
133.061578 450.000000 32
134.063444 450.000000 32
147.087703 450.000000 32
148.089569 450.000000 32
149.091435 450.000000 32
150.093301 450.000000 32
152.097033 450.000000 32
153.098899 450.000000 32
158.108229 450.000000 32
161.113827 450.000000 32
166.123157 450.000000 32
171.132487 450.000000 32
172.137169 448.259840 31
173.644191 445.649601 31
174.648873 443.909441 31
177.160577 439.559042 31
178.667600 436.948802 31
179.672281 435.208642 31
180.676963 433.468482 31
182.686326 429.988163 31
183.691008 428.248003 31
187.207394 422.157444 31
190.723780 416.066885 31
192.230803 413.456645 31
193.737825 410.846406 31
197.254211 404.755847 31
205.794005 389.964489 31
206.296346 389.094409 31
208.305710 385.614089 31
210.817414 381.263690 31
213.329118 376.913291 31
219.859549 365.602252 31
221.868913 362.121933 31
223.878276 358.641613 31
225.887639 355.161294 31
226.892321 353.421134 31
227.394662 352.551054 31
232.418070 343.850256 31
236.939138 336.019537 31
240.957865 329.058898 31
248.995318 315.137620 31
252.511704 317.747859 30
254.521068 321.228179 30
256.530431 324.708498 30
264.567885 338.629776 30
270.093634 348.200655 30
270.595975 349.070735 30
271.098316 349.940815 30
273.610020 354.291214 30
274.614702 356.031374 30
275.619383 357.771534 30
281.145133 367.342412 30
286.670882 376.913291 30
291.191949 384.744010 30
299.229403 398.665288 30
300.736426 401.275527 30
302.243448 403.885767 30
315.304310 426.507843 30
317.816014 430.858243 30
321.332400 436.948802 30
322.839423 439.559042 30
325.351127 443.909441 30
325.853468 444.779521 30
326.355809 445.649601 30
326.858150 446.519681 30
327.360490 447.389760 30
329.873822 450.000000 29
330.880131 450.000000 29
332.892749 450.000000 29
334.905366 450.000000 29
336.917984 450.000000 29
337.924293 450.000000 29
339.936911 450.000000 29
340.943220 450.000000 29
341.949529 450.000000 29
342.955838 450.000000 29
343.962147 450.000000 29
345.974764 450.000000 29
346.981073 450.000000 29
347.987382 450.000000 29
348.993691 450.000000 29
350.000000 450.000000 29
353.018927 450.000000 29
358.050471 450.000000 29
362.075707 450.000000 29
365.094634 450.000000 29
367.107251 450.000000 29
369.119869 450.000000 29
371.132487 450.000000 29
371.132487 450.000000 28
371.635641 449.128511 28
372.641950 447.385533 28
373.145105 446.514044 28
374.151414 444.771066 28
374.654568 443.899577 28
375.660877 442.156599 28
376.164031 441.285110 28
376.667186 440.413620 28
377.170340 439.542131 28
378.176649 437.799153 28
380.692421 433.441708 28
381.698730 431.698730 28
385.723965 424.726818 28
387.736583 421.240861 28
388.239738 420.369372 28
389.749201 417.754905 28
390.252355 416.883416 28
390.755510 416.011927 28
392.264973 413.397460 27
389.250928 408.176981 27
387.743905 405.566741 27
387.241565 404.696661 27
384.227519 399.476182 27
382.720497 396.865942 27
381.715815 395.125783 27
380.208793 392.515543 27
377.194748 387.295064 27
375.687725 384.684824 27
374.683043 382.944664 27
361.119840 359.452508 27
357.101114 352.491868 27
355.594091 349.881629 27
351.575364 342.920990 27
350.068342 340.310750 27
346.551956 334.220191 27
345.547274 332.480031 27
343.537911 328.999712 27
342.533229 327.259552 27
338.514502 320.298913 27
336.002798 315.948514 27
334.495776 313.338274 27
330.979390 307.247715 27
328.970026 303.767395 27
325.453640 297.676836 27
320.932573 289.846117 27
319.425550 287.235878 27
316.913846 282.885478 27
315.909164 281.145318 27
315.406823 280.275239 27
313.899801 277.664999 27
319.425550 276.794919 26
329.472367 276.794919 26
330.477049 276.794919 26
332.486412 276.794919 26
334.495776 276.794919 26
340.523866 276.794919 26
364.636227 276.794919 26
366.645590 276.794919 26
368.654954 276.794919 26
370.664317 276.794919 26
381.715816 276.794919 26
384.729861 276.794919 26
394.776678 276.794919 26
395.781359 276.794919 26
398.795405 276.794919 26
405.828176 276.794919 26
413.865630 276.794919 26
417.884357 276.794919 26
422.907765 276.794919 26
426.926492 276.794919 26
428.935856 276.794919 26
433.959264 276.794919 26
436.973309 276.794919 26
454.052898 276.794919 26
460.080988 276.794919 26
464.099715 276.794919 26
471.132487 276.794919 25
471.634828 275.924839 25
473.644191 272.444520 25
476.658236 267.224040 25
479.672281 262.003561 25
480.676963 260.263401 25
482.183986 257.653162 25
484.193349 254.172842 25
485.198031 252.432683 25
491.226121 241.991724 25
494.240166 236.771245 25
495.244848 235.031085 25
497.756552 230.680686 25
498.258893 229.810606 25
499.765915 227.200366 25
501.272938 224.590127 25
503.784642 220.239727 25
504.286983 219.369647 25
510.315073 208.928689 25
514.333800 201.968050 25
521.366572 189.786932 25
526.892321 180.216053 25
528.399344 177.605814 25
528.901684 176.735734 25
531.915730 171.515254 25
536.939138 162.814456 25
540.455524 156.723897 25
550.000000 140.192379 25
551.004682 141.932539 24
552.009363 143.672698 24
553.014045 145.412858 24
554.521068 148.023098 24
558.539794 154.983737 24
559.042135 155.853817 24
560.046817 157.593976 24
564.567885 165.424695 24
568.084270 171.515254 24
572.102997 178.475893 24
573.107679 180.216053 24
574.614702 182.826293 24
577.628747 188.046772 24
586.670882 203.708210 24
587.173223 204.578290 24
594.708335 217.629488 24
596.215358 220.239727 24
597.220040 221.979887 24
600.736426 228.070446 24
601.741107 229.810606 24
605.257493 235.901165 24
606.262175 237.641325 24
608.773879 241.991724 24
609.778561 243.731884 24
611.285583 246.342123 24
613.797288 250.692523 24
617.313674 256.783082 24
621.332400 263.743721 24
625.351127 270.704360 24
627.360490 274.184679 24
631.881558 276.794919 23
635.900285 276.794919 23
638.914330 276.794919 23
640.923693 276.794919 23
644.942420 276.794919 23
647.956465 276.794919 23
649.965829 276.794919 23
655.993919 276.794919 23
656.998601 276.794919 23
666.040736 276.794919 23
677.092235 276.794919 23
686.134370 276.794919 23
712.256094 276.794919 23
713.260776 276.794919 23
715.270139 276.794919 23
716.274821 276.794919 23
717.279503 276.794919 23
718.284184 276.794919 23
720.293548 276.794919 23
721.298229 276.794919 23
729.335683 276.794919 23
736.368455 276.794919 23
740.387182 276.794919 23
741.391863 276.794919 23
747.419954 276.794919 23
751.438680 276.794919 23
756.462089 276.794919 23
769.522951 276.794919 23
784.593177 276.794919 23
786.602540 276.794919 22
783.588495 282.015398 22
778.565086 290.716197 22
777.560405 292.456357 22
773.541678 299.416996 22
770.527633 304.637475 22
770.025292 305.507555 22
769.522951 306.377635 22
769.020610 307.247715 22
765.504224 313.338274 22
759.476134 323.779232 22
755.457407 330.739871 22
754.452726 332.480031 22
750.936340 338.570590 22
747.419954 344.661150 22
746.917613 345.531229 22
740.889523 355.972188 22
736.870796 362.932827 22
731.847388 371.633626 22
730.842706 373.373786 22
724.814616 383.814744 22
721.800571 389.035223 22
714.767799 401.216342 22
714.265458 402.086422 22
710.246731 409.047061 22
707.735027 413.397460 21
708.238181 414.268949 21
709.244490 416.011927 21
710.250799 417.754905 21
710.753954 418.626394 21
713.269726 422.983840 21
713.772880 423.855329 21
714.276035 424.726818 21
716.288652 428.212774 21
716.791807 429.084263 21
719.307579 433.441708 21
721.320197 436.927664 21
721.823351 437.799153 21
722.829660 439.542131 21
724.842278 443.028088 21
725.345432 443.899577 21
726.351741 445.642555 21
726.854895 446.514044 21
729.873822 450.000000 20
731.886440 450.000000 20
734.905366 450.000000 20
736.917984 450.000000 20
737.924293 450.000000 20
739.936911 450.000000 20
743.962147 450.000000 20
745.974764 450.000000 20
751.006309 450.000000 20
752.012618 450.000000 20
756.037853 450.000000 20
758.050471 450.000000 20
759.056780 450.000000 20
761.069398 450.000000 20
765.094634 450.000000 20
768.113560 450.000000 20
774.648873 443.909441 19
775.653555 442.169281 19
778.667600 436.948802 19
786.202712 423.897604 19
787.207394 422.157444 19
790.723780 416.066885 19
791.728462 414.326725 19
792.230803 413.456645 19
795.747189 407.366086 19
797.254211 404.755847 19
799.765915 400.405447 19
803.282301 394.314888 19
804.789324 391.704649 19
807.803369 386.484169 19
808.808051 384.744010 19
809.310391 383.873930 19
817.347845 369.952652 19
817.850186 369.082572 19
818.352527 368.212492 19
820.864231 363.862093 19
824.380617 357.771534 19
828.901684 349.940815 19
830.408707 347.330575 19
830.911048 346.460495 19
832.418070 343.850256 19
832.920411 342.980176 19
833.925093 341.240016 19
840.455524 329.928978 19
844.976592 322.098259 19
845.478932 321.228179 19
848.995318 315.137620 19
849.497659 314.267540 19
853.516386 319.488019 18
854.521068 321.228179 18
860.046817 330.799057 18
871.600656 350.810895 18
874.614702 356.031374 18
877.126406 360.381773 18
877.628747 361.251853 18
882.149814 369.082572 18
884.159178 372.562891 18
892.698972 387.354249 18
900.234085 400.405447 18
902.745789 404.755847 18
906.764516 411.716486 18
913.294947 423.027524 18
921.332400 436.948802 18
927.862831 448.259840 18
928.867513 450.000000 17
931.873111 450.000000 17
934.878709 450.000000 17
936.882441 450.000000 17
937.884307 450.000000 17
938.886173 450.000000 17
942.893637 450.000000 17
943.895503 450.000000 17
949.906699 450.000000 17
950.908565 450.000000 17
951.910431 450.000000 17
953.914163 450.000000 17
954.916029 450.000000 17
958.923493 450.000000 17
963.932823 450.000000 17
967.940288 450.000000 17
983.970144 450.000000 17
985.973876 450.000000 17
987.977608 450.000000 17
988.979474 450.000000 17
989.981340 450.000000 17
990.983206 450.000000 17
992.986938 450.000000 17
995.992536 450.000000 17
1000.000000 450.000000 17
1000.000000 451.000000 16
1000.000000 452.000000 16
1000.000000 455.000000 16
1000.000000 457.000000 16
1000.000000 467.000000 16
1000.000000 468.000000 16
1000.000000 470.000000 16
1000.000000 473.000000 16
1000.000000 475.000000 16
1000.000000 476.000000 16
1000.000000 484.000000 16
1000.000000 489.000000 16
1000.000000 490.000000 16
1000.000000 491.000000 16
1000.000000 492.000000 16
1000.000000 498.000000 16
1000.000000 509.000000 16
1000.000000 512.000000 16
1000.000000 524.000000 16
1000.000000 530.000000 16
1000.000000 536.000000 16
1000.000000 548.000000 16
997.986445 550.000000 15
992.952558 550.000000 15
991.945780 550.000000 15
989.932226 550.000000 15
988.925448 550.000000 15
987.918671 550.000000 15
986.911893 550.000000 15
983.891561 550.000000 15
981.878006 550.000000 15
980.871229 550.000000 15
978.857674 550.000000 15
977.850896 550.000000 15
973.823786 550.000000 15
972.817009 550.000000 15
963.756012 550.000000 15
961.742457 550.000000 15
957.715347 550.000000 15
954.695015 550.000000 15
951.674683 550.000000 15
950.667905 550.000000 15
947.647573 550.000000 15
939.593353 550.000000 15
938.586576 550.000000 15
936.573021 550.000000 15
929.525579 550.000000 15
922.478137 550.000000 15
917.444249 550.000000 15
908.383252 550.000000 15
902.342588 550.000000 15
898.315478 550.000000 15
895.295146 550.000000 15
886.234149 550.000000 15
883.213816 550.000000 15
872.139264 550.000000 15
870.126178 548.257022 14
868.113560 544.771066 14
867.610406 543.899577 14
866.604097 542.156599 14
865.597788 540.413620 14
865.094634 539.542131 14
864.591479 538.670642 14
864.088325 537.799153 14
861.572552 533.441708 14
861.069398 532.570219 14
859.559935 529.955752 14
858.553626 528.212774 14
857.044162 525.598307 14
852.012618 516.883416 14
851.509463 516.011927 14
850.000000 513.397460 14
850.000000 513.397460 13
849.496846 514.268949 13
848.993691 515.140438 13
847.987382 516.883416 13
846.981073 518.626394 13
846.477919 519.497883 13
845.471610 521.240861 13
844.968455 522.112350 13
844.465301 522.983840 13
842.955838 525.598307 13
841.949529 527.341285 13
841.446374 528.212774 13
840.943220 529.084263 13
840.440065 529.955752 13
838.930602 532.570219 13
837.924293 534.313197 13
836.917984 536.056175 13
835.911675 537.799153 13
833.395903 542.156599 13
832.892749 543.028088 13
832.389594 543.899577 13
831.383285 545.642555 13
829.873822 548.257022 13
828.867513 550.000000 13
828.867513 550.000000 12
818.820696 550.000000 12
811.787924 550.000000 12
802.745789 550.000000 12
796.717699 550.000000 12
794.708335 550.000000 12
793.703654 550.000000 12
789.684927 550.000000 12
764.567885 550.000000 12
755.525749 550.000000 12
752.511704 550.000000 12
745.478932 550.000000 12
744.474251 550.000000 12
741.460206 550.000000 12
738.446161 550.000000 12
733.422752 550.000000 12
729.404025 550.000000 12
727.394662 550.000000 12
723.375935 550.000000 12
722.371253 550.000000 12
715.338482 550.000000 12
706.296346 550.000000 12
704.286983 550.000000 12
698.258893 550.000000 12
697.254211 550.000000 12
694.240166 550.000000 12
677.160577 550.000000 12
673.141850 550.000000 12
668.118442 544.779521 11
664.099715 537.818882 11
662.592692 535.208642 11
661.085670 532.598403 11
658.573966 528.248003 11
657.569284 526.507843 11
655.057580 522.157444 11
654.052898 520.417284 11
653.048216 518.677125 11
651.541194 516.066885 11
650.034171 513.456645 11
646.015444 506.496006 11
641.996717 499.535367 11
640.992036 497.795208 11
638.480332 493.444808 11
637.475650 491.704649 11
625.921810 471.692811 11
613.363289 449.940815 11
610.851585 445.590415 11
606.832858 438.629776 11
601.809449 429.928978 11
594.776677 417.747859 11
594.274336 416.877779 11
595.787054 407.297036 10
596.290209 406.425547 10
596.793363 405.554058 10
597.799672 403.811080 10
598.302826 402.939591 10
599.309135 401.196613 10
599.812290 400.325124 10
600.818599 398.582146 10
601.321753 397.710657 10
603.334371 394.224700 10
605.346989 390.738744 10
605.850143 389.867255 10
606.353298 388.995766 10
608.869070 384.638321 10
610.881688 381.152364 10
612.391151 378.537897 10
612.894306 377.666408 10
613.397460 376.794919 10
613.397460 376.794919 9
612.391151 376.794919 9
610.378533 376.794919 9
607.359607 376.794919 9
606.353298 376.794919 9
605.346989 376.794919 9
599.309136 376.794919 9
595.283900 376.794919 9
592.264973 376.794919 9
588.239738 376.794919 9
586.227120 376.794919 9
585.220811 376.794919 9
584.214502 376.794919 9
580.189267 376.794919 9
579.182958 376.794919 9
577.170340 376.794919 9
575.157723 376.794919 9
570.126178 375.051941 8
569.119869 373.308963 8
568.616715 372.437474 8
566.100942 368.080029 8
564.088325 364.594072 8
563.082016 362.851094 8
562.075707 361.108116 8
561.069398 359.365138 8
559.559935 356.750671 8
558.050471 354.136204 8
557.044162 352.393226 8
556.541008 351.521737 8
556.037853 350.650248 8
555.534699 349.778759 8
554.528390 348.035780 8
554.025236 347.164291 8
553.018927 345.421313 8
549.496846 341.063868 7
548.993691 341.935357 7
547.484228 344.549824 7
546.981073 345.421313 7
545.471610 348.035780 7
544.968455 348.907269 7
543.962147 350.650248 7
543.458992 351.521737 7
542.955838 352.393226 7
541.446374 355.007693 7
540.440065 356.750671 7
539.936911 357.622160 7
539.433757 358.493649 7
537.421139 361.979605 7
536.917984 362.851094 7
536.414830 363.722583 7
535.911675 364.594072 7
533.395903 368.951518 7
531.383285 372.437474 7
529.370667 375.923430 7
528.867513 376.794919 6
527.861204 376.794919 6
522.829660 376.794919 6
517.798115 376.794919 6
512.766571 376.794919 6
508.741335 376.794919 6
507.735027 376.794919 6
504.716100 376.794919 6
503.709791 376.794919 6
502.703482 376.794919 6
499.684555 376.794919 6
493.646702 376.794919 6
492.640393 376.794919 6
489.621467 376.794919 6
488.615158 376.794919 6
486.602540 376.794919 5
487.105694 377.666408 5
488.615158 380.280875 5
489.118312 381.152364 5
489.621467 382.023853 5
490.627776 383.766832 5
493.143548 388.124277 5
493.646702 388.995766 5
494.149857 389.867255 5
495.156166 391.610233 5
495.659320 392.481722 5
496.162475 393.353211 5
497.168784 395.096190 5
497.671938 395.967679 5
498.175092 396.839168 5
498.678247 397.710657 5
499.684556 399.453635 5
500.690865 401.196613 5
501.697174 402.939591 5
502.200328 403.811080 5
505.219255 409.040015 5
507.735027 413.397460 5
507.232686 414.267540 4
506.730345 415.137620 4
505.223323 417.747859 4
503.716300 420.358099 4
492.162461 440.369936 4
490.153097 443.850256 4
489.148415 445.590415 4
486.636711 449.940815 4
482.115643 457.771534 4
480.608621 460.381773 4
480.106280 461.251853 4
479.101598 462.992013 4
477.092235 466.472332 4
476.589894 467.342412 4
470.059463 478.653450 4
468.552440 481.263690 4
468.050100 482.133770 4
467.547759 483.003850 4
462.524350 491.704649 4
460.012646 496.055048 4
459.510305 496.925128 4
458.505623 498.665288 4
458.003283 499.535367 4
450.970511 511.716486 4
449.965829 513.456645 4
449.463488 514.326725 4
447.454125 517.807045 4
444.942420 522.157444 4
444.440079 523.027524 4
441.426034 528.248003 4
438.411989 533.468482 4
437.909648 534.338562 4
432.886240 543.039361 4
431.881558 544.779521 4
415.806651 550.000000 3
395.713017 550.000000 3
392.698972 550.000000 3
382.652155 550.000000 3
372.605338 550.000000 3
363.563203 550.000000 3
361.553839 550.000000 3
343.469569 550.000000 3
337.441479 550.000000 3
321.366572 550.000000 3
315.338482 550.000000 3
308.305710 550.000000 3
305.291665 550.000000 3
304.286983 550.000000 3
303.282301 550.000000 3
291.226121 550.000000 3
289.216757 550.000000 3
274.146532 550.000000 3
271.132487 550.000000 2
270.629333 549.128511 2
270.126178 548.257022 2
269.623024 547.385533 2
267.107251 543.028088 2
266.604097 542.156599 2
266.100942 541.285110 2
265.597788 540.413620 2
264.088325 537.799153 2
263.585170 536.927664 2
263.082016 536.056175 2
262.578861 535.184686 2
262.075707 534.313197 2
260.566244 531.698730 2
259.056780 529.084263 2
257.547317 526.469796 2
257.044162 525.598307 2
255.031545 522.112350 2
254.528390 521.240861 2
254.025236 520.369372 2
253.522081 519.497883 2
250.503154 514.268949 2
248.993691 515.140438 1
247.987382 516.883416 1
247.484228 517.754905 1
245.974764 520.369372 1
243.458992 524.726818 1
241.446374 528.212774 1
240.943220 529.084263 1
238.930602 532.570219 1
238.427448 533.441708 1
234.402212 540.413620 1
233.899058 541.285110 1
233.395903 542.156599 1
232.892749 543.028088 1
232.389594 543.899577 1
231.886440 544.771066 1
231.383285 545.642555 1
229.873822 548.257022 1
228.867513 550.000000 0
227.860736 550.000000 0
226.853958 550.000000 0
221.820071 550.000000 0
220.813293 550.000000 0
218.799739 550.000000 0
214.772629 550.000000 0
213.765851 550.000000 0
211.752296 550.000000 0
208.731964 550.000000 0
205.711632 550.000000 0
204.704854 550.000000 0
200.677745 550.000000 0
196.650635 550.000000 0
194.637080 550.000000 0
190.609970 550.000000 0
178.528641 550.000000 0
171.481199 550.000000 0
167.454089 550.000000 0
166.447311 550.000000 0
156.379537 550.000000 0
155.372759 550.000000 0
152.352427 550.000000 0
148.325317 550.000000 0
145.304985 550.000000 0
142.284653 550.000000 0
140.271098 550.000000 0
136.243988 550.000000 0
134.230433 550.000000 0
132.216878 550.000000 0
130.203323 550.000000 0
128.189768 550.000000 0
126.176214 550.000000 0
117.115217 550.000000 0
114.094884 550.000000 0
111.074552 550.000000 0
109.060997 550.000000 0
