1520
100.000000 450.000000 32
101.001866 450.000000 32
102.003732 450.000000 32
105.009330 450.000000 32
107.013062 450.000000 32
108.014928 450.000000 32
109.016794 450.000000 32
110.018660 450.000000 32
112.022392 450.000000 32
113.024258 450.000000 32
115.027990 450.000000 32
116.029856 450.000000 32
118.033588 450.000000 32
119.035454 450.000000 32
121.039186 450.000000 32
125.046650 450.000000 32
128.052248 450.000000 32
129.054114 450.000000 32
130.055980 450.000000 32
131.057846 450.000000 32
132.059712 450.000000 32
134.063444 450.000000 32
135.065310 450.000000 32
137.069043 450.000000 32
139.072775 450.000000 32
140.074641 450.000000 32
141.076507 450.000000 32
143.080239 450.000000 32
145.083971 450.000000 32
146.085837 450.000000 32
149.091435 450.000000 32
150.093301 450.000000 32
151.095167 450.000000 32
152.097033 450.000000 32
153.098899 450.000000 32
155.102631 450.000000 32
157.106363 450.000000 32
158.108229 450.000000 32
159.110095 450.000000 32
160.111961 450.000000 32
162.115693 450.000000 32
163.117559 450.000000 32
164.119425 450.000000 32
165.121291 450.000000 32
167.125023 450.000000 32
168.126889 450.000000 32
171.132487 450.000000 32
171.132487 450.000000 31
172.137169 448.259840 31
173.644191 445.649601 31
174.648873 443.909441 31
175.653555 442.169281 31
176.658236 440.429121 31
177.160577 439.559042 31
177.662918 438.688962 31
179.672281 435.208642 31
180.676963 433.468482 31
182.183986 430.858243 31
182.686326 429.988163 31
184.695690 426.507843 31
185.198031 425.637764 31
187.709735 421.287364 31
189.216757 418.677125 31
190.723780 416.066885 31
191.226121 415.196805 31
191.728462 414.326725 31
195.244848 408.236166 31
196.751870 405.625926 31
197.254211 404.755847 31
197.756552 403.885767 31
200.770597 398.665288 31
202.779960 395.184968 31
203.784642 393.444808 31
204.789324 391.704649 31
205.291665 390.834569 31
207.301028 387.354249 31
209.812732 383.003850 31
212.324436 378.653450 31
212.826777 377.783371 31
213.329118 376.913291 31
214.333800 375.173131 31
214.836141 374.303051 31
216.343163 371.692811 31
217.850186 369.082572 31
218.352527 368.212492 31
218.854867 367.342412 31
219.859549 365.602252 31
220.361890 364.732172 31
221.366572 362.992013 31
221.868913 362.121933 31
223.375935 359.511693 31
226.389980 354.291214 31
226.892321 353.421134 31
229.404025 349.070735 31
230.408707 347.330575 31
230.911048 346.460495 31
232.418070 343.850256 31
232.920411 342.980176 31
233.422752 342.110096 31
234.427434 340.369936 31
235.432115 338.629776 31
235.934456 337.759696 31
236.436797 336.889617 31
236.939138 336.019537 31
239.953183 330.799057 31
240.957865 329.058898 31
241.460206 328.188818 31
241.962546 327.318738 31
242.967228 325.578578 31
243.469569 324.708498 31
246.985955 318.617939 31
248.492977 316.007700 31
249.497659 314.267540 31
250.000000 313.397460 30
251.004682 315.137620 30
253.014045 318.617939 30
253.516386 319.488019 30
254.018727 320.358099 30
254.521068 321.228179 30
255.023408 322.098259 30
256.028090 323.838418 30
256.530431 324.708498 30
257.032772 325.578578 30
260.549158 331.669137 30
262.558521 335.149457 30
263.060862 336.019537 30
264.065544 337.759696 30
264.567885 338.629776 30
265.070225 339.499856 30
266.577248 342.110096 30
268.084270 344.720335 30
268.586611 345.590415 30
271.098316 349.940815 30
271.600656 350.810895 30
272.102997 351.680974 30
273.107679 353.421134 30
274.614702 356.031374 30
275.619383 357.771534 30
276.624065 359.511693 30
279.135769 363.862093 30
281.145133 367.342412 30
282.149814 369.082572 30
282.652155 369.952652 30
287.173223 377.783371 30
288.177904 379.523530 30
288.680245 380.393610 30
291.191949 384.744010 30
292.698972 387.354249 30
293.201313 388.224329 30
294.708335 390.834569 30
295.713017 392.574728 30
296.215358 393.444808 30
297.722380 396.055048 30
298.224721 396.925128 30
298.727062 397.795208 30
300.234085 400.405447 30
302.243448 403.885767 30
303.248130 405.625926 30
306.764516 411.716486 30
307.266857 412.586565 30
307.769197 413.456645 30
308.271538 414.326725 30
309.276220 416.066885 30
314.801969 425.637764 30
317.313674 429.988163 30
317.816014 430.858243 30
318.820696 432.598403 30
320.327719 435.208642 30
320.830059 436.078722 30
321.834741 437.818882 30
322.337082 438.688962 30
323.341764 440.429121 30
325.853468 444.779521 30
326.355809 445.649601 30
328.365172 449.129920 30
328.867513 450.000000 29
329.873822 450.000000 29
330.880131 450.000000 29
332.892749 450.000000 29
333.899058 450.000000 29
334.905366 450.000000 29
335.911675 450.000000 29
336.917984 450.000000 29
337.924293 450.000000 29
339.936911 450.000000 29
340.943220 450.000000 29
341.949529 450.000000 29
342.955838 450.000000 29
343.962147 450.000000 29
344.968455 450.000000 29
345.974764 450.000000 29
346.981073 450.000000 29
347.987382 450.000000 29
350.000000 450.000000 29
351.006309 450.000000 29
352.012618 450.000000 29
353.018927 450.000000 29
355.031545 450.000000 29
356.037853 450.000000 29
357.044162 450.000000 29
359.056780 450.000000 29
360.063089 450.000000 29
361.069398 450.000000 29
362.075707 450.000000 29
363.082016 450.000000 29
364.088325 450.000000 29
365.094634 450.000000 29
366.100942 450.000000 29
367.107251 450.000000 29
369.119869 450.000000 29
370.126178 450.000000 29
371.132487 450.000000 29
371.132487 450.000000 28
372.138796 448.257022 28
372.641950 447.385533 28
373.648259 445.642555 28
374.654568 443.899577 28
375.157722 443.028088 28
375.660877 442.156599 28
376.667186 440.413620 28
377.170340 439.542131 28
377.673495 438.670642 28
378.176649 437.799153 28
378.679803 436.927664 28
379.182958 436.056175 28
379.686112 435.184686 28
380.189267 434.313197 28
380.692421 433.441708 28
381.195576 432.570219 28
381.698730 431.698730 28
382.201884 430.827241 28
382.705039 429.955752 28
383.208193 429.084263 28
383.711348 428.212774 28
384.214502 427.341285 28
384.717657 426.469796 28
385.220811 425.598307 28
385.723965 424.726818 28
386.227120 423.855329 28
386.730274 422.983840 28
387.233429 422.112350 28
387.736583 421.240861 28
388.239738 420.369372 28
389.246046 418.626394 28
389.749201 417.754905 28
390.755510 416.011927 28
391.258664 415.140438 28
391.761819 414.268949 28
392.264973 413.397460 28
391.762632 412.527380 27
389.753269 409.047061 27
389.250928 408.176981 27
388.748587 407.306901 27
387.743905 405.566741 27
387.241565 404.696661 27
385.734542 402.086422 27
382.218156 395.995862 27
381.715815 395.125783 27
380.711134 393.385623 27
380.208793 392.515543 27
378.199429 389.035223 27
373.678362 381.204504 27
373.176021 380.334425 27
371.166657 376.854105 27
370.664317 375.984025 27
370.161976 375.113945 27
369.659635 374.243865 27
369.157294 373.373786 27
368.152612 371.633626 27
367.147931 369.893466 27
364.133886 364.672987 27
363.129204 362.932827 27
362.626863 362.062747 27
361.119840 359.452508 27
359.110477 355.972188 27
358.608136 355.102108 27
358.105795 354.232028 27
357.101114 352.491868 27
356.598773 351.621789 27
356.096432 350.751709 27
355.594091 349.881629 27
355.091750 349.011549 27
354.087069 347.271389 27
352.580046 344.661150 27
349.063660 338.570590 27
347.054297 335.090271 27
345.044933 331.609951 27
342.030888 326.389472 27
340.523866 323.779232 27
340.021525 322.909153 27
337.509821 318.558753 27
336.002798 315.948514 27
334.998116 314.208354 27
332.486412 309.857954 27
331.481730 308.117795 27
330.979390 307.247715 27
328.970026 303.767395 27
328.467685 302.897315 27
327.463004 301.157156 27
325.955981 298.546916 27
324.951299 296.806756 27
323.444277 294.196517 27
320.932573 289.846117 27
319.425550 287.235878 27
317.918528 284.625638 27
317.416187 283.755558 27
315.406823 280.275239 27
314.904483 279.405159 27
313.899801 277.664999 27
316.411505 276.794919 26
317.416187 276.794919 26
318.420869 276.794919 26
320.430232 276.794919 26
323.444277 276.794919 26
328.467686 276.794919 26
331.481731 276.794919 26
339.519184 276.794919 26
343.537911 276.794919 26
346.551956 276.794919 26
350.570683 276.794919 26
351.575365 276.794919 26
354.589410 276.794919 26
357.603455 276.794919 26
360.617500 276.794919 26
363.631545 276.794919 26
365.640908 276.794919 26
370.664317 276.794919 26
373.678362 276.794919 26
379.706452 276.794919 26
382.720497 276.794919 26
384.729861 276.794919 26
389.753269 276.794919 26
393.771996 276.794919 26
398.795405 276.794919 26
402.814131 276.794919 26
405.828176 276.794919 26
410.851585 276.794919 26
417.884357 276.794919 26
418.889039 276.794919 26
419.893720 276.794919 26
420.898402 276.794919 26
424.917129 276.794919 26
425.921810 276.794919 26
435.968627 276.794919 26
436.973309 276.794919 26
441.996718 276.794919 26
443.001399 276.794919 26
446.015444 276.794919 26
447.020126 276.794919 26
448.024808 276.794919 26
450.034171 276.794919 26
454.052898 276.794919 26
455.057580 276.794919 26
461.085670 276.794919 26
464.099715 276.794919 26
465.104397 276.794919 26
467.113760 276.794919 26
470.127805 276.794919 26
473.141850 273.314600 25
474.648873 270.704360 25
475.653555 268.964200 25
476.155895 268.094120 25
476.658236 267.224040 25
478.165259 264.613801 25
479.169941 262.873641 25
479.672281 262.003561 25
481.681645 258.523242 25
485.700372 251.562603 25
486.705053 249.822443 25
489.216757 245.472044 25
489.719098 244.601964 25
491.226121 241.991724 25
491.728462 241.121644 25
492.230803 240.251564 25
492.733143 239.381484 25
494.240166 236.771245 25
494.742507 235.901165 25
496.249529 233.290925 25
497.756552 230.680686 25
498.258893 229.810606 25
499.765915 227.200366 25
500.268256 226.330286 25
503.784642 220.239727 25
504.789324 218.499568 25
507.301028 214.149168 25
507.803369 213.279088 25
508.305710 212.409008 25
509.310391 210.668849 25
509.812732 209.798769 25
511.319755 207.188529 25
512.324436 205.448369 25
514.333800 201.968050 25
517.347845 196.747571 25
520.864231 190.657012 25
521.366572 189.786932 25
521.868913 188.916852 25
524.380617 184.566453 25
529.404025 175.865654 25
529.906366 174.995574 25
532.418070 170.645175 25
533.422752 168.905015 25
534.427434 167.164855 25
535.432115 165.424695 25
536.436797 163.684536 25
539.953183 157.593976 25
541.962546 154.113657 25
542.464887 153.243577 25
543.469569 151.503417 25
544.474251 149.763258 25
544.976592 148.893178 25
545.981273 147.153018 25
550.000000 140.192379 25
551.004682 141.932539 24
553.516386 146.282938 24
554.521068 148.023098 24
555.525749 149.763258 24
556.028090 150.633337 24
556.530431 151.503417 24
559.042135 155.853817 24
559.544476 156.723897 24
562.056180 161.074296 24
562.558521 161.944376 24
563.563203 163.684536 24
564.065544 164.554615 24
565.070225 166.294775 24
565.572566 167.164855 24
568.586611 172.385334 24
569.088952 173.255414 24
570.093634 174.995574 24
570.595975 175.865654 24
572.102997 178.475893 24
572.605338 179.345973 24
573.107679 180.216053 24
576.121724 185.436532 24
577.628747 188.046772 24
578.633428 189.786932 24
579.135769 190.657012 24
583.154496 197.617651 24
584.661518 200.227890 24
585.666200 201.968050 24
587.675564 205.448369 24
590.187268 209.798769 24
590.689609 210.668849 24
591.191949 211.538929 24
592.698972 214.149168 24
593.201313 215.019248 24
594.708335 217.629488 24
595.713017 219.369647 24
598.224721 223.720047 24
599.731744 226.330286 24
600.234085 227.200366 24
600.736426 228.070446 24
601.741107 229.810606 24
603.750471 233.290925 24
604.755152 235.031085 24
605.257493 235.901165 24
606.262175 237.641325 24
606.764516 238.511405 24
607.769197 240.251564 24
611.285583 246.342123 24
611.787924 247.212203 24
612.290265 248.082283 24
613.797288 250.692523 24
614.801969 252.432683 24
616.308992 255.042922 24
616.811333 255.913002 24
618.820696 259.393322 24
620.327719 262.003561 24
621.834741 264.613801 24
623.844105 268.094120 24
627.862831 275.054759 24
628.365172 275.924839 24
636.904967 276.794919 23
638.914330 276.794919 23
641.928375 276.794919 23
643.937739 276.794919 23
644.942420 276.794919 23
645.947102 276.794919 23
652.979874 276.794919 23
653.984556 276.794919 23
655.993919 276.794919 23
658.003282 276.794919 23
661.017327 276.794919 23
664.031373 276.794919 23
669.054781 276.794919 23
673.073508 276.794919 23
675.082871 276.794919 23
677.092235 276.794919 23
679.101598 276.794919 23
680.106280 276.794919 23
681.110961 276.794919 23
682.115643 276.794919 23
684.125007 276.794919 23
685.129688 276.794919 23
691.157778 276.794919 23
698.190550 276.794919 23
700.199914 276.794919 23
703.213959 276.794919 23
707.232686 276.794919 23
713.260776 276.794919 23
714.265458 276.794919 23
716.274821 276.794919 23
718.284184 276.794919 23
723.307593 276.794919 23
728.331001 276.794919 23
729.335683 276.794919 23
731.345046 276.794919 23
732.349728 276.794919 23
736.368455 276.794919 23
737.373137 276.794919 23
738.377818 276.794919 23
740.387182 276.794919 23
741.391863 276.794919 23
743.401227 276.794919 23
746.415272 276.794919 23
748.424635 276.794919 23
749.429317 276.794919 23
755.457407 276.794919 23
756.462089 276.794919 23
757.466771 276.794919 23
758.471452 276.794919 23
761.485497 276.794919 23
765.504224 276.794919 23
766.508906 276.794919 23
767.513588 276.794919 23
769.522951 276.794919 23
779.569768 276.794919 23
781.579131 276.794919 23
782.583813 276.794919 23
784.593177 276.794919 23
783.588495 282.015398 22
783.086154 282.885478 22
777.560405 292.456357 22
777.058064 293.326437 22
776.053382 295.066596 22
774.044019 298.546916 22
773.541678 299.416996 22
773.039337 300.287076 22
771.532315 302.897315 22
770.527633 304.637475 22
770.025292 305.507555 22
768.015929 308.987875 22
767.513588 309.857954 22
766.006565 312.468194 22
764.499543 315.078434 22
763.997202 315.948514 22
763.494861 316.818593 22
762.992520 317.688673 22
761.987838 319.428833 22
760.983157 321.168993 22
757.466771 327.259552 22
756.964430 328.129632 22
755.457407 330.739871 22
752.945703 335.090271 22
752.443362 335.960351 22
751.941022 336.830431 22
751.438681 337.700511 22
750.936340 338.570590 22
748.926976 342.050910 22
747.922295 343.791070 22
741.391864 355.102108 22
738.377819 360.322587 22
737.875478 361.192667 22
736.368455 363.802907 22
735.866114 364.672987 22
734.861433 366.413147 22
734.359092 367.283226 22
733.856751 368.153306 22
733.354410 369.023386 22
732.852069 369.893466 22
731.345047 372.503706 22
730.842706 373.373786 22
730.340365 374.243865 22
728.833343 376.854105 22
728.331002 377.724185 22
727.326320 379.464345 22
726.321638 381.204504 22
722.805252 387.295064 22
722.302912 388.165144 22
721.298230 389.905303 22
718.284185 395.125783 22
717.279503 396.865942 22
716.777162 397.736022 22
714.767799 401.216342 22
713.763117 402.956501 22
710.246731 409.047061 22
708.739709 411.657300 22
707.735027 413.397460 22
708.238181 414.268949 21
708.741336 415.140438 21
709.244490 416.011927 21
709.747645 416.883416 21
710.250799 417.754905 21
711.257108 419.497883 21
711.760262 420.369372 21
712.263417 421.240861 21
712.766571 422.112350 21
714.276035 424.726818 21
714.779189 425.598307 21
715.282343 426.469796 21
715.785498 427.341285 21
716.288652 428.212774 21
716.791807 429.084263 21
717.294961 429.955752 21
717.798116 430.827241 21
718.301270 431.698730 21
719.307579 433.441708 21
719.810733 434.313197 21
720.817042 436.056175 21
721.320197 436.927664 21
721.823351 437.799153 21
722.326505 438.670642 21
723.332814 440.413620 21
723.835969 441.285110 21
724.339123 442.156599 21
724.842278 443.028088 21
725.345432 443.899577 21
725.848586 444.771066 21
726.351741 445.642555 21
726.854895 446.514044 21
727.358050 447.385533 21
727.861204 448.257022 21
728.364359 449.128511 21
728.867513 450.000000 20
729.873822 450.000000 20
732.892749 450.000000 20
733.899058 450.000000 20
735.911675 450.000000 20
737.924293 450.000000 20
738.930602 450.000000 20
739.936911 450.000000 20
740.943220 450.000000 20
741.949529 450.000000 20
742.955838 450.000000 20
743.962147 450.000000 20
744.968455 450.000000 20
745.974764 450.000000 20
747.987382 450.000000 20
748.993691 450.000000 20
750.000000 450.000000 20
752.012618 450.000000 20
754.025236 450.000000 20
758.050471 450.000000 20
760.063089 450.000000 20
761.069398 450.000000 20
762.075707 450.000000 20
763.082016 450.000000 20
764.088325 450.000000 20
765.094634 450.000000 20
766.100942 450.000000 20
770.126178 450.000000 20
771.132487 450.000000 20
771.132487 450.000000 19
773.644191 445.649601 19
774.146532 444.779521 19
774.648873 443.909441 19
776.155895 441.299201 19
776.658236 440.429121 19
780.676963 433.468482 19
783.691008 428.248003 19
784.193349 427.377923 19
786.202712 423.897604 19
787.207394 422.157444 19
788.714417 419.547204 19
789.216757 418.677125 19
790.221439 416.936965 19
790.723780 416.066885 19
791.728462 414.326725 19
792.230803 413.456645 19
793.737825 410.846406 19
794.240166 409.976326 19
794.742507 409.106246 19
795.244848 408.236166 19
796.249529 406.496006 19
797.254211 404.755847 19
800.268256 399.535367 19
800.770597 398.665288 19
801.775279 396.925128 19
802.779960 395.184968 19
804.789324 391.704649 19
805.291665 390.834569 19
805.794005 389.964489 19
808.808051 384.744010 19
809.812732 383.003850 19
810.817414 381.263690 19
811.319755 380.393610 19
814.333800 375.173131 19
816.845504 370.822732 19
817.347845 369.952652 19
817.850186 369.082572 19
818.854867 367.342412 19
822.873594 360.381773 19
823.878276 358.641613 19
825.385298 356.031374 19
827.897003 351.680974 19
828.901684 349.940815 19
831.915730 344.720335 19
832.418070 343.850256 19
833.422752 342.110096 19
834.929775 339.499856 19
836.436797 336.889617 19
837.441479 335.149457 19
838.446161 333.409297 19
843.469569 324.708498 19
845.478932 321.228179 19
845.981273 320.358099 19
847.488296 317.747859 19
847.990637 316.877779 19
848.995318 315.137620 19
852.009363 316.877779 18
853.516386 319.488019 18
854.018727 320.358099 18
854.521068 321.228179 18
855.023408 322.098259 18
856.028090 323.838418 18
858.539794 328.188818 18
859.042135 329.058898 18
860.046817 330.799057 18
863.060862 336.019537 18
863.563203 336.889617 18
865.572566 340.369936 18
866.074907 341.240016 18
867.079589 342.980176 18
867.581930 343.850256 18
868.586611 345.590415 18
869.591293 347.330575 18
871.600656 350.810895 18
872.102997 351.680974 18
872.605338 352.551054 18
873.107679 353.421134 18
873.610020 354.291214 18
875.117042 356.901454 18
877.628747 361.251853 18
878.131087 362.121933 18
879.135769 363.862093 18
880.642792 366.472332 18
883.154496 370.822732 18
884.159178 372.562891 18
885.666200 375.173131 18
889.182586 381.263690 18
889.684927 382.133770 18
891.191949 384.744010 18
892.196631 386.484169 18
894.708335 390.834569 18
895.210676 391.704649 18
895.713017 392.574728 18
897.722380 396.055048 18
899.229403 398.665288 18
902.243448 403.885767 18
902.745789 404.755847 18
903.248130 405.625926 18
904.252811 407.366086 18
907.266857 412.586565 18
909.778561 416.936965 18
910.280902 417.807045 18
914.801969 425.637764 18
919.825378 434.338562 18
920.327719 435.208642 18
923.341764 440.429121 18
924.346445 442.169281 18
925.351127 443.909441 18
927.360490 447.389760 18
927.862831 448.259840 18
931.873111 450.000000 17
933.876843 450.000000 17
934.878709 450.000000 17
935.880575 450.000000 17
936.882441 450.000000 17
937.884307 450.000000 17
938.886173 450.000000 17
941.891771 450.000000 17
942.893637 450.000000 17
943.895503 450.000000 17
944.897369 450.000000 17
946.901101 450.000000 17
947.902967 450.000000 17
951.910431 450.000000 17
957.921627 450.000000 17
958.923493 450.000000 17
961.929091 450.000000 17
964.934690 450.000000 17
965.936556 450.000000 17
968.942154 450.000000 17
969.944020 450.000000 17
970.945886 450.000000 17
972.949618 450.000000 17
974.953350 450.000000 17
975.955216 450.000000 17
976.957082 450.000000 17
977.958948 450.000000 17
978.960814 450.000000 17
980.964546 450.000000 17
982.968278 450.000000 17
983.970144 450.000000 17
984.972010 450.000000 17
985.973876 450.000000 17
986.975742 450.000000 17
987.977608 450.000000 17
989.981340 450.000000 17
990.983206 450.000000 17
993.988804 450.000000 17
994.990670 450.000000 17
996.994402 450.000000 17
998.998134 450.000000 17
1000.000000 450.000000 17
1000.000000 450.000000 16
1000.000000 453.000000 16
1000.000000 457.000000 16
1000.000000 458.000000 16
1000.000000 465.000000 16
1000.000000 466.000000 16
1000.000000 468.000000 16
1000.000000 469.000000 16
1000.000000 471.000000 16
1000.000000 472.000000 16
1000.000000 473.000000 16
1000.000000 474.000000 16
1000.000000 477.000000 16
1000.000000 479.000000 16
1000.000000 480.000000 16
1000.000000 483.000000 16
1000.000000 484.000000 16
1000.000000 486.000000 16
1000.000000 487.000000 16
1000.000000 488.000000 16
1000.000000 490.000000 16
1000.000000 492.000000 16
1000.000000 493.000000 16
1000.000000 494.000000 16
1000.000000 495.000000 16
1000.000000 497.000000 16
1000.000000 498.000000 16
1000.000000 502.000000 16
1000.000000 503.000000 16
1000.000000 505.000000 16
1000.000000 509.000000 16
1000.000000 510.000000 16
1000.000000 519.000000 16
1000.000000 522.000000 16
1000.000000 523.000000 16
1000.000000 527.000000 16
1000.000000 530.000000 16
1000.000000 533.000000 16
1000.000000 536.000000 16
1000.000000 537.000000 16
1000.000000 538.000000 16
1000.000000 539.000000 16
1000.000000 544.000000 16
1000.000000 545.000000 16
1000.000000 546.000000 16
998.993223 550.000000 15
996.979668 550.000000 15
995.972890 550.000000 15
991.945780 550.000000 15
987.918671 550.000000 15
981.878006 550.000000 15
980.871229 550.000000 15
976.844119 550.000000 15
975.837341 550.000000 15
974.830564 550.000000 15
970.803454 550.000000 15
968.789899 550.000000 15
965.769567 550.000000 15
963.756012 550.000000 15
960.735680 550.000000 15
958.722125 550.000000 15
957.715347 550.000000 15
955.701792 550.000000 15
954.695015 550.000000 15
953.688238 550.000000 15
949.661128 550.000000 15
947.647573 550.000000 15
944.627241 550.000000 15
937.579798 550.000000 15
936.573021 550.000000 15
935.566243 550.000000 15
930.532356 550.000000 15
927.512024 550.000000 15
926.505246 550.000000 15
923.484914 550.000000 15
918.451027 550.000000 15
913.417140 550.000000 15
909.390030 550.000000 15
908.383252 550.000000 15
906.369698 550.000000 15
905.362920 550.000000 15
904.356143 550.000000 15
903.349365 550.000000 15
900.329033 550.000000 15
899.322255 550.000000 15
898.315478 550.000000 15
897.308701 550.000000 15
896.301923 550.000000 15
894.288368 550.000000 15
893.281591 550.000000 15
892.274813 550.000000 15
889.254481 550.000000 15
885.227371 550.000000 15
879.186707 550.000000 15
876.166374 550.000000 15
875.159597 550.000000 15
871.132487 550.000000 15
871.132487 550.000000 14
870.126178 548.257022 14
869.623024 547.385533 14
869.119869 546.514044 14
868.113560 544.771066 14
867.107251 543.028088 14
866.604097 542.156599 14
865.597788 540.413620 14
865.094634 539.542131 14
864.591479 538.670642 14
864.088325 537.799153 14
863.585170 536.927664 14
863.082016 536.056175 14
862.578861 535.184686 14
862.075707 534.313197 14
861.572552 533.441708 14
861.069398 532.570219 14
860.566243 531.698730 14
860.063089 530.827241 14
859.559935 529.955752 14
859.056780 529.084263 14
858.553626 528.212774 14
858.050471 527.341285 14
857.547317 526.469796 14
857.044162 525.598307 14
856.541008 524.726818 14
856.037853 523.855329 14
855.534699 522.983840 14
855.031545 522.112350 14
854.528390 521.240861 14
854.025236 520.369372 14
853.522081 519.497883 14
853.018927 518.626394 14
851.006309 515.140438 14
850.503154 514.268949 14
850.000000 513.397460 14
850.000000 513.397460 13
849.496846 514.268949 13
848.490537 516.011927 13
847.987382 516.883416 13
847.484228 517.754905 13
846.981073 518.626394 13
846.477919 519.497883 13
845.471610 521.240861 13
844.968455 522.112350 13
844.465301 522.983840 13
843.962147 523.855329 13
842.955838 525.598307 13
842.452683 526.469796 13
841.949529 527.341285 13
841.446374 528.212774 13
840.943220 529.084263 13
840.440065 529.955752 13
839.936911 530.827241 13
839.433757 531.698730 13
838.930602 532.570219 13
838.427448 533.441708 13
837.924293 534.313197 13
837.421139 535.184686 13
836.414830 536.927664 13
835.911675 537.799153 13
834.905366 539.542131 13
834.402212 540.413620 13
833.899058 541.285110 13
833.395903 542.156599 13
832.389594 543.899577 13
831.886440 544.771066 13
831.383285 545.642555 13
830.880131 546.514044 13
829.873822 548.257022 13
829.370667 549.128511 13
828.867513 550.000000 13
826.858150 550.000000 12
824.848786 550.000000 12
820.830059 550.000000 12
808.773879 550.000000 12
807.769197 550.000000 12
806.764516 550.000000 12
804.755152 550.000000 12
802.745789 550.000000 12
795.713017 550.000000 12
792.698972 550.000000 12
787.675564 550.000000 12
786.670882 550.000000 12
782.652155 550.000000 12
780.642792 550.000000 12
776.624065 550.000000 12
773.610020 550.000000 12
768.586611 550.000000 12
767.581930 550.000000 12
765.572566 550.000000 12
763.563203 550.000000 12
760.549158 550.000000 12
757.535113 550.000000 12
755.525749 550.000000 12
753.516386 550.000000 12
750.502341 550.000000 12
748.492977 550.000000 12
745.478932 550.000000 12
742.464887 550.000000 12
738.446161 550.000000 12
732.418070 550.000000 12
731.413389 550.000000 12
728.399344 550.000000 12
727.394662 550.000000 12
723.375935 550.000000 12
719.357208 550.000000 12
713.329118 550.000000 12
711.319755 550.000000 12
709.310391 550.000000 12
708.305710 550.000000 12
699.263574 550.000000 12
693.235484 550.000000 12
692.230803 550.000000 12
690.221439 550.000000 12
687.207394 550.000000 12
685.198031 550.000000 12
681.179304 550.000000 12
676.155895 550.000000 12
674.146532 550.000000 12
671.132487 550.000000 12
669.625464 547.389760 11
666.109078 541.299201 11
665.104397 539.559042 11
662.592692 535.208642 11
661.085670 532.598403 11
660.583329 531.728323 11
658.573966 528.248003 11
656.564602 524.767684 11
656.062261 523.897604 11
655.559921 523.027524 11
653.550557 519.547204 11
653.048216 518.677125 11
652.545875 517.807045 11
651.541194 516.066885 11
651.038853 515.196805 11
650.536512 514.326725 11
649.531830 512.586565 11
648.527149 510.846406 11
644.508422 503.885767 11
641.996717 499.535367 11
641.494377 498.665288 11
639.987354 496.055048 11
637.475650 491.704649 11
636.470968 489.964489 11
635.466286 488.224329 11
633.456923 484.744010 11
632.954582 483.873930 11
632.452241 483.003850 11
631.949900 482.133770 11
631.447560 481.263690 11
630.945219 480.393610 11
629.940537 478.653450 11
628.935855 476.913291 11
627.428833 474.303051 11
626.424151 472.562891 11
625.921810 471.692811 11
625.419469 470.822732 11
623.912447 468.212492 11
622.907765 466.472332 11
622.405424 465.602252 11
619.893720 461.251853 11
618.889038 459.511693 11
618.386697 458.641613 11
617.884357 457.771534 11
617.382016 456.901454 11
616.377334 455.161294 11
615.372652 453.421134 11
613.363289 449.940815 11
612.358607 448.200655 11
609.846903 443.850256 11
609.344562 442.980176 11
608.339880 441.240016 11
607.335199 439.499856 11
603.818813 433.409297 11
600.302427 427.318738 11
599.297745 425.578578 11
598.293063 423.838418 11
596.283700 420.358099 11
595.781359 419.488019 11
594.274336 416.877779 11
593.771996 416.007700 11
592.767314 414.267540 11
592.264973 413.397460 11
592.264973 413.397460 10
592.768127 412.525971 10
593.271282 411.654482 10
595.283900 408.168526 10
595.787054 407.297036 10
596.793363 405.554058 10
597.296518 404.682569 10
597.799672 403.811080 10
598.302826 402.939591 10
598.805981 402.068102 10
599.309135 401.196613 10
599.812290 400.325124 10
600.315444 399.453635 10
600.818599 398.582146 10
601.321753 397.710657 10
602.831216 395.096190 10
603.334371 394.224700 10
603.837525 393.353211 10
604.340680 392.481722 10
604.843834 391.610233 10
605.346989 390.738744 10
605.850143 389.867255 10
606.353298 388.995766 10
606.856452 388.124277 10
607.359607 387.252788 10
607.862761 386.381299 10
608.365915 385.509810 10
608.869070 384.638321 10
609.372224 383.766832 10
609.875379 382.895342 10
610.378533 382.023853 10
610.881688 381.152364 10
611.887997 379.409386 10
612.391151 378.537897 10
612.894306 377.666408 10
613.397460 376.794919 10
613.397460 376.794919 9
612.391151 376.794919 9
609.372224 376.794919 9
608.365916 376.794919 9
607.359607 376.794919 9
605.346989 376.794919 9
602.328062 376.794919 9
599.309136 376.794919 9
598.302827 376.794919 9
597.296518 376.794919 9
596.290209 376.794919 9
595.283900 376.794919 9
594.277591 376.794919 9
593.271282 376.794919 9
592.264973 376.794919 9
591.258665 376.794919 9
589.246047 376.794919 9
588.239738 376.794919 9
587.233429 376.794919 9
586.227120 376.794919 9
585.220811 376.794919 9
584.214502 376.794919 9
582.201885 376.794919 9
580.189267 376.794919 9
577.170340 376.794919 9
576.164031 376.794919 9
575.157723 376.794919 9
574.151414 376.794919 9
572.138796 376.794919 9
571.132487 376.794919 9
571.132487 376.794919 8
570.629333 375.923430 8
570.126178 375.051941 8
569.119869 373.308963 8
568.616715 372.437474 8
567.610406 370.694496 8
567.107251 369.823007 8
566.604097 368.951518 8
565.597788 367.208539 8
565.094634 366.337050 8
564.591479 365.465561 8
564.088325 364.594072 8
563.585170 363.722583 8
563.082016 362.851094 8
562.578861 361.979605 8
562.075707 361.108116 8
561.572552 360.236627 8
561.069398 359.365138 8
560.566243 358.493649 8
560.063089 357.622160 8
559.559935 356.750671 8
559.056780 355.879182 8
558.553626 355.007693 8
558.050471 354.136204 8
557.547317 353.264715 8
557.044162 352.393226 8
556.541008 351.521737 8
556.037853 350.650248 8
555.534699 349.778759 8
555.031545 348.907269 8
554.528390 348.035780 8
554.025236 347.164291 8
553.522081 346.292802 8
553.018927 345.421313 8
552.515772 344.549824 8
552.012618 343.678335 8
551.509463 342.806846 8
551.006309 341.935357 8
550.000000 340.192379 8
550.000000 340.192379 7
549.496846 341.063868 7
548.993691 341.935357 7
548.490537 342.806846 7
547.987382 343.678335 7
547.484228 344.549824 7
546.477919 346.292802 7
545.974764 347.164291 7
544.968455 348.907269 7
544.465301 349.778759 7
543.458992 351.521737 7
542.955838 352.393226 7
542.452683 353.264715 7
541.446374 355.007693 7
540.943220 355.879182 7
540.440065 356.750671 7
539.936911 357.622160 7
539.433757 358.493649 7
538.930602 359.365138 7
538.427448 360.236627 7
537.924293 361.108116 7
537.421139 361.979605 7
536.414830 363.722583 7
535.911675 364.594072 7
535.408521 365.465561 7
533.899058 368.080029 7
533.395903 368.951518 7
532.892749 369.823007 7
532.389594 370.694496 7
531.886440 371.565985 7
531.383285 372.437474 7
530.880131 373.308963 7
529.873822 375.051941 7
529.370667 375.923430 7
528.867513 376.794919 7
528.867513 376.794919 6
527.861204 376.794919 6
526.854895 376.794919 6
525.848586 376.794919 6
524.842277 376.794919 6
523.835969 376.794919 6
522.829660 376.794919 6
521.823351 376.794919 6
520.817042 376.794919 6
519.810733 376.794919 6
518.804424 376.794919 6
517.798115 376.794919 6
516.791806 376.794919 6
515.785498 376.794919 6
514.779189 376.794919 6
513.772880 376.794919 6
511.760262 376.794919 6
510.753953 376.794919 6
509.747644 376.794919 6
508.741335 376.794919 6
506.728718 376.794919 6
505.722409 376.794919 6
504.716100 376.794919 6
501.697173 376.794919 6
500.690864 376.794919 6
499.684555 376.794919 6
498.678247 376.794919 6
497.671938 376.794919 6
496.665629 376.794919 6
495.659320 376.794919 6
493.646702 376.794919 6
492.640393 376.794919 6
491.634084 376.794919 6
490.627776 376.794919 6
489.621467 376.794919 6
488.615158 376.794919 6
487.608849 376.794919 6
486.602540 376.794919 6
486.602540 376.794919 5
487.105694 377.666408 5
487.608849 378.537897 5
488.615158 380.280875 5
489.118312 381.152364 5
489.621467 382.023853 5
490.124621 382.895342 5
490.627776 383.766832 5
491.634085 385.509810 5
492.137239 386.381299 5
492.640393 387.252788 5
493.143548 388.124277 5
493.646702 388.995766 5
494.149857 389.867255 5
494.653011 390.738744 5
495.659320 392.481722 5
496.162475 393.353211 5
496.665629 394.224700 5
497.671938 395.967679 5
498.175092 396.839168 5
498.678247 397.710657 5
499.181401 398.582146 5
499.684556 399.453635 5
500.690865 401.196613 5
501.194019 402.068102 5
501.697174 402.939591 5
502.200328 403.811080 5
502.703482 404.682569 5
503.206637 405.554058 5
503.709791 406.425547 5
504.212946 407.297036 5
504.716100 408.168526 5
505.722409 409.911504 5
506.728718 411.654482 5
507.231873 412.525971 5
505.725664 416.877779 4
502.711618 422.098259 4
498.692892 429.058898 4
496.683528 432.539217 4
496.181187 433.409297 4
495.678847 434.279377 4
494.674165 436.019537 4
493.669483 437.759696 4
493.167142 438.629776 4
491.660120 441.240016 4
491.157779 442.110096 4
489.650756 444.720335 4
488.143734 447.330575 4
487.641393 448.200655 4
487.139052 449.070735 4
486.636711 449.940815 4
486.134370 450.810895 4
485.632029 451.680974 4
484.125007 454.291214 4
482.617984 456.901454 4
480.106280 461.251853 4
476.087553 468.212492 4
475.585212 469.082572 4
475.082872 469.952652 4
473.575849 472.562891 4
471.064145 476.913291 4
470.561804 477.783371 4
467.045418 483.873930 4
466.543077 484.744010 4
466.040736 485.614089 4
465.538395 486.484169 4
463.026691 490.834569 4
462.524350 491.704649 4
462.022009 492.574728 4
461.017328 494.314888 4
460.514987 495.184968 4
459.510305 496.925128 4
458.003283 499.535367 4
456.998601 501.275527 4
455.491578 503.885767 4
452.979874 508.236166 4
451.472851 510.846406 4
450.970511 511.716486 4
449.463488 514.326725 4
447.956465 516.936965 4
444.942420 522.157444 4
444.440079 523.027524 4
443.937739 523.897604 4
442.933057 525.637764 4
440.923693 529.118083 4
439.919012 530.858243 4
439.416671 531.728323 4
437.407308 535.208642 4
436.904967 536.078722 4
435.900285 537.818882 4
435.397944 538.688962 4
431.881558 544.779521 4
431.379217 545.649601 4
430.876876 546.519681 4
428.867513 550.000000 3
427.862831 550.000000 3
422.839423 550.000000 3
421.834741 550.000000 3
418.820696 550.000000 3
413.797288 550.000000 3
411.787924 550.000000 3
407.769197 550.000000 3
405.759834 550.000000 3
400.736426 550.000000 3
398.727062 550.000000 3
395.713017 550.000000 3
393.703654 550.000000 3
392.698972 550.000000 3
391.694290 550.000000 3
390.689609 550.000000 3
389.684927 550.000000 3
384.661518 550.000000 3
382.652155 550.000000 3
380.642792 550.000000 3
374.614702 550.000000 3
371.600656 550.000000 3
370.595975 550.000000 3
368.586611 550.000000 3
362.558521 550.000000 3
357.535113 550.000000 3
353.516386 550.000000 3
344.474251 550.000000 3
343.469569 550.000000 3
336.436797 550.000000 3
335.432115 550.000000 3
334.427434 550.000000 3
331.413389 550.000000 3
328.399344 550.000000 3
323.375935 550.000000 3
322.371253 550.000000 3
313.329118 550.000000 3
309.310391 550.000000 3
307.301028 550.000000 3
306.296346 550.000000 3
303.282301 550.000000 3
302.277620 550.000000 3
301.272938 550.000000 3
299.263574 550.000000 3
297.254211 550.000000 3
294.240166 550.000000 3
291.226121 550.000000 3
290.221439 550.000000 3
289.216757 550.000000 3
288.212076 550.000000 3
287.207394 550.000000 3
286.202712 550.000000 3
285.198031 550.000000 3
282.183986 550.000000 3
279.169941 550.000000 3
274.146532 550.000000 3
271.132487 550.000000 2
270.629333 549.128511 2
270.126178 548.257022 2
269.119869 546.514044 2
268.616715 545.642555 2
267.610406 543.899577 2
267.107251 543.028088 2
266.604097 542.156599 2
266.100942 541.285110 2
265.597788 540.413620 2
265.094634 539.542131 2
264.591479 538.670642 2
264.088325 537.799153 2
263.585170 536.927664 2
263.082016 536.056175 2
262.578861 535.184686 2
262.075707 534.313197 2
261.572552 533.441708 2
261.069398 532.570219 2
260.566244 531.698730 2
260.063089 530.827241 2
259.056780 529.084263 2
258.553626 528.212774 2
258.050471 527.341285 2
256.541008 524.726818 2
256.037853 523.855329 2
255.534699 522.983840 2
255.031545 522.112350 2
254.528390 521.240861 2
254.025236 520.369372 2
253.522081 519.497883 2
252.515772 517.754905 2
252.012618 516.883416 2
251.509463 516.011927 2
251.006309 515.140438 2
250.503154 514.268949 2
250.000000 513.397460 1
248.993691 515.140438 1
248.490537 516.011927 1
247.987382 516.883416 1
247.484228 517.754905 1
246.981073 518.626394 1
246.477919 519.497883 1
245.974764 520.369372 1
245.471610 521.240861 1
244.968455 522.112350 1
244.465301 522.983840 1
243.962147 523.855329 1
242.452683 526.469796 1
241.949529 527.341285 1
240.943220 529.084263 1
240.440065 529.955752 1
239.936911 530.827241 1
239.433757 531.698730 1
238.930602 532.570219 1
237.924293 534.313197 1
237.421139 535.184686 1
236.917984 536.056175 1
236.414830 536.927664 1
235.911675 537.799153 1
235.408521 538.670642 1
234.905366 539.542131 1
234.402212 540.413620 1
233.899058 541.285110 1
233.395903 542.156599 1
231.886440 544.771066 1
229.873822 548.257022 1
229.370667 549.128511 1
228.867513 550.000000 1
225.847181 550.000000 0
223.833626 550.000000 0
215.779406 550.000000 0
213.765851 550.000000 0
199.670967 550.000000 0
195.643857 550.000000 0
193.630302 550.000000 0
191.616748 550.000000 0
176.515086 550.000000 0
173.494754 550.000000 0
172.487976 550.000000 0
168.460866 550.000000 0
166.447311 550.000000 0
164.433757 550.000000 0
163.426979 550.000000 0
162.420202 550.000000 0
158.393092 550.000000 0
157.386314 550.000000 0
156.379537 550.000000 0
153.359205 550.000000 0
152.352427 550.000000 0
151.345650 550.000000 0
150.338872 550.000000 0
147.318540 550.000000 0
146.311762 550.000000 0
144.298208 550.000000 0
141.277875 550.000000 0
138.257543 550.000000 0
136.243988 550.000000 0
134.230433 550.000000 0
133.223656 550.000000 0
126.176214 550.000000 0
123.155881 550.000000 0
121.142326 550.000000 0
118.121994 550.000000 0
110.067774 550.000000 0
100.000000 550.000000 0
