800
105.002444 450.000000 20
111.005378 450.000000 20
119.009289 450.000000 20
120.009778 450.000000 20
124.011733 450.000000 20
126.012711 450.000000 20
127.013200 450.000000 20
136.017600 450.000000 20
137.018089 450.000000 20
139.019066 450.000000 20
144.021511 450.000000 20
145.022000 450.000000 20
147.022977 450.000000 20
153.025911 450.000000 20
164.031288 450.000000 20
165.031777 450.000000 20
169.033733 450.000000 20
171.034711 450.000000 20
177.037644 450.000000 20
180.039111 450.000000 20
181.039599 450.000000 20
182.040088 450.000000 20
189.043510 450.000000 20
209.053288 450.000000 20
224.060621 450.000000 20
229.063066 450.000000 20
230.063555 450.000000 20
231.064044 450.000000 20
234.065510 450.000000 20
239.067955 450.000000 20
244.070399 450.000000 20
251.073821 450.000000 20
264.080177 450.000000 20
277.086532 450.000000 20
282.088977 450.000000 20
283.089465 450.000000 20
299.097288 450.000000 20
309.102176 450.000000 20
312.103643 450.000000 20
316.105598 450.000000 20
332.113421 450.000000 20
333.113909 450.000000 20
347.120754 450.000000 20
350.122220 450.000000 20
352.123198 450.000000 20
370.131998 450.000000 20
371.132487 450.000000 19
371.635641 449.128511 19
372.138796 448.257022 19
372.641950 447.385533 19
373.145105 446.514044 19
373.648259 445.642555 19
374.151414 444.771066 19
375.660877 442.156599 19
376.164031 441.285110 19
376.667186 440.413620 19
377.673495 438.670642 19
378.176649 437.799153 19
379.686112 435.184686 19
380.189267 434.313197 19
380.692421 433.441708 19
381.698730 431.698730 19
382.705039 429.955752 19
383.208193 429.084263 19
383.711348 428.212774 19
384.717657 426.469796 19
385.220811 425.598307 19
386.227120 423.855329 19
386.730274 422.983840 19
387.736583 421.240861 19
388.239738 420.369372 19
388.742892 419.497883 19
389.246046 418.626394 19
389.749201 417.754905 19
390.252355 416.883416 19
390.755510 416.011927 19
391.258664 415.140438 19
392.264973 413.397460 19
392.264973 413.397460 18
391.260291 411.657300 18
390.757950 410.787220 18
387.241565 404.696661 18
385.734542 402.086422 18
384.227519 399.476182 18
379.706452 391.645463 18
379.204111 390.775383 18
378.199429 389.035223 18
376.692407 386.424984 18
376.190066 385.554904 18
373.678362 381.204504 18
372.673680 379.464345 18
371.166657 376.854105 18
370.664317 375.984025 18
368.152612 371.633626 18
367.147931 369.893466 18
362.626863 362.062747 18
361.622181 360.322587 18
358.608136 355.102108 18
358.105795 354.232028 18
357.603455 353.361948 18
357.101114 352.491868 18
352.077705 343.791070 18
350.570683 341.180830 18
348.561319 337.700511 18
347.556638 335.960351 18
346.049615 333.350111 18
343.035570 328.129632 18
342.533229 327.259552 18
342.030888 326.389472 18
340.523866 323.779232 18
334.495776 313.338274 18
333.491094 311.598114 18
332.486412 309.857954 18
331.481730 308.117795 18
330.477049 306.377635 18
329.974708 305.507555 18
328.467685 302.897315 18
327.463004 301.157156 18
325.453640 297.676836 18
324.448959 295.936676 18
322.941936 293.326437 18
322.439595 292.456357 18
318.923209 286.365798 18
318.420868 285.495718 18
314.904483 279.405159 18
314.402142 278.535079 18
313.899801 277.664999 18
313.397460 276.794919 17
316.411505 276.794919 17
318.420869 276.794919 17
320.430232 276.794919 17
321.434914 276.794919 17
327.463004 276.794919 17
332.486412 276.794919 17
335.500457 276.794919 17
336.505139 276.794919 17
337.509821 276.794919 17
343.537911 276.794919 17
344.542593 276.794919 17
345.547274 276.794919 17
346.551956 276.794919 17
350.570683 276.794919 17
354.589410 276.794919 17
356.598773 276.794919 17
360.617500 276.794919 17
364.636227 276.794919 17
366.645590 276.794919 17
370.664317 276.794919 17
371.668999 276.794919 17
382.720497 276.794919 17
383.725179 276.794919 17
384.729861 276.794919 17
389.753269 276.794919 17
390.757951 276.794919 17
398.795405 276.794919 17
400.804768 276.794919 17
402.814131 276.794919 17
403.818813 276.794919 17
410.851585 276.794919 17
412.860948 276.794919 17
421.903084 276.794919 17
424.917129 276.794919 17
426.926492 276.794919 17
427.931174 276.794919 17
428.935856 276.794919 17
429.940537 276.794919 17
430.945219 276.794919 17
433.959264 276.794919 17
434.963946 276.794919 17
435.968627 276.794919 17
438.982673 276.794919 17
441.996718 276.794919 17
444.006081 276.794919 17
447.020126 276.794919 17
452.043535 276.794919 17
453.048216 276.794919 17
456.062261 276.794919 17
457.066943 276.794919 17
458.071625 276.794919 17
462.090352 276.794919 17
468.118442 276.794919 17
472.639510 274.184679 16
473.141850 273.314600 16
474.146532 271.574440 16
474.648873 270.704360 16
475.653555 268.964200 16
479.672281 262.003561 16
481.179304 259.393322 16
482.686326 256.783082 16
483.691008 255.042922 16
485.198031 252.432683 16
485.700372 251.562603 16
488.212076 247.212203 16
488.714417 246.342123 16
489.719098 244.601964 16
491.226121 241.991724 16
493.737825 237.641325 16
494.742507 235.901165 16
495.244848 235.031085 16
496.249529 233.290925 16
496.751870 232.420845 16
498.258893 229.810606 16
499.263574 228.070446 16
499.765915 227.200366 16
500.268256 226.330286 16
501.272938 224.590127 16
504.789324 218.499568 16
505.291665 217.629488 16
507.301028 214.149168 16
507.803369 213.279088 16
508.305710 212.409008 16
509.812732 209.798769 16
512.324436 205.448369 16
514.333800 201.968050 16
516.343163 198.487730 16
516.845504 197.617651 16
518.352527 195.007411 16
520.864231 190.657012 16
521.868913 188.916852 16
522.371253 188.046772 16
530.911048 173.255414 16
533.925093 168.034935 16
535.934456 164.554615 16
536.939138 162.814456 16
537.943820 161.074296 16
543.469569 151.503417 16
545.478932 148.023098 16
548.995318 141.932539 16
550.502341 141.062459 15
552.511704 144.542778 15
553.014045 145.412858 15
553.516386 146.282938 15
554.018727 147.153018 15
556.530431 151.503417 15
558.539794 154.983737 15
559.042135 155.853817 15
559.544476 156.723897 15
561.553839 160.204216 15
563.060862 162.814456 15
564.065544 164.554615 15
565.070225 166.294775 15
565.572566 167.164855 15
566.577248 168.905015 15
573.107679 180.216053 15
573.610020 181.086133 15
574.112361 181.956213 15
574.614702 182.826293 15
576.121724 185.436532 15
576.624065 186.306612 15
579.638110 191.527091 15
580.140451 192.397171 15
580.642792 193.267251 15
581.647473 195.007411 15
589.684927 208.928689 15
590.689609 210.668849 15
593.201313 215.019248 15
593.703654 215.889328 15
596.215358 220.239727 15
600.736426 228.070446 15
602.243448 230.680686 15
603.750471 233.290925 15
607.769197 240.251564 15
608.773879 241.991724 15
611.285583 246.342123 15
612.792606 248.952363 15
614.299628 251.562603 15
615.806651 254.172842 15
617.313674 256.783082 15
618.318355 258.523242 15
622.839423 266.353961 15
623.844105 268.094120 15
626.858150 273.314600 15
639.919012 276.794919 14
640.923693 276.794919 14
644.942420 276.794919 14
645.947102 276.794919 14
650.970510 276.794919 14
658.003282 276.794919 14
659.007964 276.794919 14
663.026691 276.794919 14
668.050099 276.794919 14
672.068826 276.794919 14
674.078190 276.794919 14
676.087553 276.794919 14
678.096916 276.794919 14
684.125007 276.794919 14
686.134370 276.794919 14
689.148415 276.794919 14
693.167142 276.794919 14
698.190550 276.794919 14
699.195232 276.794919 14
710.246731 276.794919 14
717.279503 276.794919 14
719.288866 276.794919 14
721.298229 276.794919 14
724.312275 276.794919 14
730.340365 276.794919 14
734.359092 276.794919 14
740.387182 276.794919 14
741.391863 276.794919 14
747.419954 276.794919 14
750.433999 276.794919 14
755.457407 276.794919 14
762.490179 276.794919 14
783.588495 276.794919 14
785.597858 278.535079 13
785.095517 279.405159 13
782.583813 283.755558 13
781.579132 285.495718 13
780.072109 288.105957 13
775.551041 295.936676 13
775.048701 296.806756 13
774.044019 298.546916 13
773.541678 299.416996 13
773.039337 300.287076 13
771.532315 302.897315 13
770.025292 305.507555 13
767.513588 309.857954 13
765.001884 314.208354 13
763.997202 315.948514 13
762.992520 317.688673 13
760.983157 321.168993 13
758.973793 324.649312 13
758.471453 325.519392 13
756.462089 328.999712 13
755.457407 330.739871 13
753.448044 334.220191 13
750.433999 339.440670 13
746.415272 346.401309 13
744.908250 349.011549 13
743.903568 350.751709 13
742.898886 352.491868 13
740.889523 355.972188 13
739.884841 357.712348 13
738.880160 359.452508 13
738.377819 360.322587 13
737.875478 361.192667 13
736.870796 362.932827 13
736.368455 363.802907 13
734.861433 366.413147 13
733.354410 369.023386 13
732.852069 369.893466 13
732.349729 370.763546 13
730.340365 374.243865 13
727.828661 378.594265 13
727.326320 379.464345 13
726.823979 380.334425 13
725.819297 382.074584 13
724.814616 383.814744 13
723.809934 385.554904 13
720.795889 390.775383 13
717.781844 395.995862 13
716.777162 397.736022 13
715.270140 400.346262 13
714.767799 401.216342 13
713.763117 402.956501 13
709.744390 409.917140 13
708.237368 412.527380 13
707.735027 413.397460 13
707.735027 413.397460 12
708.741336 415.140438 12
709.244490 416.011927 12
709.747645 416.883416 12
710.250799 417.754905 12
710.753954 418.626394 12
711.257108 419.497883 12
713.269726 422.983840 12
713.772880 423.855329 12
714.276035 424.726818 12
715.785498 427.341285 12
716.791807 429.084263 12
717.294961 429.955752 12
717.798116 430.827241 12
718.301270 431.698730 12
719.307579 433.441708 12
719.810733 434.313197 12
720.313888 435.184686 12
720.817042 436.056175 12
721.320197 436.927664 12
721.823351 437.799153 12
722.326505 438.670642 12
723.332814 440.413620 12
723.835969 441.285110 12
724.842278 443.028088 12
725.848586 444.771066 12
726.854895 446.514044 12
727.861204 448.257022 12
728.867513 450.000000 12
731.868980 450.000000 11
734.870446 450.000000 11
737.871913 450.000000 11
740.873380 450.000000 11
741.873868 450.000000 11
752.879246 450.000000 11
753.879735 450.000000 11
773.889513 450.000000 11
776.890979 450.000000 11
781.893424 450.000000 11
782.893913 450.000000 11
787.896357 450.000000 11
789.897335 450.000000 11
795.900268 450.000000 11
803.904179 450.000000 11
804.904668 450.000000 11
815.910046 450.000000 11
853.928623 450.000000 11
857.930579 450.000000 11
858.931068 450.000000 11
859.931557 450.000000 11
886.944756 450.000000 11
888.945734 450.000000 11
899.951112 450.000000 11
900.951601 450.000000 11
905.954045 450.000000 11
906.954534 450.000000 11
911.956978 450.000000 11
917.959912 450.000000 11
921.961867 450.000000 11
922.962356 450.000000 11
926.964312 450.000000 11
937.969689 450.000000 11
940.971156 450.000000 11
942.972134 450.000000 11
945.973600 450.000000 11
946.974089 450.000000 11
961.981422 450.000000 11
969.985334 450.000000 11
976.988756 450.000000 11
1000.000000 452.000000 10
1000.000000 456.000000 10
1000.000000 457.000000 10
1000.000000 458.000000 10
1000.000000 459.000000 10
1000.000000 460.000000 10
1000.000000 463.000000 10
1000.000000 466.000000 10
1000.000000 469.000000 10
1000.000000 475.000000 10
1000.000000 477.000000 10
1000.000000 478.000000 10
1000.000000 482.000000 10
1000.000000 484.000000 10
1000.000000 487.000000 10
1000.000000 488.000000 10
1000.000000 493.000000 10
1000.000000 494.000000 10
1000.000000 497.000000 10
1000.000000 500.000000 10
1000.000000 505.000000 10
1000.000000 506.000000 10
1000.000000 507.000000 10
1000.000000 512.000000 10
1000.000000 516.000000 10
1000.000000 522.000000 10
1000.000000 528.000000 10
1000.000000 531.000000 10
1000.000000 538.000000 10
1000.000000 548.000000 10
994.986776 550.000000 9
970.923299 550.000000 9
961.899495 550.000000 9
960.896851 550.000000 9
959.894206 550.000000 9
956.886271 550.000000 9
952.875692 550.000000 9
951.873047 550.000000 9
949.867757 550.000000 9
937.836019 550.000000 9
932.822795 550.000000 9
929.814860 550.000000 9
916.780477 550.000000 9
909.761963 550.000000 9
896.727580 550.000000 9
895.724935 550.000000 9
886.701131 550.000000 9
878.679972 550.000000 9
876.674683 550.000000 9
868.653524 550.000000 9
867.650879 550.000000 9
851.608561 550.000000 9
848.600627 550.000000 9
846.595337 550.000000 9
844.590047 550.000000 9
842.584757 550.000000 9
837.571533 550.000000 9
836.568888 550.000000 9
833.560954 550.000000 9
831.555664 550.000000 9
829.550374 550.000000 9
825.539795 550.000000 9
821.529216 550.000000 9
819.523926 550.000000 9
780.420776 550.000000 9
777.412842 550.000000 9
776.410197 550.000000 9
763.375814 550.000000 9
762.373169 550.000000 9
753.349365 550.000000 9
747.333496 550.000000 9
744.325562 550.000000 9
729.285889 550.000000 9
720.262085 550.000000 9
707.227702 550.000000 9
699.206543 550.000000 9
698.203898 550.000000 9
697.201253 550.000000 9
689.180094 550.000000 9
687.174805 550.000000 9
684.166870 550.000000 9
676.145711 550.000000 9
675.143066 550.000000 9
671.132487 550.000000 9
670.127805 548.259840 8
666.109078 541.299201 8
662.592692 535.208642 8
661.085670 532.598403 8
660.080988 530.858243 8
654.052898 520.417284 8
649.531830 512.586565 8
648.527149 510.846406 8
647.522467 509.106246 8
645.010763 504.755847 8
642.499058 500.405447 8
640.992036 497.795208 8
632.452241 483.003850 8
631.447560 481.263690 8
630.442878 479.523530 8
628.433514 476.043211 8
627.428833 474.303051 8
626.926492 473.432971 8
623.912447 468.212492 8
622.907765 466.472332 8
618.386697 458.641613 8
617.382016 456.901454 8
615.372652 453.421134 8
614.870311 452.551054 8
612.860948 449.070735 8
611.353925 446.460495 8
608.842221 442.110096 8
607.335199 439.499856 8
606.832858 438.629776 8
605.828176 436.889617 8
604.823494 435.149457 8
599.297745 425.578578 8
598.293063 423.838418 8
594.776677 417.747859 8
592.767314 414.267540 8
592.768127 412.525971 7
593.271282 411.654482 7
593.774436 410.782993 7
594.277591 409.911504 7
595.787054 407.297036 7
596.290209 406.425547 7
597.296518 404.682569 7
597.799672 403.811080 7
598.302826 402.939591 7
598.805981 402.068102 7
600.315444 399.453635 7
600.818599 398.582146 7
601.321753 397.710657 7
602.328062 395.967679 7
603.334371 394.224700 7
604.340680 392.481722 7
604.843834 391.610233 7
605.346989 390.738744 7
606.856452 388.124277 7
607.359607 387.252788 7
607.862761 386.381299 7
608.365915 385.509810 7
608.869070 384.638321 7
609.372224 383.766832 7
611.384842 380.280875 7
611.887997 379.409386 7
612.391151 378.537897 7
613.397460 376.794919 7
613.397460 376.794919 6
612.391151 376.794919 6
611.384842 376.794919 6
610.378533 376.794919 6
609.372224 376.794919 6
608.365916 376.794919 6
606.353298 376.794919 6
605.346989 376.794919 6
600.315445 376.794919 6
598.302827 376.794919 6
597.296518 376.794919 6
596.290209 376.794919 6
593.271282 376.794919 6
591.258665 376.794919 6
589.246047 376.794919 6
586.227120 376.794919 6
585.220811 376.794919 6
584.214502 376.794919 6
583.208194 376.794919 6
582.201885 376.794919 6
580.189267 376.794919 6
579.182958 376.794919 6
578.176649 376.794919 6
576.164031 376.794919 6
575.157723 376.794919 6
574.151414 376.794919 6
572.138796 376.794919 6
571.132487 376.794919 6
570.629333 375.923430 5
570.126178 375.051941 5
569.119869 373.308963 5
568.616715 372.437474 5
567.610406 370.694496 5
567.107251 369.823007 5
566.100942 368.080029 5
564.591479 365.465561 5
564.088325 364.594072 5
563.585170 363.722583 5
563.082016 362.851094 5
562.578861 361.979605 5
561.572552 360.236627 5
561.069398 359.365138 5
560.566243 358.493649 5
560.063089 357.622160 5
559.559935 356.750671 5
559.056780 355.879182 5
558.553626 355.007693 5
558.050471 354.136204 5
557.547317 353.264715 5
557.044162 352.393226 5
555.534699 349.778759 5
554.528390 348.035780 5
554.025236 347.164291 5
553.522081 346.292802 5
553.018927 345.421313 5
552.515772 344.549824 5
552.012618 343.678335 5
551.509463 342.806846 5
550.503154 341.063868 5
550.000000 340.192379 4
548.490537 342.806846 4
547.987382 343.678335 4
546.981073 345.421313 4
545.974764 347.164291 4
545.471610 348.035780 4
544.968455 348.907269 4
543.962147 350.650248 4
543.458992 351.521737 4
541.949529 354.136204 4
541.446374 355.007693 4
540.943220 355.879182 4
539.936911 357.622160 4
539.433757 358.493649 4
538.930602 359.365138 4
538.427448 360.236627 4
537.421139 361.979605 4
536.917984 362.851094 4
536.414830 363.722583 4
535.911675 364.594072 4
535.408521 365.465561 4
534.905366 366.337050 4
534.402212 367.208539 4
533.899058 368.080029 4
532.389594 370.694496 4
531.886440 371.565985 4
530.880131 373.308963 4
530.376976 374.180452 4
529.370667 375.923430 4
528.867513 376.794919 4
528.867513 376.794919 3
526.854895 376.794919 3
525.848586 376.794919 3
524.842277 376.794919 3
523.835969 376.794919 3
521.823351 376.794919 3
516.791806 376.794919 3
515.785498 376.794919 3
512.766571 376.794919 3
511.760262 376.794919 3
509.747644 376.794919 3
507.735027 376.794919 3
505.722409 376.794919 3
503.709791 376.794919 3
502.703482 376.794919 3
501.697173 376.794919 3
500.690864 376.794919 3
498.678247 376.794919 3
496.665629 376.794919 3
494.653011 376.794919 3
491.634084 376.794919 3
486.602540 376.794919 2
487.105694 377.666408 2
487.608849 378.537897 2
488.112003 379.409386 2
488.615158 380.280875 2
489.118312 381.152364 2
490.124621 382.895342 2
490.627776 383.766832 2
491.130930 384.638321 2
491.634085 385.509810 2
492.137239 386.381299 2
492.640393 387.252788 2
493.143548 388.124277 2
493.646702 388.995766 2
494.149857 389.867255 2
494.653011 390.738744 2
495.156166 391.610233 2
495.659320 392.481722 2
496.162475 393.353211 2
496.665629 394.224700 2
497.168784 395.096190 2
497.671938 395.967679 2
498.175092 396.839168 2
498.678247 397.710657 2
499.181401 398.582146 2
500.187710 400.325124 2
500.690865 401.196613 2
501.194019 402.068102 2
501.697174 402.939591 2
502.200328 403.811080 2
502.703482 404.682569 2
503.709791 406.425547 2
504.212946 407.297036 2
504.716100 408.168526 2
505.219255 409.040015 2
506.728718 411.654482 2
507.231873 412.525971 2
507.735027 413.397460 2
507.735027 413.397460 1
502.711618 422.098259 1
500.702255 425.578578 1
497.185869 431.669137 1
496.683528 432.539217 1
495.678847 434.279377 1
491.660120 441.240016 1
488.143734 447.330575 1
485.129689 452.551054 1
483.622666 455.161294 1
482.617984 456.901454 1
480.608621 460.381773 1
478.096917 464.732172 1
476.087553 468.212492 1
475.585212 469.082572 1
474.580531 470.822732 1
471.064145 476.913291 1
470.561804 477.783371 1
464.533714 488.224329 1
461.519668 493.444808 1
454.486897 505.625926 1
452.477533 509.106246 1
448.961147 515.196805 1
447.956465 516.936965 1
445.947102 520.417284 1
443.937739 523.897604 1
441.426034 528.248003 1
440.923693 529.118083 1
439.919012 530.858243 1
439.416671 531.728323 1
436.402626 536.948802 1
434.895603 539.559042 1
432.383899 543.909441 1
428.867513 550.000000 1
426.862223 550.000000 0
418.841064 550.000000 0
414.830485 550.000000 0
406.809326 550.000000 0
405.806681 550.000000 0
400.793457 550.000000 0
387.759074 550.000000 0
383.748494 550.000000 0
373.722046 550.000000 0
367.706177 550.000000 0
355.674438 550.000000 0
354.671794 550.000000 0
352.666504 550.000000 0
351.663859 550.000000 0
339.632121 550.000000 0
334.618896 550.000000 0
325.595093 550.000000 0
318.576579 550.000000 0
314.565999 550.000000 0
308.550130 550.000000 0
290.502523 550.000000 0
272.454915 550.000000 0
269.446981 550.000000 0
268.444336 550.000000 0
249.394084 550.000000 0
248.391439 550.000000 0
234.354411 550.000000 0
225.330607 550.000000 0
213.298869 550.000000 0
205.277710 550.000000 0
198.259196 550.000000 0
190.238037 550.000000 0
183.219523 550.000000 0
180.211589 550.000000 0
179.208944 550.000000 0
156.148112 550.000000 0
146.121663 550.000000 0
144.116374 550.000000 0
142.111084 550.000000 0
120.052897 550.000000 0
118.047607 550.000000 0
110.026449 550.000000 0
104.010579 550.000000 0
