790
100.000000 450.000000 8
105.002444 450.000000 8
106.002933 450.000000 8
112.005867 450.000000 8
118.008800 450.000000 8
119.009289 450.000000 8
120.009778 450.000000 8
121.010266 450.000000 8
122.010755 450.000000 8
123.011244 450.000000 8
125.012222 450.000000 8
127.013200 450.000000 8
130.014666 450.000000 8
135.017111 450.000000 8
136.017600 450.000000 8
139.019066 450.000000 8
141.020044 450.000000 8
142.020533 450.000000 8
148.023466 450.000000 8
149.023955 450.000000 8
152.025422 450.000000 8
153.025911 450.000000 8
154.026400 450.000000 8
155.026888 450.000000 8
156.027377 450.000000 8
160.029333 450.000000 8
162.030311 450.000000 8
165.031777 450.000000 8
167.032755 450.000000 8
168.033244 450.000000 8
169.033733 450.000000 8
173.035688 450.000000 8
175.036666 450.000000 8
176.037155 450.000000 8
178.038133 450.000000 8
180.039110 450.000000 8
182.040088 450.000000 8
183.040577 450.000000 8
186.042044 450.000000 8
188.043021 450.000000 8
189.043510 450.000000 8
190.043999 450.000000 8
192.044977 450.000000 8
198.047910 450.000000 8
199.048399 450.000000 8
200.048888 450.000000 8
208.052799 450.000000 8
209.053288 450.000000 8
211.054266 450.000000 8
213.055243 450.000000 8
217.057199 450.000000 8
225.061110 450.000000 8
226.061599 450.000000 8
233.065021 450.000000 8
234.065510 450.000000 8
236.066488 450.000000 8
237.066977 450.000000 8
239.067954 450.000000 8
240.068443 450.000000 8
248.072354 450.000000 8
250.073332 450.000000 8
251.073821 450.000000 8
262.079199 450.000000 8
263.079687 450.000000 8
266.081154 450.000000 8
270.083110 450.000000 8
273.084576 450.000000 8
276.086043 450.000000 8
277.086532 450.000000 8
279.087510 450.000000 8
280.087998 450.000000 8
285.090443 450.000000 8
293.094354 450.000000 8
294.094843 450.000000 8
295.095332 450.000000 8
299.097287 450.000000 8
302.098754 450.000000 8
305.100220 450.000000 8
309.102176 450.000000 8
311.103154 450.000000 8
312.103643 450.000000 8
314.104620 450.000000 8
320.107554 450.000000 8
321.108043 450.000000 8
330.112442 450.000000 8
332.113420 450.000000 8
338.116353 450.000000 8
339.116842 450.000000 8
341.117820 450.000000 8
343.118798 450.000000 8
345.119776 450.000000 8
350.122220 450.000000 8
351.122709 450.000000 8
354.124176 450.000000 8
356.125153 450.000000 8
358.126131 450.000000 8
361.127598 450.000000 8
365.129553 450.000000 8
366.130042 450.000000 8
376.643810 440.454107 7
381.654105 431.776022 7
383.658223 428.304788 7
386.163370 423.965746 7
387.165429 422.230129 7
391.173665 415.287661 7
392.676753 412.684236 7
396.684988 405.741768 7
402.196312 396.195875 7
405.703519 390.121216 7
407.206607 387.517791 7
410.212784 382.310940 7
411.214842 380.575323 7
414.221019 375.368472 7
416.225137 371.897238 7
416.726166 371.029430 7
418.730284 367.558196 7
419.231314 366.690388 7
420.233373 364.954771 7
420.734402 364.086962 7
422.738520 360.615728 7
423.740579 358.880111 7
424.742638 357.144495 7
425.243667 356.276686 7
426.746755 353.673261 7
427.748814 351.937644 7
431.256020 345.862984 7
432.258079 344.127368 7
434.763227 339.788325 7
437.769403 334.581474 7
439.272492 331.978049 7
440.775580 329.374624 7
443.280727 325.035581 7
444.282786 323.299964 7
446.787933 318.960922 7
447.288963 318.093114 7
448.792051 315.489688 7
450.796169 312.018454 7
451.798228 310.282838 7
453.802346 306.811604 7
454.303375 305.943795 7
457.810581 299.869136 7
460.315729 295.530094 7
461.818817 292.926668 7
467.330141 283.380775 7
468.833229 280.777350 7
469.835288 279.041733 7
471.839406 275.570499 7
474.845583 270.363648 7
477.350730 266.024606 7
478.352789 264.288989 7
478.853818 263.421181 7
480.356907 260.817755 7
481.358965 259.082138 7
481.859995 258.214330 7
486.870289 249.536245 7
490.377496 243.461586 7
490.878525 242.593777 7
493.383672 238.254735 7
499.396026 227.841034 7
500.398085 226.105417 7
500.899114 225.237608 7
501.901173 223.501991 7
508.915585 211.352673 7
513.925880 202.674588 7
515.428968 200.071163 7
516.932056 197.467737 7
518.435145 194.864312 7
519.938233 192.260887 7
520.940292 190.525270 7
521.441321 189.657461 7
526.952645 180.111568 7
528.455734 177.508143 7
529.958822 174.904717 7
531.461910 172.301292 7
533.967058 167.962250 7
537.474264 161.887590 7
537.975293 161.019782 7
540.981470 155.812931 7
542.484558 153.209506 7
543.486617 151.473889 7
543.987647 150.606080 7
545.490735 148.002655 7
548.997941 141.927996 7
549.498971 141.060187 7
550.000000 140.192379 6
551.002059 141.927996 6
553.006177 145.399230 6
553.507206 146.267038 6
554.008236 147.134847 6
557.515442 153.209506 6
560.020589 157.548548 6
562.024707 161.019782 6
563.026766 162.755399 6
565.030883 166.226633 6
567.035001 169.697867 6
567.536031 170.565675 6
569.540149 174.036909 6
572.045296 178.375951 6
572.546325 179.243760 6
575.051472 183.582802 6
575.552502 184.450610 6
577.055590 187.054036 6
579.560738 191.393078 6
580.562796 193.128695 6
581.063826 193.996504 6
581.564855 194.864312 6
583.067944 197.467737 6
584.070003 199.203354 6
585.072061 200.938971 6
586.575150 203.542397 6
588.579268 207.013630 6
595.092650 218.295140 6
598.098827 223.501991 6
599.601915 226.105417 6
600.102945 226.973225 6
604.612210 234.783501 6
606.115298 237.386927 6
609.622504 243.461586 6
610.624563 245.197203 6
611.125593 246.065011 6
611.626622 246.932820 6
613.129711 249.536245 6
614.131770 251.271862 6
615.133828 253.007479 6
616.135887 254.743096 6
619.643093 260.817755 6
621.647211 264.288989 6
623.150300 266.892414 6
624.152359 268.628031 6
627.158535 273.834882 6
629.663682 278.173924 6
633.170889 284.248584 6
634.172948 285.984201 6
635.676036 288.587626 6
643.191478 301.604753 6
644.193536 303.340370 6
649.203831 312.018454 6
650.706919 314.621880 6
654.214125 320.696539 6
654.715155 321.564348 6
655.216184 322.432156 6
657.721332 326.771198 6
659.224420 329.374624 6
659.725449 330.242432 6
661.228538 332.845858 6
662.230597 334.581474 6
664.234714 338.052708 6
667.741921 344.127368 6
668.242950 344.995176 6
670.247068 348.466410 6
671.750156 351.069835 6
672.251186 351.937644 6
672.752215 352.805452 6
674.255303 355.408878 6
676.259421 358.880111 6
676.760451 359.747920 6
682.772804 370.161621 6
689.286187 381.443131 6
689.787216 382.310940 6
690.288246 383.178748 6
691.791334 385.782174 6
693.294423 388.385599 6
693.795452 389.253408 6
699.807805 399.667109 6
702.813982 404.873960 6
703.315012 405.741768 6
706.822218 411.816428 6
707.323247 412.684236 6
708.826335 415.287661 6
709.327365 416.155470 6
711.832512 420.494512 6
712.834571 422.230129 6
713.335601 423.097938 6
714.337659 424.833555 6
715.840748 427.436980 6
717.844866 430.908214 6
725.861337 444.793149 6
727.865455 448.264383 6
728.867513 450.000000 5
731.868980 450.000000 5
735.870936 450.000000 5
737.871913 450.000000 5
740.873380 450.000000 5
742.874358 450.000000 5
746.876313 450.000000 5
747.876802 450.000000 5
748.877291 450.000000 5
757.881691 450.000000 5
761.883647 450.000000 5
763.884624 450.000000 5
766.886091 450.000000 5
767.886580 450.000000 5
769.887558 450.000000 5
770.888046 450.000000 5
771.888535 450.000000 5
772.889024 450.000000 5
774.890002 450.000000 5
781.893424 450.000000 5
782.893913 450.000000 5
783.894402 450.000000 5
786.895869 450.000000 5
787.896357 450.000000 5
791.898313 450.000000 5
799.902224 450.000000 5
801.903202 450.000000 5
803.904179 450.000000 5
809.907113 450.000000 5
811.908091 450.000000 5
815.910046 450.000000 5
817.911024 450.000000 5
819.912002 450.000000 5
822.913468 450.000000 5
824.914446 450.000000 5
828.916401 450.000000 5
829.916890 450.000000 5
834.919335 450.000000 5
838.921290 450.000000 5
841.922757 450.000000 5
842.923246 450.000000 5
847.925690 450.000000 5
851.927646 450.000000 5
852.928135 450.000000 5
854.929112 450.000000 5
869.936446 450.000000 5
870.936934 450.000000 5
873.938401 450.000000 5
874.938890 450.000000 5
875.939379 450.000000 5
877.940357 450.000000 5
879.941334 450.000000 5
881.942312 450.000000 5
882.942801 450.000000 5
883.943290 450.000000 5
885.944268 450.000000 5
886.944757 450.000000 5
889.946223 450.000000 5
892.947690 450.000000 5
898.950623 450.000000 5
900.951601 450.000000 5
901.952090 450.000000 5
902.952579 450.000000 5
903.953067 450.000000 5
904.953556 450.000000 5
910.956490 450.000000 5
912.957467 450.000000 5
917.959912 450.000000 5
919.960890 450.000000 5
920.961378 450.000000 5
923.962845 450.000000 5
935.968712 450.000000 5
941.971645 450.000000 5
947.974578 450.000000 5
953.977512 450.000000 5
964.982889 450.000000 5
968.984845 450.000000 5
978.989734 450.000000 5
983.992178 450.000000 5
984.992667 450.000000 5
988.994622 450.000000 5
989.995111 450.000000 5
994.997556 450.000000 5
995.998044 450.000000 5
997.999022 450.000000 5
998.999511 450.000000 5
1000.000000 450.000000 4
1000.000000 451.000000 4
1000.000000 452.000000 4
1000.000000 453.000000 4
1000.000000 454.000000 4
1000.000000 455.000000 4
1000.000000 457.000000 4
1000.000000 458.000000 4
1000.000000 460.000000 4
1000.000000 461.000000 4
1000.000000 462.000000 4
1000.000000 463.000000 4
1000.000000 466.000000 4
1000.000000 467.000000 4
1000.000000 468.000000 4
1000.000000 469.000000 4
1000.000000 470.000000 4
1000.000000 471.000000 4
1000.000000 472.000000 4
1000.000000 473.000000 4
1000.000000 475.000000 4
1000.000000 476.000000 4
1000.000000 477.000000 4
1000.000000 478.000000 4
1000.000000 479.000000 4
1000.000000 481.000000 4
1000.000000 483.000000 4
1000.000000 484.000000 4
1000.000000 485.000000 4
1000.000000 486.000000 4
1000.000000 487.000000 4
1000.000000 488.000000 4
1000.000000 489.000000 4
1000.000000 490.000000 4
1000.000000 493.000000 4
1000.000000 495.000000 4
1000.000000 497.000000 4
1000.000000 498.000000 4
1000.000000 500.000000 4
1000.000000 501.000000 4
1000.000000 503.000000 4
1000.000000 504.000000 4
1000.000000 505.000000 4
1000.000000 508.000000 4
1000.000000 511.000000 4
1000.000000 513.000000 4
1000.000000 516.000000 4
1000.000000 517.000000 4
1000.000000 518.000000 4
1000.000000 520.000000 4
1000.000000 521.000000 4
1000.000000 522.000000 4
1000.000000 526.000000 4
1000.000000 529.000000 4
1000.000000 530.000000 4
1000.000000 532.000000 4
1000.000000 533.000000 4
1000.000000 534.000000 4
1000.000000 535.000000 4
1000.000000 537.000000 4
1000.000000 540.000000 4
1000.000000 544.000000 4
1000.000000 546.000000 4
1000.000000 548.000000 4
1000.000000 549.000000 4
1000.000000 550.000000 4
997.994710 550.000000 3
995.989421 550.000000 3
994.986776 550.000000 3
993.984131 550.000000 3
985.962972 550.000000 3
982.955037 550.000000 3
980.949748 550.000000 3
979.947103 550.000000 3
978.944458 550.000000 3
971.925944 550.000000 3
970.923299 550.000000 3
968.918009 550.000000 3
963.904785 550.000000 3
962.902140 550.000000 3
957.888916 550.000000 3
955.883626 550.000000 3
950.870402 550.000000 3
948.865112 550.000000 3
947.862467 550.000000 3
943.851888 550.000000 3
939.841309 550.000000 3
937.836019 550.000000 3
934.828084 550.000000 3
933.825439 550.000000 3
931.820150 550.000000 3
929.814860 550.000000 3
925.804280 550.000000 3
916.780477 550.000000 3
913.772542 550.000000 3
909.761963 550.000000 3
907.756673 550.000000 3
905.751383 550.000000 3
903.746094 550.000000 3
900.738159 550.000000 3
899.735514 550.000000 3
898.732869 550.000000 3
891.714355 550.000000 3
887.703776 550.000000 3
884.695841 550.000000 3
880.685262 550.000000 3
879.682617 550.000000 3
869.656168 550.000000 3
868.653524 550.000000 3
860.632365 550.000000 3
857.624430 550.000000 3
851.608561 550.000000 3
850.605916 550.000000 3
848.600626 550.000000 3
846.595337 550.000000 3
844.590047 550.000000 3
833.560954 550.000000 3
832.558309 550.000000 3
830.553019 550.000000 3
828.547729 550.000000 3
822.531860 550.000000 3
821.529215 550.000000 3
820.526570 550.000000 3
813.508056 550.000000 3
806.489542 550.000000 3
803.481608 550.000000 3
802.478963 550.000000 3
801.476318 550.000000 3
796.463094 550.000000 3
795.460449 550.000000 3
793.455159 550.000000 3
790.447225 550.000000 3
789.444580 550.000000 3
784.431356 550.000000 3
783.428711 550.000000 3
778.415486 550.000000 3
773.402262 550.000000 3
770.394327 550.000000 3
760.367879 550.000000 3
753.349365 550.000000 3
749.338785 550.000000 3
748.336141 550.000000 3
746.330851 550.000000 3
743.322916 550.000000 3
741.317627 550.000000 3
739.312337 550.000000 3
738.309692 550.000000 3
735.301757 550.000000 3
733.296468 550.000000 3
726.277954 550.000000 3
724.272664 550.000000 3
722.267374 550.000000 3
719.259440 550.000000 3
718.256795 550.000000 3
715.248860 550.000000 3
712.240926 550.000000 3
711.238281 550.000000 3
708.230346 550.000000 3
705.222412 550.000000 3
699.206543 550.000000 3
697.201253 550.000000 3
695.195963 550.000000 3
688.177449 550.000000 3
686.172159 550.000000 3
685.169515 550.000000 3
677.148356 550.000000 3
669.630844 547.399079 2
669.130297 546.532105 2
668.629749 545.665132 2
668.129202 544.798158 2
667.628654 543.931185 2
666.627559 542.197237 2
665.626464 540.463290 2
662.623180 535.261448 2
661.622085 533.527501 2
660.120442 530.926580 2
658.618800 528.325659 2
658.118252 527.458685 2
655.615515 523.123817 2
654.113873 520.522896 2
651.110588 515.321054 2
649.608946 512.720133 2
649.108398 511.853160 2
648.107303 510.119213 2
647.606756 509.252239 2
646.605661 507.518292 2
646.105113 506.651318 2
645.104018 504.917371 2
644.102923 503.183423 2
639.597996 495.380661 2
637.595806 491.912766 2
637.095259 491.045792 2
634.091974 485.843951 2
632.089784 482.376056 2
631.589237 481.509082 2
631.088689 480.642109 2
630.588142 479.775135 2
629.086499 477.174214 2
628.585952 476.307241 2
627.584857 474.573293 2
622.579382 465.903557 2
621.578288 464.169610 2
619.576098 460.701715 2
619.075550 459.834741 2
613.068981 449.431058 2
610.566243 445.096189 2
608.564053 441.628295 2
606.561864 438.160400 2
606.061316 437.293427 2
605.560769 436.426453 2
602.056936 430.357638 2
600.054747 426.889743 2
599.554199 426.022769 2
597.552009 422.554875 2
597.051462 421.687901 2
596.550914 420.820927 2
596.050367 419.953954 2
595.049272 418.220007 2
594.548724 417.353033 2
592.546535 413.885138 2
592.045987 413.018165 2
587.541060 405.215402 2
587.040512 404.348428 2
586.039417 402.614481 2
585.538870 401.747507 2
584.037228 399.146586 2
582.535585 396.545666 2
582.035038 395.678692 2
581.033943 393.944745 2
580.533395 393.077771 2
580.032848 392.210797 2
579.532300 391.343824 2
578.531206 389.609876 2
575.527921 384.408035 2
575.027373 383.541061 2
574.026278 381.807114 2
572.024088 378.339219 2
570.021899 374.871325 2
569.521351 374.004351 2
568.520256 372.270404 2
567.519161 370.536456 2
565.516971 367.068562 2
565.016424 366.201588 2
564.015329 364.467641 2
563.014234 362.733694 2
562.013139 360.999746 2
561.012044 359.265799 2
558.509307 354.930931 2
557.508212 353.196983 2
557.007665 352.330010 2
556.006570 350.596063 2
555.005475 348.862115 2
553.003285 345.394221 2
550.000000 340.192379 1
549.499453 341.059353 1
547.497263 344.527247 1
546.996715 345.394221 1
545.495073 347.995142 1
544.493978 349.729089 1
542.992335 352.330010 1
541.490693 354.930931 1
540.489598 356.664878 1
539.989051 357.531852 1
537.986861 360.999746 1
537.486313 361.866720 1
536.485218 363.600667 1
535.984671 364.467641 1
532.981386 369.669483 1
531.479744 372.270404 1
528.476459 377.472245 1
527.475364 379.206193 1
523.971532 385.275008 1
522.970437 387.008955 1
520.968247 390.476850 1
520.467700 391.343824 1
517.964962 395.678692 1
511.457845 406.949349 1
510.456750 408.683297 1
508.454560 412.151191 1
505.951823 416.486059 1
504.950728 418.220007 1
504.450181 419.086980 1
503.949633 419.953954 1
502.447991 422.554875 1
500.445801 426.022769 1
498.443611 429.490664 1
495.940874 433.825532 1
491.936494 440.761321 1
490.434852 443.362242 1
488.432662 446.830137 1
480.924450 459.834741 1
476.920070 466.770530 1
475.918975 468.504478 1
474.417333 471.105399 1
472.915690 473.706320 1
467.910216 482.376056 1
465.908026 485.843951 1
465.407478 486.710924 1
464.906931 487.577898 1
463.405289 490.178819 1
461.403099 493.646713 1
459.901456 496.247634 1
455.897077 503.183423 1
454.895982 504.917371 1
454.395434 505.784344 1
453.894887 506.651318 1
452.893792 508.385265 1
452.393244 509.252239 1
451.892697 510.119213 1
451.392149 510.986186 1
449.890507 513.587107 1
448.388865 516.188028 1
445.385580 521.389870 1
443.883937 523.990791 1
443.383390 524.857764 1
442.882842 525.724738 1
441.881748 527.458685 1
440.880653 529.192633 1
440.380105 530.059606 1
438.377915 533.527501 1
436.876273 536.128422 1
434.373536 540.463290 1
432.371346 543.931185 1
429.868608 548.266053 1
429.368061 549.133026 1
422.851644 550.000000 0
421.848999 550.000000 0
420.846355 550.000000 0
419.843710 550.000000 0
418.841065 550.000000 0
409.817261 550.000000 0
407.811971 550.000000 0
404.804037 550.000000 0
401.796102 550.000000 0
400.793457 550.000000 0
387.759074 550.000000 0
382.745850 550.000000 0
378.735271 550.000000 0
377.732626 550.000000 0
372.719401 550.000000 0
371.716757 550.000000 0
370.714112 550.000000 0
368.708822 550.000000 0
367.706177 550.000000 0
365.700887 550.000000 0
364.698243 550.000000 0
359.685018 550.000000 0
358.682373 550.000000 0
356.677084 550.000000 0
351.663859 550.000000 0
350.661215 550.000000 0
349.658570 550.000000 0
347.653280 550.000000 0
345.647990 550.000000 0
344.645345 550.000000 0
334.618897 550.000000 0
332.613607 550.000000 0
330.608317 550.000000 0
327.600383 550.000000 0
326.597738 550.000000 0
321.584514 550.000000 0
320.581869 550.000000 0
318.576579 550.000000 0
316.571289 550.000000 0
310.555420 550.000000 0
309.552775 550.000000 0
305.542196 550.000000 0
295.515747 550.000000 0
294.513102 550.000000 0
287.494588 550.000000 0
286.491944 550.000000 0
285.489299 550.000000 0
284.486654 550.000000 0
283.484009 550.000000 0
278.470785 550.000000 0
277.468140 550.000000 0
269.446981 550.000000 0
265.436402 550.000000 0
264.433757 550.000000 0
261.425822 550.000000 0
259.420532 550.000000 0
257.415243 550.000000 0
256.412598 550.000000 0
255.409953 550.000000 0
251.399374 550.000000 0
250.396729 550.000000 0
242.375570 550.000000 0
241.372925 550.000000 0
237.362346 550.000000 0
236.359701 550.000000 0
234.354411 550.000000 0
233.351766 550.000000 0
227.335897 550.000000 0
224.327962 550.000000 0
221.320028 550.000000 0
219.314738 550.000000 0
198.259196 550.000000 0
197.256551 550.000000 0
191.240682 550.000000 0
188.232748 550.000000 0
185.224813 550.000000 0
179.208944 550.000000 0
175.198364 550.000000 0
173.193075 550.000000 0
172.190430 550.000000 0
171.187785 550.000000 0
164.169271 550.000000 0
163.166626 550.000000 0
161.161336 550.000000 0
157.150757 550.000000 0
156.148112 550.000000 0
143.113729 550.000000 0
140.105794 550.000000 0
139.103149 550.000000 0
138.100505 550.000000 0
134.089925 550.000000 0
131.081991 550.000000 0
127.071411 550.000000 0
126.068766 550.000000 0
122.058187 550.000000 0
115.039673 550.000000 0
114.037028 550.000000 0
110.026449 550.000000 0
105.013224 550.000000 0
103.007935 550.000000 0
100.000000 550.000000 0
