770
101.001866 450.000000 32
103.005598 450.000000 32
108.014928 450.000000 32
112.022392 450.000000 32
113.024258 450.000000 32
115.027990 450.000000 32
118.033588 450.000000 32
119.035454 450.000000 32
120.037320 450.000000 32
127.050382 450.000000 32
128.052248 450.000000 32
133.061578 450.000000 32
144.082105 450.000000 32
150.093301 450.000000 32
156.104497 450.000000 32
157.106363 450.000000 32
158.108229 450.000000 32
161.113827 450.000000 32
166.123157 450.000000 32
168.126889 450.000000 32
171.132487 450.000000 31
172.137169 448.259840 31
182.686326 429.988163 31
185.198031 425.637764 31
186.705053 423.027524 31
187.709735 421.287364 31
200.770597 398.665288 31
201.775279 396.925128 31
202.779960 395.184968 31
204.789324 391.704649 31
207.803369 386.484169 31
208.305710 385.614089 31
209.310391 383.873930 31
212.826777 377.783371 31
214.333800 375.173131 31
223.878276 358.641613 31
229.404025 349.070735 31
232.418070 343.850256 31
233.422752 342.110096 31
234.929775 339.499856 31
240.455524 329.928978 31
242.967228 325.578578 31
245.478932 321.228179 31
245.981273 320.358099 31
250.000000 313.397460 31
252.009363 316.877779 30
252.511704 317.747859 30
257.535113 326.448658 30
259.544476 329.928978 30
265.572566 340.369936 30
266.577248 342.110096 30
267.079589 342.980176 30
267.581930 343.850256 30
268.084270 344.720335 30
277.628747 361.251853 30
280.642792 366.472332 30
282.149814 369.082572 30
289.684927 382.133770 30
291.694290 385.614089 30
297.722380 396.055048 30
298.727062 397.795208 30
306.262175 410.846406 30
309.276220 416.066885 30
318.318355 431.728323 30
321.834741 437.818882 30
324.848786 443.039361 30
328.365172 449.129920 30
329.873822 450.000000 29
333.899058 450.000000 29
340.943220 450.000000 29
344.968455 450.000000 29
352.012618 450.000000 29
353.018927 450.000000 29
356.037853 450.000000 29
358.050471 450.000000 29
361.069398 450.000000 29
363.082016 450.000000 29
364.088325 450.000000 29
367.107251 450.000000 29
369.119869 450.000000 29
370.126178 450.000000 29
371.132487 450.000000 29
372.138796 448.257022 28
373.145105 446.514044 28
373.648259 445.642555 28
375.157722 443.028088 28
375.660877 442.156599 28
376.164031 441.285110 28
378.679803 436.927664 28
379.182958 436.056175 28
381.195576 432.570219 28
382.705039 429.955752 28
383.208193 429.084263 28
383.711348 428.212774 28
384.214502 427.341285 28
385.723965 424.726818 28
386.227120 423.855329 28
388.239738 420.369372 28
389.246046 418.626394 28
391.258664 415.140438 28
388.748587 407.306901 27
384.227519 399.476182 27
379.706452 391.645463 27
376.692407 386.424984 27
375.687725 384.684824 27
375.185384 383.814744 27
372.673680 379.464345 27
371.166657 376.854105 27
369.157294 373.373786 27
367.147931 369.893466 27
363.129204 362.932827 27
361.622181 360.322587 27
359.612818 356.842268 27
356.598773 351.621789 27
353.584728 346.401309 27
352.580046 344.661150 27
347.054297 335.090271 27
344.542593 330.739871 27
337.509821 318.558753 27
334.998116 314.208354 27
334.495776 313.338274 27
333.993435 312.468194 27
331.984071 308.987875 27
321.434914 290.716197 27
314.402142 276.794919 26
323.444277 276.794919 26
327.463004 276.794919 26
332.486412 276.794919 26
333.491094 276.794919 26
356.598773 276.794919 26
370.664317 276.794919 26
374.683044 276.794919 26
379.706452 276.794919 26
383.725179 276.794919 26
388.748588 276.794919 26
389.753269 276.794919 26
390.757951 276.794919 26
393.771996 276.794919 26
403.818813 276.794919 26
408.842222 276.794919 26
410.851585 276.794919 26
419.893720 276.794919 26
426.926492 276.794919 26
429.940537 276.794919 26
436.973309 276.794919 26
444.006081 276.794919 26
464.099715 276.794919 26
470.127805 276.794919 26
474.146532 271.574440 25
476.155895 268.094120 25
477.160577 266.353961 25
482.183986 257.653162 25
482.686326 256.783082 25
484.193349 254.172842 25
485.198031 252.432683 25
490.221439 243.731884 25
499.263574 228.070446 25
503.784642 220.239727 25
507.301028 214.149168 25
508.305710 212.409008 25
513.831459 202.838130 25
514.333800 201.968050 25
515.338482 200.227890 25
516.343163 198.487730 25
517.850186 195.877491 25
520.864231 190.657012 25
521.868913 188.916852 25
522.371253 188.046772 25
523.878276 185.436532 25
526.389980 181.086133 25
532.920411 169.775095 25
534.427434 167.164855 25
535.934456 164.554615 25
537.441479 161.944376 25
545.478932 148.023098 25
548.492977 142.802619 25
552.009363 143.672698 24
553.516386 146.282938 24
555.525749 149.763258 24
559.544476 156.723897 24
573.107679 180.216053 24
577.628747 188.046772 24
578.633428 189.786932 24
580.642792 193.267251 24
583.154496 197.617651 24
584.159178 199.357810 24
600.234085 227.200366 24
601.238766 228.940526 24
609.276220 242.861804 24
610.280902 244.601964 24
614.299628 251.562603 24
619.323037 260.263401 24
619.825378 261.133481 24
622.839423 266.353961 24
624.346445 268.964200 24
625.351127 270.704360 24
632.886240 276.794919 23
635.900285 276.794919 23
653.984556 276.794919 23
664.031373 276.794919 23
667.045418 276.794919 23
670.059463 276.794919 23
674.078190 276.794919 23
675.082871 276.794919 23
676.087553 276.794919 23
691.157778 276.794919 23
702.209277 276.794919 23
708.237367 276.794919 23
716.274821 276.794919 23
719.288866 276.794919 23
722.302911 276.794919 23
726.321638 276.794919 23
731.345046 276.794919 23
741.391863 276.794919 23
750.433999 276.794919 23
752.443362 276.794919 23
767.513588 276.794919 23
769.522951 276.794919 23
771.532314 276.794919 23
774.546360 276.794919 23
778.565086 276.794919 23
780.574450 276.794919 23
784.090836 281.145318 22
780.072109 288.105957 22
779.067427 289.846117 22
776.555723 294.196517 22
767.513588 309.857954 22
766.508906 311.598114 22
764.499543 315.078434 22
763.494861 316.818593 22
761.987838 319.428833 22
759.476134 323.779232 22
754.452726 332.480031 22
753.448044 334.220191 22
747.922295 343.791070 22
744.908250 349.011549 22
743.903568 350.751709 22
740.889523 355.972188 22
739.884841 357.712348 22
738.377819 360.322587 22
733.856751 368.153306 22
729.335683 375.984025 22
728.833343 376.854105 22
727.326320 379.464345 22
726.823979 380.334425 22
721.298230 389.905303 22
718.786526 394.255703 22
717.279503 396.865942 22
713.260776 403.826581 22
712.758435 404.696661 22
710.246731 409.047061 22
709.242050 410.787220 22
707.735027 413.397460 21
708.238181 414.268949 21
709.244490 416.011927 21
710.250799 417.754905 21
711.257108 419.497883 21
711.760262 420.369372 21
712.263417 421.240861 21
712.766571 422.112350 21
713.269726 422.983840 21
713.772880 423.855329 21
714.779189 425.598307 21
715.282343 426.469796 21
718.301270 431.698730 21
718.804424 432.570219 21
720.313888 435.184686 21
720.817042 436.056175 21
721.823351 437.799153 21
723.332814 440.413620 21
724.339123 442.156599 21
724.842278 443.028088 21
726.854895 446.514044 21
728.364359 449.128511 21
729.873822 450.000000 20
732.892749 450.000000 20
734.905366 450.000000 20
737.924293 450.000000 20
740.943220 450.000000 20
743.962147 450.000000 20
746.981073 450.000000 20
751.006309 450.000000 20
752.012618 450.000000 20
753.018927 450.000000 20
757.044162 450.000000 20
758.050471 450.000000 20
759.056780 450.000000 20
760.063089 450.000000 20
762.075707 450.000000 20
763.082016 450.000000 20
766.100942 450.000000 20
768.113560 450.000000 20
769.119869 450.000000 20
771.132487 450.000000 20
772.137169 448.259840 19
772.639510 447.389760 19
777.662918 438.688962 19
779.672281 435.208642 19
786.202712 423.897604 19
788.714417 419.547204 19
792.230803 413.456645 19
794.742507 409.106246 19
798.761234 402.145607 19
802.277620 396.055048 19
803.784642 393.444808 19
806.798687 388.224329 19
809.310391 383.873930 19
814.836141 374.303051 19
815.840822 372.562891 19
818.854867 367.342412 19
819.357208 366.472332 19
819.859549 365.602252 19
821.868913 362.121933 19
823.375935 359.511693 19
828.901684 349.940815 19
832.920411 342.980176 19
834.929775 339.499856 19
837.943820 334.279377 19
839.450842 331.669137 19
840.455524 329.928978 19
841.460206 328.188818 19
841.962546 327.318738 19
842.464887 326.448658 19
844.976592 322.098259 19
846.483614 319.488019 19
850.502341 314.267540 18
851.507023 316.007700 18
853.516386 319.488019 18
856.028090 323.838418 18
859.544476 329.928978 18
861.553839 333.409297 18
865.572566 340.369936 18
871.098316 349.940815 18
877.126406 360.381773 18
877.628747 361.251853 18
879.135769 363.862093 18
879.638110 364.732172 18
880.642792 366.472332 18
883.154496 370.822732 18
885.666200 375.173131 18
890.689609 383.873930 18
892.698972 387.354249 18
894.708335 390.834569 18
901.741107 403.015687 18
911.787924 420.417284 18
912.290265 421.287364 18
919.825378 434.338562 18
921.834741 437.818882 18
924.346445 442.169281 18
924.848786 443.039361 18
925.351127 443.909441 18
926.858150 446.519681 18
935.880575 450.000000 17
936.882441 450.000000 17
937.884307 450.000000 17
938.886173 450.000000 17
939.888039 450.000000 17
941.891771 450.000000 17
942.893637 450.000000 17
950.908565 450.000000 17
956.919761 450.000000 17
957.921627 450.000000 17
958.923493 450.000000 17
961.929091 450.000000 17
965.936556 450.000000 17
966.938422 450.000000 17
967.940288 450.000000 17
970.945886 450.000000 17
971.947752 450.000000 17
973.951484 450.000000 17
974.953350 450.000000 17
975.955216 450.000000 17
978.960814 450.000000 17
979.962680 450.000000 17
982.968278 450.000000 17
1000.000000 450.000000 17
1000.000000 451.000000 16
1000.000000 456.000000 16
1000.000000 458.000000 16
1000.000000 462.000000 16
1000.000000 468.000000 16
1000.000000 469.000000 16
1000.000000 472.000000 16
1000.000000 474.000000 16
1000.000000 477.000000 16
1000.000000 480.000000 16
1000.000000 483.000000 16
1000.000000 484.000000 16
1000.000000 490.000000 16
1000.000000 495.000000 16
1000.000000 500.000000 16
1000.000000 502.000000 16
1000.000000 504.000000 16
1000.000000 508.000000 16
1000.000000 511.000000 16
1000.000000 513.000000 16
1000.000000 516.000000 16
1000.000000 522.000000 16
1000.000000 544.000000 16
1000.000000 545.000000 16
1000.000000 550.000000 15
998.993223 550.000000 15
992.952558 550.000000 15
988.925448 550.000000 15
986.911893 550.000000 15
982.884783 550.000000 15
973.823786 550.000000 15
971.810232 550.000000 15
964.762789 550.000000 15
961.742457 550.000000 15
956.708570 550.000000 15
955.701792 550.000000 15
954.695015 550.000000 15
938.586576 550.000000 15
937.579798 550.000000 15
936.573021 550.000000 15
935.566243 550.000000 15
932.545911 550.000000 15
928.518801 550.000000 15
926.505246 550.000000 15
925.498469 550.000000 15
924.491692 550.000000 15
917.444249 550.000000 15
910.396807 550.000000 15
905.362920 550.000000 15
895.295146 550.000000 15
890.261258 550.000000 15
889.254481 550.000000 15
885.227371 550.000000 15
880.193484 550.000000 15
871.132487 550.000000 14
868.616715 545.642555 14
868.113560 544.771066 14
866.604097 542.156599 14
866.100942 541.285110 14
865.597788 540.413620 14
864.088325 537.799153 14
863.082016 536.056175 14
862.578861 535.184686 14
862.075707 534.313197 14
860.063089 530.827241 14
859.056780 529.084263 14
858.553626 528.212774 14
856.541008 524.726818 14
855.031545 522.112350 14
853.522081 519.497883 14
853.018927 518.626394 14
852.515772 517.754905 14
850.503154 514.268949 14
849.496846 514.268949 13
847.987382 516.883416 13
845.471610 521.240861 13
844.465301 522.983840 13
843.962147 523.855329 13
843.458992 524.726818 13
842.955838 525.598307 13
842.452683 526.469796 13
841.949529 527.341285 13
841.446374 528.212774 13
840.943220 529.084263 13
838.930602 532.570219 13
836.414830 536.927664 13
834.402212 540.413620 13
833.395903 542.156599 13
832.389594 543.899577 13
831.886440 544.771066 13
831.383285 545.642555 13
805.759834 550.000000 12
803.750471 550.000000 12
802.745789 550.000000 12
801.741107 550.000000 12
798.727062 550.000000 12
796.717699 550.000000 12
793.703654 550.000000 12
786.670882 550.000000 12
782.652155 550.000000 12
779.638110 550.000000 12
774.614702 550.000000 12
772.605338 550.000000 12
764.567885 550.000000 12
762.558521 550.000000 12
746.483614 550.000000 12
741.460206 550.000000 12
738.446161 550.000000 12
731.413389 550.000000 12
728.399344 550.000000 12
725.385298 550.000000 12
721.366572 550.000000 12
720.361890 550.000000 12
708.305710 550.000000 12
699.263574 550.000000 12
694.240166 550.000000 12
683.188667 550.000000 12
678.165259 550.000000 12
674.146532 550.000000 12
668.620783 545.649601 11
664.602056 538.688962 11
663.597374 536.948802 11
663.095033 536.078722 11
656.062261 523.897604 11
652.545875 517.807045 11
648.527149 510.846406 11
643.503740 502.145607 11
641.494377 498.665288 11
638.982672 494.314888 11
636.973309 490.834569 11
627.931174 475.173131 11
621.903083 464.732172 11
621.400743 463.862093 11
620.396061 462.121933 11
613.363289 449.940815 11
609.846903 443.850256 11
606.832858 438.629776 11
599.800086 426.448658 11
598.293063 423.838418 11
597.790722 422.968339 11
594.776677 417.747859 11
592.264973 413.397460 11
592.264973 413.397460 10
592.768127 412.525971 10
593.271282 411.654482 10
594.277591 409.911504 10
594.780745 409.040015 10
595.787054 407.297036 10
596.793363 405.554058 10
597.296518 404.682569 10
598.805981 402.068102 10
599.309135 401.196613 10
600.315444 399.453635 10
602.328062 395.967679 10
606.856452 388.124277 10
607.359607 387.252788 10
608.869070 384.638321 10
609.875379 382.895342 10
610.378533 382.023853 10
611.384842 380.280875 10
612.391151 378.537897 10
613.397460 376.794919 10
613.397460 376.794919 9
611.384842 376.794919 9
610.378533 376.794919 9
609.372224 376.794919 9
608.365916 376.794919 9
606.353298 376.794919 9
604.340680 376.794919 9
603.334371 376.794919 9
602.328062 376.794919 9
596.290209 376.794919 9
595.283900 376.794919 9
594.277591 376.794919 9
592.264973 376.794919 9
591.258665 376.794919 9
589.246047 376.794919 9
586.227120 376.794919 9
583.208194 376.794919 9
581.195576 376.794919 9
580.189267 376.794919 9
579.182958 376.794919 9
578.176649 376.794919 9
577.170340 376.794919 9
574.151414 376.794919 9
571.132487 376.794919 9
570.629333 375.923430 8
568.113560 371.565985 8
567.610406 370.694496 8
565.094634 366.337050 8
564.088325 364.594072 8
563.585170 363.722583 8
563.082016 362.851094 8
562.578861 361.979605 8
560.566243 358.493649 8
559.056780 355.879182 8
558.050471 354.136204 8
557.547317 353.264715 8
557.044162 352.393226 8
556.541008 351.521737 8
555.534699 349.778759 8
554.025236 347.164291 8
553.522081 346.292802 8
552.515772 344.549824 8
552.012618 343.678335 8
550.000000 340.192379 8
549.496846 341.063868 7
548.993691 341.935357 7
546.981073 345.421313 7
546.477919 346.292802 7
545.974764 347.164291 7
545.471610 348.035780 7
544.465301 349.778759 7
543.458992 351.521737 7
542.452683 353.264715 7
541.446374 355.007693 7
540.943220 355.879182 7
539.936911 357.622160 7
539.433757 358.493649 7
537.421139 361.979605 7
535.408521 365.465561 7
534.402212 367.208539 7
533.395903 368.951518 7
532.892749 369.823007 7
531.886440 371.565985 7
531.383285 372.437474 7
530.880131 373.308963 7
530.376976 374.180452 7
529.873822 375.051941 7
521.823351 376.794919 6
520.817042 376.794919 6
519.810733 376.794919 6
515.785498 376.794919 6
513.772880 376.794919 6
512.766571 376.794919 6
511.760262 376.794919 6
510.753953 376.794919 6
508.741335 376.794919 6
507.735027 376.794919 6
505.722409 376.794919 6
495.659320 376.794919 6
494.653011 376.794919 6
493.646702 376.794919 6
491.634084 376.794919 6
490.627776 376.794919 6
489.621467 376.794919 6
487.608849 376.794919 6
487.105694 377.666408 5
488.112003 379.409386 5
489.118312 381.152364 5
489.621467 382.023853 5
490.124621 382.895342 5
492.640393 387.252788 5
493.143548 388.124277 5
494.149857 389.867255 5
495.156166 391.610233 5
496.162475 393.353211 5
496.665629 394.224700 5
497.168784 395.096190 5
498.175092 396.839168 5
498.678247 397.710657 5
499.181401 398.582146 5
501.194019 402.068102 5
502.703482 404.682569 5
505.219255 409.040015 5
507.232686 414.267540 4
501.706937 423.838418 4
501.204596 424.708498 4
489.650756 444.720335 4
482.115643 457.771534 4
478.599257 463.862093 4
477.594576 465.602252 4
477.092235 466.472332 4
476.087553 468.212492 4
474.078190 471.692811 4
473.575849 472.562891 4
473.073508 473.432971 4
468.552440 481.263690 4
465.538395 486.484169 4
464.533714 488.224329 4
445.947102 520.417284 4
445.444761 521.287364 4
439.919012 530.858243 4
438.914330 532.598403 4
435.397944 538.688962 4
433.388581 542.169281 4
432.383899 543.909441 4
431.881558 544.779521 4
427.862831 550.000000 3
426.858150 550.000000 3
419.825378 550.000000 3
412.792606 550.000000 3
410.783243 550.000000 3
409.778561 550.000000 3
406.764516 550.000000 3
399.731744 550.000000 3
397.722380 550.000000 3
392.698972 550.000000 3
384.661518 550.000000 3
370.595975 550.000000 3
358.539794 550.000000 3
350.502341 550.000000 3
347.488296 550.000000 3
345.478932 550.000000 3
341.460206 550.000000 3
337.441479 550.000000 3
334.427434 550.000000 3
332.418070 550.000000 3
324.380617 550.000000 3
317.347845 550.000000 3
310.315073 550.000000 3
309.310391 550.000000 3
306.296346 550.000000 3
305.291665 550.000000 3
304.286983 550.000000 3
295.244848 550.000000 3
288.212076 550.000000 3
276.155895 550.000000 3
275.151214 550.000000 3
273.141850 550.000000 3
271.132487 550.000000 2
270.126178 548.257022 2
269.623024 547.385533 2
267.610406 543.899577 2
267.107251 543.028088 2
265.597788 540.413620 2
264.591479 538.670642 2
264.088325 537.799153 2
262.578861 535.184686 2
262.075707 534.313197 2
259.559935 529.955752 2
258.050471 527.341285 2
257.547317 526.469796 2
256.541008 524.726818 2
255.534699 522.983840 2
253.522081 519.497883 2
253.018927 518.626394 2
252.012618 516.883416 2
251.006309 515.140438 2
250.000000 513.397460 1
248.490537 516.011927 1
246.477919 519.497883 1
245.471610 521.240861 1
244.968455 522.112350 1
244.465301 522.983840 1
242.452683 526.469796 1
240.943220 529.084263 1
239.433757 531.698730 1
237.421139 535.184686 1
233.395903 542.156599 1
232.892749 543.028088 1
232.389594 543.899577 1
231.886440 544.771066 1
231.383285 545.642555 1
229.873822 548.257022 1
229.370667 549.128511 1
228.867513 550.000000 0
226.853958 550.000000 0
222.826848 550.000000 0
219.806516 550.000000 0
218.799739 550.000000 0
215.779406 550.000000 0
214.772629 550.000000 0
209.738742 550.000000 0
203.698077 550.000000 0
202.691299 550.000000 0
200.677745 550.000000 0
193.630302 550.000000 0
177.521863 550.000000 0
173.494754 550.000000 0
171.481199 550.000000 0
170.474421 550.000000 0
164.433757 550.000000 0
161.413424 550.000000 0
158.393092 550.000000 0
149.332095 550.000000 0
148.325317 550.000000 0
147.318540 550.000000 0
146.311762 550.000000 0
144.298208 550.000000 0
143.291430 550.000000 0
140.271098 550.000000 0
139.264320 550.000000 0
135.237211 550.000000 0
132.216878 550.000000 0
131.210101 550.000000 0
130.203323 550.000000 0
129.196546 550.000000 0
128.189768 550.000000 0
126.176214 550.000000 0
125.169436 550.000000 0
117.115217 550.000000 0
111.074552 550.000000 0
108.054220 550.000000 0
