1370
101.000489 450.000000 20
102.000978 450.000000 20
107.003422 450.000000 20
115.007333 450.000000 20
116.007822 450.000000 20
117.008311 450.000000 20
121.010267 450.000000 20
122.010755 450.000000 20
123.011244 450.000000 20
126.012711 450.000000 20
128.013689 450.000000 20
130.014666 450.000000 20
131.015155 450.000000 20
132.015644 450.000000 20
136.017600 450.000000 20
137.018089 450.000000 20
138.018578 450.000000 20
140.019555 450.000000 20
144.021511 450.000000 20
146.022489 450.000000 20
151.024933 450.000000 20
152.025422 450.000000 20
153.025911 450.000000 20
157.027866 450.000000 20
160.029333 450.000000 20
165.031777 450.000000 20
170.034222 450.000000 20
171.034711 450.000000 20
172.035199 450.000000 20
173.035688 450.000000 20
174.036177 450.000000 20
175.036666 450.000000 20
178.038133 450.000000 20
180.039111 450.000000 20
183.040577 450.000000 20
187.042533 450.000000 20
188.043022 450.000000 20
190.043999 450.000000 20
191.044488 450.000000 20
192.044977 450.000000 20
193.045466 450.000000 20
198.047910 450.000000 20
202.049866 450.000000 20
205.051333 450.000000 20
208.052799 450.000000 20
210.053777 450.000000 20
213.055244 450.000000 20
226.061599 450.000000 20
227.062088 450.000000 20
234.065510 450.000000 20
235.065999 450.000000 20
243.069910 450.000000 20
245.070888 450.000000 20
253.074799 450.000000 20
254.075288 450.000000 20
256.076266 450.000000 20
258.077243 450.000000 20
261.078710 450.000000 20
262.079199 450.000000 20
264.080177 450.000000 20
265.080666 450.000000 20
273.084577 450.000000 20
274.085065 450.000000 20
277.086532 450.000000 20
278.087021 450.000000 20
280.087999 450.000000 20
283.089465 450.000000 20
284.089954 450.000000 20
285.090443 450.000000 20
286.090932 450.000000 20
288.091910 450.000000 20
297.096310 450.000000 20
300.097776 450.000000 20
303.099243 450.000000 20
310.102665 450.000000 20
311.103154 450.000000 20
315.105110 450.000000 20
323.109021 450.000000 20
328.111465 450.000000 20
329.111954 450.000000 20
330.112443 450.000000 20
335.114887 450.000000 20
339.116843 450.000000 20
340.117332 450.000000 20
341.117821 450.000000 20
344.119287 450.000000 20
346.120265 450.000000 20
348.121243 450.000000 20
351.122709 450.000000 20
353.123687 450.000000 20
354.124176 450.000000 20
371.132487 450.000000 20
371.635641 449.128511 19
372.138796 448.257022 19
373.145105 446.514044 19
373.648259 445.642555 19
374.151414 444.771066 19
374.654568 443.899577 19
375.157722 443.028088 19
375.660877 442.156599 19
376.164031 441.285110 19
376.667186 440.413620 19
377.170340 439.542131 19
377.673495 438.670642 19
378.176649 437.799153 19
378.679803 436.927664 19
379.182958 436.056175 19
379.686112 435.184686 19
380.189267 434.313197 19
380.692421 433.441708 19
381.195576 432.570219 19
381.698730 431.698730 19
382.201884 430.827241 19
383.208193 429.084263 19
383.711348 428.212774 19
384.214502 427.341285 19
384.717657 426.469796 19
385.220811 425.598307 19
385.723965 424.726818 19
386.227120 423.855329 19
386.730274 422.983840 19
387.233429 422.112350 19
387.736583 421.240861 19
388.239738 420.369372 19
388.742892 419.497883 19
389.246046 418.626394 19
389.749201 417.754905 19
390.252355 416.883416 19
390.755510 416.011927 19
391.258664 415.140438 19
391.761819 414.268949 19
392.264973 413.397460 19
391.762632 412.527380 18
390.757950 410.787220 18
390.255610 409.917140 18
388.748587 407.306901 18
388.246246 406.436821 18
386.739224 403.826581 18
386.236883 402.956501 18
385.734542 402.086422 18
382.720497 396.865942 18
381.715815 395.125783 18
380.711134 393.385623 18
380.208793 392.515543 18
379.706452 391.645463 18
376.692407 386.424984 18
375.687725 384.684824 18
375.185384 383.814744 18
374.683043 382.944664 18
373.678362 381.204504 18
372.171339 378.594265 18
369.659635 374.243865 18
368.654953 372.503706 18
367.650271 370.763546 18
366.143249 368.153306 18
363.631545 363.802907 18
362.626863 362.062747 18
362.124522 361.192667 18
361.622181 360.322587 18
361.119840 359.452508 18
360.617500 358.582428 18
358.105795 354.232028 18
356.598773 351.621789 18
355.594091 349.881629 18
355.091750 349.011549 18
354.589409 348.141469 18
354.087069 347.271389 18
353.584728 346.401309 18
353.082387 345.531229 18
351.575364 342.920990 18
350.068342 340.310750 18
349.566001 339.440670 18
347.556638 335.960351 18
346.551956 334.220191 18
346.049615 333.350111 18
345.547274 332.480031 18
344.542593 330.739871 18
343.537911 328.999712 18
343.035570 328.129632 18
342.533229 327.259552 18
342.030888 326.389472 18
341.528547 325.519392 18
337.509821 318.558753 18
337.007480 317.688673 18
335.500457 315.078434 18
333.993435 312.468194 18
332.486412 309.857954 18
330.979390 307.247715 18
329.472367 304.637475 18
328.970026 303.767395 18
327.965345 302.027235 18
326.960663 300.287076 18
325.955981 298.546916 18
325.453640 297.676836 18
324.951299 296.806756 18
323.946618 295.066596 18
323.444277 294.196517 18
319.927891 288.105957 18
317.918528 284.625638 18
316.913846 282.885478 18
316.411505 282.015398 18
315.909164 281.145318 18
314.904483 279.405159 18
316.411505 276.794919 17
317.416187 276.794919 17
318.420869 276.794919 17
320.430232 276.794919 17
327.463004 276.794919 17
328.467686 276.794919 17
329.472367 276.794919 17
330.477049 276.794919 17
331.481731 276.794919 17
333.491094 276.794919 17
335.500457 276.794919 17
336.505139 276.794919 17
338.514503 276.794919 17
341.528548 276.794919 17
347.556638 276.794919 17
349.566001 276.794919 17
355.594091 276.794919 17
357.603455 276.794919 17
358.608137 276.794919 17
364.636227 276.794919 17
365.640908 276.794919 17
367.650272 276.794919 17
368.654954 276.794919 17
373.678362 276.794919 17
374.683044 276.794919 17
375.687725 276.794919 17
376.692407 276.794919 17
379.706452 276.794919 17
380.711134 276.794919 17
382.720497 276.794919 17
383.725179 276.794919 17
384.729861 276.794919 17
386.739224 276.794919 17
390.757951 276.794919 17
392.767314 276.794919 17
393.771996 276.794919 17
394.776678 276.794919 17
397.790723 276.794919 17
399.800086 276.794919 17
401.809450 276.794919 17
405.828176 276.794919 17
406.832858 276.794919 17
408.842222 276.794919 17
410.851585 276.794919 17
411.856267 276.794919 17
412.860948 276.794919 17
413.865630 276.794919 17
414.870312 276.794919 17
419.893720 276.794919 17
424.917129 276.794919 17
426.926492 276.794919 17
427.931174 276.794919 17
431.949901 276.794919 17
434.963946 276.794919 17
437.977991 276.794919 17
438.982673 276.794919 17
439.987354 276.794919 17
440.992036 276.794919 17
443.001399 276.794919 17
444.006081 276.794919 17
446.015444 276.794919 17
448.024808 276.794919 17
449.029490 276.794919 17
450.034171 276.794919 17
451.038853 276.794919 17
454.052898 276.794919 17
456.062261 276.794919 17
461.085670 276.794919 17
462.090352 276.794919 17
463.095033 276.794919 17
464.099715 276.794919 17
465.104397 276.794919 17
467.113760 276.794919 17
470.127805 276.794919 17
471.132487 276.794919 17
471.132487 276.794919 16
472.137169 275.054759 16
472.639510 274.184679 16
473.644191 272.444520 16
475.653555 268.964200 16
476.658236 267.224040 16
477.160577 266.353961 16
478.165259 264.613801 16
478.667600 263.743721 16
479.169941 262.873641 16
482.183986 257.653162 16
485.198031 252.432683 16
487.207394 248.952363 16
487.709735 248.082283 16
488.714417 246.342123 16
492.230803 240.251564 16
493.235484 238.511405 16
493.737825 237.641325 16
494.742507 235.901165 16
495.244848 235.031085 16
495.747189 234.161005 16
496.751870 232.420845 16
497.254211 231.550766 16
497.756552 230.680686 16
498.258893 229.810606 16
499.263574 228.070446 16
499.765915 227.200366 16
500.770597 225.460207 16
501.272938 224.590127 16
501.775279 223.720047 16
502.779960 221.979887 16
503.784642 220.239727 16
504.286983 219.369647 16
504.789324 218.499568 16
505.291665 217.629488 16
506.798687 215.019248 16
507.301028 214.149168 16
508.808051 211.538929 16
509.310391 210.668849 16
509.812732 209.798769 16
512.324436 205.448369 16
513.329118 203.708210 16
515.840822 199.357810 16
516.343163 198.487730 16
518.352527 195.007411 16
518.854867 194.137331 16
519.357208 193.267251 16
520.864231 190.657012 16
521.366572 189.786932 16
521.868913 188.916852 16
522.371253 188.046772 16
522.873594 187.176692 16
523.878276 185.436532 16
524.380617 184.566453 16
527.394662 179.345973 16
528.399344 177.605814 16
529.906366 174.995574 16
530.408707 174.125494 16
530.911048 173.255414 16
531.413389 172.385334 16
532.920411 169.775095 16
533.422752 168.905015 16
533.925093 168.034935 16
534.427434 167.164855 16
534.929775 166.294775 16
536.436797 163.684536 16
536.939138 162.814456 16
537.441479 161.944376 16
538.446161 160.204216 16
540.957865 155.853817 16
541.460206 154.983737 16
542.464887 153.243577 16
542.967228 152.373497 16
543.971910 150.633337 16
544.474251 149.763258 16
547.990637 143.672698 16
548.492977 142.802619 16
548.995318 141.932539 16
550.502341 141.062459 15
552.009363 143.672698 15
552.511704 144.542778 15
554.018727 147.153018 15
554.521068 148.023098 15
555.525749 149.763258 15
556.028090 150.633337 15
556.530431 151.503417 15
557.535113 153.243577 15
558.037454 154.113657 15
558.539794 154.983737 15
559.042135 155.853817 15
559.544476 156.723897 15
560.046817 157.593976 15
561.051499 159.334136 15
562.056180 161.074296 15
563.060862 162.814456 15
564.065544 164.554615 15
565.070225 166.294775 15
566.577248 168.905015 15
568.084270 171.515254 15
568.586611 172.385334 15
570.093634 174.995574 15
570.595975 175.865654 15
571.098316 176.735734 15
571.600656 177.605814 15
573.107679 180.216053 15
574.112361 181.956213 15
576.121724 185.436532 15
577.628747 188.046772 15
578.633428 189.786932 15
579.638110 191.527091 15
580.140451 192.397171 15
580.642792 193.267251 15
582.149814 195.877491 15
583.656837 198.487730 15
586.168541 202.838130 15
586.670882 203.708210 15
588.177904 206.318449 15
589.182586 208.058609 15
589.684927 208.928689 15
590.689609 210.668849 15
591.694290 212.409008 15
593.201313 215.019248 15
593.703654 215.889328 15
595.713017 219.369647 15
596.215358 220.239727 15
596.717699 221.109807 15
597.722380 222.849967 15
600.234085 227.200366 15
600.736426 228.070446 15
601.238766 228.940526 15
602.243448 230.680686 15
602.745789 231.550766 15
603.248130 232.420845 15
604.755152 235.031085 15
605.257493 235.901165 15
605.759834 236.771245 15
606.262175 237.641325 15
606.764516 238.511405 15
607.769197 240.251564 15
609.276220 242.861804 15
610.280902 244.601964 15
610.783243 245.472044 15
612.290265 248.082283 15
612.792606 248.952363 15
613.294947 249.822443 15
614.299628 251.562603 15
614.801969 252.432683 15
615.304310 253.302762 15
616.308992 255.042922 15
616.811333 255.913002 15
617.816014 257.653162 15
619.825378 261.133481 15
621.834741 264.613801 15
624.346445 268.964200 15
625.351127 270.704360 15
626.355809 272.444520 15
626.858150 273.314600 15
627.360490 274.184679 15
627.862831 275.054759 15
628.867513 276.794919 14
629.872195 276.794919 14
630.876876 276.794919 14
632.886240 276.794919 14
634.895603 276.794919 14
635.900285 276.794919 14
638.914330 276.794919 14
640.923693 276.794919 14
643.937739 276.794919 14
645.947102 276.794919 14
646.951784 276.794919 14
647.956465 276.794919 14
650.970510 276.794919 14
653.984556 276.794919 14
654.989237 276.794919 14
656.998601 276.794919 14
658.003282 276.794919 14
661.017327 276.794919 14
666.040736 276.794919 14
668.050099 276.794919 14
670.059463 276.794919 14
672.068826 276.794919 14
674.078190 276.794919 14
676.087553 276.794919 14
678.096916 276.794919 14
679.101598 276.794919 14
681.110961 276.794919 14
684.125007 276.794919 14
688.143733 276.794919 14
689.148415 276.794919 14
690.153097 276.794919 14
691.157778 276.794919 14
692.162460 276.794919 14
693.167142 276.794919 14
696.181187 276.794919 14
698.190550 276.794919 14
700.199914 276.794919 14
703.213959 276.794919 14
704.218641 276.794919 14
705.223322 276.794919 14
706.228004 276.794919 14
708.237367 276.794919 14
710.246731 276.794919 14
712.256094 276.794919 14
713.260776 276.794919 14
715.270139 276.794919 14
716.274821 276.794919 14
718.284184 276.794919 14
720.293548 276.794919 14
723.307593 276.794919 14
724.312275 276.794919 14
727.326320 276.794919 14
728.331001 276.794919 14
729.335683 276.794919 14
731.345046 276.794919 14
735.363773 276.794919 14
738.377818 276.794919 14
739.382500 276.794919 14
742.396545 276.794919 14
744.405909 276.794919 14
746.415272 276.794919 14
750.433999 276.794919 14
751.438680 276.794919 14
752.443362 276.794919 14
753.448044 276.794919 14
755.457407 276.794919 14
757.466771 276.794919 14
758.471452 276.794919 14
760.480816 276.794919 14
764.499543 276.794919 14
765.504224 276.794919 14
766.508906 276.794919 14
767.513588 276.794919 14
770.527633 276.794919 14
772.536996 276.794919 14
774.546360 276.794919 14
777.560405 276.794919 14
778.565086 276.794919 14
779.569768 276.794919 14
782.583813 276.794919 14
783.588495 276.794919 14
784.593177 276.794919 14
786.100199 277.664999 13
785.597858 278.535079 13
784.593177 280.275239 13
783.588495 282.015398 13
783.086154 282.885478 13
782.081472 284.625638 13
781.579132 285.495718 13
780.574450 287.235878 13
778.565086 290.716197 13
777.560405 292.456357 13
777.058064 293.326437 13
776.053382 295.066596 13
774.546360 297.676836 13
773.541678 299.416996 13
772.536996 301.157156 13
771.532315 302.897315 13
769.522951 306.377635 13
768.518270 308.117795 13
767.011247 310.728034 13
766.508906 311.598114 13
765.001884 314.208354 13
764.499543 315.078434 13
763.494861 316.818593 13
762.490179 318.558753 13
761.987838 319.428833 13
761.485498 320.298913 13
760.983157 321.168993 13
759.978475 322.909153 13
759.476134 323.779232 13
758.973793 324.649312 13
758.471453 325.519392 13
757.466771 327.259552 13
754.955067 331.609951 13
754.452726 332.480031 13
752.443362 335.960351 13
748.424636 342.920990 13
747.922295 343.791070 13
745.410591 348.141469 13
742.396545 353.361948 13
741.894205 354.232028 13
741.391864 355.102108 13
740.387182 356.842268 13
739.884841 357.712348 13
738.880160 359.452508 13
738.377819 360.322587 13
737.373137 362.062747 13
736.870796 362.932827 13
734.861433 366.413147 13
733.856751 368.153306 13
731.345047 372.503706 13
730.842706 373.373786 13
729.838024 375.113945 13
729.335683 375.984025 13
727.828661 378.594265 13
726.823979 380.334425 13
725.819297 382.074584 13
724.312275 384.684824 13
723.809934 385.554904 13
722.805252 387.295064 13
722.302912 388.165144 13
721.298230 389.905303 13
720.293548 391.645463 13
718.786526 394.255703 13
717.781844 395.995862 13
716.274821 398.606102 13
715.772481 399.476182 13
715.270140 400.346262 13
714.767799 401.216342 13
714.265458 402.086422 13
713.763117 402.956501 13
712.758435 404.696661 13
711.251413 407.306901 13
710.246731 409.047061 13
708.739709 411.657300 13
707.735027 413.397460 13
707.735027 413.397460 12
708.238181 414.268949 12
708.741336 415.140438 12
709.244490 416.011927 12
709.747645 416.883416 12
710.250799 417.754905 12
710.753954 418.626394 12
711.257108 419.497883 12
711.760262 420.369372 12
712.263417 421.240861 12
712.766571 422.112350 12
713.269726 422.983840 12
713.772880 423.855329 12
714.276035 424.726818 12
714.779189 425.598307 12
715.282343 426.469796 12
715.785498 427.341285 12
716.288652 428.212774 12
716.791807 429.084263 12
717.798116 430.827241 12
718.301270 431.698730 12
718.804424 432.570219 12
719.810733 434.313197 12
720.313888 435.184686 12
720.817042 436.056175 12
721.320197 436.927664 12
722.326505 438.670642 12
722.829660 439.542131 12
723.332814 440.413620 12
723.835969 441.285110 12
724.339123 442.156599 12
724.842278 443.028088 12
725.345432 443.899577 12
725.848586 444.771066 12
726.351741 445.642555 12
726.854895 446.514044 12
727.358050 447.385533 12
728.364359 449.128511 12
728.867513 450.000000 12
729.868002 450.000000 11
731.868980 450.000000 11
733.869957 450.000000 11
735.870935 450.000000 11
736.871424 450.000000 11
739.872891 450.000000 11
744.875335 450.000000 11
749.877780 450.000000 11
751.878757 450.000000 11
752.879246 450.000000 11
753.879735 450.000000 11
755.880713 450.000000 11
757.881691 450.000000 11
759.882668 450.000000 11
760.883157 450.000000 11
761.883646 450.000000 11
762.884135 450.000000 11
764.885113 450.000000 11
765.885602 450.000000 11
767.886579 450.000000 11
768.887068 450.000000 11
772.889024 450.000000 11
773.889513 450.000000 11
776.890979 450.000000 11
781.893424 450.000000 11
782.893913 450.000000 11
784.894890 450.000000 11
785.895379 450.000000 11
788.896846 450.000000 11
789.897335 450.000000 11
790.897824 450.000000 11
800.902712 450.000000 11
804.904668 450.000000 11
805.905157 450.000000 11
806.905646 450.000000 11
807.906135 450.000000 11
810.907601 450.000000 11
811.908090 450.000000 11
816.910535 450.000000 11
821.912979 450.000000 11
826.915423 450.000000 11
827.915912 450.000000 11
828.916401 450.000000 11
829.916890 450.000000 11
831.917868 450.000000 11
836.920312 450.000000 11
843.923734 450.000000 11
849.926668 450.000000 11
854.929112 450.000000 11
860.932045 450.000000 11
861.932534 450.000000 11
862.933023 450.000000 11
863.933512 450.000000 11
866.934979 450.000000 11
870.936934 450.000000 11
871.937423 450.000000 11
875.939379 450.000000 11
879.941334 450.000000 11
884.943779 450.000000 11
885.944267 450.000000 11
887.945245 450.000000 11
894.948667 450.000000 11
895.949156 450.000000 11
896.949645 450.000000 11
905.954045 450.000000 11
907.955023 450.000000 11
908.955512 450.000000 11
910.956490 450.000000 11
915.958934 450.000000 11
916.959423 450.000000 11
918.960401 450.000000 11
920.961378 450.000000 11
922.962356 450.000000 11
927.964801 450.000000 11
934.968223 450.000000 11
935.968712 450.000000 11
939.970667 450.000000 11
940.971156 450.000000 11
947.974578 450.000000 11
948.975067 450.000000 11
949.975556 450.000000 11
953.977511 450.000000 11
955.978489 450.000000 11
961.981422 450.000000 11
967.984356 450.000000 11
968.984845 450.000000 11
970.985822 450.000000 11
975.988267 450.000000 11
976.988756 450.000000 11
977.989245 450.000000 11
978.989733 450.000000 11
983.992178 450.000000 11
985.993156 450.000000 11
986.993645 450.000000 11
988.994622 450.000000 11
989.995111 450.000000 11
991.996089 450.000000 11
1000.000000 452.000000 10
1000.000000 455.000000 10
1000.000000 457.000000 10
1000.000000 459.000000 10
1000.000000 460.000000 10
1000.000000 461.000000 10
1000.000000 462.000000 10
1000.000000 463.000000 10
1000.000000 464.000000 10
1000.000000 465.000000 10
1000.000000 467.000000 10
1000.000000 468.000000 10
1000.000000 469.000000 10
1000.000000 470.000000 10
1000.000000 471.000000 10
1000.000000 472.000000 10
1000.000000 473.000000 10
1000.000000 477.000000 10
1000.000000 478.000000 10
1000.000000 479.000000 10
1000.000000 481.000000 10
1000.000000 483.000000 10
1000.000000 484.000000 10
1000.000000 486.000000 10
1000.000000 487.000000 10
1000.000000 488.000000 10
1000.000000 489.000000 10
1000.000000 490.000000 10
1000.000000 491.000000 10
1000.000000 492.000000 10
1000.000000 493.000000 10
1000.000000 494.000000 10
1000.000000 495.000000 10
1000.000000 496.000000 10
1000.000000 498.000000 10
1000.000000 501.000000 10
1000.000000 502.000000 10
1000.000000 503.000000 10
1000.000000 504.000000 10
1000.000000 506.000000 10
1000.000000 507.000000 10
1000.000000 510.000000 10
1000.000000 513.000000 10
1000.000000 514.000000 10
1000.000000 515.000000 10
1000.000000 516.000000 10
1000.000000 520.000000 10
1000.000000 521.000000 10
1000.000000 522.000000 10
1000.000000 523.000000 10
1000.000000 524.000000 10
1000.000000 525.000000 10
1000.000000 526.000000 10
1000.000000 527.000000 10
1000.000000 528.000000 10
1000.000000 529.000000 10
1000.000000 530.000000 10
1000.000000 531.000000 10
1000.000000 533.000000 10
1000.000000 534.000000 10
1000.000000 537.000000 10
1000.000000 538.000000 10
1000.000000 539.000000 10
1000.000000 540.000000 10
1000.000000 541.000000 10
1000.000000 546.000000 10
1000.000000 548.000000 10
1000.000000 549.000000 10
1000.000000 550.000000 9
992.981486 550.000000 9
991.978841 550.000000 9
989.973551 550.000000 9
988.970907 550.000000 9
986.965617 550.000000 9
984.960327 550.000000 9
982.955037 550.000000 9
976.939168 550.000000 9
974.933879 550.000000 9
973.931234 550.000000 9
971.925944 550.000000 9
970.923299 550.000000 9
967.915365 550.000000 9
964.907430 550.000000 9
962.902140 550.000000 9
961.899495 550.000000 9
960.896851 550.000000 9
955.883626 550.000000 9
954.880981 550.000000 9
952.875692 550.000000 9
951.873047 550.000000 9
946.859823 550.000000 9
937.836019 550.000000 9
932.822795 550.000000 9
924.801636 550.000000 9
923.798991 550.000000 9
922.796346 550.000000 9
919.788411 550.000000 9
917.783122 550.000000 9
909.761963 550.000000 9
907.756673 550.000000 9
904.748739 550.000000 9
903.746094 550.000000 9
902.743449 550.000000 9
899.735514 550.000000 9
898.732869 550.000000 9
895.724935 550.000000 9
889.709066 550.000000 9
888.706421 550.000000 9
877.677327 550.000000 9
870.658813 550.000000 9
867.650879 550.000000 9
865.645589 550.000000 9
863.640299 550.000000 9
860.632365 550.000000 9
847.597982 550.000000 9
846.595337 550.000000 9
840.579468 550.000000 9
838.574178 550.000000 9
834.563599 550.000000 9
829.550374 550.000000 9
827.545085 550.000000 9
824.537150 550.000000 9
819.523926 550.000000 9
818.521281 550.000000 9
810.500122 550.000000 9
797.465739 550.000000 9
790.447225 550.000000 9
788.441935 550.000000 9
784.431356 550.000000 9
780.420776 550.000000 9
776.410197 550.000000 9
767.386393 550.000000 9
766.383748 550.000000 9
762.373169 550.000000 9
761.370524 550.000000 9
760.367879 550.000000 9
757.359945 550.000000 9
751.344076 550.000000 9
746.330851 550.000000 9
744.325562 550.000000 9
743.322917 550.000000 9
742.320272 550.000000 9
730.288534 550.000000 9
725.275309 550.000000 9
724.272664 550.000000 9
720.262085 550.000000 9
717.254150 550.000000 9
716.251506 550.000000 9
713.243571 550.000000 9
711.238281 550.000000 9
704.219767 550.000000 9
700.209188 550.000000 9
698.203898 550.000000 9
692.188029 550.000000 9
686.172160 550.000000 9
682.161580 550.000000 9
678.151001 550.000000 9
676.145711 550.000000 9
674.140422 550.000000 9
670.630146 549.129920 8
670.127805 548.259840 8
669.625464 547.389760 8
669.123124 546.519681 8
668.620783 545.649601 8
668.118442 544.779521 8
667.113760 543.039361 8
665.606738 540.429121 8
665.104397 539.559042 8
664.099715 537.818882 8
663.597374 536.948802 8
663.095033 536.078722 8
662.592692 535.208642 8
662.090352 534.338562 8
661.588011 533.468482 8
661.085670 532.598403 8
660.080988 530.858243 8
659.076307 529.118083 8
658.573966 528.248003 8
658.071625 527.377923 8
657.569284 526.507843 8
656.564602 524.767684 8
654.555239 521.287364 8
653.550557 519.547204 8
652.545875 517.807045 8
651.038853 515.196805 8
648.527149 510.846406 8
648.024808 509.976326 8
647.020126 508.236166 8
646.015444 506.496006 8
645.513103 505.625926 8
641.494377 498.665288 8
640.992036 497.795208 8
639.485013 495.184968 8
637.475650 491.704649 8
635.466286 488.224329 8
633.959264 485.614089 8
633.456923 484.744010 8
631.949900 482.133770 8
630.945219 480.393610 8
629.438196 477.783371 8
627.931174 475.173131 8
627.428833 474.303051 8
626.424151 472.562891 8
625.921810 471.692811 8
624.414788 469.082572 8
623.912447 468.212492 8
623.410106 467.342412 8
622.907765 466.472332 8
622.405424 465.602252 8
621.903083 464.732172 8
618.386697 458.641613 8
617.884357 457.771534 8
613.865630 450.810895 8
613.363289 449.940815 8
612.358607 448.200655 8
611.353925 446.460495 8
608.842221 442.110096 8
608.339880 441.240016 8
607.837539 440.369936 8
607.335199 439.499856 8
603.316472 432.539217 8
602.814131 431.669137 8
602.311790 430.799057 8
600.302427 427.318738 8
599.297745 425.578578 8
596.786041 421.228179 8
596.283700 420.358099 8
595.279018 418.617939 8
593.771996 416.007700 8
593.269655 415.137620 8
592.767314 414.267540 8
592.264973 413.397460 7
592.768127 412.525971 7
593.271282 411.654482 7
593.774436 410.782993 7
594.277591 409.911504 7
594.780745 409.040015 7
595.283900 408.168526 7
595.787054 407.297036 7
596.290209 406.425547 7
596.793363 405.554058 7
597.296518 404.682569 7
597.799672 403.811080 7
599.309135 401.196613 7
599.812290 400.325124 7
600.315444 399.453635 7
600.818599 398.582146 7
601.321753 397.710657 7
601.824908 396.839168 7
602.328062 395.967679 7
603.334371 394.224700 7
603.837525 393.353211 7
604.843834 391.610233 7
605.346989 390.738744 7
605.850143 389.867255 7
606.353298 388.995766 7
606.856452 388.124277 7
608.365915 385.509810 7
608.869070 384.638321 7
609.372224 383.766832 7
609.875379 382.895342 7
610.378533 382.023853 7
610.881688 381.152364 7
611.384842 380.280875 7
611.887997 379.409386 7
612.391151 378.537897 7
612.894306 377.666408 7
613.397460 376.794919 7
613.397460 376.794919 6
612.391151 376.794919 6
611.384842 376.794919 6
610.378533 376.794919 6
609.372224 376.794919 6
608.365916 376.794919 6
607.359607 376.794919 6
606.353298 376.794919 6
605.346989 376.794919 6
604.340680 376.794919 6
603.334371 376.794919 6
602.328062 376.794919 6
601.321753 376.794919 6
600.315445 376.794919 6
599.309136 376.794919 6
598.302827 376.794919 6
597.296518 376.794919 6
596.290209 376.794919 6
594.277591 376.794919 6
593.271282 376.794919 6
592.264973 376.794919 6
591.258665 376.794919 6
590.252356 376.794919 6
589.246047 376.794919 6
588.239738 376.794919 6
587.233429 376.794919 6
586.227120 376.794919 6
585.220811 376.794919 6
584.214502 376.794919 6
583.208194 376.794919 6
582.201885 376.794919 6
581.195576 376.794919 6
580.189267 376.794919 6
578.176649 376.794919 6
577.170340 376.794919 6
575.157723 376.794919 6
574.151414 376.794919 6
573.145105 376.794919 6
572.138796 376.794919 6
571.132487 376.794919 6
571.132487 376.794919 5
570.629333 375.923430 5
570.126178 375.051941 5
569.623024 374.180452 5
569.119869 373.308963 5
568.616715 372.437474 5
568.113560 371.565985 5
567.107251 369.823007 5
566.604097 368.951518 5
566.100942 368.080029 5
565.094634 366.337050 5
564.591479 365.465561 5
563.585170 363.722583 5
563.082016 362.851094 5
562.578861 361.979605 5
562.075707 361.108116 5
561.572552 360.236627 5
561.069398 359.365138 5
560.566243 358.493649 5
559.559935 356.750671 5
559.056780 355.879182 5
558.553626 355.007693 5
558.050471 354.136204 5
557.547317 353.264715 5
557.044162 352.393226 5
556.541008 351.521737 5
556.037853 350.650248 5
555.534699 349.778759 5
555.031545 348.907269 5
554.528390 348.035780 5
554.025236 347.164291 5
553.522081 346.292802 5
553.018927 345.421313 5
552.515772 344.549824 5
551.509463 342.806846 5
551.006309 341.935357 5
550.503154 341.063868 5
550.000000 340.192379 5
550.000000 340.192379 4
548.993691 341.935357 4
548.490537 342.806846 4
547.484228 344.549824 4
546.981073 345.421313 4
545.974764 347.164291 4
544.968455 348.907269 4
544.465301 349.778759 4
543.962147 350.650248 4
543.458992 351.521737 4
542.452683 353.264715 4
541.949529 354.136204 4
541.446374 355.007693 4
540.943220 355.879182 4
540.440065 356.750671 4
539.936911 357.622160 4
539.433757 358.493649 4
538.427448 360.236627 4
537.924293 361.108116 4
537.421139 361.979605 4
536.917984 362.851094 4
536.414830 363.722583 4
535.911675 364.594072 4
535.408521 365.465561 4
534.905366 366.337050 4
534.402212 367.208539 4
533.899058 368.080029 4
533.395903 368.951518 4
532.892749 369.823007 4
532.389594 370.694496 4
531.886440 371.565985 4
531.383285 372.437474 4
530.376976 374.180452 4
529.873822 375.051941 4
529.370667 375.923430 4
528.867513 376.794919 4
528.867513 376.794919 3
527.861204 376.794919 3
526.854895 376.794919 3
525.848586 376.794919 3
524.842277 376.794919 3
522.829660 376.794919 3
521.823351 376.794919 3
520.817042 376.794919 3
519.810733 376.794919 3
518.804424 376.794919 3
517.798115 376.794919 3
515.785498 376.794919 3
514.779189 376.794919 3
513.772880 376.794919 3
512.766571 376.794919 3
511.760262 376.794919 3
510.753953 376.794919 3
509.747644 376.794919 3
508.741335 376.794919 3
507.735027 376.794919 3
505.722409 376.794919 3
504.716100 376.794919 3
503.709791 376.794919 3
502.703482 376.794919 3
501.697173 376.794919 3
500.690864 376.794919 3
499.684555 376.794919 3
498.678247 376.794919 3
497.671938 376.794919 3
496.665629 376.794919 3
495.659320 376.794919 3
494.653011 376.794919 3
492.640393 376.794919 3
490.627776 376.794919 3
489.621467 376.794919 3
488.615158 376.794919 3
486.602540 376.794919 3
486.602540 376.794919 2
487.105694 377.666408 2
487.608849 378.537897 2
488.112003 379.409386 2
488.615158 380.280875 2
489.118312 381.152364 2
490.124621 382.895342 2
490.627776 383.766832 2
491.130930 384.638321 2
491.634085 385.509810 2
492.137239 386.381299 2
492.640393 387.252788 2
493.143548 388.124277 2
493.646702 388.995766 2
494.149857 389.867255 2
494.653011 390.738744 2
495.156166 391.610233 2
495.659320 392.481722 2
496.162475 393.353211 2
496.665629 394.224700 2
497.168784 395.096190 2
497.671938 395.967679 2
498.175092 396.839168 2
498.678247 397.710657 2
499.181401 398.582146 2
499.684556 399.453635 2
500.187710 400.325124 2
500.690865 401.196613 2
501.194019 402.068102 2
501.697174 402.939591 2
502.200328 403.811080 2
502.703482 404.682569 2
503.206637 405.554058 2
503.709791 406.425547 2
504.212946 407.297036 2
504.716100 408.168526 2
505.219255 409.040015 2
505.722409 409.911504 2
506.225564 410.782993 2
506.728718 411.654482 2
507.231873 412.525971 2
507.735027 413.397460 2
507.735027 413.397460 1
507.232686 414.267540 1
506.730345 415.137620 1
506.228004 416.007700 1
503.213959 421.228179 1
501.706937 423.838418 1
500.702255 425.578578 1
500.199914 426.448658 1
498.190551 429.928978 1
496.683528 432.539217 1
495.678847 434.279377 1
494.171824 436.889617 1
493.669483 437.759696 1
493.167142 438.629776 1
492.664801 439.499856 1
492.162461 440.369936 1
491.660120 441.240016 1
489.650756 444.720335 1
489.148415 445.590415 1
488.143734 447.330575 1
487.641393 448.200655 1
486.636711 449.940815 1
486.134370 450.810895 1
485.129689 452.551054 1
484.627348 453.421134 1
483.622666 455.161294 1
483.120325 456.031374 1
482.115643 457.771534 1
481.110962 459.511693 1
480.608621 460.381773 1
479.603939 462.121933 1
478.599257 463.862093 1
477.594576 465.602252 1
476.589894 467.342412 1
476.087553 468.212492 1
475.082872 469.952652 1
474.580531 470.822732 1
474.078190 471.692811 1
473.575849 472.562891 1
473.073508 473.432971 1
471.064145 476.913291 1
470.059463 478.653450 1
469.557122 479.523530 1
469.054781 480.393610 1
468.552440 481.263690 1
466.543077 484.744010 1
466.040736 485.614089 1
465.538395 486.484169 1
464.533714 488.224329 1
464.031373 489.094409 1
462.022009 492.574728 1
461.519668 493.444808 1
461.017328 494.314888 1
459.510305 496.925128 1
459.007964 497.795208 1
457.500942 500.405447 1
455.993919 503.015687 1
455.491578 503.885767 1
454.989237 504.755847 1
454.486897 505.625926 1
452.979874 508.236166 1
452.477533 509.106246 1
451.975192 509.976326 1
451.472851 510.846406 1
449.965829 513.456645 1
449.463488 514.326725 1
447.956465 516.936965 1
446.951784 518.677125 1
445.444761 521.287364 1
444.942420 522.157444 1
444.440079 523.027524 1
443.435398 524.767684 1
442.933057 525.637764 1
439.919012 530.858243 1
439.416671 531.728323 1
438.914330 532.598403 1
437.909648 534.338562 1
436.904967 536.078722 1
435.900285 537.818882 1
435.397944 538.688962 1
434.895603 539.559042 1
433.890922 541.299201 1
433.388581 542.169281 1
432.886240 543.039361 1
432.383899 543.909441 1
431.379217 545.649601 1
429.872195 548.259840 1
427.864868 550.000000 0
424.856934 550.000000 0
420.846354 550.000000 0
413.827840 550.000000 0
406.809326 550.000000 0
402.798747 550.000000 0
395.780233 550.000000 0
390.767008 550.000000 0
387.759074 550.000000 0
386.756429 550.000000 0
383.748494 550.000000 0
380.740560 550.000000 0
379.737915 550.000000 0
376.729980 550.000000 0
370.714111 550.000000 0
369.711466 550.000000 0
368.708822 550.000000 0
360.687663 550.000000 0
359.685018 550.000000 0
358.682373 550.000000 0
356.677083 550.000000 0
352.666504 550.000000 0
351.663859 550.000000 0
349.658569 550.000000 0
347.653280 550.000000 0
344.645345 550.000000 0
343.642700 550.000000 0
342.640055 550.000000 0
341.637410 550.000000 0
336.624186 550.000000 0
334.618896 550.000000 0
326.597738 550.000000 0
325.595093 550.000000 0
319.579224 550.000000 0
317.573934 550.000000 0
301.531616 550.000000 0
294.513102 550.000000 0
293.510457 550.000000 0
286.491943 550.000000 0
285.489298 550.000000 0
280.476074 550.000000 0
279.473429 550.000000 0
278.470784 550.000000 0
271.452270 550.000000 0
270.449626 550.000000 0
266.439046 550.000000 0
260.423177 550.000000 0
256.412598 550.000000 0
251.399373 550.000000 0
250.396729 550.000000 0
248.391439 550.000000 0
240.370280 550.000000 0
239.367635 550.000000 0
234.354411 550.000000 0
225.330607 550.000000 0
223.325317 550.000000 0
220.317383 550.000000 0
212.296224 550.000000 0
208.285645 550.000000 0
207.283000 550.000000 0
204.275065 550.000000 0
200.264486 550.000000 0
198.259196 550.000000 0
193.245972 550.000000 0
192.243327 550.000000 0
190.238037 550.000000 0
189.235392 550.000000 0
187.230103 550.000000 0
184.222168 550.000000 0
183.219523 550.000000 0
181.214233 550.000000 0
177.203654 550.000000 0
173.193075 550.000000 0
172.190430 550.000000 0
170.185140 550.000000 0
165.171916 550.000000 0
164.169271 550.000000 0
157.150757 550.000000 0
156.148112 550.000000 0
155.145467 550.000000 0
152.137533 550.000000 0
140.105794 550.000000 0
134.089925 550.000000 0
130.079346 550.000000 0
125.066121 550.000000 0
121.055542 550.000000 0
120.052897 550.000000 0
118.047607 550.000000 0
117.044963 550.000000 0
114.037028 550.000000 0
110.026449 550.000000 0
109.023804 550.000000 0
