700
105.002444 450.000000 20
106.002933 450.000000 20
107.003422 450.000000 20
111.005378 450.000000 20
112.005867 450.000000 20
114.006844 450.000000 20
132.015644 450.000000 20
140.019555 450.000000 20
143.021022 450.000000 20
148.023466 450.000000 20
153.025911 450.000000 20
154.026400 450.000000 20
155.026889 450.000000 20
173.035688 450.000000 20
175.036666 450.000000 20
184.041066 450.000000 20
200.048888 450.000000 20
202.049866 450.000000 20
203.050355 450.000000 20
212.054755 450.000000 20
222.059644 450.000000 20
234.065510 450.000000 20
245.070888 450.000000 20
247.071866 450.000000 20
258.077243 450.000000 20
262.079199 450.000000 20
266.081154 450.000000 20
271.083599 450.000000 20
279.087510 450.000000 20
281.088488 450.000000 20
282.088977 450.000000 20
285.090443 450.000000 20
290.092888 450.000000 20
295.095332 450.000000 20
305.100221 450.000000 20
313.104132 450.000000 20
318.106576 450.000000 20
332.113421 450.000000 20
339.116843 450.000000 20
345.119776 450.000000 20
346.120265 450.000000 20
347.120754 450.000000 20
350.122220 450.000000 20
365.129554 450.000000 20
371.132487 450.000000 19
371.635641 449.128511 19
372.641950 447.385533 19
374.151414 444.771066 19
375.157722 443.028088 19
375.660877 442.156599 19
376.164031 441.285110 19
376.667186 440.413620 19
377.170340 439.542131 19
377.673495 438.670642 19
378.176649 437.799153 19
378.679803 436.927664 19
379.182958 436.056175 19
379.686112 435.184686 19
380.692421 433.441708 19
381.195576 432.570219 19
381.698730 431.698730 19
382.201884 430.827241 19
383.711348 428.212774 19
384.214502 427.341285 19
384.717657 426.469796 19
385.220811 425.598307 19
385.723965 424.726818 19
386.227120 423.855329 19
386.730274 422.983840 19
388.239738 420.369372 19
388.742892 419.497883 19
389.246046 418.626394 19
389.749201 417.754905 19
390.252355 416.883416 19
391.258664 415.140438 19
392.264973 413.397460 19
388.748587 407.306901 18
388.246246 406.436821 18
385.734542 402.086422 18
382.218156 395.995862 18
381.213474 394.255703 18
380.711134 393.385623 18
378.701770 389.905303 18
376.692407 386.424984 18
375.185384 383.814744 18
372.673680 379.464345 18
370.664317 375.984025 18
370.161976 375.113945 18
369.157294 373.373786 18
360.617500 358.582428 18
358.105795 354.232028 18
356.598773 351.621789 18
356.096432 350.751709 18
354.589409 348.141469 18
350.570683 341.180830 18
350.068342 340.310750 18
346.049615 333.350111 18
343.537911 328.999712 18
341.528547 325.519392 18
339.519184 322.039073 18
337.007480 317.688673 18
333.491094 311.598114 18
332.486412 309.857954 18
331.481730 308.117795 18
329.974708 305.507555 18
326.960663 300.287076 18
325.453640 297.676836 18
324.951299 296.806756 18
324.448959 295.936676 18
323.946618 295.066596 18
320.932573 289.846117 18
319.425550 287.235878 18
318.420869 276.794919 17
319.425550 276.794919 17
326.458322 276.794919 17
327.463004 276.794919 17
341.528548 276.794919 17
342.533229 276.794919 17
353.584728 276.794919 17
356.598773 276.794919 17
357.603455 276.794919 17
366.645590 276.794919 17
370.664317 276.794919 17
371.668999 276.794919 17
372.673680 276.794919 17
374.683044 276.794919 17
375.687725 276.794919 17
379.706452 276.794919 17
381.715816 276.794919 17
384.729861 276.794919 17
388.748588 276.794919 17
389.753269 276.794919 17
410.851585 276.794919 17
414.870312 276.794919 17
437.977991 276.794919 17
444.006081 276.794919 17
464.099715 276.794919 17
467.113760 276.794919 17
469.123124 276.794919 17
470.127805 276.794919 17
471.132487 276.794919 16
474.648873 270.704360 16
475.151214 269.834280 16
476.658236 267.224040 16
477.160577 266.353961 16
479.169941 262.873641 16
481.681645 258.523242 16
483.691008 255.042922 16
484.193349 254.172842 16
488.212076 247.212203 16
489.216757 245.472044 16
490.221439 243.731884 16
493.235484 238.511405 16
494.240166 236.771245 16
498.761234 228.940526 16
500.770597 225.460207 16
502.277620 222.849967 16
510.817414 208.058609 16
511.822096 206.318449 16
514.333800 201.968050 16
515.338482 200.227890 16
517.347845 196.747571 16
518.352527 195.007411 16
520.361890 191.527091 16
522.371253 188.046772 16
524.882958 183.696373 16
527.394662 179.345973 16
530.408707 174.125494 16
531.413389 172.385334 16
531.915730 171.515254 16
532.418070 170.645175 16
533.925093 168.034935 16
537.943820 161.074296 16
540.455524 156.723897 16
541.460206 154.983737 16
542.464887 153.243577 16
544.976592 148.893178 16
545.981273 147.153018 16
550.502341 141.062459 15
551.507023 142.802619 15
553.516386 146.282938 15
554.018727 147.153018 15
555.525749 149.763258 15
557.535113 153.243577 15
558.539794 154.983737 15
563.563203 163.684536 15
564.567885 165.424695 15
566.577248 168.905015 15
568.084270 171.515254 15
570.093634 174.995574 15
570.595975 175.865654 15
572.102997 178.475893 15
575.117042 183.696373 15
583.656837 198.487730 15
584.159178 199.357810 15
586.168541 202.838130 15
586.670882 203.708210 15
588.680245 207.188529 15
591.694290 212.409008 15
595.713017 219.369647 15
596.215358 220.239727 15
597.220040 221.979887 15
599.229403 225.460207 15
601.238766 228.940526 15
602.745789 231.550766 15
603.750471 233.290925 15
612.290265 248.082283 15
614.299628 251.562603 15
615.304310 253.302762 15
617.313674 256.783082 15
617.816014 257.653162 15
619.323037 260.263401 15
620.830059 262.873641 15
621.332400 263.743721 15
622.337082 265.483881 15
624.848786 269.834280 15
627.360490 274.184679 15
627.862831 275.054759 15
628.867513 276.794919 15
642.933057 276.794919 14
644.942420 276.794919 14
652.979874 276.794919 14
655.993919 276.794919 14
658.003282 276.794919 14
663.026691 276.794919 14
669.054781 276.794919 14
672.068826 276.794919 14
677.092235 276.794919 14
680.106280 276.794919 14
686.134370 276.794919 14
691.157778 276.794919 14
697.185869 276.794919 14
701.204595 276.794919 14
707.232686 276.794919 14
715.270139 276.794919 14
718.284184 276.794919 14
720.293548 276.794919 14
722.302911 276.794919 14
726.321638 276.794919 14
728.331001 276.794919 14
735.363773 276.794919 14
736.368455 276.794919 14
739.382500 276.794919 14
740.387182 276.794919 14
741.391863 276.794919 14
748.424635 276.794919 14
751.438680 276.794919 14
754.452726 276.794919 14
756.462089 276.794919 14
766.508906 276.794919 14
772.536996 276.794919 14
773.541678 276.794919 14
776.555723 276.794919 14
780.574450 276.794919 14
782.081472 284.625638 13
780.072109 288.105957 13
779.067427 289.846117 13
777.560405 292.456357 13
775.551041 295.936676 13
771.029974 303.767395 13
767.513588 309.857954 13
767.011247 310.728034 13
764.499543 315.078434 13
763.997202 315.948514 13
761.987838 319.428833 13
758.973793 324.649312 13
758.471453 325.519392 13
753.950385 333.350111 13
751.941022 336.830431 13
748.926976 342.050910 13
747.922295 343.791070 13
745.912931 347.271389 13
744.908250 349.011549 13
742.898886 352.491868 13
740.889523 355.972188 13
736.368455 363.802907 13
731.345047 372.503706 13
727.326320 379.464345 13
725.819297 382.074584 13
724.814616 383.814744 13
722.805252 387.295064 13
721.800571 389.035223 13
720.293548 391.645463 13
715.772481 399.476182 13
713.763117 402.956501 13
713.260776 403.826581 13
708.741336 415.140438 12
709.244490 416.011927 12
710.753954 418.626394 12
712.263417 421.240861 12
712.766571 422.112350 12
713.269726 422.983840 12
713.772880 423.855329 12
714.276035 424.726818 12
715.282343 426.469796 12
715.785498 427.341285 12
716.791807 429.084263 12
717.294961 429.955752 12
717.798116 430.827241 12
718.804424 432.570219 12
719.307579 433.441708 12
720.817042 436.056175 12
721.823351 437.799153 12
722.326505 438.670642 12
722.829660 439.542131 12
723.835969 441.285110 12
724.339123 442.156599 12
724.842278 443.028088 12
725.345432 443.899577 12
726.351741 445.642555 12
726.854895 446.514044 12
727.861204 448.257022 12
728.364359 449.128511 12
730.868491 450.000000 11
731.868980 450.000000 11
732.869469 450.000000 11
746.876313 450.000000 11
754.880224 450.000000 11
761.883646 450.000000 11
783.894402 450.000000 11
805.905157 450.000000 11
808.906624 450.000000 11
810.907601 450.000000 11
813.909068 450.000000 11
816.910535 450.000000 11
819.912001 450.000000 11
820.912490 450.000000 11
828.916401 450.000000 11
831.917868 450.000000 11
842.923246 450.000000 11
847.925690 450.000000 11
862.933023 450.000000 11
864.934001 450.000000 11
867.935468 450.000000 11
869.936445 450.000000 11
874.938890 450.000000 11
892.947690 450.000000 11
900.951601 450.000000 11
903.953067 450.000000 11
906.954534 450.000000 11
908.955512 450.000000 11
916.959423 450.000000 11
920.961378 450.000000 11
926.964312 450.000000 11
941.971645 450.000000 11
946.974089 450.000000 11
953.977511 450.000000 11
968.984845 450.000000 11
980.990711 450.000000 11
990.995600 450.000000 11
1000.000000 457.000000 10
1000.000000 459.000000 10
1000.000000 460.000000 10
1000.000000 465.000000 10
1000.000000 469.000000 10
1000.000000 471.000000 10
1000.000000 472.000000 10
1000.000000 474.000000 10
1000.000000 476.000000 10
1000.000000 482.000000 10
1000.000000 483.000000 10
1000.000000 492.000000 10
1000.000000 494.000000 10
1000.000000 495.000000 10
1000.000000 496.000000 10
1000.000000 500.000000 10
1000.000000 501.000000 10
1000.000000 507.000000 10
1000.000000 509.000000 10
1000.000000 510.000000 10
1000.000000 512.000000 10
1000.000000 516.000000 10
1000.000000 517.000000 10
1000.000000 519.000000 10
1000.000000 520.000000 10
1000.000000 524.000000 10
1000.000000 528.000000 10
1000.000000 529.000000 10
1000.000000 532.000000 10
1000.000000 535.000000 10
1000.000000 541.000000 10
1000.000000 542.000000 10
1000.000000 543.000000 10
1000.000000 545.000000 10
1000.000000 546.000000 10
1000.000000 550.000000 10
985.962972 550.000000 9
974.933879 550.000000 9
968.918009 550.000000 9
960.896851 550.000000 9
956.886271 550.000000 9
934.828084 550.000000 9
923.798991 550.000000 9
921.793701 550.000000 9
904.748739 550.000000 9
901.740804 550.000000 9
882.690552 550.000000 9
870.658813 550.000000 9
867.650879 550.000000 9
846.595337 550.000000 9
839.576823 550.000000 9
838.574178 550.000000 9
835.566243 550.000000 9
819.523926 550.000000 9
816.515991 550.000000 9
811.502767 550.000000 9
805.486898 550.000000 9
804.484253 550.000000 9
785.434001 550.000000 9
777.412842 550.000000 9
770.394328 550.000000 9
760.367879 550.000000 9
759.365234 550.000000 9
750.341431 550.000000 9
746.330851 550.000000 9
698.203898 550.000000 9
697.201253 550.000000 9
695.195964 550.000000 9
692.188029 550.000000 9
688.177450 550.000000 9
685.169515 550.000000 9
682.161580 550.000000 9
678.151001 550.000000 9
671.132487 550.000000 9
670.630146 549.129920 8
669.625464 547.389760 8
668.620783 545.649601 8
665.606738 540.429121 8
664.099715 537.818882 8
660.583329 531.728323 8
659.076307 529.118083 8
657.569284 526.507843 8
654.555239 521.287364 8
653.048216 518.677125 8
650.034171 513.456645 8
649.531830 512.586565 8
646.015444 506.496006 8
643.001399 501.275527 8
641.494377 498.665288 8
638.480332 493.444808 8
636.973309 490.834569 8
634.461605 486.484169 8
632.954582 483.873930 8
631.447560 481.263690 8
630.442878 479.523530 8
629.940537 478.653450 8
625.921810 471.692811 8
622.907765 466.472332 8
619.391379 460.381773 8
615.372652 453.421134 8
612.860948 449.070735 8
609.344562 442.980176 8
606.832858 438.629776 8
605.325835 436.019537 8
602.814131 431.669137 8
601.809449 429.928978 8
599.297745 425.578578 8
598.293063 423.838418 8
596.786041 421.228179 8
594.274336 416.877779 8
593.271282 411.654482 7
593.774436 410.782993 7
594.277591 409.911504 7
594.780745 409.040015 7
595.787054 407.297036 7
596.290209 406.425547 7
596.793363 405.554058 7
597.296518 404.682569 7
598.805981 402.068102 7
599.309135 401.196613 7
599.812290 400.325124 7
600.315444 399.453635 7
600.818599 398.582146 7
601.824908 396.839168 7
602.328062 395.967679 7
602.831216 395.096190 7
604.340680 392.481722 7
604.843834 391.610233 7
605.346989 390.738744 7
605.850143 389.867255 7
606.353298 388.995766 7
606.856452 388.124277 7
608.869070 384.638321 7
609.372224 383.766832 7
610.378533 382.023853 7
611.384842 380.280875 7
611.887997 379.409386 7
612.894306 377.666408 7
611.384842 376.794919 6
610.378533 376.794919 6
609.372224 376.794919 6
608.365916 376.794919 6
607.359607 376.794919 6
606.353298 376.794919 6
604.340680 376.794919 6
603.334371 376.794919 6
602.328062 376.794919 6
599.309136 376.794919 6
597.296518 376.794919 6
594.277591 376.794919 6
593.271282 376.794919 6
592.264973 376.794919 6
591.258665 376.794919 6
588.239738 376.794919 6
586.227120 376.794919 6
585.220811 376.794919 6
582.201885 376.794919 6
579.182958 376.794919 6
578.176649 376.794919 6
577.170340 376.794919 6
575.157723 376.794919 6
574.151414 376.794919 6
573.145105 376.794919 6
572.138796 376.794919 6
571.132487 376.794919 6
571.132487 376.794919 5
570.629333 375.923430 5
569.623024 374.180452 5
569.119869 373.308963 5
568.616715 372.437474 5
568.113560 371.565985 5
567.610406 370.694496 5
567.107251 369.823007 5
566.604097 368.951518 5
566.100942 368.080029 5
564.591479 365.465561 5
564.088325 364.594072 5
563.585170 363.722583 5
563.082016 362.851094 5
562.578861 361.979605 5
562.075707 361.108116 5
561.572552 360.236627 5
561.069398 359.365138 5
560.566243 358.493649 5
559.559935 356.750671 5
558.050471 354.136204 5
557.547317 353.264715 5
557.044162 352.393226 5
556.541008 351.521737 5
556.037853 350.650248 5
555.534699 349.778759 5
555.031545 348.907269 5
554.528390 348.035780 5
554.025236 347.164291 5
553.522081 346.292802 5
553.018927 345.421313 5
551.509463 342.806846 5
551.006309 341.935357 5
550.503154 341.063868 5
550.000000 340.192379 4
549.496846 341.063868 4
548.993691 341.935357 4
548.490537 342.806846 4
547.484228 344.549824 4
546.981073 345.421313 4
545.974764 347.164291 4
544.968455 348.907269 4
544.465301 349.778759 4
543.458992 351.521737 4
542.452683 353.264715 4
541.949529 354.136204 4
541.446374 355.007693 4
540.943220 355.879182 4
539.936911 357.622160 4
538.427448 360.236627 4
537.924293 361.108116 4
536.917984 362.851094 4
536.414830 363.722583 4
535.911675 364.594072 4
535.408521 365.465561 4
534.402212 367.208539 4
533.899058 368.080029 4
533.395903 368.951518 4
532.389594 370.694496 4
531.886440 371.565985 4
530.880131 373.308963 4
530.376976 374.180452 4
528.867513 376.794919 3
527.861204 376.794919 3
526.854895 376.794919 3
525.848586 376.794919 3
522.829660 376.794919 3
521.823351 376.794919 3
520.817042 376.794919 3
519.810733 376.794919 3
518.804424 376.794919 3
517.798115 376.794919 3
513.772880 376.794919 3
511.760262 376.794919 3
510.753953 376.794919 3
508.741335 376.794919 3
507.735027 376.794919 3
505.722409 376.794919 3
502.703482 376.794919 3
500.690864 376.794919 3
499.684555 376.794919 3
497.671938 376.794919 3
496.665629 376.794919 3
495.659320 376.794919 3
493.646702 376.794919 3
490.627776 376.794919 3
488.615158 376.794919 3
486.602540 376.794919 3
486.602540 376.794919 2
489.621467 382.023853 2
490.124621 382.895342 2
490.627776 383.766832 2
493.143548 388.124277 2
494.149857 389.867255 2
495.156166 391.610233 2
495.659320 392.481722 2
496.665629 394.224700 2
497.168784 395.096190 2
498.678247 397.710657 2
500.187710 400.325124 2
500.690865 401.196613 2
501.194019 402.068102 2
501.697174 402.939591 2
502.703482 404.682569 2
503.709791 406.425547 2
504.716100 408.168526 2
505.219255 409.040015 2
505.722409 409.911504 2
506.225564 410.782993 2
506.728718 411.654482 2
507.735027 413.397460 2
506.228004 416.007700 1
504.720982 418.617939 1
503.716300 420.358099 1
502.711618 422.098259 1
501.204596 424.708498 1
500.199914 426.448658 1
498.692892 429.058898 1
496.181187 433.409297 1
491.660120 441.240016 1
490.655438 442.980176 1
487.641393 448.200655 1
477.092235 466.472332 1
474.078190 471.692811 1
472.068826 475.173131 1
471.566486 476.043211 1
471.064145 476.913291 1
470.561804 477.783371 1
468.552440 481.263690 1
467.547759 483.003850 1
464.533714 488.224329 1
458.505623 498.665288 1
455.491578 503.885767 1
453.984556 506.496006 1
453.482215 507.366086 1
450.970511 511.716486 1
448.961147 515.196805 1
448.458806 516.066885 1
447.956465 516.936965 1
446.951784 518.677125 1
445.947102 520.417284 1
440.421353 529.988163 1
439.919012 530.858243 1
438.914330 532.598403 1
433.890922 541.299201 1
432.383899 543.909441 1
429.369854 549.129920 1
413.827840 550.000000 0
403.801392 550.000000 0
388.761719 550.000000 0
377.732625 550.000000 0
362.692952 550.000000 0
359.685018 550.000000 0
356.677083 550.000000 0
345.647990 550.000000 0
329.605672 550.000000 0
327.600382 550.000000 0
324.592448 550.000000 0
322.587158 550.000000 0
316.571289 550.000000 0
312.560710 550.000000 0
306.544840 550.000000 0
303.536906 550.000000 0
294.513102 550.000000 0
285.489298 550.000000 0
279.473429 550.000000 0
272.454915 550.000000 0
262.428467 550.000000 0
229.341187 550.000000 0
224.327962 550.000000 0
222.322673 550.000000 0
204.275065 550.000000 0
197.256551 550.000000 0
191.240682 550.000000 0
173.193075 550.000000 0
172.190430 550.000000 0
168.179850 550.000000 0
167.177205 550.000000 0
158.153402 550.000000 0
154.142822 550.000000 0
153.140177 550.000000 0
152.137533 550.000000 0
146.121663 550.000000 0
145.119019 550.000000 0
113.034383 550.000000 0
