740
100.000000 450.000000 8
103.001467 450.000000 8
110.004889 450.000000 8
114.006844 450.000000 8
117.008311 450.000000 8
118.008800 450.000000 8
122.010755 450.000000 8
125.012222 450.000000 8
126.012711 450.000000 8
128.013689 450.000000 8
132.015644 450.000000 8
133.016133 450.000000 8
139.019066 450.000000 8
145.022000 450.000000 8
146.022488 450.000000 8
148.023466 450.000000 8
151.024933 450.000000 8
153.025911 450.000000 8
155.026888 450.000000 8
158.028355 450.000000 8
168.033244 450.000000 8
173.035688 450.000000 8
175.036666 450.000000 8
183.040577 450.000000 8
184.041066 450.000000 8
187.042533 450.000000 8
189.043510 450.000000 8
191.044488 450.000000 8
193.045466 450.000000 8
194.045955 450.000000 8
197.047421 450.000000 8
200.048888 450.000000 8
202.049866 450.000000 8
204.050844 450.000000 8
205.051332 450.000000 8
207.052310 450.000000 8
210.053777 450.000000 8
211.054266 450.000000 8
212.054755 450.000000 8
213.055243 450.000000 8
217.057199 450.000000 8
224.060621 450.000000 8
229.063066 450.000000 8
230.063554 450.000000 8
231.064043 450.000000 8
235.065999 450.000000 8
238.067465 450.000000 8
239.067954 450.000000 8
240.068443 450.000000 8
252.074310 450.000000 8
254.075288 450.000000 8
255.075776 450.000000 8
267.081643 450.000000 8
270.083110 450.000000 8
271.083599 450.000000 8
272.084087 450.000000 8
274.085065 450.000000 8
279.087510 450.000000 8
280.087998 450.000000 8
286.090932 450.000000 8
287.091421 450.000000 8
288.091909 450.000000 8
298.096798 450.000000 8
301.098265 450.000000 8
302.098754 450.000000 8
304.099732 450.000000 8
308.101687 450.000000 8
313.104131 450.000000 8
314.104620 450.000000 8
317.106087 450.000000 8
318.106576 450.000000 8
321.108043 450.000000 8
331.112931 450.000000 8
332.113420 450.000000 8
333.113909 450.000000 8
334.114398 450.000000 8
338.116353 450.000000 8
340.117331 450.000000 8
342.118309 450.000000 8
343.118798 450.000000 8
345.119776 450.000000 8
346.120265 450.000000 8
349.121731 450.000000 8
350.122220 450.000000 8
353.123687 450.000000 8
355.124664 450.000000 8
363.128575 450.000000 8
364.129064 450.000000 8
369.131509 450.000000 8
373.637634 445.660958 7
375.140722 443.057532 7
376.142781 441.321915 7
378.647928 436.982873 7
380.652046 433.511639 7
387.165429 422.230129 7
388.668517 419.626704 7
392.175723 413.552045 7
393.678812 410.948619 7
399.691165 400.534918 7
400.192195 399.667109 7
400.693224 398.799301 7
401.695283 397.063684 7
404.701460 391.856833 7
405.703519 390.121216 7
408.208666 385.782174 7
411.214842 380.575323 7
414.221019 375.368472 7
416.726166 371.029430 7
417.728225 369.293813 7
418.229255 368.426005 7
421.235431 363.219154 7
422.738520 360.615728 7
424.241608 358.012303 7
425.243667 356.276686 7
427.247785 352.805452 7
429.251903 349.334218 7
430.754991 346.730793 7
431.757050 344.995176 7
436.767344 336.317091 7
437.268374 335.449283 7
440.274551 330.242432 7
441.276609 328.506815 7
444.282786 323.299964 7
446.286904 319.828731 7
450.796169 312.018454 7
452.800287 308.547221 7
453.301316 307.679412 7
454.804405 305.075987 7
455.806464 303.340370 7
456.808522 301.604753 7
457.309552 300.736944 7
457.810581 299.869136 7
459.313670 297.265711 7
460.315729 295.530094 7
461.317787 293.794477 7
464.824994 287.719818 7
465.326023 286.852009 7
466.829111 284.248584 7
471.338376 276.438307 7
473.342494 272.967074 7
474.344553 271.231457 7
474.845583 270.363648 7
476.348671 267.760223 7
478.352789 264.288989 7
479.354848 262.553372 7
480.857936 259.949947 7
483.363083 255.610904 7
483.864113 254.743096 7
484.866172 253.007479 7
486.369260 250.404054 7
489.375437 245.197203 7
491.880584 240.858161 7
492.882643 239.122544 7
493.383672 238.254735 7
494.886761 235.651310 7
499.396026 227.841034 7
500.398085 226.105417 7
501.400143 224.369800 7
501.901173 223.501991 7
503.404261 220.898566 7
505.408379 217.427332 7
505.909408 216.559524 7
507.412497 213.956098 7
510.418673 208.749247 7
512.422791 205.278014 7
515.929997 199.203354 7
516.932056 197.467737 7
517.934115 195.732120 7
522.443380 187.921844 7
523.445439 186.186227 7
524.948528 183.582802 7
525.449557 182.714994 7
526.952645 180.111568 7
528.956763 176.640334 7
529.457793 175.772526 7
532.463969 170.565675 7
533.967058 167.962250 7
536.973234 162.755399 7
539.979411 157.548548 7
542.985588 152.341697 7
543.486617 151.473889 7
544.488676 149.738272 7
547.494853 144.531421 7
550.000000 140.192379 7
554.509265 148.002655 6
555.511324 149.738272 6
556.012353 150.606080 6
558.016471 154.077314 6
561.523677 160.151974 6
562.525736 161.887590 6
564.028825 164.491016 6
567.035001 169.697867 6
568.037060 171.433484 6
573.548384 180.979377 6
574.049414 181.847185 6
574.550443 182.714994 6
579.059708 190.525270 6
583.067944 197.467737 6
585.072061 200.938971 6
587.076179 204.410205 6
590.583385 210.484864 6
591.585444 212.220481 6
592.587503 213.956098 6
593.088533 214.823907 6
596.595739 220.898566 6
598.098827 223.501991 6
600.102945 226.973225 6
602.107063 230.444459 6
604.111181 233.915693 6
606.616328 238.254735 6
609.622504 243.461586 6
610.624563 245.197203 6
613.129711 249.536245 6
614.632799 252.139671 6
615.133828 253.007479 6
616.135887 254.743096 6
616.636917 255.610904 6
619.643093 260.817755 6
622.148241 265.156797 6
625.154417 270.363648 6
625.655447 271.231457 6
627.158535 273.834882 6
627.659565 274.702691 6
629.663682 278.173924 6
630.665741 279.909541 6
631.667800 281.645158 6
632.168830 282.512967 6
632.669859 283.380775 6
637.179124 291.191051 6
638.181183 292.926668 6
638.682213 293.794477 6
639.684271 295.530094 6
641.187360 298.133519 6
642.690448 300.736944 6
645.696625 305.943795 6
646.197654 306.811604 6
650.205890 313.754071 6
652.210008 317.225305 6
652.711037 318.093114 6
653.713096 319.828731 6
654.715155 321.564348 6
655.717214 323.299964 6
656.719273 325.035581 6
658.222361 327.639007 6
661.228538 332.845858 6
662.731626 335.449283 6
663.232656 336.317091 6
663.733685 337.184900 6
667.240891 343.259559 6
668.242950 344.995176 6
668.743980 345.862984 6
670.748097 349.334218 6
678.263539 362.351345 6
681.269716 367.558196 6
681.770745 368.426005 6
684.776922 373.632855 6
685.277951 374.500664 6
687.282069 377.971898 6
692.292364 386.649982 6
693.795452 389.253408 6
695.799570 392.724641 6
696.300599 393.592450 6
696.801629 394.460258 6
697.302658 395.328067 6
705.319129 409.213002 6
708.325306 414.419853 6
708.826335 415.287661 6
710.329424 417.891087 6
712.834571 422.230129 6
715.840748 427.436980 6
716.341777 428.304788 6
716.842807 429.172597 6
717.343836 430.040405 6
720.350013 435.247256 6
722.855160 439.586298 6
728.366484 449.132192 6
728.867513 450.000000 6
728.867513 450.000000 5
730.868491 450.000000 5
733.869958 450.000000 5
736.871425 450.000000 5
738.872402 450.000000 5
741.873869 450.000000 5
743.874847 450.000000 5
749.877780 450.000000 5
756.881202 450.000000 5
757.881691 450.000000 5
758.882180 450.000000 5
759.882669 450.000000 5
761.883647 450.000000 5
762.884135 450.000000 5
764.885113 450.000000 5
765.885602 450.000000 5
767.886580 450.000000 5
768.887069 450.000000 5
770.888046 450.000000 5
773.889513 450.000000 5
776.890980 450.000000 5
778.891957 450.000000 5
781.893424 450.000000 5
792.898802 450.000000 5
794.899780 450.000000 5
795.900268 450.000000 5
800.902713 450.000000 5
801.903202 450.000000 5
803.904179 450.000000 5
807.906135 450.000000 5
808.906624 450.000000 5
810.907602 450.000000 5
812.908579 450.000000 5
815.910046 450.000000 5
816.910535 450.000000 5
821.912979 450.000000 5
824.914446 450.000000 5
829.916890 450.000000 5
832.918357 450.000000 5
836.920313 450.000000 5
837.920801 450.000000 5
838.921290 450.000000 5
841.922757 450.000000 5
842.923246 450.000000 5
852.928135 450.000000 5
858.931068 450.000000 5
865.934490 450.000000 5
866.934979 450.000000 5
876.939868 450.000000 5
882.942801 450.000000 5
888.945734 450.000000 5
889.946223 450.000000 5
891.947201 450.000000 5
894.948668 450.000000 5
900.951601 450.000000 5
902.952579 450.000000 5
903.953067 450.000000 5
914.958445 450.000000 5
922.962356 450.000000 5
927.964801 450.000000 5
928.965290 450.000000 5
932.967245 450.000000 5
939.970667 450.000000 5
940.971156 450.000000 5
944.973112 450.000000 5
947.974578 450.000000 5
950.976045 450.000000 5
953.977512 450.000000 5
954.978000 450.000000 5
955.978489 450.000000 5
956.978978 450.000000 5
960.980934 450.000000 5
965.983378 450.000000 5
968.984845 450.000000 5
971.986311 450.000000 5
980.990711 450.000000 5
986.993645 450.000000 5
993.997067 450.000000 5
995.998044 450.000000 5
1000.000000 451.000000 4
1000.000000 453.000000 4
1000.000000 454.000000 4
1000.000000 455.000000 4
1000.000000 457.000000 4
1000.000000 458.000000 4
1000.000000 459.000000 4
1000.000000 463.000000 4
1000.000000 465.000000 4
1000.000000 466.000000 4
1000.000000 467.000000 4
1000.000000 468.000000 4
1000.000000 469.000000 4
1000.000000 470.000000 4
1000.000000 471.000000 4
1000.000000 475.000000 4
1000.000000 476.000000 4
1000.000000 480.000000 4
1000.000000 483.000000 4
1000.000000 485.000000 4
1000.000000 486.000000 4
1000.000000 487.000000 4
1000.000000 489.000000 4
1000.000000 490.000000 4
1000.000000 494.000000 4
1000.000000 495.000000 4
1000.000000 496.000000 4
1000.000000 498.000000 4
1000.000000 499.000000 4
1000.000000 500.000000 4
1000.000000 502.000000 4
1000.000000 503.000000 4
1000.000000 504.000000 4
1000.000000 505.000000 4
1000.000000 506.000000 4
1000.000000 513.000000 4
1000.000000 515.000000 4
1000.000000 517.000000 4
1000.000000 518.000000 4
1000.000000 519.000000 4
1000.000000 520.000000 4
1000.000000 522.000000 4
1000.000000 523.000000 4
1000.000000 529.000000 4
1000.000000 530.000000 4
1000.000000 532.000000 4
1000.000000 534.000000 4
1000.000000 535.000000 4
1000.000000 537.000000 4
1000.000000 539.000000 4
1000.000000 540.000000 4
1000.000000 541.000000 4
1000.000000 542.000000 4
1000.000000 545.000000 4
1000.000000 548.000000 4
1000.000000 550.000000 4
997.994710 550.000000 3
991.978841 550.000000 3
986.965617 550.000000 3
984.960327 550.000000 3
983.957682 550.000000 3
980.949748 550.000000 3
978.944458 550.000000 3
975.936523 550.000000 3
958.891561 550.000000 3
955.883626 550.000000 3
943.851888 550.000000 3
940.843953 550.000000 3
933.825439 550.000000 3
928.812215 550.000000 3
926.806925 550.000000 3
925.804280 550.000000 3
923.798991 550.000000 3
922.796346 550.000000 3
921.793701 550.000000 3
920.791056 550.000000 3
919.788411 550.000000 3
918.785766 550.000000 3
914.775187 550.000000 3
913.772542 550.000000 3
912.769897 550.000000 3
911.767252 550.000000 3
910.764608 550.000000 3
907.756673 550.000000 3
906.754028 550.000000 3
904.748738 550.000000 3
898.732869 550.000000 3
891.714355 550.000000 3
881.687907 550.000000 3
878.679972 550.000000 3
876.674682 550.000000 3
873.666748 550.000000 3
842.584757 550.000000 3
841.582112 550.000000 3
840.579468 550.000000 3
837.571533 550.000000 3
833.560954 550.000000 3
830.553019 550.000000 3
828.547729 550.000000 3
826.542440 550.000000 3
824.537150 550.000000 3
821.529215 550.000000 3
820.526570 550.000000 3
812.505412 550.000000 3
801.476318 550.000000 3
797.465739 550.000000 3
785.434000 550.000000 3
776.410197 550.000000 3
775.407552 550.000000 3
769.391683 550.000000 3
766.383748 550.000000 3
760.367879 550.000000 3
758.362589 550.000000 3
754.352010 550.000000 3
753.349365 550.000000 3
747.333496 550.000000 3
746.330851 550.000000 3
741.317627 550.000000 3
739.312337 550.000000 3
734.299113 550.000000 3
732.293823 550.000000 3
729.285888 550.000000 3
725.275309 550.000000 3
717.254150 550.000000 3
716.251505 550.000000 3
710.235636 550.000000 3
706.225057 550.000000 3
704.219767 550.000000 3
699.206543 550.000000 3
695.195963 550.000000 3
683.164225 550.000000 3
679.153645 550.000000 3
677.148356 550.000000 3
674.140421 550.000000 3
672.135131 550.000000 3
671.132487 550.000000 3
666.627559 542.197237 2
665.626464 540.463290 2
664.124822 537.862369 2
661.622085 533.527501 2
661.121537 532.660527 2
658.618800 528.325659 2
657.617705 526.591712 2
656.116063 523.990791 2
655.615515 523.123817 2
653.613325 519.655923 2
652.612230 517.921975 2
651.110588 515.321054 2
644.603471 504.050397 2
644.102923 503.183423 2
643.602376 502.316450 2
643.101828 501.449476 2
641.600186 498.848555 2
636.094164 489.311845 2
634.592522 486.710924 2
632.089784 482.376056 2
630.588142 479.775135 2
630.087594 478.908161 2
629.587047 478.041188 2
629.086499 477.174214 2
628.585952 476.307241 2
627.084310 473.706320 2
625.582667 471.105399 2
621.578288 464.169610 2
620.577193 462.435662 2
620.076645 461.568689 2
619.576098 460.701715 2
618.074455 458.100794 2
617.073360 456.366847 2
616.572813 455.499873 2
616.072265 454.632899 2
614.570623 452.031979 2
611.567338 446.830137 2
610.065696 444.229216 2
609.565148 443.362242 2
608.564053 441.628295 2
606.561864 438.160400 2
605.560769 436.426453 2
605.060221 435.559479 2
603.558579 432.958558 2
601.556389 429.490664 2
600.555294 427.756717 2
599.554199 426.022769 2
598.052557 423.421848 2
595.549819 419.086980 2
595.049272 418.220007 2
594.048177 416.486059 2
591.545440 412.151191 2
590.043797 409.550270 2
589.543250 408.683297 2
589.042702 407.816323 2
587.541060 405.215402 2
584.537775 400.013560 2
584.037228 399.146586 2
579.031753 390.476850 2
578.531206 389.609876 2
574.526826 382.674087 2
573.525731 380.940140 2
572.524636 379.206193 2
569.020804 373.137377 2
568.019709 371.403430 2
561.012044 359.265799 2
559.510402 356.664878 2
559.009854 355.797904 2
558.008759 354.063957 2
556.507117 351.463036 2
555.506022 349.729089 2
554.004380 347.128168 2
552.502737 344.527247 2
552.002190 343.660273 2
549.499453 341.059353 1
548.998905 341.926326 1
547.497263 344.527247 1
544.994525 348.862115 1
543.993430 350.596063 1
542.491788 353.196983 1
541.991241 354.063957 1
541.490693 354.930931 1
540.990146 355.797904 1
540.489598 356.664878 1
539.989051 357.531852 1
538.987956 359.265799 1
536.985766 362.733694 1
535.984671 364.467641 1
533.481934 368.802509 1
528.977006 376.605272 1
527.475364 379.206193 1
525.973722 381.807114 1
523.470984 386.141982 1
522.469889 387.875929 1
521.969342 388.742903 1
521.468794 389.609876 1
520.968247 390.476850 1
518.465510 394.811718 1
516.963867 397.412639 1
515.962772 399.146586 1
512.959488 404.348428 1
512.458940 405.215402 1
507.954013 413.018165 1
502.447991 422.554875 1
501.446896 424.288822 1
499.444706 427.756717 1
497.943064 430.357638 1
497.442516 431.224611 1
495.940874 433.825532 1
495.440326 434.692506 1
492.437042 439.894348 1
491.936494 440.761321 1
491.435947 441.628295 1
489.433757 445.096189 1
488.933209 445.963163 1
487.932114 447.697110 1
485.929924 451.165005 1
482.926640 456.366847 1
482.426092 457.233820 1
481.925545 458.100794 1
481.424997 458.967768 1
480.423902 460.701715 1
479.422807 462.435662 1
478.922260 463.302636 1
477.921165 465.036583 1
475.918975 468.504478 1
474.917880 470.238425 1
473.916785 471.972372 1
472.915690 473.706320 1
470.913501 477.174214 1
469.912406 478.908161 1
469.411858 479.775135 1
467.409668 483.243030 1
465.908026 485.843951 1
464.406383 488.444871 1
463.905836 489.311845 1
460.902551 494.513687 1
460.402004 495.380661 1
459.901456 496.247634 1
458.900361 497.981582 1
455.897077 503.183423 1
454.395434 505.784344 1
453.894887 506.651318 1
452.893792 508.385265 1
451.392149 510.986186 1
444.885032 522.256843 1
440.380105 530.059606 1
437.877368 534.394474 1
437.376820 535.261448 1
436.876273 536.128422 1
436.375725 536.995395 1
435.875178 537.862369 1
434.373536 540.463290 1
430.869703 546.532105 1
428.867513 550.000000 1
427.864869 550.000000 0
424.856934 550.000000 0
412.825196 550.000000 0
411.822551 550.000000 0
404.804037 550.000000 0
400.793457 550.000000 0
396.782878 550.000000 0
395.780233 550.000000 0
394.777588 550.000000 0
393.774943 550.000000 0
387.759074 550.000000 0
381.743205 550.000000 0
379.737915 550.000000 0
374.724691 550.000000 0
370.714112 550.000000 0
368.708822 550.000000 0
350.661215 550.000000 0
347.653280 550.000000 0
346.650635 550.000000 0
337.626831 550.000000 0
336.624187 550.000000 0
335.621542 550.000000 0
334.618897 550.000000 0
332.613607 550.000000 0
326.597738 550.000000 0
321.584514 550.000000 0
320.581869 550.000000 0
319.579224 550.000000 0
307.547486 550.000000 0
306.544841 550.000000 0
303.536906 550.000000 0
300.528972 550.000000 0
289.499878 550.000000 0
288.497233 550.000000 0
284.486654 550.000000 0
280.476074 550.000000 0
277.468140 550.000000 0
275.462850 550.000000 0
271.452271 550.000000 0
267.441691 550.000000 0
260.423177 550.000000 0
254.407308 550.000000 0
249.394084 550.000000 0
245.383504 550.000000 0
243.378215 550.000000 0
239.367635 550.000000 0
238.364990 550.000000 0
237.362346 550.000000 0
235.357056 550.000000 0
231.346476 550.000000 0
226.333252 550.000000 0
223.325318 550.000000 0
222.322673 550.000000 0
221.320028 550.000000 0
220.317383 550.000000 0
218.312093 550.000000 0
216.306804 550.000000 0
215.304159 550.000000 0
210.290934 550.000000 0
209.288290 550.000000 0
199.261841 550.000000 0
197.256551 550.000000 0
192.243327 550.000000 0
191.240682 550.000000 0
190.238037 550.000000 0
189.235392 550.000000 0
187.230103 550.000000 0
176.201009 550.000000 0
174.195720 550.000000 0
173.193075 550.000000 0
172.190430 550.000000 0
170.185140 550.000000 0
169.182495 550.000000 0
166.174561 550.000000 0
161.161336 550.000000 0
157.150757 550.000000 0
153.140177 550.000000 0
152.137533 550.000000 0
150.132243 550.000000 0
144.116374 550.000000 0
143.113729 550.000000 0
141.108439 550.000000 0
137.097860 550.000000 0
136.095215 550.000000 0
135.092570 550.000000 0
130.079346 550.000000 0
126.068766 550.000000 0
123.060832 550.000000 0
121.055542 550.000000 0
119.050252 550.000000 0
114.037028 550.000000 0
102.005290 550.000000 0
101.002645 550.000000 0
