1420
100.000000 450.000000 20
103.001467 450.000000 20
104.001956 450.000000 20
105.002444 450.000000 20
109.004400 450.000000 20
110.004889 450.000000 20
113.006355 450.000000 20
114.006844 450.000000 20
115.007333 450.000000 20
117.008311 450.000000 20
123.011244 450.000000 20
124.011733 450.000000 20
126.012711 450.000000 20
127.013200 450.000000 20
128.013689 450.000000 20
129.014178 450.000000 20
131.015155 450.000000 20
133.016133 450.000000 20
136.017600 450.000000 20
139.019066 450.000000 20
142.020533 450.000000 20
152.025422 450.000000 20
153.025911 450.000000 20
154.026400 450.000000 20
156.027377 450.000000 20
159.028844 450.000000 20
161.029822 450.000000 20
166.032266 450.000000 20
173.035688 450.000000 20
175.036666 450.000000 20
179.038622 450.000000 20
180.039111 450.000000 20
192.044977 450.000000 20
193.045466 450.000000 20
194.045955 450.000000 20
197.047422 450.000000 20
207.052310 450.000000 20
208.052799 450.000000 20
213.055244 450.000000 20
215.056221 450.000000 20
217.057199 450.000000 20
219.058177 450.000000 20
221.059155 450.000000 20
226.061599 450.000000 20
229.063066 450.000000 20
238.067466 450.000000 20
241.068932 450.000000 20
244.070399 450.000000 20
245.070888 450.000000 20
248.072355 450.000000 20
252.074310 450.000000 20
255.075777 450.000000 20
258.077243 450.000000 20
259.077732 450.000000 20
267.081643 450.000000 20
272.084088 450.000000 20
273.084577 450.000000 20
276.086043 450.000000 20
283.089465 450.000000 20
285.090443 450.000000 20
289.092399 450.000000 20
290.092888 450.000000 20
291.093376 450.000000 20
292.093865 450.000000 20
294.094843 450.000000 20
300.097776 450.000000 20
301.098265 450.000000 20
305.100221 450.000000 20
306.100710 450.000000 20
310.102665 450.000000 20
313.104132 450.000000 20
315.105110 450.000000 20
316.105598 450.000000 20
319.107065 450.000000 20
324.109510 450.000000 20
327.110976 450.000000 20
330.112443 450.000000 20
333.113909 450.000000 20
337.115865 450.000000 20
341.117821 450.000000 20
345.119776 450.000000 20
346.120265 450.000000 20
356.125154 450.000000 20
361.127598 450.000000 20
363.128576 450.000000 20
364.129065 450.000000 20
365.129554 450.000000 20
369.131509 450.000000 20
370.131998 450.000000 20
371.132487 450.000000 19
371.635641 449.128511 19
372.138796 448.257022 19
372.641950 447.385533 19
373.145105 446.514044 19
373.648259 445.642555 19
374.151414 444.771066 19
374.654568 443.899577 19
375.157722 443.028088 19
375.660877 442.156599 19
376.164031 441.285110 19
376.667186 440.413620 19
377.170340 439.542131 19
377.673495 438.670642 19
378.176649 437.799153 19
378.679803 436.927664 19
379.182958 436.056175 19
379.686112 435.184686 19
380.189267 434.313197 19
380.692421 433.441708 19
381.195576 432.570219 19
381.698730 431.698730 19
382.201884 430.827241 19
382.705039 429.955752 19
383.208193 429.084263 19
383.711348 428.212774 19
384.214502 427.341285 19
384.717657 426.469796 19
385.220811 425.598307 19
385.723965 424.726818 19
386.227120 423.855329 19
386.730274 422.983840 19
387.736583 421.240861 19
388.239738 420.369372 19
388.742892 419.497883 19
389.246046 418.626394 19
389.749201 417.754905 19
390.252355 416.883416 19
391.258664 415.140438 19
391.761819 414.268949 19
392.264973 413.397460 19
392.264973 413.397460 18
388.748587 407.306901 18
388.246246 406.436821 18
387.743905 405.566741 18
386.739224 403.826581 18
386.236883 402.956501 18
385.734542 402.086422 18
384.729860 400.346262 18
384.227519 399.476182 18
383.725179 398.606102 18
381.715815 395.125783 18
381.213474 394.255703 18
379.204111 390.775383 18
378.701770 389.905303 18
378.199429 389.035223 18
377.194748 387.295064 18
376.692407 386.424984 18
375.185384 383.814744 18
374.180703 382.074584 18
373.678362 381.204504 18
373.176021 380.334425 18
372.673680 379.464345 18
372.171339 378.594265 18
370.664317 375.984025 18
368.654953 372.503706 18
367.650271 370.763546 18
367.147931 369.893466 18
365.640908 367.283226 18
362.124522 361.192667 18
361.622181 360.322587 18
361.119840 359.452508 18
360.115159 357.712348 18
359.110477 355.972188 18
357.101114 352.491868 18
356.598773 351.621789 18
355.091750 349.011549 18
353.082387 345.531229 18
352.580046 344.661150 18
351.575364 342.920990 18
351.073024 342.050910 18
350.570683 341.180830 18
350.068342 340.310750 18
349.566001 339.440670 18
349.063660 338.570590 18
348.561319 337.700511 18
346.551956 334.220191 18
346.049615 333.350111 18
345.547274 332.480031 18
344.542593 330.739871 18
343.537911 328.999712 18
342.533229 327.259552 18
342.030888 326.389472 18
341.026207 324.649312 18
340.021525 322.909153 18
339.519184 322.039073 18
337.509821 318.558753 18
336.505139 316.818593 18
336.002798 315.948514 18
332.988753 310.728034 18
331.481730 308.117795 18
329.974708 305.507555 18
328.970026 303.767395 18
326.960663 300.287076 18
326.458322 299.416996 18
325.453640 297.676836 18
323.946618 295.066596 18
321.937254 291.586277 18
319.927891 288.105957 18
318.923209 286.365798 18
318.420868 285.495718 18
317.918528 284.625638 18
317.416187 283.755558 18
316.411505 282.015398 18
315.909164 281.145318 18
314.402142 278.535079 18
315.406823 276.794919 17
316.411505 276.794919 17
321.434914 276.794919 17
323.444277 276.794919 17
324.448959 276.794919 17
327.463004 276.794919 17
328.467686 276.794919 17
329.472367 276.794919 17
330.477049 276.794919 17
331.481731 276.794919 17
335.500457 276.794919 17
338.514503 276.794919 17
341.528548 276.794919 17
344.542593 276.794919 17
346.551956 276.794919 17
351.575365 276.794919 17
356.598773 276.794919 17
357.603455 276.794919 17
358.608137 276.794919 17
359.612818 276.794919 17
360.617500 276.794919 17
361.622182 276.794919 17
367.650272 276.794919 17
368.654954 276.794919 17
370.664317 276.794919 17
376.692407 276.794919 17
377.697089 276.794919 17
378.701771 276.794919 17
380.711134 276.794919 17
381.715816 276.794919 17
382.720497 276.794919 17
383.725179 276.794919 17
385.734542 276.794919 17
387.743906 276.794919 17
388.748588 276.794919 17
389.753269 276.794919 17
392.767314 276.794919 17
395.781359 276.794919 17
396.786041 276.794919 17
399.800086 276.794919 17
402.814131 276.794919 17
403.818813 276.794919 17
406.832858 276.794919 17
407.837540 276.794919 17
409.846903 276.794919 17
410.851585 276.794919 17
411.856267 276.794919 17
413.865630 276.794919 17
414.870312 276.794919 17
415.874993 276.794919 17
416.879675 276.794919 17
418.889039 276.794919 17
419.893720 276.794919 17
421.903084 276.794919 17
422.907765 276.794919 17
423.912447 276.794919 17
424.917129 276.794919 17
426.926492 276.794919 17
427.931174 276.794919 17
429.940537 276.794919 17
431.949901 276.794919 17
435.968627 276.794919 17
436.973309 276.794919 17
437.977991 276.794919 17
443.001399 276.794919 17
444.006081 276.794919 17
445.010763 276.794919 17
452.043535 276.794919 17
453.048216 276.794919 17
454.052898 276.794919 17
455.057580 276.794919 17
456.062261 276.794919 17
457.066943 276.794919 17
461.085670 276.794919 17
462.090352 276.794919 17
463.095033 276.794919 17
465.104397 276.794919 17
467.113760 276.794919 17
471.132487 276.794919 16
473.141850 273.314600 16
474.146532 271.574440 16
474.648873 270.704360 16
476.155895 268.094120 16
476.658236 267.224040 16
477.160577 266.353961 16
477.662918 265.483881 16
479.672281 262.003561 16
480.676963 260.263401 16
481.179304 259.393322 16
482.183986 257.653162 16
485.198031 252.432683 16
485.700372 251.562603 16
488.714417 246.342123 16
490.221439 243.731884 16
490.723780 242.861804 16
492.230803 240.251564 16
492.733143 239.381484 16
493.235484 238.511405 16
495.244848 235.031085 16
496.249529 233.290925 16
497.254211 231.550766 16
498.258893 229.810606 16
499.765915 227.200366 16
500.770597 225.460207 16
501.775279 223.720047 16
502.277620 222.849967 16
503.784642 220.239727 16
504.789324 218.499568 16
505.291665 217.629488 16
505.794005 216.759408 16
506.296346 215.889328 16
507.301028 214.149168 16
508.305710 212.409008 16
509.310391 210.668849 16
509.812732 209.798769 16
510.315073 208.928689 16
510.817414 208.058609 16
511.319755 207.188529 16
512.826777 204.578290 16
513.329118 203.708210 16
513.831459 202.838130 16
514.333800 201.968050 16
514.836141 201.097970 16
518.352527 195.007411 16
518.854867 194.137331 16
520.361890 191.527091 16
520.864231 190.657012 16
522.371253 188.046772 16
522.873594 187.176692 16
524.380617 184.566453 16
524.882958 183.696373 16
525.385298 182.826293 16
527.394662 179.345973 16
527.897003 178.475893 16
529.906366 174.995574 16
531.915730 171.515254 16
533.422752 168.905015 16
534.427434 167.164855 16
535.432115 165.424695 16
536.436797 163.684536 16
536.939138 162.814456 16
537.441479 161.944376 16
540.455524 156.723897 16
541.460206 154.983737 16
541.962546 154.113657 16
542.967228 152.373497 16
543.469569 151.503417 16
544.474251 149.763258 16
546.483614 146.282938 16
546.985955 145.412858 16
547.488296 144.542778 16
548.995318 141.932539 16
549.497659 141.062459 16
550.502341 141.062459 15
551.004682 141.932539 15
552.009363 143.672698 15
553.014045 145.412858 15
554.521068 148.023098 15
555.023408 148.893178 15
555.525749 149.763258 15
557.535113 153.243577 15
559.042135 155.853817 15
561.051499 159.334136 15
561.553839 160.204216 15
562.056180 161.074296 15
562.558521 161.944376 15
564.065544 164.554615 15
565.070225 166.294775 15
565.572566 167.164855 15
566.074907 168.034935 15
566.577248 168.905015 15
567.079589 169.775095 15
567.581930 170.645175 15
568.084270 171.515254 15
568.586611 172.385334 15
569.591293 174.125494 15
570.093634 174.995574 15
571.600656 177.605814 15
572.102997 178.475893 15
572.605338 179.345973 15
573.107679 180.216053 15
573.610020 181.086133 15
576.624065 186.306612 15
577.126406 187.176692 15
577.628747 188.046772 15
580.140451 192.397171 15
580.642792 193.267251 15
581.647473 195.007411 15
582.149814 195.877491 15
582.652155 196.747571 15
583.154496 197.617651 15
584.159178 199.357810 15
585.666200 201.968050 15
586.670882 203.708210 15
587.173223 204.578290 15
587.675564 205.448369 15
588.680245 207.188529 15
589.182586 208.058609 15
589.684927 208.928689 15
590.187268 209.798769 15
592.196631 213.279088 15
592.698972 214.149168 15
593.201313 215.019248 15
593.703654 215.889328 15
594.205995 216.759408 15
594.708335 217.629488 15
596.215358 220.239727 15
596.717699 221.109807 15
597.722380 222.849967 15
598.224721 223.720047 15
599.229403 225.460207 15
600.736426 228.070446 15
601.238766 228.940526 15
601.741107 229.810606 15
603.750471 233.290925 15
604.252811 234.161005 15
604.755152 235.031085 15
605.257493 235.901165 15
606.262175 237.641325 15
606.764516 238.511405 15
607.769197 240.251564 15
609.276220 242.861804 15
609.778561 243.731884 15
610.783243 245.472044 15
611.285583 246.342123 15
612.792606 248.952363 15
614.299628 251.562603 15
616.308992 255.042922 15
616.811333 255.913002 15
617.816014 257.653162 15
619.825378 261.133481 15
620.327719 262.003561 15
620.830059 262.873641 15
621.332400 263.743721 15
621.834741 264.613801 15
622.839423 266.353961 15
623.341764 267.224040 15
623.844105 268.094120 15
624.848786 269.834280 15
625.853468 271.574440 15
626.858150 273.314600 15
627.360490 274.184679 15
627.862831 275.054759 15
628.365172 275.924839 15
630.876876 276.794919 14
631.881558 276.794919 14
635.900285 276.794919 14
636.904967 276.794919 14
639.919012 276.794919 14
642.933057 276.794919 14
643.937739 276.794919 14
644.942420 276.794919 14
646.951784 276.794919 14
649.965829 276.794919 14
650.970510 276.794919 14
652.979874 276.794919 14
661.017327 276.794919 14
667.045418 276.794919 14
668.050099 276.794919 14
669.054781 276.794919 14
670.059463 276.794919 14
673.073508 276.794919 14
674.078190 276.794919 14
675.082871 276.794919 14
677.092235 276.794919 14
681.110961 276.794919 14
683.120325 276.794919 14
684.125007 276.794919 14
686.134370 276.794919 14
687.139052 276.794919 14
689.148415 276.794919 14
690.153097 276.794919 14
692.162460 276.794919 14
693.167142 276.794919 14
694.171824 276.794919 14
695.176505 276.794919 14
697.185869 276.794919 14
699.195232 276.794919 14
702.209277 276.794919 14
707.232686 276.794919 14
708.237367 276.794919 14
709.242049 276.794919 14
712.256094 276.794919 14
713.260776 276.794919 14
716.274821 276.794919 14
717.279503 276.794919 14
719.288866 276.794919 14
720.293548 276.794919 14
722.302911 276.794919 14
723.307593 276.794919 14
724.312275 276.794919 14
726.321638 276.794919 14
728.331001 276.794919 14
729.335683 276.794919 14
731.345046 276.794919 14
732.349728 276.794919 14
733.354410 276.794919 14
742.396545 276.794919 14
745.410590 276.794919 14
746.415272 276.794919 14
747.419954 276.794919 14
748.424635 276.794919 14
749.429317 276.794919 14
750.433999 276.794919 14
753.448044 276.794919 14
754.452726 276.794919 14
755.457407 276.794919 14
756.462089 276.794919 14
757.466771 276.794919 14
759.476134 276.794919 14
766.508906 276.794919 14
769.522951 276.794919 14
771.532314 276.794919 14
776.555723 276.794919 14
778.565086 276.794919 14
780.574450 276.794919 14
783.588495 276.794919 14
785.597858 276.794919 14
786.602540 276.794919 14
786.100199 277.664999 13
785.095517 279.405159 13
784.593177 280.275239 13
783.588495 282.015398 13
783.086154 282.885478 13
782.583813 283.755558 13
782.081472 284.625638 13
780.574450 287.235878 13
780.072109 288.105957 13
779.067427 289.846117 13
778.565086 290.716197 13
777.560405 292.456357 13
776.555723 294.196517 13
775.551041 295.936676 13
775.048701 296.806756 13
774.044019 298.546916 13
773.541678 299.416996 13
773.039337 300.287076 13
769.020610 307.247715 13
768.518270 308.117795 13
768.015929 308.987875 13
767.513588 309.857954 13
766.508906 311.598114 13
766.006565 312.468194 13
765.504224 313.338274 13
765.001884 314.208354 13
764.499543 315.078434 13
763.997202 315.948514 13
761.485498 320.298913 13
760.480816 322.039073 13
758.973793 324.649312 13
758.471453 325.519392 13
756.964430 328.129632 13
756.462089 328.999712 13
754.955067 331.609951 13
754.452726 332.480031 13
753.950385 333.350111 13
752.443362 335.960351 13
751.941022 336.830431 13
751.438681 337.700511 13
749.931658 340.310750 13
749.429317 341.180830 13
748.424636 342.920990 13
746.917613 345.531229 13
745.912931 347.271389 13
744.405909 349.881629 13
743.401227 351.621789 13
742.396545 353.361948 13
740.889523 355.972188 13
739.382500 358.582428 13
737.373137 362.062747 13
736.368455 363.802907 13
735.866114 364.672987 13
734.359092 367.283226 13
733.354410 369.023386 13
732.349729 370.763546 13
731.345047 372.503706 13
730.842706 373.373786 13
730.340365 374.243865 13
728.833343 376.854105 13
728.331002 377.724185 13
727.828661 378.594265 13
727.326320 379.464345 13
726.823979 380.334425 13
726.321638 381.204504 13
724.814616 383.814744 13
724.312275 384.684824 13
723.809934 385.554904 13
723.307593 386.424984 13
721.800571 389.035223 13
721.298230 389.905303 13
720.795889 390.775383 13
720.293548 391.645463 13
719.288866 393.385623 13
718.786526 394.255703 13
717.781844 395.995862 13
716.777162 397.736022 13
714.767799 401.216342 13
713.763117 402.956501 13
713.260776 403.826581 13
712.758435 404.696661 13
711.753754 406.436821 13
710.749072 408.176981 13
710.246731 409.047061 13
708.739709 411.657300 13
708.237368 412.527380 13
707.735027 413.397460 13
707.735027 413.397460 12
708.238181 414.268949 12
708.741336 415.140438 12
709.244490 416.011927 12
709.747645 416.883416 12
710.250799 417.754905 12
711.760262 420.369372 12
712.263417 421.240861 12
712.766571 422.112350 12
713.772880 423.855329 12
714.276035 424.726818 12
714.779189 425.598307 12
715.282343 426.469796 12
715.785498 427.341285 12
716.288652 428.212774 12
716.791807 429.084263 12
717.294961 429.955752 12
717.798116 430.827241 12
718.301270 431.698730 12
718.804424 432.570219 12
719.307579 433.441708 12
719.810733 434.313197 12
720.817042 436.056175 12
721.320197 436.927664 12
721.823351 437.799153 12
722.326505 438.670642 12
722.829660 439.542131 12
723.332814 440.413620 12
723.835969 441.285110 12
724.339123 442.156599 12
724.842278 443.028088 12
725.345432 443.899577 12
725.848586 444.771066 12
726.351741 445.642555 12
726.854895 446.514044 12
727.358050 447.385533 12
727.861204 448.257022 12
728.364359 449.128511 12
728.867513 450.000000 12
734.870446 450.000000 11
735.870935 450.000000 11
741.873868 450.000000 11
742.874357 450.000000 11
747.876802 450.000000 11
751.878757 450.000000 11
760.883157 450.000000 11
761.883646 450.000000 11
764.885113 450.000000 11
767.886579 450.000000 11
770.888046 450.000000 11
773.889513 450.000000 11
774.890002 450.000000 11
775.890490 450.000000 11
776.890979 450.000000 11
778.891957 450.000000 11
779.892446 450.000000 11
783.894402 450.000000 11
784.894890 450.000000 11
788.896846 450.000000 11
794.899779 450.000000 11
795.900268 450.000000 11
797.901246 450.000000 11
799.902224 450.000000 11
807.906135 450.000000 11
808.906624 450.000000 11
810.907601 450.000000 11
812.908579 450.000000 11
818.911512 450.000000 11
819.912001 450.000000 11
827.915912 450.000000 11
830.917379 450.000000 11
833.918846 450.000000 11
840.922268 450.000000 11
844.924223 450.000000 11
845.924712 450.000000 11
846.925201 450.000000 11
851.927645 450.000000 11
854.929112 450.000000 11
855.929601 450.000000 11
858.931068 450.000000 11
866.934979 450.000000 11
867.935468 450.000000 11
870.936934 450.000000 11
872.937912 450.000000 11
874.938890 450.000000 11
875.939379 450.000000 11
876.939868 450.000000 11
881.942312 450.000000 11
883.943290 450.000000 11
888.945734 450.000000 11
889.946223 450.000000 11
891.947201 450.000000 11
893.948179 450.000000 11
894.948667 450.000000 11
898.950623 450.000000 11
900.951601 450.000000 11
901.952090 450.000000 11
903.953067 450.000000 11
905.954045 450.000000 11
907.955023 450.000000 11
910.956490 450.000000 11
911.956978 450.000000 11
912.957467 450.000000 11
914.958445 450.000000 11
918.960401 450.000000 11
922.962356 450.000000 11
925.963823 450.000000 11
926.964312 450.000000 11
930.966267 450.000000 11
936.969200 450.000000 11
942.972134 450.000000 11
947.974578 450.000000 11
953.977511 450.000000 11
954.978000 450.000000 11
955.978489 450.000000 11
962.981911 450.000000 11
964.982889 450.000000 11
966.983867 450.000000 11
971.986311 450.000000 11
973.987289 450.000000 11
977.989245 450.000000 11
978.989733 450.000000 11
985.993156 450.000000 11
986.993645 450.000000 11
987.994133 450.000000 11
989.995111 450.000000 11
993.997067 450.000000 11
996.998533 450.000000 11
1000.000000 450.000000 10
1000.000000 451.000000 10
1000.000000 452.000000 10
1000.000000 453.000000 10
1000.000000 454.000000 10
1000.000000 455.000000 10
1000.000000 456.000000 10
1000.000000 457.000000 10
1000.000000 460.000000 10
1000.000000 461.000000 10
1000.000000 462.000000 10
1000.000000 463.000000 10
1000.000000 464.000000 10
1000.000000 465.000000 10
1000.000000 466.000000 10
1000.000000 467.000000 10
1000.000000 468.000000 10
1000.000000 471.000000 10
1000.000000 472.000000 10
1000.000000 474.000000 10
1000.000000 475.000000 10
1000.000000 476.000000 10
1000.000000 478.000000 10
1000.000000 479.000000 10
1000.000000 480.000000 10
1000.000000 482.000000 10
1000.000000 483.000000 10
1000.000000 485.000000 10
1000.000000 486.000000 10
1000.000000 487.000000 10
1000.000000 488.000000 10
1000.000000 489.000000 10
1000.000000 490.000000 10
1000.000000 491.000000 10
1000.000000 492.000000 10
1000.000000 493.000000 10
1000.000000 494.000000 10
1000.000000 495.000000 10
1000.000000 496.000000 10
1000.000000 497.000000 10
1000.000000 498.000000 10
1000.000000 499.000000 10
1000.000000 500.000000 10
1000.000000 502.000000 10
1000.000000 505.000000 10
1000.000000 507.000000 10
1000.000000 508.000000 10
1000.000000 510.000000 10
1000.000000 512.000000 10
1000.000000 513.000000 10
1000.000000 517.000000 10
1000.000000 518.000000 10
1000.000000 519.000000 10
1000.000000 520.000000 10
1000.000000 521.000000 10
1000.000000 522.000000 10
1000.000000 524.000000 10
1000.000000 525.000000 10
1000.000000 528.000000 10
1000.000000 529.000000 10
1000.000000 533.000000 10
1000.000000 537.000000 10
1000.000000 538.000000 10
1000.000000 539.000000 10
1000.000000 540.000000 10
1000.000000 542.000000 10
1000.000000 544.000000 10
1000.000000 545.000000 10
1000.000000 546.000000 10
1000.000000 547.000000 10
1000.000000 548.000000 10
1000.000000 549.000000 10
1000.000000 550.000000 10
1000.000000 550.000000 9
996.992065 550.000000 9
983.957682 550.000000 9
974.933879 550.000000 9
968.918009 550.000000 9
964.907430 550.000000 9
962.902140 550.000000 9
959.894206 550.000000 9
951.873047 550.000000 9
948.865112 550.000000 9
945.857178 550.000000 9
944.854533 550.000000 9
940.843953 550.000000 9
939.841309 550.000000 9
937.836019 550.000000 9
935.830729 550.000000 9
929.814860 550.000000 9
928.812215 550.000000 9
926.806925 550.000000 9
924.801636 550.000000 9
923.798991 550.000000 9
921.793701 550.000000 9
917.783122 550.000000 9
913.772542 550.000000 9
911.767253 550.000000 9
908.759318 550.000000 9
903.746094 550.000000 9
895.724935 550.000000 9
891.714355 550.000000 9
885.698486 550.000000 9
883.693197 550.000000 9
879.682617 550.000000 9
878.679972 550.000000 9
873.666748 550.000000 9
872.664103 550.000000 9
871.661458 550.000000 9
869.656169 550.000000 9
862.637655 550.000000 9
858.627075 550.000000 9
856.621785 550.000000 9
853.613851 550.000000 9
850.605916 550.000000 9
849.603271 550.000000 9
848.600627 550.000000 9
845.592692 550.000000 9
844.590047 550.000000 9
842.584757 550.000000 9
841.582113 550.000000 9
840.579468 550.000000 9
833.560954 550.000000 9
832.558309 550.000000 9
830.553019 550.000000 9
826.542440 550.000000 9
823.534505 550.000000 9
822.531860 550.000000 9
816.515991 550.000000 9
815.513346 550.000000 9
814.510702 550.000000 9
812.505412 550.000000 9
803.481608 550.000000 9
798.468384 550.000000 9
797.465739 550.000000 9
796.463094 550.000000 9
792.452515 550.000000 9
789.444580 550.000000 9
787.439290 550.000000 9
779.418132 550.000000 9
778.415487 550.000000 9
773.402262 550.000000 9
770.394328 550.000000 9
766.383748 550.000000 9
764.378459 550.000000 9
762.373169 550.000000 9
760.367879 550.000000 9
755.354655 550.000000 9
754.352010 550.000000 9
752.346720 550.000000 9
743.322917 550.000000 9
736.304403 550.000000 9
733.296468 550.000000 9
731.291178 550.000000 9
728.283244 550.000000 9
727.280599 550.000000 9
714.246216 550.000000 9
709.232992 550.000000 9
708.230347 550.000000 9
703.217122 550.000000 9
696.198608 550.000000 9
694.193319 550.000000 9
693.190674 550.000000 9
692.188029 550.000000 9
691.185384 550.000000 9
689.180094 550.000000 9
687.174805 550.000000 9
686.172160 550.000000 9
683.164225 550.000000 9
682.161580 550.000000 9
681.158936 550.000000 9
678.151001 550.000000 9
676.145711 550.000000 9
673.137777 550.000000 9
670.630146 549.129920 8
670.127805 548.259840 8
668.620783 545.649601 8
667.113760 543.039361 8
666.611419 542.169281 8
666.109078 541.299201 8
664.602056 538.688962 8
664.099715 537.818882 8
662.090352 534.338562 8
661.588011 533.468482 8
661.085670 532.598403 8
660.583329 531.728323 8
660.080988 530.858243 8
659.578647 529.988163 8
657.569284 526.507843 8
657.066943 525.637764 8
656.062261 523.897604 8
655.559921 523.027524 8
653.048216 518.677125 8
651.038853 515.196805 8
650.536512 514.326725 8
650.034171 513.456645 8
649.531830 512.586565 8
649.029489 511.716486 8
648.527149 510.846406 8
648.024808 509.976326 8
645.513103 505.625926 8
645.010763 504.755847 8
644.508422 503.885767 8
643.001399 501.275527 8
641.996717 499.535367 8
641.494377 498.665288 8
640.992036 497.795208 8
636.973309 490.834569 8
635.466286 488.224329 8
634.461605 486.484169 8
633.959264 485.614089 8
632.954582 483.873930 8
631.949900 482.133770 8
631.447560 481.263690 8
630.442878 479.523530 8
629.940537 478.653450 8
629.438196 477.783371 8
628.935855 476.913291 8
627.931174 475.173131 8
627.428833 474.303051 8
626.926492 473.432971 8
626.424151 472.562891 8
625.921810 471.692811 8
624.414788 469.082572 8
623.912447 468.212492 8
622.907765 466.472332 8
621.903083 464.732172 8
621.400743 463.862093 8
620.898402 462.992013 8
620.396061 462.121933 8
619.391379 460.381773 8
618.889038 459.511693 8
618.386697 458.641613 8
617.884357 457.771534 8
617.382016 456.901454 8
616.377334 455.161294 8
615.874993 454.291214 8
612.860948 449.070735 8
612.358607 448.200655 8
611.353925 446.460495 8
610.851585 445.590415 8
610.349244 444.720335 8
609.846903 443.850256 8
609.344562 442.980176 8
606.330517 437.759696 8
605.828176 436.889617 8
604.823494 435.149457 8
603.316472 432.539217 8
602.311790 430.799057 8
601.809449 429.928978 8
601.307108 429.058898 8
599.800086 426.448658 8
599.297745 425.578578 8
598.795404 424.708498 8
598.293063 423.838418 8
597.790722 422.968339 8
597.288382 422.098259 8
596.786041 421.228179 8
595.279018 418.617939 8
594.776677 417.747859 8
594.274336 416.877779 8
592.264973 413.397460 8
592.264973 413.397460 7
592.768127 412.525971 7
593.271282 411.654482 7
593.774436 410.782993 7
594.277591 409.911504 7
594.780745 409.040015 7
595.283900 408.168526 7
595.787054 407.297036 7
596.290209 406.425547 7
597.799672 403.811080 7
598.302826 402.939591 7
598.805981 402.068102 7
599.309135 401.196613 7
599.812290 400.325124 7
600.315444 399.453635 7
600.818599 398.582146 7
601.321753 397.710657 7
601.824908 396.839168 7
602.328062 395.967679 7
602.831216 395.096190 7
603.334371 394.224700 7
603.837525 393.353211 7
604.340680 392.481722 7
604.843834 391.610233 7
605.346989 390.738744 7
605.850143 389.867255 7
606.353298 388.995766 7
606.856452 388.124277 7
607.359607 387.252788 7
607.862761 386.381299 7
608.365915 385.509810 7
608.869070 384.638321 7
609.372224 383.766832 7
609.875379 382.895342 7
610.378533 382.023853 7
610.881688 381.152364 7
611.384842 380.280875 7
611.887997 379.409386 7
612.391151 378.537897 7
613.397460 376.794919 7
613.397460 376.794919 6
612.391151 376.794919 6
611.384842 376.794919 6
610.378533 376.794919 6
609.372224 376.794919 6
608.365916 376.794919 6
607.359607 376.794919 6
605.346989 376.794919 6
603.334371 376.794919 6
602.328062 376.794919 6
601.321753 376.794919 6
600.315445 376.794919 6
599.309136 376.794919 6
598.302827 376.794919 6
597.296518 376.794919 6
596.290209 376.794919 6
595.283900 376.794919 6
594.277591 376.794919 6
593.271282 376.794919 6
592.264973 376.794919 6
591.258665 376.794919 6
590.252356 376.794919 6
589.246047 376.794919 6
588.239738 376.794919 6
587.233429 376.794919 6
586.227120 376.794919 6
585.220811 376.794919 6
584.214502 376.794919 6
583.208194 376.794919 6
582.201885 376.794919 6
581.195576 376.794919 6
580.189267 376.794919 6
579.182958 376.794919 6
578.176649 376.794919 6
577.170340 376.794919 6
576.164031 376.794919 6
575.157723 376.794919 6
574.151414 376.794919 6
573.145105 376.794919 6
572.138796 376.794919 6
571.132487 376.794919 6
571.132487 376.794919 5
570.126178 375.051941 5
569.623024 374.180452 5
569.119869 373.308963 5
568.616715 372.437474 5
568.113560 371.565985 5
567.610406 370.694496 5
567.107251 369.823007 5
566.604097 368.951518 5
566.100942 368.080029 5
565.094634 366.337050 5
564.591479 365.465561 5
564.088325 364.594072 5
563.585170 363.722583 5
563.082016 362.851094 5
562.578861 361.979605 5
562.075707 361.108116 5
561.572552 360.236627 5
561.069398 359.365138 5
560.566243 358.493649 5
560.063089 357.622160 5
559.559935 356.750671 5
559.056780 355.879182 5
558.553626 355.007693 5
558.050471 354.136204 5
557.547317 353.264715 5
557.044162 352.393226 5
556.541008 351.521737 5
556.037853 350.650248 5
555.534699 349.778759 5
554.528390 348.035780 5
554.025236 347.164291 5
553.522081 346.292802 5
553.018927 345.421313 5
552.515772 344.549824 5
551.509463 342.806846 5
551.006309 341.935357 5
550.503154 341.063868 5
550.000000 340.192379 5
550.000000 340.192379 4
549.496846 341.063868 4
548.993691 341.935357 4
548.490537 342.806846 4
547.987382 343.678335 4
547.484228 344.549824 4
546.477919 346.292802 4
545.974764 347.164291 4
545.471610 348.035780 4
544.968455 348.907269 4
544.465301 349.778759 4
543.962147 350.650248 4
543.458992 351.521737 4
542.955838 352.393226 4
542.452683 353.264715 4
541.949529 354.136204 4
541.446374 355.007693 4
540.943220 355.879182 4
540.440065 356.750671 4
539.936911 357.622160 4
539.433757 358.493649 4
538.930602 359.365138 4
538.427448 360.236627 4
537.924293 361.108116 4
536.917984 362.851094 4
536.414830 363.722583 4
535.911675 364.594072 4
535.408521 365.465561 4
534.905366 366.337050 4
534.402212 367.208539 4
533.899058 368.080029 4
533.395903 368.951518 4
532.892749 369.823007 4
532.389594 370.694496 4
531.886440 371.565985 4
531.383285 372.437474 4
530.880131 373.308963 4
530.376976 374.180452 4
529.873822 375.051941 4
529.370667 375.923430 4
528.867513 376.794919 4
526.854895 376.794919 3
525.848586 376.794919 3
524.842277 376.794919 3
523.835969 376.794919 3
522.829660 376.794919 3
521.823351 376.794919 3
519.810733 376.794919 3
518.804424 376.794919 3
517.798115 376.794919 3
516.791806 376.794919 3
515.785498 376.794919 3
514.779189 376.794919 3
513.772880 376.794919 3
512.766571 376.794919 3
511.760262 376.794919 3
510.753953 376.794919 3
509.747644 376.794919 3
508.741335 376.794919 3
507.735027 376.794919 3
506.728718 376.794919 3
505.722409 376.794919 3
504.716100 376.794919 3
503.709791 376.794919 3
502.703482 376.794919 3
501.697173 376.794919 3
500.690864 376.794919 3
499.684555 376.794919 3
498.678247 376.794919 3
497.671938 376.794919 3
496.665629 376.794919 3
495.659320 376.794919 3
493.646702 376.794919 3
492.640393 376.794919 3
491.634084 376.794919 3
490.627776 376.794919 3
489.621467 376.794919 3
488.615158 376.794919 3
487.608849 376.794919 3
486.602540 376.794919 3
486.602540 376.794919 2
487.105694 377.666408 2
487.608849 378.537897 2
488.112003 379.409386 2
488.615158 380.280875 2
489.118312 381.152364 2
489.621467 382.023853 2
490.124621 382.895342 2
490.627776 383.766832 2
491.130930 384.638321 2
491.634085 385.509810 2
492.137239 386.381299 2
492.640393 387.252788 2
493.143548 388.124277 2
493.646702 388.995766 2
494.149857 389.867255 2
494.653011 390.738744 2
495.659320 392.481722 2
496.162475 393.353211 2
496.665629 394.224700 2
497.168784 395.096190 2
497.671938 395.967679 2
498.175092 396.839168 2
498.678247 397.710657 2
499.181401 398.582146 2
499.684556 399.453635 2
500.187710 400.325124 2
500.690865 401.196613 2
501.194019 402.068102 2
501.697174 402.939591 2
502.200328 403.811080 2
502.703482 404.682569 2
503.206637 405.554058 2
503.709791 406.425547 2
504.716100 408.168526 2
505.219255 409.040015 2
505.722409 409.911504 2
506.225564 410.782993 2
506.728718 411.654482 2
507.231873 412.525971 2
507.735027 413.397460 2
507.735027 413.397460 1
507.232686 414.267540 1
506.730345 415.137620 1
506.228004 416.007700 1
505.725664 416.877779 1
504.720982 418.617939 1
504.218641 419.488019 1
503.716300 420.358099 1
503.213959 421.228179 1
502.711618 422.098259 1
502.209278 422.968339 1
501.706937 423.838418 1
501.204596 424.708498 1
499.697573 427.318738 1
499.195232 428.188818 1
498.190551 429.928978 1
497.185869 431.669137 1
496.181187 433.409297 1
495.678847 434.279377 1
494.674165 436.019537 1
493.167142 438.629776 1
492.162461 440.369936 1
491.660120 441.240016 1
491.157779 442.110096 1
490.655438 442.980176 1
490.153097 443.850256 1
489.650756 444.720335 1
488.646075 446.460495 1
488.143734 447.330575 1
484.627348 453.421134 1
484.125007 454.291214 1
483.120325 456.031374 1
482.617984 456.901454 1
481.613303 458.641613 1
480.608621 460.381773 1
479.101598 462.992013 1
478.599257 463.862093 1
478.096917 464.732172 1
477.594576 465.602252 1
476.087553 468.212492 1
475.585212 469.082572 1
474.078190 471.692811 1
472.571167 474.303051 1
471.566486 476.043211 1
470.561804 477.783371 1
470.059463 478.653450 1
466.040736 485.614089 1
465.036054 487.354249 1
464.031373 489.094409 1
463.529032 489.964489 1
463.026691 490.834569 1
462.524350 491.704649 1
461.017328 494.314888 1
460.514987 495.184968 1
460.012646 496.055048 1
459.510305 496.925128 1
456.496260 502.145607 1
455.491578 503.885767 1
453.984556 506.496006 1
451.975192 509.976326 1
451.472851 510.846406 1
448.458806 516.066885 1
447.454125 517.807045 1
446.951784 518.677125 1
445.444761 521.287364 1
443.937739 523.897604 1
443.435398 524.767684 1
441.426034 528.248003 1
440.421353 529.988163 1
439.919012 530.858243 1
436.904967 536.078722 1
436.402626 536.948802 1
435.397944 538.688962 1
433.890922 541.299201 1
433.388581 542.169281 1
432.886240 543.039361 1
429.872195 548.259840 1
429.369854 549.129920 1
428.867513 550.000000 1
428.867513 550.000000 0
423.854289 550.000000 0
422.851644 550.000000 0
420.846354 550.000000 0
417.838420 550.000000 0
413.827840 550.000000 0
406.809326 550.000000 0
404.804036 550.000000 0
400.793457 550.000000 0
399.790812 550.000000 0
398.788167 550.000000 0
390.767008 550.000000 0
387.759074 550.000000 0
378.735270 550.000000 0
374.724691 550.000000 0
373.722046 550.000000 0
371.716756 550.000000 0
370.714111 550.000000 0
365.700887 550.000000 0
364.698242 550.000000 0
363.695597 550.000000 0
358.682373 550.000000 0
356.677083 550.000000 0
353.669149 550.000000 0
350.661214 550.000000 0
349.658569 550.000000 0
347.653280 550.000000 0
346.650635 550.000000 0
339.632121 550.000000 0
338.629476 550.000000 0
335.621541 550.000000 0
329.605672 550.000000 0
326.597738 550.000000 0
323.589803 550.000000 0
322.587158 550.000000 0
321.584513 550.000000 0
318.576579 550.000000 0
313.563354 550.000000 0
312.560710 550.000000 0
304.539551 550.000000 0
302.534261 550.000000 0
295.515747 550.000000 0
294.513102 550.000000 0
287.494588 550.000000 0
284.486654 550.000000 0
283.484009 550.000000 0
272.454915 550.000000 0
271.452270 550.000000 0
270.449626 550.000000 0
264.433756 550.000000 0
263.431112 550.000000 0
261.425822 550.000000 0
260.423177 550.000000 0
258.417887 550.000000 0
253.404663 550.000000 0
245.383504 550.000000 0
243.378215 550.000000 0
240.370280 550.000000 0
236.359701 550.000000 0
228.338542 550.000000 0
224.327962 550.000000 0
218.312093 550.000000 0
216.306803 550.000000 0
215.304159 550.000000 0
202.269775 550.000000 0
200.264486 550.000000 0
196.253906 550.000000 0
193.245972 550.000000 0
190.238037 550.000000 0
189.235392 550.000000 0
187.230103 550.000000 0
185.224813 550.000000 0
184.222168 550.000000 0
182.216878 550.000000 0
173.193075 550.000000 0
172.190430 550.000000 0
169.182495 550.000000 0
162.163981 550.000000 0
159.156047 550.000000 0
157.150757 550.000000 0
154.142822 550.000000 0
151.134888 550.000000 0
150.132243 550.000000 0
143.113729 550.000000 0
142.111084 550.000000 0
140.105794 550.000000 0
138.100505 550.000000 0
130.079346 550.000000 0
124.063477 550.000000 0
123.060832 550.000000 0
121.055542 550.000000 0
120.052897 550.000000 0
113.034383 550.000000 0
109.023804 550.000000 0
108.021159 550.000000 0
107.018514 550.000000 0
106.015869 550.000000 0
103.007935 550.000000 0
101.002645 550.000000 0
