710
105.002444 450.000000 8
106.002933 450.000000 8
110.004889 450.000000 8
115.007333 450.000000 8
116.007822 450.000000 8
123.011244 450.000000 8
125.012222 450.000000 8
128.013689 450.000000 8
129.014178 450.000000 8
131.015155 450.000000 8
132.015644 450.000000 8
135.017111 450.000000 8
136.017600 450.000000 8
137.018089 450.000000 8
155.026888 450.000000 8
156.027377 450.000000 8
161.029822 450.000000 8
162.030311 450.000000 8
168.033244 450.000000 8
170.034222 450.000000 8
172.035199 450.000000 8
174.036177 450.000000 8
177.037644 450.000000 8
180.039110 450.000000 8
183.040577 450.000000 8
188.043021 450.000000 8
189.043510 450.000000 8
191.044488 450.000000 8
202.049866 450.000000 8
204.050844 450.000000 8
210.053777 450.000000 8
214.055732 450.000000 8
215.056221 450.000000 8
225.061110 450.000000 8
226.061599 450.000000 8
228.062577 450.000000 8
231.064043 450.000000 8
232.064532 450.000000 8
239.067954 450.000000 8
241.068932 450.000000 8
242.069421 450.000000 8
248.072354 450.000000 8
252.074310 450.000000 8
254.075288 450.000000 8
260.078221 450.000000 8
272.084087 450.000000 8
273.084576 450.000000 8
274.085065 450.000000 8
276.086043 450.000000 8
280.087998 450.000000 8
283.089465 450.000000 8
285.090443 450.000000 8
286.090932 450.000000 8
288.091909 450.000000 8
294.094843 450.000000 8
301.098265 450.000000 8
303.099243 450.000000 8
307.101198 450.000000 8
308.101687 450.000000 8
318.106576 450.000000 8
319.107065 450.000000 8
320.107554 450.000000 8
324.109509 450.000000 8
325.109998 450.000000 8
331.112931 450.000000 8
332.113420 450.000000 8
334.114398 450.000000 8
337.115865 450.000000 8
339.116842 450.000000 8
341.117820 450.000000 8
344.119287 450.000000 8
345.119776 450.000000 8
348.121242 450.000000 8
349.121731 450.000000 8
353.123687 450.000000 8
362.128087 450.000000 8
365.129553 450.000000 8
366.130042 450.000000 8
373.136604 446.528766 7
374.639693 443.925341 7
375.641752 442.189724 7
376.142781 441.321915 7
377.144840 439.586298 7
381.654105 431.776022 7
382.155134 430.908214 7
382.656164 430.040405 7
383.157193 429.172597 7
384.159252 427.436980 7
387.666458 421.362321 7
388.668517 419.626704 7
389.670576 417.891087 7
390.672635 416.155470 7
392.676753 412.684236 7
397.687047 404.006151 7
398.188077 403.138343 7
400.192195 399.667109 7
400.693224 398.799301 7
403.198371 394.460258 7
405.202489 390.989025 7
406.204548 389.253408 7
406.705577 388.385599 7
407.206607 387.517791 7
409.711754 383.178748 7
411.214842 380.575323 7
411.715872 379.707515 7
412.717931 377.971898 7
418.730284 367.558196 7
420.734402 364.086962 7
426.746755 353.673261 7
428.750873 350.202027 7
432.258079 344.127368 7
432.759109 343.259559 7
435.765286 338.052708 7
439.272492 331.978049 7
441.276609 328.506815 7
443.280727 325.035581 7
444.282786 323.299964 7
444.783816 322.432156 7
445.284845 321.564348 7
445.785875 320.696539 7
448.792051 315.489688 7
449.293081 314.621880 7
450.295140 312.886263 7
451.798228 310.282838 7
452.299257 309.415029 7
456.808522 301.604753 7
457.810581 299.869136 7
459.313670 297.265711 7
460.816758 294.662285 7
466.829111 284.248584 7
467.330141 283.380775 7
467.831170 282.512967 7
470.336318 278.173924 7
471.338376 276.438307 7
471.839406 275.570499 7
475.346612 269.495840 7
476.849700 266.892414 7
479.354848 262.553372 7
479.855877 261.685564 7
490.377496 243.461586 7
490.878525 242.593777 7
494.385731 236.519118 7
494.886761 235.651310 7
496.389849 233.047884 7
498.894996 228.708842 7
500.398085 226.105417 7
501.400143 224.369800 7
503.905291 220.030757 7
505.408379 217.427332 7
505.909408 216.559524 7
509.416615 210.484864 7
520.940292 190.525270 7
523.445439 186.186227 7
523.946469 185.318419 7
524.447498 184.450610 7
525.950586 181.847185 7
529.457793 175.772526 7
534.969117 166.226633 7
535.470146 165.358824 7
536.472205 163.623207 7
537.474264 161.887590 7
538.476323 160.151974 7
538.977352 159.284165 7
541.983529 154.077314 7
542.484558 153.209506 7
543.486617 151.473889 7
543.987647 150.606080 7
552.004118 143.663613 6
553.006177 145.399230 6
557.515442 153.209506 6
560.020589 157.548548 6
562.525736 161.887590 6
563.026766 162.755399 6
566.533972 168.830058 6
568.538090 172.301292 6
572.546325 179.243760 6
573.047355 180.111568 6
575.552502 184.450610 6
580.562796 193.128695 6
583.067944 197.467737 6
585.573091 201.806780 6
589.080297 207.881439 6
590.583385 210.484864 6
594.591621 217.427332 6
595.092650 218.295140 6
596.094709 220.030757 6
597.096768 221.766374 6
599.100886 225.237608 6
601.606033 229.576651 6
602.107063 230.444459 6
606.115298 237.386927 6
607.618387 239.990352 6
608.119416 240.858161 6
610.123534 244.329394 6
610.624563 245.197203 6
612.127652 247.800628 6
615.133828 253.007479 6
619.643093 260.817755 6
620.144123 261.685564 6
623.150300 266.892414 6
623.651329 267.760223 6
624.653388 269.495840 6
631.667800 281.645158 6
634.673977 286.852009 6
638.682213 293.794477 6
639.183242 294.662285 6
641.187360 298.133519 6
645.195595 305.075987 6
646.698684 307.679412 6
649.704860 312.886263 6
650.706919 314.621880 6
654.715155 321.564348 6
656.218243 324.167773 6
658.723391 328.506815 6
663.232656 336.317091 6
665.236773 339.788325 6
665.737803 340.656134 6
676.259421 358.880111 6
677.762510 361.483537 6
681.770745 368.426005 6
684.776922 373.632855 6
685.277951 374.500664 6
686.781040 377.104089 6
690.789275 384.046557 6
692.793393 387.517791 6
693.294423 388.385599 6
695.799570 392.724641 6
697.302658 395.328067 6
706.321188 410.948619 6
708.325306 414.419853 6
708.826335 415.287661 6
710.329424 417.891087 6
715.840748 427.436980 6
720.350013 435.247256 6
721.352072 436.982873 6
721.853101 437.850682 6
725.861337 444.793149 6
726.362366 445.660958 6
726.863396 446.528766 6
728.867513 450.000000 5
739.872891 450.000000 5
740.873380 450.000000 5
753.879735 450.000000 5
757.881691 450.000000 5
759.882669 450.000000 5
760.883158 450.000000 5
763.884624 450.000000 5
764.885113 450.000000 5
765.885602 450.000000 5
767.886580 450.000000 5
776.890980 450.000000 5
779.892446 450.000000 5
791.898313 450.000000 5
793.899291 450.000000 5
797.901246 450.000000 5
798.901735 450.000000 5
807.906135 450.000000 5
809.907113 450.000000 5
812.908579 450.000000 5
814.909557 450.000000 5
815.910046 450.000000 5
816.910535 450.000000 5
819.912002 450.000000 5
823.913957 450.000000 5
824.914446 450.000000 5
831.917868 450.000000 5
837.920801 450.000000 5
838.921290 450.000000 5
839.921779 450.000000 5
847.925690 450.000000 5
851.927646 450.000000 5
852.928135 450.000000 5
860.932046 450.000000 5
862.933023 450.000000 5
868.935957 450.000000 5
869.936446 450.000000 5
874.938890 450.000000 5
875.939379 450.000000 5
879.941334 450.000000 5
889.946223 450.000000 5
895.949156 450.000000 5
898.950623 450.000000 5
903.953067 450.000000 5
907.955023 450.000000 5
908.955512 450.000000 5
909.956001 450.000000 5
916.959423 450.000000 5
918.960401 450.000000 5
923.962845 450.000000 5
926.964312 450.000000 5
936.969201 450.000000 5
937.969689 450.000000 5
941.971645 450.000000 5
945.973600 450.000000 5
953.977512 450.000000 5
956.978978 450.000000 5
957.979467 450.000000 5
967.984356 450.000000 5
968.984845 450.000000 5
971.986311 450.000000 5
973.987289 450.000000 5
978.989734 450.000000 5
986.993645 450.000000 5
989.995111 450.000000 5
995.998044 450.000000 5
1000.000000 450.000000 5
1000.000000 450.000000 4
1000.000000 453.000000 4
1000.000000 454.000000 4
1000.000000 455.000000 4
1000.000000 456.000000 4
1000.000000 457.000000 4
1000.000000 459.000000 4
1000.000000 461.000000 4
1000.000000 462.000000 4
1000.000000 463.000000 4
1000.000000 466.000000 4
1000.000000 468.000000 4
1000.000000 471.000000 4
1000.000000 474.000000 4
1000.000000 476.000000 4
1000.000000 477.000000 4
1000.000000 478.000000 4
1000.000000 479.000000 4
1000.000000 480.000000 4
1000.000000 482.000000 4
1000.000000 484.000000 4
1000.000000 487.000000 4
1000.000000 488.000000 4
1000.000000 489.000000 4
1000.000000 490.000000 4
1000.000000 491.000000 4
1000.000000 492.000000 4
1000.000000 493.000000 4
1000.000000 496.000000 4
1000.000000 497.000000 4
1000.000000 498.000000 4
1000.000000 499.000000 4
1000.000000 500.000000 4
1000.000000 504.000000 4
1000.000000 505.000000 4
1000.000000 507.000000 4
1000.000000 511.000000 4
1000.000000 512.000000 4
1000.000000 513.000000 4
1000.000000 516.000000 4
1000.000000 519.000000 4
1000.000000 521.000000 4
1000.000000 522.000000 4
1000.000000 523.000000 4
1000.000000 524.000000 4
1000.000000 526.000000 4
1000.000000 528.000000 4
1000.000000 531.000000 4
1000.000000 532.000000 4
1000.000000 533.000000 4
1000.000000 535.000000 4
1000.000000 536.000000 4
1000.000000 537.000000 4
1000.000000 539.000000 4
1000.000000 543.000000 4
1000.000000 544.000000 4
1000.000000 545.000000 4
1000.000000 548.000000 4
1000.000000 549.000000 4
1000.000000 550.000000 3
991.978841 550.000000 3
990.976196 550.000000 3
989.973551 550.000000 3
986.965617 550.000000 3
985.962972 550.000000 3
984.960327 550.000000 3
982.955037 550.000000 3
980.949748 550.000000 3
978.944458 550.000000 3
975.936523 550.000000 3
973.931234 550.000000 3
970.923299 550.000000 3
968.918009 550.000000 3
961.899495 550.000000 3
957.888916 550.000000 3
949.867757 550.000000 3
946.859823 550.000000 3
938.838664 550.000000 3
934.828084 550.000000 3
931.820150 550.000000 3
930.817505 550.000000 3
923.798991 550.000000 3
921.793701 550.000000 3
919.788411 550.000000 3
918.785766 550.000000 3
913.772542 550.000000 3
912.769897 550.000000 3
906.754028 550.000000 3
904.748738 550.000000 3
895.724935 550.000000 3
891.714355 550.000000 3
890.711710 550.000000 3
889.709066 550.000000 3
884.695841 550.000000 3
881.687907 550.000000 3
878.679972 550.000000 3
875.672038 550.000000 3
873.666748 550.000000 3
872.664103 550.000000 3
871.661458 550.000000 3
866.648234 550.000000 3
863.640299 550.000000 3
856.621785 550.000000 3
852.611206 550.000000 3
845.592692 550.000000 3
844.590047 550.000000 3
838.574178 550.000000 3
837.571533 550.000000 3
835.566243 550.000000 3
834.563598 550.000000 3
821.529215 550.000000 3
814.510701 550.000000 3
812.505412 550.000000 3
810.500122 550.000000 3
809.497477 550.000000 3
806.489542 550.000000 3
805.486898 550.000000 3
802.478963 550.000000 3
800.473673 550.000000 3
791.449870 550.000000 3
790.447225 550.000000 3
774.404907 550.000000 3
772.399617 550.000000 3
771.396972 550.000000 3
768.389038 550.000000 3
764.378458 550.000000 3
761.370524 550.000000 3
760.367879 550.000000 3
756.357299 550.000000 3
753.349365 550.000000 3
752.346720 550.000000 3
741.317627 550.000000 3
733.296468 550.000000 3
729.285888 550.000000 3
722.267374 550.000000 3
719.259440 550.000000 3
718.256795 550.000000 3
716.251505 550.000000 3
715.248860 550.000000 3
714.246215 550.000000 3
712.240926 550.000000 3
707.227701 550.000000 3
706.225057 550.000000 3
698.203898 550.000000 3
696.198608 550.000000 3
691.185384 550.000000 3
689.180094 550.000000 3
687.174804 550.000000 3
686.172159 550.000000 3
680.156290 550.000000 3
677.148356 550.000000 3
671.132487 550.000000 3
671.132487 550.000000 2
669.130297 546.532105 2
668.129202 544.798158 2
665.125917 539.596316 2
664.625369 538.729343 2
658.618800 528.325659 2
658.118252 527.458685 2
653.112778 518.788949 2
651.611135 516.188028 2
650.610040 514.454081 2
649.608946 512.720133 2
648.607851 510.986186 2
648.107303 510.119213 2
647.106208 508.385265 2
646.105113 506.651318 2
644.102923 503.183423 2
642.601281 500.582502 2
640.098544 496.247634 2
639.597996 495.380661 2
635.093069 487.577898 2
631.088689 480.642109 2
630.087594 478.908161 2
627.084310 473.706320 2
626.583762 472.839346 2
625.582667 471.105399 2
625.082120 470.238425 2
624.081025 468.504478 2
620.577193 462.435662 2
619.075550 459.834741 2
618.074455 458.100794 2
617.073360 456.366847 2
616.072265 454.632899 2
615.571718 453.765926 2
614.570623 452.031979 2
614.070076 451.165005 2
613.068981 449.431058 2
612.568433 448.564084 2
609.565148 443.362242 2
609.064601 442.495269 2
608.063506 440.761321 2
604.059126 433.825532 2
602.557484 431.224611 2
601.556389 429.490664 2
601.055841 428.623690 2
599.554199 426.022769 2
597.552009 422.554875 2
594.548724 417.353033 2
592.045987 413.018165 2
591.044892 411.284217 2
590.043797 409.550270 2
589.543250 408.683297 2
588.542155 406.949349 2
588.041607 406.082376 2
586.539965 403.481455 2
583.536680 398.279613 2
581.033943 393.944745 2
577.530111 387.875929 2
577.029563 387.008955 2
575.027373 383.541061 2
574.526826 382.674087 2
574.026278 381.807114 2
573.525731 380.940140 2
573.025183 380.073166 2
572.524636 379.206193 2
571.523541 377.472245 2
568.520256 372.270404 2
566.518066 368.802509 2
566.017519 367.935535 2
565.516971 367.068562 2
565.016424 366.201588 2
563.014234 362.733694 2
562.513687 361.866720 2
561.012044 359.265799 2
558.509307 354.930931 2
558.008759 354.063957 2
557.508212 353.196983 2
554.504927 347.995142 2
552.002190 343.660273 2
551.501642 342.793300 2
550.500547 341.059353 2
547.497263 344.527247 1
544.994525 348.862115 1
538.487408 360.132773 1
537.986861 360.999746 1
536.485218 363.600667 1
531.479744 372.270404 1
528.476459 377.472245 1
525.973722 381.807114 1
524.972627 383.541061 1
524.472079 384.408035 1
523.971532 385.275008 1
521.969342 388.742903 1
521.468794 389.609876 1
519.967152 392.210797 1
518.966057 393.944745 1
518.465510 394.811718 1
513.960583 402.614481 1
512.959488 404.348428 1
511.958393 406.082376 1
511.457845 406.949349 1
510.456750 408.683297 1
509.956203 409.550270 1
509.455655 410.417244 1
508.955108 411.284217 1
508.454560 412.151191 1
506.952918 414.752112 1
506.452371 415.619086 1
505.951823 416.486059 1
504.950728 418.220007 1
504.450181 419.086980 1
502.948538 421.687901 1
501.947443 423.421848 1
494.939779 435.559479 1
494.439231 436.426453 1
493.938684 437.293427 1
491.936494 440.761321 1
490.935399 442.495269 1
488.933209 445.963163 1
488.432662 446.830137 1
487.431567 448.564084 1
486.931019 449.431058 1
486.430472 450.298031 1
476.920070 466.770530 1
476.419523 467.637504 1
475.418428 469.371451 1
474.917880 470.238425 1
472.415143 474.573293 1
470.412953 478.041188 1
469.912406 478.908161 1
468.410763 481.509082 1
467.409668 483.243030 1
464.906931 487.577898 1
464.406383 488.444871 1
463.905836 489.311845 1
459.400909 497.114608 1
458.900361 497.981582 1
454.895982 504.917371 1
453.894887 506.651318 1
452.893792 508.385265 1
452.393244 509.252239 1
450.891602 511.853160 1
447.387770 517.921975 1
446.887222 518.788949 1
445.886127 520.522896 1
444.885032 522.256843 1
444.384485 523.123817 1
443.883937 523.990791 1
442.882842 525.724738 1
442.382295 526.591712 1
436.876273 536.128422 1
434.874083 539.596316 1
433.872988 541.330264 1
433.372441 542.197237 1
432.371346 543.931185 1
430.869703 546.532105 1
421.848999 550.000000 0
420.846355 550.000000 0
418.841065 550.000000 0
414.830485 550.000000 0
407.811971 550.000000 0
405.806682 550.000000 0
400.793457 550.000000 0
399.790813 550.000000 0
396.782878 550.000000 0
393.774943 550.000000 0
390.767009 550.000000 0
380.740560 550.000000 0
378.735271 550.000000 0
377.732626 550.000000 0
375.727336 550.000000 0
367.706177 550.000000 0
365.700887 550.000000 0
363.695598 550.000000 0
362.692953 550.000000 0
361.690308 550.000000 0
356.677084 550.000000 0
355.674439 550.000000 0
353.669149 550.000000 0
352.666504 550.000000 0
348.655925 550.000000 0
347.653280 550.000000 0
346.650635 550.000000 0
341.637411 550.000000 0
340.634766 550.000000 0
338.629476 550.000000 0
336.624187 550.000000 0
327.600383 550.000000 0
326.597738 550.000000 0
325.595093 550.000000 0
324.592448 550.000000 0
320.581869 550.000000 0
307.547486 550.000000 0
306.544841 550.000000 0
302.534261 550.000000 0
299.526327 550.000000 0
298.523682 550.000000 0
296.518392 550.000000 0
293.510458 550.000000 0
283.484009 550.000000 0
281.478719 550.000000 0
280.476074 550.000000 0
277.468140 550.000000 0
276.465495 550.000000 0
272.454916 550.000000 0
271.452271 550.000000 0
268.444336 550.000000 0
265.436402 550.000000 0
264.433757 550.000000 0
261.425822 550.000000 0
257.415243 550.000000 0
256.412598 550.000000 0
253.404663 550.000000 0
251.399374 550.000000 0
249.394084 550.000000 0
244.380860 550.000000 0
243.378215 550.000000 0
240.370280 550.000000 0
239.367635 550.000000 0
236.359701 550.000000 0
232.349121 550.000000 0
231.346476 550.000000 0
230.343832 550.000000 0
228.338542 550.000000 0
226.333252 550.000000 0
222.322673 550.000000 0
221.320028 550.000000 0
220.317383 550.000000 0
211.293579 550.000000 0
209.288290 550.000000 0
205.277710 550.000000 0
204.275065 550.000000 0
203.272420 550.000000 0
200.264486 550.000000 0
194.248617 550.000000 0
177.203654 550.000000 0
176.201009 550.000000 0
169.182495 550.000000 0
168.179850 550.000000 0
164.169271 550.000000 0
161.161336 550.000000 0
153.140177 550.000000 0
151.134888 550.000000 0
146.121663 550.000000 0
142.111084 550.000000 0
141.108439 550.000000 0
140.105794 550.000000 0
135.092570 550.000000 0
131.081991 550.000000 0
123.060832 550.000000 0
114.037028 550.000000 0
108.021159 550.000000 0
103.007935 550.000000 0
