840
103.005598 450.000000 32
105.009330 450.000000 32
109.016794 450.000000 32
113.024258 450.000000 32
115.027990 450.000000 32
117.031722 450.000000 32
127.050382 450.000000 32
128.052248 450.000000 32
129.054114 450.000000 32
130.055980 450.000000 32
135.065310 450.000000 32
137.069043 450.000000 32
139.072775 450.000000 32
140.074641 450.000000 32
142.078373 450.000000 32
145.083971 450.000000 32
148.089569 450.000000 32
150.093301 450.000000 32
151.095167 450.000000 32
162.115693 450.000000 32
170.130621 450.000000 32
179.672281 435.208642 31
181.179304 432.598403 31
182.183986 430.858243 31
183.188667 429.118083 31
186.202712 423.897604 31
187.207394 422.157444 31
190.221439 416.936965 31
201.775279 396.925128 31
206.798687 388.224329 31
210.817414 381.263690 31
212.324436 378.653450 31
215.338482 373.432971 31
221.366572 362.992013 31
223.375935 359.511693 31
223.878276 358.641613 31
224.380617 357.771534 31
224.882958 356.901454 31
225.385298 356.031374 31
227.394662 352.551054 31
229.404025 349.070735 31
231.915730 344.720335 31
232.418070 343.850256 31
235.934456 337.759696 31
236.939138 336.019537 31
243.469569 324.708498 31
248.492977 316.007700 31
250.000000 313.397460 31
250.502341 314.267540 30
251.507023 316.007700 30
252.511704 317.747859 30
255.525749 322.968339 30
256.028090 323.838418 30
260.549158 331.669137 30
262.558521 335.149457 30
266.074907 341.240016 30
270.093634 348.200655 30
274.112361 355.161294 30
275.117042 356.901454 30
276.121724 358.641613 30
277.126406 360.381773 30
280.642792 366.472332 30
283.656837 371.692811 30
285.666200 375.173131 30
301.741107 403.015687 30
303.248130 405.625926 30
304.755152 408.236166 30
308.773879 415.196805 30
310.783243 418.677125 30
312.792606 422.157444 30
322.337082 438.688962 30
327.862831 448.259840 30
329.873822 450.000000 29
332.892749 450.000000 29
333.899058 450.000000 29
334.905366 450.000000 29
335.911675 450.000000 29
336.917984 450.000000 29
337.924293 450.000000 29
339.936911 450.000000 29
340.943220 450.000000 29
341.949529 450.000000 29
343.962147 450.000000 29
345.974764 450.000000 29
346.981073 450.000000 29
350.000000 450.000000 29
351.006309 450.000000 29
352.012618 450.000000 29
354.025236 450.000000 29
356.037853 450.000000 29
357.044162 450.000000 29
358.050471 450.000000 29
360.063089 450.000000 29
361.069398 450.000000 29
363.082016 450.000000 29
364.088325 450.000000 29
366.100942 450.000000 29
367.107251 450.000000 29
368.113560 450.000000 29
369.119869 450.000000 29
370.126178 450.000000 29
371.132487 450.000000 28
372.138796 448.257022 28
374.654568 443.899577 28
378.176649 437.799153 28
379.686112 435.184686 28
380.189267 434.313197 28
382.201884 430.827241 28
382.705039 429.955752 28
385.220811 425.598307 28
385.723965 424.726818 28
386.227120 423.855329 28
387.233429 422.112350 28
388.742892 419.497883 28
390.755510 416.011927 28
391.258664 415.140438 28
391.761819 414.268949 28
392.264973 413.397460 28
390.255610 409.917140 27
384.729860 400.346262 27
383.222838 397.736022 27
378.701770 389.905303 27
374.180703 382.074584 27
373.678362 381.204504 27
371.668998 377.724185 27
371.166657 376.854105 27
370.664317 375.984025 27
370.161976 375.113945 27
366.645590 369.023386 27
365.640908 367.283226 27
363.129204 362.932827 27
361.119840 359.452508 27
360.115159 357.712348 27
358.608136 355.102108 27
357.101114 352.491868 27
355.091750 349.011549 27
351.073024 342.050910 27
346.551956 334.220191 27
343.537911 328.999712 27
338.012162 319.428833 27
336.505139 316.818593 27
334.998116 314.208354 27
333.491094 311.598114 27
326.960663 300.287076 27
323.444277 294.196517 27
318.420868 285.495718 27
317.416187 283.755558 27
314.402142 278.535079 27
314.402142 276.794919 26
325.453640 276.794919 26
328.467686 276.794919 26
330.477049 276.794919 26
331.481731 276.794919 26
346.551956 276.794919 26
351.575365 276.794919 26
357.603455 276.794919 26
363.631545 276.794919 26
370.664317 276.794919 26
374.683044 276.794919 26
378.701771 276.794919 26
389.753269 276.794919 26
399.800086 276.794919 26
400.804768 276.794919 26
402.814131 276.794919 26
408.842222 276.794919 26
415.874993 276.794919 26
434.963946 276.794919 26
435.968627 276.794919 26
445.010763 276.794919 26
447.020126 276.794919 26
453.048216 276.794919 26
468.118442 276.794919 26
471.132487 276.794919 26
471.634828 275.924839 25
472.639510 274.184679 25
474.146532 271.574440 25
474.648873 270.704360 25
479.672281 262.003561 25
485.198031 252.432683 25
485.700372 251.562603 25
490.221439 243.731884 25
497.254211 231.550766 25
497.756552 230.680686 25
498.258893 229.810606 25
506.798687 215.019248 25
508.305710 212.409008 25
508.808051 211.538929 25
520.361890 191.527091 25
526.389980 181.086133 25
528.399344 177.605814 25
530.911048 173.255414 25
531.413389 172.385334 25
532.920411 169.775095 25
536.436797 163.684536 25
540.455524 156.723897 25
540.957865 155.853817 25
544.474251 149.763258 25
544.976592 148.893178 25
545.981273 147.153018 25
547.990637 143.672698 25
550.000000 140.192379 24
550.502341 141.062459 24
551.507023 142.802619 24
552.511704 144.542778 24
553.014045 145.412858 24
554.018727 147.153018 24
555.023408 148.893178 24
559.544476 156.723897 24
560.549158 158.464056 24
561.051499 159.334136 24
563.563203 163.684536 24
565.070225 166.294775 24
570.093634 174.995574 24
582.652155 196.747571 24
584.661518 200.227890 24
589.182586 208.058609 24
594.205995 216.759408 24
596.215358 220.239727 24
602.745789 231.550766 24
604.755152 235.031085 24
605.257493 235.901165 24
606.764516 238.511405 24
610.280902 244.601964 24
611.787924 247.212203 24
614.299628 251.562603 24
616.308992 255.042922 24
616.811333 255.913002 24
621.834741 264.613801 24
622.337082 265.483881 24
623.341764 267.224040 24
624.346445 268.964200 24
626.355809 272.444520 24
626.858150 273.314600 24
627.360490 274.184679 24
631.881558 276.794919 23
632.886240 276.794919 23
633.890922 276.794919 23
641.928375 276.794919 23
654.989237 276.794919 23
655.993919 276.794919 23
656.998601 276.794919 23
670.059463 276.794919 23
671.064144 276.794919 23
679.101598 276.794919 23
682.115643 276.794919 23
683.120325 276.794919 23
696.181187 276.794919 23
702.209277 276.794919 23
708.237367 276.794919 23
709.242049 276.794919 23
710.246731 276.794919 23
711.251412 276.794919 23
714.265458 276.794919 23
716.274821 276.794919 23
717.279503 276.794919 23
721.298229 276.794919 23
726.321638 276.794919 23
728.331001 276.794919 23
734.359092 276.794919 23
737.373137 276.794919 23
741.391863 276.794919 23
742.396545 276.794919 23
750.433999 276.794919 23
751.438680 276.794919 23
759.476134 276.794919 23
760.480816 276.794919 23
763.494861 276.794919 23
777.560405 276.794919 23
784.593177 276.794919 23
785.095517 279.405159 22
780.574450 287.235878 22
777.560405 292.456357 22
774.546360 297.676836 22
772.034655 302.027235 22
771.532315 302.897315 22
766.508906 311.598114 22
760.983157 321.168993 22
757.466771 327.259552 22
754.452726 332.480031 22
752.443362 335.960351 22
751.941022 336.830431 22
750.936340 338.570590 22
750.433999 339.440670 22
748.424636 342.920990 22
745.410591 348.141469 22
744.908250 349.011549 22
742.396545 353.361948 22
741.894205 354.232028 22
741.391864 355.102108 22
739.884841 357.712348 22
739.382500 358.582428 22
738.377819 360.322587 22
735.866114 364.672987 22
734.359092 367.283226 22
730.842706 373.373786 22
730.340365 374.243865 22
728.331002 377.724185 22
727.828661 378.594265 22
727.326320 379.464345 22
725.819297 382.074584 22
723.307593 386.424984 22
718.786526 394.255703 22
717.781844 395.995862 22
717.279503 396.865942 22
708.741336 415.140438 21
710.753954 418.626394 21
712.766571 422.112350 21
714.779189 425.598307 21
716.288652 428.212774 21
716.791807 429.084263 21
718.301270 431.698730 21
718.804424 432.570219 21
719.810733 434.313197 21
721.320197 436.927664 21
723.332814 440.413620 21
723.835969 441.285110 21
726.854895 446.514044 21
727.358050 447.385533 21
728.867513 450.000000 21
728.867513 450.000000 20
730.880131 450.000000 20
731.886440 450.000000 20
732.892749 450.000000 20
735.911675 450.000000 20
736.917984 450.000000 20
737.924293 450.000000 20
739.936911 450.000000 20
742.955838 450.000000 20
743.962147 450.000000 20
748.993691 450.000000 20
752.012618 450.000000 20
755.031545 450.000000 20
757.044162 450.000000 20
759.056780 450.000000 20
761.069398 450.000000 20
762.075707 450.000000 20
765.094634 450.000000 20
767.107251 450.000000 20
769.119869 450.000000 20
773.644191 445.649601 19
775.653555 442.169281 19
780.676963 433.468482 19
781.681645 431.728323 19
783.188667 429.118083 19
784.695690 426.507843 19
787.709735 421.287364 19
788.714417 419.547204 19
791.226121 415.196805 19
792.733143 412.586565 19
800.268256 399.535367 19
800.770597 398.665288 19
810.817414 381.263690 19
813.831459 376.043211 19
816.343163 371.692811 19
816.845504 370.822732 19
823.375935 359.511693 19
823.878276 358.641613 19
824.380617 357.771534 19
826.389980 354.291214 19
828.901684 349.940815 19
833.422752 342.110096 19
834.427434 340.369936 19
834.929775 339.499856 19
837.943820 334.279377 19
843.469569 324.708498 19
844.976592 322.098259 19
848.995318 315.137620 19
849.497659 314.267540 19
851.507023 316.007700 18
853.014045 318.617939 18
856.530431 324.708498 18
858.539794 328.188818 18
860.549158 331.669137 18
861.553839 333.409297 18
863.060862 336.019537 18
865.572566 340.369936 18
875.619383 357.771534 18
878.131087 362.121933 18
884.159178 372.562891 18
886.670882 376.913291 18
887.173223 377.783371 18
892.196631 386.484169 18
895.210676 391.704649 18
902.745789 404.755847 18
904.252811 407.366086 18
905.759834 409.976326 18
909.778561 416.936965 18
911.787924 420.417284 18
913.797288 423.897604 18
914.299628 424.767684 18
916.308992 428.248003 18
922.337082 438.688962 18
927.862831 448.259840 18
928.867513 450.000000 18
929.869379 450.000000 17
930.871245 450.000000 17
933.876843 450.000000 17
940.889905 450.000000 17
944.897369 450.000000 17
945.899235 450.000000 17
949.906699 450.000000 17
954.916029 450.000000 17
956.919761 450.000000 17
958.923493 450.000000 17
962.930957 450.000000 17
963.932823 450.000000 17
965.936556 450.000000 17
967.940288 450.000000 17
970.945886 450.000000 17
974.953350 450.000000 17
975.955216 450.000000 17
983.970144 450.000000 17
984.972010 450.000000 17
986.975742 450.000000 17
987.977608 450.000000 17
989.981340 450.000000 17
991.985072 450.000000 17
993.988804 450.000000 17
995.992536 450.000000 17
1000.000000 455.000000 16
1000.000000 457.000000 16
1000.000000 458.000000 16
1000.000000 461.000000 16
1000.000000 466.000000 16
1000.000000 467.000000 16
1000.000000 469.000000 16
1000.000000 471.000000 16
1000.000000 474.000000 16
1000.000000 475.000000 16
1000.000000 477.000000 16
1000.000000 484.000000 16
1000.000000 486.000000 16
1000.000000 494.000000 16
1000.000000 495.000000 16
1000.000000 499.000000 16
1000.000000 502.000000 16
1000.000000 516.000000 16
1000.000000 527.000000 16
1000.000000 529.000000 16
1000.000000 532.000000 16
1000.000000 536.000000 16
1000.000000 538.000000 16
1000.000000 541.000000 16
1000.000000 545.000000 16
1000.000000 550.000000 15
998.993223 550.000000 15
994.966113 550.000000 15
986.911893 550.000000 15
980.871229 550.000000 15
977.850896 550.000000 15
976.844119 550.000000 15
968.789899 550.000000 15
965.769567 550.000000 15
964.762789 550.000000 15
952.681460 550.000000 15
944.627241 550.000000 15
942.613686 550.000000 15
938.586576 550.000000 15
932.545911 550.000000 15
931.539134 550.000000 15
929.525579 550.000000 15
925.498469 550.000000 15
922.478137 550.000000 15
919.457804 550.000000 15
910.396807 550.000000 15
906.369698 550.000000 15
902.342588 550.000000 15
898.315478 550.000000 15
885.227371 550.000000 15
881.200261 550.000000 15
873.146042 550.000000 15
871.132487 550.000000 14
870.126178 548.257022 14
869.623024 547.385533 14
869.119869 546.514044 14
868.616715 545.642555 14
868.113560 544.771066 14
867.107251 543.028088 14
865.597788 540.413620 14
864.591479 538.670642 14
864.088325 537.799153 14
863.082016 536.056175 14
861.572552 533.441708 14
860.566243 531.698730 14
859.559935 529.955752 14
856.541008 524.726818 14
855.534699 522.983840 14
854.025236 520.369372 14
852.515772 517.754905 14
851.509463 516.011927 14
851.006309 515.140438 14
850.503154 514.268949 14
850.000000 513.397460 14
848.993691 515.140438 13
848.490537 516.011927 13
847.987382 516.883416 13
846.981073 518.626394 13
846.477919 519.497883 13
845.471610 521.240861 13
843.458992 524.726818 13
842.955838 525.598307 13
842.452683 526.469796 13
841.446374 528.212774 13
839.936911 530.827241 13
839.433757 531.698730 13
838.427448 533.441708 13
837.924293 534.313197 13
837.421139 535.184686 13
836.414830 536.927664 13
835.911675 537.799153 13
834.905366 539.542131 13
834.402212 540.413620 13
832.389594 543.899577 13
830.880131 546.514044 13
830.376976 547.385533 13
828.867513 550.000000 13
828.867513 550.000000 12
827.862831 550.000000 12
823.844105 550.000000 12
810.783243 550.000000 12
804.755152 550.000000 12
798.727062 550.000000 12
790.689609 550.000000 12
787.675564 550.000000 12
783.656837 550.000000 12
778.633428 550.000000 12
760.549158 550.000000 12
752.511704 550.000000 12
747.488296 550.000000 12
745.478932 550.000000 12
743.469569 550.000000 12
741.460206 550.000000 12
735.432115 550.000000 12
734.427434 550.000000 12
715.338482 550.000000 12
714.333800 550.000000 12
707.301028 550.000000 12
705.291665 550.000000 12
703.282301 550.000000 12
700.268256 550.000000 12
694.240166 550.000000 12
690.221439 550.000000 12
677.160577 550.000000 12
675.151214 550.000000 12
674.146532 550.000000 12
671.132487 550.000000 12
668.620783 545.649601 11
668.118442 544.779521 11
664.099715 537.818882 11
657.569284 526.507843 11
656.564602 524.767684 11
649.029489 511.716486 11
647.020126 508.236166 11
646.517785 507.366086 11
643.503740 502.145607 11
641.996717 499.535367 11
640.489695 496.925128 11
638.982672 494.314888 11
636.973309 490.834569 11
630.442878 479.523530 11
628.433514 476.043211 11
627.931174 475.173131 11
625.921810 471.692811 11
625.419469 470.822732 11
624.414788 469.082572 11
621.400743 463.862093 11
620.898402 462.992013 11
620.396061 462.121933 11
619.893720 461.251853 11
619.391379 460.381773 11
602.311790 430.799057 11
598.293063 423.838418 11
594.776677 417.747859 11
592.768127 412.525971 10
593.774436 410.782993 10
594.780745 409.040015 10
595.283900 408.168526 10
595.787054 407.297036 10
596.793363 405.554058 10
598.302826 402.939591 10
598.805981 402.068102 10
599.309135 401.196613 10
599.812290 400.325124 10
600.315444 399.453635 10
601.824908 396.839168 10
602.328062 395.967679 10
603.334371 394.224700 10
605.346989 390.738744 10
607.359607 387.252788 10
607.862761 386.381299 10
608.365915 385.509810 10
609.372224 383.766832 10
610.378533 382.023853 10
611.887997 379.409386 10
612.391151 378.537897 10
612.894306 377.666408 10
613.397460 376.794919 10
611.384842 376.794919 9
608.365916 376.794919 9
606.353298 376.794919 9
602.328062 376.794919 9
601.321753 376.794919 9
599.309136 376.794919 9
597.296518 376.794919 9
596.290209 376.794919 9
595.283900 376.794919 9
592.264973 376.794919 9
591.258665 376.794919 9
590.252356 376.794919 9
589.246047 376.794919 9
585.220811 376.794919 9
584.214502 376.794919 9
583.208194 376.794919 9
581.195576 376.794919 9
580.189267 376.794919 9
578.176649 376.794919 9
576.164031 376.794919 9
575.157723 376.794919 9
574.151414 376.794919 9
572.138796 376.794919 9
571.132487 376.794919 8
569.623024 374.180452 8
569.119869 373.308963 8
568.616715 372.437474 8
568.113560 371.565985 8
567.610406 370.694496 8
567.107251 369.823007 8
566.604097 368.951518 8
566.100942 368.080029 8
564.591479 365.465561 8
563.585170 363.722583 8
563.082016 362.851094 8
561.069398 359.365138 8
560.566243 358.493649 8
559.559935 356.750671 8
558.050471 354.136204 8
557.547317 353.264715 8
556.037853 350.650248 8
555.534699 349.778759 8
555.031545 348.907269 8
553.018927 345.421313 8
552.012618 343.678335 8
551.509463 342.806846 8
551.006309 341.935357 8
550.000000 340.192379 7
549.496846 341.063868 7
548.490537 342.806846 7
547.987382 343.678335 7
546.477919 346.292802 7
545.471610 348.035780 7
543.962147 350.650248 7
542.452683 353.264715 7
541.949529 354.136204 7
540.440065 356.750671 7
539.936911 357.622160 7
538.930602 359.365138 7
535.408521 365.465561 7
534.905366 366.337050 7
532.892749 369.823007 7
532.389594 370.694496 7
531.886440 371.565985 7
530.376976 374.180452 7
529.873822 375.051941 7
528.867513 376.794919 7
528.867513 376.794919 6
526.854895 376.794919 6
521.823351 376.794919 6
520.817042 376.794919 6
519.810733 376.794919 6
518.804424 376.794919 6
515.785498 376.794919 6
514.779189 376.794919 6
510.753953 376.794919 6
508.741335 376.794919 6
507.735027 376.794919 6
504.716100 376.794919 6
503.709791 376.794919 6
502.703482 376.794919 6
500.690864 376.794919 6
499.684555 376.794919 6
498.678247 376.794919 6
497.671938 376.794919 6
495.659320 376.794919 6
494.653011 376.794919 6
493.646702 376.794919 6
491.634084 376.794919 6
490.627776 376.794919 6
489.621467 376.794919 6
488.615158 376.794919 6
487.608849 376.794919 6
487.105694 377.666408 5
487.608849 378.537897 5
488.112003 379.409386 5
488.615158 380.280875 5
489.118312 381.152364 5
490.124621 382.895342 5
490.627776 383.766832 5
493.646702 388.995766 5
495.659320 392.481722 5
496.162475 393.353211 5
496.665629 394.224700 5
497.168784 395.096190 5
497.671938 395.967679 5
498.678247 397.710657 5
499.181401 398.582146 5
500.187710 400.325124 5
500.690865 401.196613 5
501.194019 402.068102 5
501.697174 402.939591 5
503.709791 406.425547 5
504.212946 407.297036 5
504.716100 408.168526 5
505.722409 409.911504 5
507.231873 412.525971 5
507.735027 413.397460 5
507.735027 413.397460 4
505.725664 416.877779 4
504.218641 419.488019 4
497.185869 431.669137 4
493.167142 438.629776 4
489.148415 445.590415 4
484.627348 453.421134 4
480.608621 460.381773 4
479.603939 462.121933 4
478.599257 463.862093 4
478.096917 464.732172 4
477.092235 466.472332 4
476.589894 467.342412 4
466.543077 484.744010 4
464.031373 489.094409 4
462.022009 492.574728 4
460.012646 496.055048 4
458.003283 499.535367 4
453.984556 506.496006 4
443.937739 523.897604 4
438.914330 532.598403 4
437.909648 534.338562 4
433.388581 542.169281 4
431.881558 544.779521 4
430.876876 546.519681 4
425.853468 550.000000 3
423.844105 550.000000 3
409.778561 550.000000 3
408.773879 550.000000 3
400.736426 550.000000 3
398.727062 550.000000 3
395.713017 550.000000 3
393.703654 550.000000 3
375.619383 550.000000 3
372.605338 550.000000 3
371.600656 550.000000 3
366.577248 550.000000 3
364.567885 550.000000 3
355.525749 550.000000 3
353.516386 550.000000 3
352.511704 550.000000 3
332.418070 550.000000 3
320.361890 550.000000 3
319.357208 550.000000 3
314.333800 550.000000 3
310.315073 550.000000 3
308.305710 550.000000 3
301.272938 550.000000 3
287.207394 550.000000 3
280.174622 550.000000 3
270.126178 548.257022 2
269.623024 547.385533 2
269.119869 546.514044 2
268.616715 545.642555 2
268.113560 544.771066 2
267.107251 543.028088 2
266.100942 541.285110 2
265.094634 539.542131 2
264.591479 538.670642 2
263.082016 536.056175 2
262.578861 535.184686 2
262.075707 534.313197 2
261.069398 532.570219 2
260.566244 531.698730 2
259.559935 529.955752 2
257.547317 526.469796 2
257.044162 525.598307 2
256.037853 523.855329 2
255.534699 522.983840 2
255.031545 522.112350 2
254.528390 521.240861 2
253.522081 519.497883 2
251.509463 516.011927 2
251.006309 515.140438 2
250.503154 514.268949 2
250.000000 513.397460 1
249.496846 514.268949 1
248.490537 516.011927 1
247.484228 517.754905 1
246.981073 518.626394 1
244.968455 522.112350 1
243.962147 523.855329 1
242.452683 526.469796 1
240.943220 529.084263 1
239.936911 530.827241 1
239.433757 531.698730 1
237.924293 534.313197 1
237.421139 535.184686 1
236.917984 536.056175 1
234.905366 539.542131 1
234.402212 540.413620 1
233.899058 541.285110 1
232.892749 543.028088 1
231.886440 544.771066 1
231.383285 545.642555 1
230.880131 546.514044 1
230.376976 547.385533 1
229.873822 548.257022 1
229.370667 549.128511 1
228.867513 550.000000 1
225.847181 550.000000 0
223.833626 550.000000 0
213.765851 550.000000 0
211.752296 550.000000 0
201.684522 550.000000 0
185.576083 550.000000 0
179.535418 550.000000 0
175.508308 550.000000 0
174.501531 550.000000 0
172.487976 550.000000 0
160.406647 550.000000 0
152.352427 550.000000 0
149.332095 550.000000 0
147.318540 550.000000 0
143.291430 550.000000 0
141.277875 550.000000 0
140.271098 550.000000 0
138.257543 550.000000 0
135.237211 550.000000 0
133.223656 550.000000 0
130.203323 550.000000 0
117.115217 550.000000 0
113.088107 550.000000 0
106.040665 550.000000 0
103.020332 550.000000 0
