1850
100.000000 450.000000 32
101.001866 450.000000 32
103.005598 450.000000 32
105.009330 450.000000 32
107.013062 450.000000 32
109.016794 450.000000 32
110.018660 450.000000 32
111.020526 450.000000 32
112.022392 450.000000 32
113.024258 450.000000 32
114.026124 450.000000 32
115.027990 450.000000 32
116.029856 450.000000 32
119.035454 450.000000 32
120.037320 450.000000 32
121.039186 450.000000 32
122.041052 450.000000 32
123.042918 450.000000 32
124.044784 450.000000 32
125.046650 450.000000 32
127.050382 450.000000 32
128.052248 450.000000 32
129.054114 450.000000 32
130.055980 450.000000 32
131.057846 450.000000 32
132.059712 450.000000 32
133.061578 450.000000 32
134.063444 450.000000 32
135.065310 450.000000 32
137.069043 450.000000 32
138.070909 450.000000 32
139.072775 450.000000 32
140.074641 450.000000 32
141.076507 450.000000 32
143.080239 450.000000 32
144.082105 450.000000 32
145.083971 450.000000 32
147.087703 450.000000 32
148.089569 450.000000 32
152.097033 450.000000 32
153.098899 450.000000 32
154.100765 450.000000 32
155.102631 450.000000 32
156.104497 450.000000 32
157.106363 450.000000 32
158.108229 450.000000 32
160.111961 450.000000 32
161.113827 450.000000 32
162.115693 450.000000 32
163.117559 450.000000 32
164.119425 450.000000 32
167.125023 450.000000 32
168.126889 450.000000 32
169.128755 450.000000 32
170.130621 450.000000 32
171.132487 450.000000 31
171.634828 449.129920 31
173.141850 446.519681 31
174.146532 444.779521 31
175.653555 442.169281 31
176.155895 441.299201 31
178.667600 436.948802 31
179.169941 436.078722 31
179.672281 435.208642 31
180.174622 434.338562 31
181.681645 431.728323 31
182.686326 429.988163 31
183.188667 429.118083 31
183.691008 428.248003 31
184.695690 426.507843 31
185.198031 425.637764 31
185.700372 424.767684 31
187.207394 422.157444 31
189.719098 417.807045 31
190.723780 416.066885 31
192.733143 412.586565 31
194.742507 409.106246 31
198.258893 403.015687 31
201.272938 397.795208 31
201.775279 396.925128 31
203.282301 394.314888 31
203.784642 393.444808 31
205.291665 390.834569 31
206.798687 388.224329 31
207.301028 387.354249 31
207.803369 386.484169 31
209.310391 383.873930 31
209.812732 383.003850 31
212.826777 377.783371 31
213.329118 376.913291 31
213.831459 376.043211 31
214.836141 374.303051 31
215.338482 373.432971 31
216.845504 370.822732 31
219.357208 366.472332 31
220.361890 364.732172 31
223.375935 359.511693 31
224.882958 356.901454 31
225.887639 355.161294 31
228.399344 350.810895 31
228.901684 349.940815 31
229.906366 348.200655 31
231.413389 345.590415 31
231.915730 344.720335 31
233.422752 342.110096 31
233.925093 341.240016 31
235.432115 338.629776 31
236.436797 336.889617 31
237.441479 335.149457 31
238.948501 332.539217 31
240.455524 329.928978 31
241.460206 328.188818 31
242.967228 325.578578 31
243.469569 324.708498 31
243.971910 323.838418 31
245.478932 321.228179 31
247.488296 317.747859 31
248.492977 316.007700 31
248.995318 315.137620 31
251.004682 315.137620 30
252.009363 316.877779 30
253.014045 318.617939 30
254.018727 320.358099 30
255.525749 322.968339 30
257.032772 325.578578 30
257.535113 326.448658 30
259.042135 329.058898 30
260.549158 331.669137 30
261.051499 332.539217 30
262.558521 335.149457 30
263.563203 336.889617 30
264.567885 338.629776 30
265.070225 339.499856 30
265.572566 340.369936 30
266.074907 341.240016 30
267.079589 342.980176 30
268.084270 344.720335 30
270.093634 348.200655 30
270.595975 349.070735 30
272.605338 352.551054 30
274.112361 355.161294 30
275.117042 356.901454 30
276.121724 358.641613 30
276.624065 359.511693 30
277.126406 360.381773 30
278.633428 362.992013 30
279.135769 363.862093 30
280.140451 365.602252 30
281.145133 367.342412 30
282.149814 369.082572 30
283.656837 371.692811 30
284.159178 372.562891 30
284.661518 373.432971 30
285.666200 375.173131 30
286.168541 376.043211 30
287.675564 378.653450 30
289.182586 381.263690 30
289.684927 382.133770 30
292.698972 387.354249 30
293.201313 388.224329 30
295.713017 392.574728 30
296.215358 393.444808 30
298.727062 397.795208 30
299.731744 399.535367 30
300.234085 400.405447 30
301.238766 402.145607 30
301.741107 403.015687 30
305.759834 409.976326 30
306.262175 410.846406 30
307.769197 413.456645 30
308.773879 415.196805 30
309.276220 416.066885 30
310.783243 418.677125 30
311.285583 419.547204 30
312.290265 421.287364 30
313.294947 423.027524 30
314.801969 425.637764 30
315.304310 426.507843 30
316.308992 428.248003 30
318.318355 431.728323 30
318.820696 432.598403 30
319.323037 433.468482 30
319.825378 434.338562 30
322.839423 439.559042 30
323.844105 441.299201 30
324.346445 442.169281 30
325.351127 443.909441 30
327.862831 448.259840 30
328.867513 450.000000 29
329.873822 450.000000 29
330.880131 450.000000 29
332.892749 450.000000 29
333.899058 450.000000 29
334.905366 450.000000 29
335.911675 450.000000 29
336.917984 450.000000 29
337.924293 450.000000 29
338.930602 450.000000 29
339.936911 450.000000 29
340.943220 450.000000 29
341.949529 450.000000 29
342.955838 450.000000 29
343.962147 450.000000 29
344.968455 450.000000 29
345.974764 450.000000 29
346.981073 450.000000 29
348.993691 450.000000 29
350.000000 450.000000 29
351.006309 450.000000 29
352.012618 450.000000 29
353.018927 450.000000 29
355.031545 450.000000 29
356.037853 450.000000 29
357.044162 450.000000 29
358.050471 450.000000 29
359.056780 450.000000 29
360.063089 450.000000 29
361.069398 450.000000 29
362.075707 450.000000 29
363.082016 450.000000 29
364.088325 450.000000 29
365.094634 450.000000 29
366.100942 450.000000 29
368.113560 450.000000 29
369.119869 450.000000 29
370.126178 450.000000 29
371.132487 450.000000 29
371.132487 450.000000 28
371.635641 449.128511 28
372.138796 448.257022 28
372.641950 447.385533 28
373.145105 446.514044 28
373.648259 445.642555 28
374.151414 444.771066 28
375.157722 443.028088 28
375.660877 442.156599 28
376.667186 440.413620 28
377.170340 439.542131 28
377.673495 438.670642 28
378.176649 437.799153 28
378.679803 436.927664 28
379.182958 436.056175 28
379.686112 435.184686 28
380.189267 434.313197 28
380.692421 433.441708 28
381.195576 432.570219 28
381.698730 431.698730 28
382.201884 430.827241 28
382.705039 429.955752 28
383.208193 429.084263 28
383.711348 428.212774 28
384.214502 427.341285 28
384.717657 426.469796 28
385.220811 425.598307 28
385.723965 424.726818 28
386.227120 423.855329 28
386.730274 422.983840 28
387.233429 422.112350 28
387.736583 421.240861 28
388.239738 420.369372 28
388.742892 419.497883 28
389.749201 417.754905 28
390.252355 416.883416 28
390.755510 416.011927 28
391.258664 415.140438 28
391.761819 414.268949 28
392.264973 413.397460 28
392.264973 413.397460 27
391.762632 412.527380 27
386.236883 402.956501 27
385.232201 401.216342 27
384.227519 399.476182 27
383.725179 398.606102 27
381.715815 395.125783 27
381.213474 394.255703 27
380.711134 393.385623 27
380.208793 392.515543 27
379.204111 390.775383 27
376.692407 386.424984 27
374.180703 382.074584 27
372.673680 379.464345 27
372.171339 378.594265 27
371.668998 377.724185 27
370.664317 375.984025 27
369.659635 374.243865 27
368.654953 372.503706 27
367.147931 369.893466 27
366.645590 369.023386 27
366.143249 368.153306 27
365.138567 366.413147 27
363.129204 362.932827 27
359.612818 356.842268 27
359.110477 355.972188 27
358.608136 355.102108 27
357.603455 353.361948 27
356.598773 351.621789 27
356.096432 350.751709 27
355.091750 349.011549 27
354.087069 347.271389 27
353.082387 345.531229 27
350.570683 341.180830 27
349.566001 339.440670 27
348.058978 336.830431 27
347.556638 335.960351 27
347.054297 335.090271 27
345.547274 332.480031 27
344.542593 330.739871 27
344.040252 329.869792 27
343.035570 328.129632 27
342.533229 327.259552 27
341.528547 325.519392 27
340.523866 323.779232 27
339.016843 321.168993 27
338.514502 320.298913 27
337.007480 317.688673 27
336.002798 315.948514 27
335.500457 315.078434 27
334.998116 314.208354 27
333.993435 312.468194 27
333.491094 311.598114 27
332.988753 310.728034 27
331.984071 308.987875 27
330.979390 307.247715 27
329.974708 305.507555 27
327.965345 302.027235 27
327.463004 301.157156 27
325.955981 298.546916 27
325.453640 297.676836 27
324.951299 296.806756 27
322.439595 292.456357 27
321.937254 291.586277 27
319.927891 288.105957 27
319.425550 287.235878 27
318.923209 286.365798 27
317.918528 284.625638 27
317.416187 283.755558 27
314.904483 279.405159 27
314.402142 278.535079 27
313.899801 277.664999 27
313.397460 276.794919 27
315.406823 276.794919 26
317.416187 276.794919 26
318.420869 276.794919 26
320.430232 276.794919 26
321.434914 276.794919 26
325.453640 276.794919 26
326.458322 276.794919 26
328.467686 276.794919 26
329.472367 276.794919 26
330.477049 276.794919 26
334.495776 276.794919 26
335.500457 276.794919 26
339.519184 276.794919 26
340.523866 276.794919 26
341.528548 276.794919 26
342.533229 276.794919 26
351.575365 276.794919 26
352.580046 276.794919 26
353.584728 276.794919 26
360.617500 276.794919 26
361.622182 276.794919 26
362.626863 276.794919 26
363.631545 276.794919 26
365.640908 276.794919 26
367.650272 276.794919 26
368.654954 276.794919 26
371.668999 276.794919 26
373.678362 276.794919 26
374.683044 276.794919 26
376.692407 276.794919 26
377.697089 276.794919 26
379.706452 276.794919 26
381.715816 276.794919 26
382.720497 276.794919 26
383.725179 276.794919 26
385.734542 276.794919 26
386.739224 276.794919 26
389.753269 276.794919 26
391.762633 276.794919 26
392.767314 276.794919 26
393.771996 276.794919 26
394.776678 276.794919 26
397.790723 276.794919 26
398.795405 276.794919 26
399.800086 276.794919 26
401.809450 276.794919 26
404.823495 276.794919 26
405.828176 276.794919 26
407.837540 276.794919 26
417.884357 276.794919 26
418.889039 276.794919 26
423.912447 276.794919 26
425.921810 276.794919 26
426.926492 276.794919 26
430.945219 276.794919 26
435.968627 276.794919 26
437.977991 276.794919 26
439.987354 276.794919 26
441.996718 276.794919 26
443.001399 276.794919 26
445.010763 276.794919 26
446.015444 276.794919 26
450.034171 276.794919 26
452.043535 276.794919 26
455.057580 276.794919 26
457.066943 276.794919 26
461.085670 276.794919 26
464.099715 276.794919 26
469.123124 276.794919 26
472.137169 275.054759 25
473.141850 273.314600 25
473.644191 272.444520 25
474.146532 271.574440 25
475.151214 269.834280 25
476.658236 267.224040 25
477.662918 265.483881 25
478.165259 264.613801 25
478.667600 263.743721 25
479.672281 262.003561 25
480.174622 261.133481 25
480.676963 260.263401 25
481.179304 259.393322 25
481.681645 258.523242 25
482.183986 257.653162 25
483.188667 255.913002 25
486.202712 250.692523 25
486.705053 249.822443 25
487.207394 248.952363 25
490.221439 243.731884 25
491.728462 241.121644 25
493.235484 238.511405 25
493.737825 237.641325 25
494.240166 236.771245 25
496.249529 233.290925 25
497.756552 230.680686 25
499.263574 228.070446 25
500.268256 226.330286 25
501.272938 224.590127 25
501.775279 223.720047 25
503.784642 220.239727 25
506.798687 215.019248 25
507.803369 213.279088 25
508.305710 212.409008 25
508.808051 211.538929 25
509.310391 210.668849 25
509.812732 209.798769 25
510.817414 208.058609 25
511.319755 207.188529 25
511.822096 206.318449 25
517.347845 196.747571 25
517.850186 195.877491 25
518.352527 195.007411 25
518.854867 194.137331 25
521.868913 188.916852 25
522.371253 188.046772 25
523.375935 186.306612 25
524.380617 184.566453 25
526.389980 181.086133 25
526.892321 180.216053 25
528.399344 177.605814 25
529.404025 175.865654 25
529.906366 174.995574 25
530.408707 174.125494 25
531.413389 172.385334 25
533.925093 168.034935 25
534.929775 166.294775 25
535.934456 164.554615 25
537.943820 161.074296 25
538.948501 159.334136 25
539.450842 158.464056 25
540.957865 155.853817 25
541.460206 154.983737 25
543.469569 151.503417 25
544.976592 148.893178 25
545.478932 148.023098 25
545.981273 147.153018 25
546.483614 146.282938 25
546.985955 145.412858 25
547.488296 144.542778 25
549.497659 141.062459 25
550.000000 140.192379 25
550.000000 140.192379 24
551.004682 141.932539 24
552.009363 143.672698 24
553.014045 145.412858 24
555.023408 148.893178 24
555.525749 149.763258 24
556.028090 150.633337 24
556.530431 151.503417 24
557.535113 153.243577 24
558.539794 154.983737 24
559.042135 155.853817 24
560.046817 157.593976 24
560.549158 158.464056 24
561.553839 160.204216 24
562.056180 161.074296 24
562.558521 161.944376 24
563.060862 162.814456 24
563.563203 163.684536 24
567.079589 169.775095 24
568.084270 171.515254 24
569.591293 174.125494 24
570.595975 175.865654 24
573.107679 180.216053 24
573.610020 181.086133 24
574.614702 182.826293 24
575.117042 183.696373 24
575.619383 184.566453 24
579.638110 191.527091 24
580.642792 193.267251 24
581.145133 194.137331 24
583.154496 197.617651 24
583.656837 198.487730 24
584.159178 199.357810 24
585.163859 201.097970 24
586.168541 202.838130 24
588.177904 206.318449 24
591.694290 212.409008 24
594.205995 216.759408 24
594.708335 217.629488 24
595.210676 218.499568 24
596.215358 220.239727 24
596.717699 221.109807 24
597.220040 221.979887 24
598.224721 223.720047 24
599.229403 225.460207 24
599.731744 226.330286 24
601.238766 228.940526 24
601.741107 229.810606 24
602.745789 231.550766 24
604.252811 234.161005 24
605.759834 236.771245 24
607.769197 240.251564 24
609.778561 243.731884 24
610.783243 245.472044 24
611.285583 246.342123 24
612.792606 248.952363 24
613.294947 249.822443 24
616.308992 255.042922 24
617.816014 257.653162 24
618.820696 259.393322 24
619.323037 260.263401 24
620.830059 262.873641 24
622.337082 265.483881 24
622.839423 266.353961 24
623.341764 267.224040 24
623.844105 268.094120 24
624.346445 268.964200 24
625.351127 270.704360 24
625.853468 271.574440 24
626.858150 273.314600 24
627.360490 274.184679 24
628.867513 276.794919 23
629.872195 276.794919 23
633.890922 276.794919 23
635.900285 276.794919 23
637.909648 276.794919 23
639.919012 276.794919 23
641.928375 276.794919 23
643.937739 276.794919 23
644.942420 276.794919 23
648.961147 276.794919 23
658.003282 276.794919 23
661.017327 276.794919 23
663.026691 276.794919 23
665.036054 276.794919 23
669.054781 276.794919 23
670.059463 276.794919 23
671.064144 276.794919 23
672.068826 276.794919 23
674.078190 276.794919 23
675.082871 276.794919 23
678.096916 276.794919 23
680.106280 276.794919 23
683.120325 276.794919 23
684.125007 276.794919 23
686.134370 276.794919 23
687.139052 276.794919 23
688.143733 276.794919 23
690.153097 276.794919 23
692.162460 276.794919 23
696.181187 276.794919 23
697.185869 276.794919 23
698.190550 276.794919 23
703.213959 276.794919 23
704.218641 276.794919 23
708.237367 276.794919 23
712.256094 276.794919 23
714.265458 276.794919 23
717.279503 276.794919 23
720.293548 276.794919 23
721.298229 276.794919 23
723.307593 276.794919 23
724.312275 276.794919 23
725.316956 276.794919 23
728.331001 276.794919 23
731.345046 276.794919 23
735.363773 276.794919 23
739.382500 276.794919 23
741.391863 276.794919 23
744.405909 276.794919 23
745.410590 276.794919 23
750.433999 276.794919 23
751.438680 276.794919 23
752.443362 276.794919 23
753.448044 276.794919 23
756.462089 276.794919 23
759.476134 276.794919 23
760.480816 276.794919 23
762.490179 276.794919 23
764.499543 276.794919 23
767.513588 276.794919 23
770.527633 276.794919 23
771.532314 276.794919 23
772.536996 276.794919 23
775.551041 276.794919 23
776.555723 276.794919 23
780.574450 276.794919 23
783.588495 276.794919 23
784.593177 276.794919 23
785.597858 276.794919 23
786.100199 277.664999 22
785.597858 278.535079 22
784.593177 280.275239 22
784.090836 281.145318 22
782.081472 284.625638 22
780.072109 288.105957 22
779.067427 289.846117 22
776.555723 294.196517 22
775.048701 296.806756 22
774.546360 297.676836 22
774.044019 298.546916 22
772.536996 301.157156 22
769.522951 306.377635 22
767.513588 309.857954 22
767.011247 310.728034 22
764.499543 315.078434 22
763.997202 315.948514 22
763.494861 316.818593 22
762.490179 318.558753 22
761.987838 319.428833 22
758.471453 325.519392 22
757.969112 326.389472 22
756.964430 328.129632 22
755.959748 329.869792 22
755.457407 330.739871 22
754.955067 331.609951 22
754.452726 332.480031 22
752.945703 335.090271 22
751.941022 336.830431 22
751.438681 337.700511 22
750.433999 339.440670 22
749.931658 340.310750 22
748.926976 342.050910 22
748.424636 342.920990 22
747.922295 343.791070 22
747.419954 344.661150 22
745.912931 347.271389 22
745.410591 348.141469 22
744.908250 349.011549 22
744.405909 349.881629 22
743.401227 351.621789 22
741.894205 354.232028 22
740.387182 356.842268 22
739.884841 357.712348 22
739.382500 358.582428 22
738.377819 360.322587 22
737.373137 362.062747 22
736.368455 363.802907 22
730.842706 373.373786 22
729.335683 375.984025 22
728.833343 376.854105 22
728.331002 377.724185 22
726.823979 380.334425 22
726.321638 381.204504 22
724.814616 383.814744 22
723.809934 385.554904 22
722.805252 387.295064 22
722.302912 388.165144 22
721.800571 389.035223 22
721.298230 389.905303 22
720.795889 390.775383 22
719.288866 393.385623 22
718.786526 394.255703 22
717.781844 395.995862 22
717.279503 396.865942 22
716.274821 398.606102 22
715.772481 399.476182 22
714.265458 402.086422 22
713.260776 403.826581 22
711.753754 406.436821 22
710.246731 409.047061 22
708.739709 411.657300 22
707.735027 413.397460 21
708.238181 414.268949 21
708.741336 415.140438 21
709.244490 416.011927 21
709.747645 416.883416 21
710.250799 417.754905 21
710.753954 418.626394 21
711.257108 419.497883 21
711.760262 420.369372 21
712.263417 421.240861 21
712.766571 422.112350 21
713.269726 422.983840 21
713.772880 423.855329 21
715.282343 426.469796 21
715.785498 427.341285 21
716.288652 428.212774 21
716.791807 429.084263 21
717.294961 429.955752 21
717.798116 430.827241 21
718.804424 432.570219 21
719.307579 433.441708 21
719.810733 434.313197 21
720.313888 435.184686 21
720.817042 436.056175 21
721.320197 436.927664 21
721.823351 437.799153 21
722.829660 439.542131 21
723.332814 440.413620 21
723.835969 441.285110 21
724.339123 442.156599 21
724.842278 443.028088 21
726.351741 445.642555 21
726.854895 446.514044 21
727.358050 447.385533 21
727.861204 448.257022 21
728.364359 449.128511 21
728.867513 450.000000 21
728.867513 450.000000 20
729.873822 450.000000 20
730.880131 450.000000 20
731.886440 450.000000 20
732.892749 450.000000 20
733.899058 450.000000 20
734.905366 450.000000 20
736.917984 450.000000 20
737.924293 450.000000 20
738.930602 450.000000 20
739.936911 450.000000 20
740.943220 450.000000 20
741.949529 450.000000 20
742.955838 450.000000 20
743.962147 450.000000 20
745.974764 450.000000 20
746.981073 450.000000 20
747.987382 450.000000 20
748.993691 450.000000 20
751.006309 450.000000 20
752.012618 450.000000 20
753.018927 450.000000 20
754.025236 450.000000 20
755.031545 450.000000 20
756.037853 450.000000 20
757.044162 450.000000 20
759.056780 450.000000 20
760.063089 450.000000 20
761.069398 450.000000 20
762.075707 450.000000 20
763.082016 450.000000 20
764.088325 450.000000 20
765.094634 450.000000 20
767.107251 450.000000 20
769.119869 450.000000 20
770.126178 450.000000 20
771.132487 450.000000 20
771.634828 449.129920 19
773.141850 446.519681 19
774.146532 444.779521 19
775.151214 443.039361 19
775.653555 442.169281 19
776.155895 441.299201 19
776.658236 440.429121 19
779.672281 435.208642 19
780.174622 434.338562 19
781.681645 431.728323 19
782.183986 430.858243 19
783.691008 428.248003 19
784.695690 426.507843 19
786.705053 423.027524 19
787.709735 421.287364 19
788.212076 420.417284 19
788.714417 419.547204 19
789.216757 418.677125 19
789.719098 417.807045 19
790.221439 416.936965 19
790.723780 416.066885 19
794.240166 409.976326 19
794.742507 409.106246 19
795.244848 408.236166 19
796.751870 405.625926 19
797.254211 404.755847 19
799.263574 401.275527 19
800.770597 398.665288 19
801.272938 397.795208 19
801.775279 396.925128 19
805.794005 389.964489 19
806.296346 389.094409 19
807.301028 387.354249 19
807.803369 386.484169 19
809.812732 383.003850 19
811.319755 380.393610 19
812.826777 377.783371 19
814.836141 374.303051 19
816.343163 371.692811 19
817.850186 369.082572 19
822.371253 361.251853 19
824.380617 357.771534 19
825.385298 356.031374 19
825.887639 355.161294 19
826.892321 353.421134 19
827.897003 351.680974 19
828.901684 349.940815 19
830.408707 347.330575 19
830.911048 346.460495 19
831.915730 344.720335 19
832.418070 343.850256 19
834.929775 339.499856 19
839.450842 331.669137 19
839.953183 330.799057 19
840.455524 329.928978 19
842.464887 326.448658 19
842.967228 325.578578 19
843.469569 324.708498 19
844.976592 322.098259 19
845.478932 321.228179 19
846.985955 318.617939 19
848.492977 316.007700 19
850.000000 313.397460 19
850.000000 313.397460 18
851.004682 315.137620 18
851.507023 316.007700 18
852.511704 317.747859 18
853.014045 318.617939 18
853.516386 319.488019 18
854.018727 320.358099 18
855.023408 322.098259 18
857.032772 325.578578 18
857.535113 326.448658 18
861.553839 333.409297 18
862.558521 335.149457 18
863.060862 336.019537 18
868.586611 345.590415 18
870.093634 348.200655 18
870.595975 349.070735 18
872.102997 351.680974 18
873.610020 354.291214 18
874.112361 355.161294 18
875.117042 356.901454 18
875.619383 357.771534 18
876.121724 358.641613 18
877.126406 360.381773 18
878.131087 362.121933 18
878.633428 362.992013 18
879.135769 363.862093 18
880.642792 366.472332 18
884.159178 372.562891 18
885.163859 374.303051 18
887.675564 378.653450 18
889.684927 382.133770 18
890.689609 383.873930 18
891.191949 384.744010 18
891.694290 385.614089 18
892.698972 387.354249 18
893.201313 388.224329 18
894.205995 389.964489 18
896.215358 393.444808 18
897.722380 396.055048 18
898.224721 396.925128 18
899.229403 398.665288 18
899.731744 399.535367 18
900.736426 401.275527 18
903.248130 405.625926 18
904.755152 408.236166 18
905.759834 409.976326 18
906.262175 410.846406 18
907.266857 412.586565 18
907.769197 413.456645 18
908.271538 414.326725 18
909.778561 416.936965 18
910.280902 417.807045 18
911.285583 419.547204 18
912.792606 422.157444 18
913.294947 423.027524 18
914.299628 424.767684 18
914.801969 425.637764 18
915.806651 427.377923 18
916.811333 429.118083 18
918.820696 432.598403 18
919.323037 433.468482 18
919.825378 434.338562 18
920.327719 435.208642 18
921.332400 436.948802 18
924.848786 443.039361 18
926.355809 445.649601 18
926.858150 446.519681 18
928.867513 450.000000 17
930.871245 450.000000 17
931.873111 450.000000 17
932.874977 450.000000 17
933.876843 450.000000 17
934.878709 450.000000 17
935.880575 450.000000 17
936.882441 450.000000 17
938.886173 450.000000 17
939.888039 450.000000 17
940.889905 450.000000 17
942.893637 450.000000 17
944.897369 450.000000 17
945.899235 450.000000 17
946.901101 450.000000 17
947.902967 450.000000 17
948.904833 450.000000 17
949.906699 450.000000 17
951.910431 450.000000 17
952.912297 450.000000 17
953.914163 450.000000 17
954.916029 450.000000 17
955.917895 450.000000 17
956.919761 450.000000 17
958.923493 450.000000 17
959.925359 450.000000 17
960.927225 450.000000 17
961.929091 450.000000 17
962.930957 450.000000 17
963.932823 450.000000 17
965.936556 450.000000 17
966.938422 450.000000 17
967.940288 450.000000 17
968.942154 450.000000 17
970.945886 450.000000 17
971.947752 450.000000 17
972.949618 450.000000 17
973.951484 450.000000 17
974.953350 450.000000 17
975.955216 450.000000 17
976.957082 450.000000 17
977.958948 450.000000 17
978.960814 450.000000 17
982.968278 450.000000 17
985.973876 450.000000 17
987.977608 450.000000 17
989.981340 450.000000 17
990.983206 450.000000 17
992.986938 450.000000 17
993.988804 450.000000 17
994.990670 450.000000 17
995.992536 450.000000 17
996.994402 450.000000 17
997.996268 450.000000 17
1000.000000 450.000000 17
1000.000000 450.000000 16
1000.000000 452.000000 16
1000.000000 456.000000 16
1000.000000 457.000000 16
1000.000000 458.000000 16
1000.000000 459.000000 16
1000.000000 460.000000 16
1000.000000 461.000000 16
1000.000000 463.000000 16
1000.000000 465.000000 16
1000.000000 467.000000 16
1000.000000 469.000000 16
1000.000000 470.000000 16
1000.000000 471.000000 16
1000.000000 472.000000 16
1000.000000 474.000000 16
1000.000000 476.000000 16
1000.000000 478.000000 16
1000.000000 479.000000 16
1000.000000 480.000000 16
1000.000000 481.000000 16
1000.000000 483.000000 16
1000.000000 487.000000 16
1000.000000 488.000000 16
1000.000000 490.000000 16
1000.000000 491.000000 16
1000.000000 493.000000 16
1000.000000 494.000000 16
1000.000000 496.000000 16
1000.000000 497.000000 16
1000.000000 498.000000 16
1000.000000 499.000000 16
1000.000000 500.000000 16
1000.000000 501.000000 16
1000.000000 502.000000 16
1000.000000 505.000000 16
1000.000000 506.000000 16
1000.000000 507.000000 16
1000.000000 508.000000 16
1000.000000 513.000000 16
1000.000000 516.000000 16
1000.000000 517.000000 16
1000.000000 518.000000 16
1000.000000 519.000000 16
1000.000000 520.000000 16
1000.000000 522.000000 16
1000.000000 523.000000 16
1000.000000 524.000000 16
1000.000000 525.000000 16
1000.000000 526.000000 16
1000.000000 527.000000 16
1000.000000 528.000000 16
1000.000000 529.000000 16
1000.000000 530.000000 16
1000.000000 532.000000 16
1000.000000 534.000000 16
1000.000000 537.000000 16
1000.000000 538.000000 16
1000.000000 539.000000 16
1000.000000 545.000000 16
1000.000000 546.000000 16
1000.000000 547.000000 16
1000.000000 548.000000 16
1000.000000 550.000000 16
1000.000000 550.000000 15
997.986445 550.000000 15
996.979668 550.000000 15
992.952558 550.000000 15
991.945780 550.000000 15
989.932226 550.000000 15
988.925448 550.000000 15
987.918671 550.000000 15
986.911893 550.000000 15
984.898338 550.000000 15
981.878006 550.000000 15
980.871229 550.000000 15
978.857674 550.000000 15
972.817009 550.000000 15
966.776344 550.000000 15
965.769567 550.000000 15
964.762789 550.000000 15
962.749235 550.000000 15
960.735680 550.000000 15
959.728902 550.000000 15
958.722125 550.000000 15
951.674683 550.000000 15
949.661128 550.000000 15
948.654350 550.000000 15
947.647573 550.000000 15
946.640795 550.000000 15
945.634018 550.000000 15
944.627241 550.000000 15
939.593353 550.000000 15
938.586576 550.000000 15
937.579798 550.000000 15
936.573021 550.000000 15
935.566243 550.000000 15
934.559466 550.000000 15
931.539134 550.000000 15
930.532356 550.000000 15
928.518801 550.000000 15
926.505246 550.000000 15
925.498469 550.000000 15
924.491692 550.000000 15
923.484914 550.000000 15
922.478137 550.000000 15
921.471359 550.000000 15
920.464582 550.000000 15
919.457804 550.000000 15
918.451027 550.000000 15
917.444249 550.000000 15
912.410362 550.000000 15
911.403585 550.000000 15
909.390030 550.000000 15
907.376475 550.000000 15
904.356143 550.000000 15
903.349365 550.000000 15
899.322255 550.000000 15
897.308701 550.000000 15
896.301923 550.000000 15
895.295146 550.000000 15
894.288368 550.000000 15
891.268036 550.000000 15
886.234149 550.000000 15
885.227371 550.000000 15
884.220594 550.000000 15
883.213816 550.000000 15
882.207039 550.000000 15
881.200261 550.000000 15
880.193484 550.000000 15
879.186707 550.000000 15
878.179929 550.000000 15
876.166374 550.000000 15
875.159597 550.000000 15
871.132487 550.000000 15
871.132487 550.000000 14
870.629333 549.128511 14
869.623024 547.385533 14
868.616715 545.642555 14
868.113560 544.771066 14
867.610406 543.899577 14
867.107251 543.028088 14
866.604097 542.156599 14
866.100942 541.285110 14
865.597788 540.413620 14
865.094634 539.542131 14
864.591479 538.670642 14
864.088325 537.799153 14
863.585170 536.927664 14
863.082016 536.056175 14
862.578861 535.184686 14
862.075707 534.313197 14
861.572552 533.441708 14
861.069398 532.570219 14
860.063089 530.827241 14
859.559935 529.955752 14
859.056780 529.084263 14
858.553626 528.212774 14
858.050471 527.341285 14
857.547317 526.469796 14
857.044162 525.598307 14
856.541008 524.726818 14
856.037853 523.855329 14
855.534699 522.983840 14
855.031545 522.112350 14
854.528390 521.240861 14
854.025236 520.369372 14
853.522081 519.497883 14
853.018927 518.626394 14
852.515772 517.754905 14
852.012618 516.883416 14
851.509463 516.011927 14
851.006309 515.140438 14
850.503154 514.268949 14
850.000000 513.397460 14
850.000000 513.397460 13
849.496846 514.268949 13
848.490537 516.011927 13
847.987382 516.883416 13
847.484228 517.754905 13
846.981073 518.626394 13
846.477919 519.497883 13
845.974764 520.369372 13
845.471610 521.240861 13
844.968455 522.112350 13
844.465301 522.983840 13
843.962147 523.855329 13
842.955838 525.598307 13
842.452683 526.469796 13
841.949529 527.341285 13
841.446374 528.212774 13
840.943220 529.084263 13
839.936911 530.827241 13
839.433757 531.698730 13
838.930602 532.570219 13
837.421139 535.184686 13
836.917984 536.056175 13
835.911675 537.799153 13
835.408521 538.670642 13
834.905366 539.542131 13
834.402212 540.413620 13
833.899058 541.285110 13
833.395903 542.156599 13
832.892749 543.028088 13
832.389594 543.899577 13
831.886440 544.771066 13
831.383285 545.642555 13
830.880131 546.514044 13
830.376976 547.385533 13
829.873822 548.257022 13
829.370667 549.128511 13
828.867513 550.000000 13
822.839423 550.000000 12
820.830059 550.000000 12
817.816014 550.000000 12
816.811333 550.000000 12
814.801969 550.000000 12
813.797288 550.000000 12
811.787924 550.000000 12
809.778561 550.000000 12
808.773879 550.000000 12
806.764516 550.000000 12
805.759834 550.000000 12
804.755152 550.000000 12
803.750471 550.000000 12
802.745789 550.000000 12
801.741107 550.000000 12
800.736426 550.000000 12
795.713017 550.000000 12
794.708335 550.000000 12
792.698972 550.000000 12
791.694290 550.000000 12
786.670882 550.000000 12
785.666200 550.000000 12
784.661518 550.000000 12
783.656837 550.000000 12
782.652155 550.000000 12
773.610020 550.000000 12
772.605338 550.000000 12
771.600656 550.000000 12
770.595975 550.000000 12
767.581930 550.000000 12
766.577248 550.000000 12
765.572566 550.000000 12
764.567885 550.000000 12
760.549158 550.000000 12
759.544476 550.000000 12
758.539794 550.000000 12
756.530431 550.000000 12
753.516386 550.000000 12
750.502341 550.000000 12
744.474251 550.000000 12
740.455524 550.000000 12
739.450842 550.000000 12
738.446161 550.000000 12
736.436797 550.000000 12
733.422752 550.000000 12
727.394662 550.000000 12
725.385298 550.000000 12
724.380617 550.000000 12
721.366572 550.000000 12
719.357208 550.000000 12
717.347845 550.000000 12
716.343163 550.000000 12
715.338482 550.000000 12
707.301028 550.000000 12
705.291665 550.000000 12
703.282301 550.000000 12
702.277620 550.000000 12
701.272938 550.000000 12
699.263574 550.000000 12
698.258893 550.000000 12
697.254211 550.000000 12
696.249529 550.000000 12
695.244848 550.000000 12
693.235484 550.000000 12
691.226121 550.000000 12
689.216757 550.000000 12
688.212076 550.000000 12
687.207394 550.000000 12
685.198031 550.000000 12
684.193349 550.000000 12
682.183986 550.000000 12
680.174622 550.000000 12
679.169941 550.000000 12
677.160577 550.000000 12
675.151214 550.000000 12
668.620783 545.649601 11
666.611419 542.169281 11
665.606738 540.429121 11
662.592692 535.208642 11
661.085670 532.598403 11
660.583329 531.728323 11
659.076307 529.118083 11
658.573966 528.248003 11
658.071625 527.377923 11
656.564602 524.767684 11
655.559921 523.027524 11
654.052898 520.417284 11
652.545875 517.807045 11
651.541194 516.066885 11
650.536512 514.326725 11
649.531830 512.586565 11
649.029489 511.716486 11
647.020126 508.236166 11
646.517785 507.366086 11
644.006081 503.015687 11
643.503740 502.145607 11
643.001399 501.275527 11
642.499058 500.405447 11
640.992036 497.795208 11
638.982672 494.314888 11
637.977991 492.574728 11
637.475650 491.704649 11
636.973309 490.834569 11
636.470968 489.964489 11
635.968627 489.094409 11
635.466286 488.224329 11
634.963946 487.354249 11
634.461605 486.484169 11
633.456923 484.744010 11
632.954582 483.873930 11
631.949900 482.133770 11
630.945219 480.393610 11
629.940537 478.653450 11
629.438196 477.783371 11
628.935855 476.913291 11
628.433514 476.043211 11
626.424151 472.562891 11
624.917128 469.952652 11
624.414788 469.082572 11
622.907765 466.472332 11
622.405424 465.602252 11
621.903083 464.732172 11
619.391379 460.381773 11
618.889038 459.511693 11
618.386697 458.641613 11
617.884357 457.771534 11
615.372652 453.421134 11
612.860948 449.070735 11
610.851585 445.590415 11
608.842221 442.110096 11
608.339880 441.240016 11
607.837539 440.369936 11
607.335199 439.499856 11
604.823494 435.149457 11
604.321153 434.279377 11
603.818813 433.409297 11
601.307108 429.058898 11
600.804768 428.188818 11
600.302427 427.318738 11
597.288382 422.098259 11
595.781359 419.488019 11
594.274336 416.877779 11
593.771996 416.007700 11
593.269655 415.137620 11
592.264973 413.397460 11
592.264973 413.397460 10
592.768127 412.525971 10
593.271282 411.654482 10
593.774436 410.782993 10
594.277591 409.911504 10
594.780745 409.040015 10
595.283900 408.168526 10
595.787054 407.297036 10
596.290209 406.425547 10
596.793363 405.554058 10
597.296518 404.682569 10
597.799672 403.811080 10
598.302826 402.939591 10
598.805981 402.068102 10
599.309135 401.196613 10
599.812290 400.325124 10
600.315444 399.453635 10
600.818599 398.582146 10
601.321753 397.710657 10
601.824908 396.839168 10
602.831216 395.096190 10
603.334371 394.224700 10
603.837525 393.353211 10
604.340680 392.481722 10
604.843834 391.610233 10
605.346989 390.738744 10
605.850143 389.867255 10
606.353298 388.995766 10
606.856452 388.124277 10
607.359607 387.252788 10
607.862761 386.381299 10
608.365915 385.509810 10
609.372224 383.766832 10
609.875379 382.895342 10
610.378533 382.023853 10
611.384842 380.280875 10
611.887997 379.409386 10
612.391151 378.537897 10
612.894306 377.666408 10
613.397460 376.794919 10
613.397460 376.794919 9
612.391151 376.794919 9
611.384842 376.794919 9
610.378533 376.794919 9
609.372224 376.794919 9
608.365916 376.794919 9
607.359607 376.794919 9
606.353298 376.794919 9
605.346989 376.794919 9
604.340680 376.794919 9
603.334371 376.794919 9
602.328062 376.794919 9
601.321753 376.794919 9
600.315445 376.794919 9
599.309136 376.794919 9
598.302827 376.794919 9
597.296518 376.794919 9
595.283900 376.794919 9
593.271282 376.794919 9
592.264973 376.794919 9
591.258665 376.794919 9
589.246047 376.794919 9
588.239738 376.794919 9
587.233429 376.794919 9
586.227120 376.794919 9
585.220811 376.794919 9
584.214502 376.794919 9
583.208194 376.794919 9
582.201885 376.794919 9
581.195576 376.794919 9
580.189267 376.794919 9
579.182958 376.794919 9
578.176649 376.794919 9
577.170340 376.794919 9
576.164031 376.794919 9
575.157723 376.794919 9
574.151414 376.794919 9
573.145105 376.794919 9
572.138796 376.794919 9
571.132487 376.794919 9
571.132487 376.794919 8
570.629333 375.923430 8
570.126178 375.051941 8
569.623024 374.180452 8
569.119869 373.308963 8
568.616715 372.437474 8
568.113560 371.565985 8
567.610406 370.694496 8
567.107251 369.823007 8
566.604097 368.951518 8
566.100942 368.080029 8
565.597788 367.208539 8
564.591479 365.465561 8
564.088325 364.594072 8
563.585170 363.722583 8
563.082016 362.851094 8
562.578861 361.979605 8
562.075707 361.108116 8
561.572552 360.236627 8
561.069398 359.365138 8
560.566243 358.493649 8
560.063089 357.622160 8
559.559935 356.750671 8
559.056780 355.879182 8
558.050471 354.136204 8
557.547317 353.264715 8
556.541008 351.521737 8
555.534699 349.778759 8
555.031545 348.907269 8
554.528390 348.035780 8
554.025236 347.164291 8
553.522081 346.292802 8
553.018927 345.421313 8
552.515772 344.549824 8
552.012618 343.678335 8
551.509463 342.806846 8
551.006309 341.935357 8
550.503154 341.063868 8
550.000000 340.192379 8
550.000000 340.192379 7
549.496846 341.063868 7
548.993691 341.935357 7
548.490537 342.806846 7
547.987382 343.678335 7
547.484228 344.549824 7
546.981073 345.421313 7
546.477919 346.292802 7
545.974764 347.164291 7
545.471610 348.035780 7
544.968455 348.907269 7
544.465301 349.778759 7
543.962147 350.650248 7
543.458992 351.521737 7
542.955838 352.393226 7
542.452683 353.264715 7
541.949529 354.136204 7
541.446374 355.007693 7
540.943220 355.879182 7
539.936911 357.622160 7
539.433757 358.493649 7
538.930602 359.365138 7
538.427448 360.236627 7
537.924293 361.108116 7
536.917984 362.851094 7
536.414830 363.722583 7
535.911675 364.594072 7
535.408521 365.465561 7
534.905366 366.337050 7
534.402212 367.208539 7
533.899058 368.080029 7
533.395903 368.951518 7
532.389594 370.694496 7
531.886440 371.565985 7
531.383285 372.437474 7
530.880131 373.308963 7
530.376976 374.180452 7
529.873822 375.051941 7
529.370667 375.923430 7
528.867513 376.794919 7
528.867513 376.794919 6
527.861204 376.794919 6
526.854895 376.794919 6
525.848586 376.794919 6
524.842277 376.794919 6
523.835969 376.794919 6
522.829660 376.794919 6
521.823351 376.794919 6
520.817042 376.794919 6
519.810733 376.794919 6
518.804424 376.794919 6
517.798115 376.794919 6
516.791806 376.794919 6
515.785498 376.794919 6
514.779189 376.794919 6
513.772880 376.794919 6
512.766571 376.794919 6
511.760262 376.794919 6
510.753953 376.794919 6
509.747644 376.794919 6
508.741335 376.794919 6
506.728718 376.794919 6
505.722409 376.794919 6
504.716100 376.794919 6
503.709791 376.794919 6
501.697173 376.794919 6
500.690864 376.794919 6
497.671938 376.794919 6
496.665629 376.794919 6
495.659320 376.794919 6
494.653011 376.794919 6
493.646702 376.794919 6
492.640393 376.794919 6
491.634084 376.794919 6
490.627776 376.794919 6
488.615158 376.794919 6
487.608849 376.794919 6
486.602540 376.794919 6
486.602540 376.794919 5
487.105694 377.666408 5
487.608849 378.537897 5
488.112003 379.409386 5
488.615158 380.280875 5
489.118312 381.152364 5
489.621467 382.023853 5
490.124621 382.895342 5
490.627776 383.766832 5
491.130930 384.638321 5
491.634085 385.509810 5
492.137239 386.381299 5
492.640393 387.252788 5
493.646702 388.995766 5
494.149857 389.867255 5
494.653011 390.738744 5
495.156166 391.610233 5
495.659320 392.481722 5
496.162475 393.353211 5
496.665629 394.224700 5
497.168784 395.096190 5
497.671938 395.967679 5
498.175092 396.839168 5
498.678247 397.710657 5
499.181401 398.582146 5
500.187710 400.325124 5
500.690865 401.196613 5
501.194019 402.068102 5
501.697174 402.939591 5
502.703482 404.682569 5
503.206637 405.554058 5
503.709791 406.425547 5
504.212946 407.297036 5
504.716100 408.168526 5
505.219255 409.040015 5
505.722409 409.911504 5
506.225564 410.782993 5
507.231873 412.525971 5
507.735027 413.397460 5
507.735027 413.397460 4
505.223323 417.747859 4
504.218641 419.488019 4
503.716300 420.358099 4
502.209278 422.968339 4
501.706937 423.838418 4
501.204596 424.708498 4
500.702255 425.578578 4
500.199914 426.448658 4
499.697573 427.318738 4
499.195232 428.188818 4
497.688210 430.799057 4
497.185869 431.669137 4
496.683528 432.539217 4
496.181187 433.409297 4
494.674165 436.019537 4
492.664801 439.499856 4
492.162461 440.369936 4
491.660120 441.240016 4
491.157779 442.110096 4
490.655438 442.980176 4
490.153097 443.850256 4
489.148415 445.590415 4
487.641393 448.200655 4
487.139052 449.070735 4
485.129689 452.551054 4
484.627348 453.421134 4
482.617984 456.901454 4
481.613303 458.641613 4
481.110962 459.511693 4
480.106280 461.251853 4
476.087553 468.212492 4
475.082872 469.952652 4
473.575849 472.562891 4
471.064145 476.913291 4
470.561804 477.783371 4
470.059463 478.653450 4
469.054781 480.393610 4
468.552440 481.263690 4
468.050100 482.133770 4
467.547759 483.003850 4
467.045418 483.873930 4
466.543077 484.744010 4
465.538395 486.484169 4
465.036054 487.354249 4
464.031373 489.094409 4
462.524350 491.704649 4
461.017328 494.314888 4
460.514987 495.184968 4
459.510305 496.925128 4
459.007964 497.795208 4
458.003283 499.535367 4
456.998601 501.275527 4
455.491578 503.885767 4
453.482215 507.366086 4
451.975192 509.976326 4
450.970511 511.716486 4
450.468170 512.586565 4
449.965829 513.456645 4
448.458806 516.066885 4
447.956465 516.936965 4
446.951784 518.677125 4
444.942420 522.157444 4
444.440079 523.027524 4
443.937739 523.897604 4
442.430716 526.507843 4
441.928375 527.377923 4
440.421353 529.988163 4
439.416671 531.728323 4
437.407308 535.208642 4
436.904967 536.078722 4
436.402626 536.948802 4
435.900285 537.818882 4
434.393262 540.429121 4
432.383899 543.909441 4
429.872195 548.259840 4
429.369854 549.129920 4
428.867513 550.000000 4
427.862831 550.000000 3
426.858150 550.000000 3
423.844105 550.000000 3
422.839423 550.000000 3
420.830059 550.000000 3
414.801969 550.000000 3
413.797288 550.000000 3
412.792606 550.000000 3
410.783243 550.000000 3
409.778561 550.000000 3
407.769197 550.000000 3
406.764516 550.000000 3
404.755152 550.000000 3
402.745789 550.000000 3
401.741107 550.000000 3
399.731744 550.000000 3
398.727062 550.000000 3
397.722380 550.000000 3
395.713017 550.000000 3
392.698972 550.000000 3
391.694290 550.000000 3
389.684927 550.000000 3
383.656837 550.000000 3
380.642792 550.000000 3
379.638110 550.000000 3
378.633428 550.000000 3
375.619383 550.000000 3
374.614702 550.000000 3
373.610020 550.000000 3
372.605338 550.000000 3
368.586611 550.000000 3
367.581930 550.000000 3
366.577248 550.000000 3
365.572566 550.000000 3
364.567885 550.000000 3
363.563203 550.000000 3
359.544476 550.000000 3
358.539794 550.000000 3
354.521068 550.000000 3
351.507023 550.000000 3
350.502341 550.000000 3
349.497659 550.000000 3
348.492977 550.000000 3
346.483614 550.000000 3
344.474251 550.000000 3
342.464887 550.000000 3
339.450842 550.000000 3
336.436797 550.000000 3
335.432115 550.000000 3
334.427434 550.000000 3
333.422752 550.000000 3
332.418070 550.000000 3
331.413389 550.000000 3
329.404025 550.000000 3
327.394662 550.000000 3
325.385298 550.000000 3
323.375935 550.000000 3
321.366572 550.000000 3
319.357208 550.000000 3
315.338482 550.000000 3
314.333800 550.000000 3
313.329118 550.000000 3
312.324436 550.000000 3
308.305710 550.000000 3
307.301028 550.000000 3
306.296346 550.000000 3
301.272938 550.000000 3
299.263574 550.000000 3
297.254211 550.000000 3
296.249529 550.000000 3
295.244848 550.000000 3
293.235484 550.000000 3
292.230803 550.000000 3
291.226121 550.000000 3
290.221439 550.000000 3
289.216757 550.000000 3
284.193349 550.000000 3
283.188667 550.000000 3
282.183986 550.000000 3
278.165259 550.000000 3
277.160577 550.000000 3
276.155895 550.000000 3
275.151214 550.000000 3
271.132487 550.000000 2
270.629333 549.128511 2
270.126178 548.257022 2
269.623024 547.385533 2
269.119869 546.514044 2
268.616715 545.642555 2
267.610406 543.899577 2
267.107251 543.028088 2
266.604097 542.156599 2
266.100942 541.285110 2
265.597788 540.413620 2
265.094634 539.542131 2
264.591479 538.670642 2
264.088325 537.799153 2
263.585170 536.927664 2
263.082016 536.056175 2
262.578861 535.184686 2
262.075707 534.313197 2
261.572552 533.441708 2
260.566244 531.698730 2
260.063089 530.827241 2
259.559935 529.955752 2
259.056780 529.084263 2
258.553626 528.212774 2
258.050471 527.341285 2
257.547317 526.469796 2
257.044162 525.598307 2
256.541008 524.726818 2
256.037853 523.855329 2
255.031545 522.112350 2
253.522081 519.497883 2
253.018927 518.626394 2
252.515772 517.754905 2
252.012618 516.883416 2
251.509463 516.011927 2
251.006309 515.140438 2
250.503154 514.268949 2
250.000000 513.397460 1
249.496846 514.268949 1
248.993691 515.140438 1
248.490537 516.011927 1
247.987382 516.883416 1
247.484228 517.754905 1
246.981073 518.626394 1
246.477919 519.497883 1
245.974764 520.369372 1
245.471610 521.240861 1
244.968455 522.112350 1
244.465301 522.983840 1
242.955838 525.598307 1
242.452683 526.469796 1
241.949529 527.341285 1
241.446374 528.212774 1
240.943220 529.084263 1
239.433757 531.698730 1
238.930602 532.570219 1
238.427448 533.441708 1
237.924293 534.313197 1
237.421139 535.184686 1
236.414830 536.927664 1
235.911675 537.799153 1
235.408521 538.670642 1
234.905366 539.542131 1
234.402212 540.413620 1
233.899058 541.285110 1
233.395903 542.156599 1
232.892749 543.028088 1
232.389594 543.899577 1
231.886440 544.771066 1
231.383285 545.642555 1
230.880131 546.514044 1
230.376976 547.385533 1
229.873822 548.257022 1
229.370667 549.128511 1
228.867513 550.000000 1
226.853958 550.000000 0
225.847181 550.000000 0
224.840403 550.000000 0
223.833626 550.000000 0
219.806516 550.000000 0
217.792961 550.000000 0
215.779406 550.000000 0
214.772629 550.000000 0
212.759074 550.000000 0
210.745519 550.000000 0
209.738742 550.000000 0
208.731964 550.000000 0
206.718409 550.000000 0
205.711632 550.000000 0
202.691299 550.000000 0
199.670967 550.000000 0
198.664190 550.000000 0
196.650635 550.000000 0
194.637080 550.000000 0
192.623525 550.000000 0
186.582860 550.000000 0
185.576083 550.000000 0
184.569305 550.000000 0
183.562528 550.000000 0
178.528641 550.000000 0
177.521863 550.000000 0
176.515086 550.000000 0
172.487976 550.000000 0
171.481199 550.000000 0
170.474421 550.000000 0
166.447311 550.000000 0
165.440534 550.000000 0
163.426979 550.000000 0
162.420202 550.000000 0
160.406647 550.000000 0
159.399869 550.000000 0
157.386314 550.000000 0
155.372759 550.000000 0
149.332095 550.000000 0
147.318540 550.000000 0
145.304985 550.000000 0
140.271098 550.000000 0
139.264320 550.000000 0
136.243988 550.000000 0
133.223656 550.000000 0
131.210101 550.000000 0
130.203323 550.000000 0
129.196546 550.000000 0
127.182991 550.000000 0
126.176214 550.000000 0
125.169436 550.000000 0
124.162659 550.000000 0
123.155881 550.000000 0
121.142326 550.000000 0
120.135549 550.000000 0
119.128771 550.000000 0
118.121994 550.000000 0
115.101662 550.000000 0
114.094884 550.000000 0
112.081329 550.000000 0
111.074552 550.000000 0
110.067774 550.000000 0
109.060997 550.000000 0
106.040665 550.000000 0
105.033887 550.000000 0
104.027110 550.000000 0
102.013555 550.000000 0
101.006777 550.000000 0
100.000000 550.000000 0
