1190
100.000000 450.000000 32
101.001866 450.000000 32
103.005598 450.000000 32
104.007464 450.000000 32
105.009330 450.000000 32
106.011196 450.000000 32
108.014928 450.000000 32
110.018660 450.000000 32
116.029856 450.000000 32
117.031722 450.000000 32
120.037320 450.000000 32
121.039186 450.000000 32
122.041052 450.000000 32
125.046650 450.000000 32
126.048516 450.000000 32
127.050382 450.000000 32
130.055980 450.000000 32
132.059712 450.000000 32
135.065310 450.000000 32
137.069043 450.000000 32
139.072775 450.000000 32
140.074641 450.000000 32
141.076507 450.000000 32
142.078373 450.000000 32
146.085837 450.000000 32
148.089569 450.000000 32
150.093301 450.000000 32
153.098899 450.000000 32
157.106363 450.000000 32
158.108229 450.000000 32
160.111961 450.000000 32
161.113827 450.000000 32
162.115693 450.000000 32
163.117559 450.000000 32
164.119425 450.000000 32
167.125023 450.000000 32
168.126889 450.000000 32
170.130621 450.000000 32
171.132487 450.000000 32
171.132487 450.000000 31
171.634828 449.129920 31
173.141850 446.519681 31
173.644191 445.649601 31
175.653555 442.169281 31
178.667600 436.948802 31
180.174622 434.338562 31
181.179304 432.598403 31
184.695690 426.507843 31
187.207394 422.157444 31
187.709735 421.287364 31
188.212076 420.417284 31
189.216757 418.677125 31
194.240166 409.976326 31
195.747189 407.366086 31
200.268256 399.535367 31
201.272938 397.795208 31
205.794005 389.964489 31
207.301028 387.354249 31
208.305710 385.614089 31
210.315073 382.133770 31
211.319755 380.393610 31
216.343163 371.692811 31
220.864231 363.862093 31
223.375935 359.511693 31
224.380617 357.771534 31
226.892321 353.421134 31
227.897003 351.680974 31
228.901684 349.940815 31
229.906366 348.200655 31
232.418070 343.850256 31
234.427434 340.369936 31
237.441479 335.149457 31
239.450842 331.669137 31
240.957865 329.058898 31
243.971910 323.838418 31
244.474251 322.968339 31
244.976592 322.098259 31
245.981273 320.358099 31
249.497659 314.267540 31
252.511704 317.747859 30
254.521068 321.228179 30
255.023408 322.098259 30
255.525749 322.968339 30
258.037454 327.318738 30
260.046817 330.799057 30
264.567885 338.629776 30
267.581930 343.850256 30
270.093634 348.200655 30
272.102997 351.680974 30
275.117042 356.901454 30
276.624065 359.511693 30
277.126406 360.381773 30
277.628747 361.251853 30
278.131087 362.121933 30
279.135769 363.862093 30
280.642792 366.472332 30
286.670882 376.913291 30
287.173223 377.783371 30
289.182586 381.263690 30
289.684927 382.133770 30
290.187268 383.003850 30
292.196631 386.484169 30
292.698972 387.354249 30
294.708335 390.834569 30
295.713017 392.574728 30
296.215358 393.444808 30
296.717699 394.314888 30
301.741107 403.015687 30
302.745789 404.755847 30
307.266857 412.586565 30
307.769197 413.456645 30
311.787924 420.417284 30
313.294947 423.027524 30
316.308992 428.248003 30
321.332400 436.948802 30
322.337082 438.688962 30
323.341764 440.429121 30
325.853468 444.779521 30
326.355809 445.649601 30
327.862831 448.259840 30
328.867513 450.000000 29
329.873822 450.000000 29
331.886440 450.000000 29
332.892749 450.000000 29
334.905366 450.000000 29
335.911675 450.000000 29
336.917984 450.000000 29
337.924293 450.000000 29
338.930602 450.000000 29
339.936911 450.000000 29
340.943220 450.000000 29
341.949529 450.000000 29
344.968455 450.000000 29
348.993691 450.000000 29
350.000000 450.000000 29
351.006309 450.000000 29
353.018927 450.000000 29
355.031545 450.000000 29
356.037853 450.000000 29
357.044162 450.000000 29
358.050471 450.000000 29
359.056780 450.000000 29
360.063089 450.000000 29
361.069398 450.000000 29
362.075707 450.000000 29
363.082016 450.000000 29
366.100942 450.000000 29
367.107251 450.000000 29
368.113560 450.000000 29
369.119869 450.000000 29
371.132487 450.000000 28
372.138796 448.257022 28
372.641950 447.385533 28
374.654568 443.899577 28
375.157722 443.028088 28
375.660877 442.156599 28
376.164031 441.285110 28
377.170340 439.542131 28
377.673495 438.670642 28
378.176649 437.799153 28
380.189267 434.313197 28
380.692421 433.441708 28
381.195576 432.570219 28
381.698730 431.698730 28
382.201884 430.827241 28
382.705039 429.955752 28
383.208193 429.084263 28
383.711348 428.212774 28
384.214502 427.341285 28
385.220811 425.598307 28
385.723965 424.726818 28
386.227120 423.855329 28
387.233429 422.112350 28
387.736583 421.240861 28
388.239738 420.369372 28
388.742892 419.497883 28
389.246046 418.626394 28
390.252355 416.883416 28
390.755510 416.011927 28
391.258664 415.140438 28
392.264973 413.397460 28
392.264973 413.397460 27
391.762632 412.527380 27
391.260291 411.657300 27
390.255610 409.917140 27
388.748587 407.306901 27
386.739224 403.826581 27
383.222838 397.736022 27
381.715815 395.125783 27
380.711134 393.385623 27
380.208793 392.515543 27
379.204111 390.775383 27
377.697088 388.165144 27
374.180703 382.074584 27
372.673680 379.464345 27
368.654953 372.503706 27
367.650271 370.763546 27
365.138567 366.413147 27
363.129204 362.932827 27
362.124522 361.192667 27
360.617500 358.582428 27
358.608136 355.102108 27
355.091750 349.011549 27
354.589409 348.141469 27
350.570683 341.180830 27
350.068342 340.310750 27
346.551956 334.220191 27
344.542593 330.739871 27
343.537911 328.999712 27
338.012162 319.428833 27
337.509821 318.558753 27
337.007480 317.688673 27
335.500457 315.078434 27
333.491094 311.598114 27
332.988753 310.728034 27
331.984071 308.987875 27
331.481730 308.117795 27
330.979390 307.247715 27
330.477049 306.377635 27
326.960663 300.287076 27
326.458322 299.416996 27
325.955981 298.546916 27
323.444277 294.196517 27
321.434914 290.716197 27
317.918528 284.625638 27
315.406823 280.275239 27
314.904483 279.405159 27
319.425550 276.794919 26
324.448959 276.794919 26
327.463004 276.794919 26
329.472367 276.794919 26
330.477049 276.794919 26
332.486412 276.794919 26
334.495776 276.794919 26
340.523866 276.794919 26
344.542593 276.794919 26
350.570683 276.794919 26
354.589410 276.794919 26
359.612818 276.794919 26
361.622182 276.794919 26
362.626863 276.794919 26
363.631545 276.794919 26
366.645590 276.794919 26
368.654954 276.794919 26
369.659635 276.794919 26
373.678362 276.794919 26
377.697089 276.794919 26
384.729861 276.794919 26
392.767314 276.794919 26
399.800086 276.794919 26
403.818813 276.794919 26
406.832858 276.794919 26
407.837540 276.794919 26
410.851585 276.794919 26
421.903084 276.794919 26
422.907765 276.794919 26
428.935856 276.794919 26
432.954582 276.794919 26
441.996718 276.794919 26
445.010763 276.794919 26
447.020126 276.794919 26
449.029490 276.794919 26
452.043535 276.794919 26
459.076307 276.794919 26
471.132487 276.794919 26
471.634828 275.924839 25
472.639510 274.184679 25
473.644191 272.444520 25
475.151214 269.834280 25
476.155895 268.094120 25
477.160577 266.353961 25
479.672281 262.003561 25
482.183986 257.653162 25
485.700372 251.562603 25
486.705053 249.822443 25
487.207394 248.952363 25
488.714417 246.342123 25
491.226121 241.991724 25
494.742507 235.901165 25
495.747189 234.161005 25
497.254211 231.550766 25
498.258893 229.810606 25
498.761234 228.940526 25
499.765915 227.200366 25
500.770597 225.460207 25
501.775279 223.720047 25
506.296346 215.889328 25
506.798687 215.019248 25
507.301028 214.149168 25
509.310391 210.668849 25
510.817414 208.058609 25
511.822096 206.318449 25
518.854867 194.137331 25
522.371253 188.046772 25
523.878276 185.436532 25
525.385298 182.826293 25
525.887639 181.956213 25
527.394662 179.345973 25
528.901684 176.735734 25
532.920411 169.775095 25
533.422752 168.905015 25
536.436797 163.684536 25
536.939138 162.814456 25
537.441479 161.944376 25
537.943820 161.074296 25
543.469569 151.503417 25
544.976592 148.893178 25
547.488296 144.542778 25
547.990637 143.672698 25
549.497659 141.062459 25
550.000000 140.192379 25
554.018727 147.153018 24
556.530431 151.503417 24
558.539794 154.983737 24
559.544476 156.723897 24
561.051499 159.334136 24
563.563203 163.684536 24
564.567885 165.424695 24
570.595975 175.865654 24
572.605338 179.345973 24
574.614702 182.826293 24
581.647473 195.007411 24
582.149814 195.877491 24
582.652155 196.747571 24
585.666200 201.968050 24
586.168541 202.838130 24
587.173223 204.578290 24
588.177904 206.318449 24
588.680245 207.188529 24
589.684927 208.928689 24
595.713017 219.369647 24
596.717699 221.109807 24
597.722380 222.849967 24
600.234085 227.200366 24
600.736426 228.070446 24
601.741107 229.810606 24
604.755152 235.031085 24
606.764516 238.511405 24
607.266857 239.381484 24
608.271538 241.121644 24
610.280902 244.601964 24
610.783243 245.472044 24
612.290265 248.082283 24
614.299628 251.562603 24
614.801969 252.432683 24
616.811333 255.913002 24
622.337082 265.483881 24
622.839423 266.353961 24
626.355809 272.444520 24
626.858150 273.314600 24
627.360490 274.184679 24
627.862831 275.054759 24
628.365172 275.924839 24
634.895603 276.794919 23
635.900285 276.794919 23
642.933057 276.794919 23
645.947102 276.794919 23
653.984556 276.794919 23
655.993919 276.794919 23
659.007964 276.794919 23
661.017327 276.794919 23
671.064144 276.794919 23
673.073508 276.794919 23
676.087553 276.794919 23
680.106280 276.794919 23
683.120325 276.794919 23
686.134370 276.794919 23
689.148415 276.794919 23
696.181187 276.794919 23
697.185869 276.794919 23
702.209277 276.794919 23
704.218641 276.794919 23
712.256094 276.794919 23
724.312275 276.794919 23
726.321638 276.794919 23
729.335683 276.794919 23
734.359092 276.794919 23
738.377818 276.794919 23
745.410590 276.794919 23
746.415272 276.794919 23
747.419954 276.794919 23
751.438680 276.794919 23
752.443362 276.794919 23
753.448044 276.794919 23
754.452726 276.794919 23
757.466771 276.794919 23
758.471452 276.794919 23
766.508906 276.794919 23
768.518269 276.794919 23
771.532314 276.794919 23
773.541678 276.794919 23
778.565086 276.794919 23
782.583813 276.794919 23
786.602540 276.794919 22
785.095517 279.405159 22
779.569768 288.976037 22
779.067427 289.846117 22
778.565086 290.716197 22
777.560405 292.456357 22
775.048701 296.806756 22
773.039337 300.287076 22
767.011247 310.728034 22
766.508906 311.598114 22
766.006565 312.468194 22
765.001884 314.208354 22
763.997202 315.948514 22
763.494861 316.818593 22
761.485498 320.298913 22
760.480816 322.039073 22
757.969112 326.389472 22
757.466771 327.259552 22
756.964430 328.129632 22
756.462089 328.999712 22
755.959748 329.869792 22
755.457407 330.739871 22
753.950385 333.350111 22
752.945703 335.090271 22
750.936340 338.570590 22
749.429317 341.180830 22
745.410591 348.141469 22
742.396545 353.361948 22
739.884841 357.712348 22
737.875478 361.192667 22
736.368455 363.802907 22
734.861433 366.413147 22
730.842706 373.373786 22
728.833343 376.854105 22
728.331002 377.724185 22
721.298230 389.905303 22
718.284185 395.125783 22
717.781844 395.995862 22
717.279503 396.865942 22
714.767799 401.216342 22
711.251413 407.306901 22
710.246731 409.047061 22
707.735027 413.397460 21
708.741336 415.140438 21
709.244490 416.011927 21
710.250799 417.754905 21
710.753954 418.626394 21
711.257108 419.497883 21
712.766571 422.112350 21
713.269726 422.983840 21
713.772880 423.855329 21
714.276035 424.726818 21
714.779189 425.598307 21
715.282343 426.469796 21
715.785498 427.341285 21
717.294961 429.955752 21
718.301270 431.698730 21
718.804424 432.570219 21
719.307579 433.441708 21
719.810733 434.313197 21
720.817042 436.056175 21
722.326505 438.670642 21
722.829660 439.542131 21
723.332814 440.413620 21
723.835969 441.285110 21
724.339123 442.156599 21
725.345432 443.899577 21
725.848586 444.771066 21
726.351741 445.642555 21
726.854895 446.514044 21
728.364359 449.128511 21
728.867513 450.000000 21
728.867513 450.000000 20
729.873822 450.000000 20
731.886440 450.000000 20
732.892749 450.000000 20
733.899058 450.000000 20
735.911675 450.000000 20
736.917984 450.000000 20
738.930602 450.000000 20
740.943220 450.000000 20
741.949529 450.000000 20
743.962147 450.000000 20
745.974764 450.000000 20
746.981073 450.000000 20
747.987382 450.000000 20
750.000000 450.000000 20
751.006309 450.000000 20
752.012618 450.000000 20
757.044162 450.000000 20
759.056780 450.000000 20
760.063089 450.000000 20
761.069398 450.000000 20
762.075707 450.000000 20
764.088325 450.000000 20
766.100942 450.000000 20
767.107251 450.000000 20
768.113560 450.000000 20
772.137169 448.259840 19
772.639510 447.389760 19
774.648873 443.909441 19
775.151214 443.039361 19
776.658236 440.429121 19
777.160577 439.559042 19
777.662918 438.688962 19
778.165259 437.818882 19
778.667600 436.948802 19
781.179304 432.598403 19
782.183986 430.858243 19
784.695690 426.507843 19
786.202712 423.897604 19
790.723780 416.066885 19
791.226121 415.196805 19
793.235484 411.716486 19
796.249529 406.496006 19
797.756552 403.885767 19
798.258893 403.015687 19
798.761234 402.145607 19
799.263574 401.275527 19
799.765915 400.405447 19
800.770597 398.665288 19
803.784642 393.444808 19
804.286983 392.574728 19
805.794005 389.964489 19
806.296346 389.094409 19
807.301028 387.354249 19
807.803369 386.484169 19
809.812732 383.003850 19
811.319755 380.393610 19
815.338482 373.432971 19
816.343163 371.692811 19
818.352527 368.212492 19
818.854867 367.342412 19
819.859549 365.602252 19
821.868913 362.121933 19
823.878276 358.641613 19
824.882958 356.901454 19
825.385298 356.031374 19
825.887639 355.161294 19
826.892321 353.421134 19
827.897003 351.680974 19
828.399344 350.810895 19
828.901684 349.940815 19
833.422752 342.110096 19
835.432115 338.629776 19
836.436797 336.889617 19
837.943820 334.279377 19
838.948501 332.539217 19
845.981273 320.358099 19
846.483614 319.488019 19
848.492977 316.007700 19
848.995318 315.137620 19
850.000000 313.397460 18
851.507023 316.007700 18
853.516386 319.488019 18
854.521068 321.228179 18
857.535113 326.448658 18
860.046817 330.799057 18
862.558521 335.149457 18
863.060862 336.019537 18
864.065544 337.759696 18
865.572566 340.369936 18
867.581930 343.850256 18
868.586611 345.590415 18
871.600656 350.810895 18
872.605338 352.551054 18
873.610020 354.291214 18
874.614702 356.031374 18
877.628747 361.251853 18
880.140451 365.602252 18
880.642792 366.472332 18
882.149814 369.082572 18
883.154496 370.822732 18
883.656837 371.692811 18
884.159178 372.562891 18
886.670882 376.913291 18
887.675564 378.653450 18
888.177904 379.523530 18
890.187268 383.003850 18
893.201313 388.224329 18
894.205995 389.964489 18
894.708335 390.834569 18
897.722380 396.055048 18
900.234085 400.405447 18
904.755152 408.236166 18
907.769197 413.456645 18
908.271538 414.326725 18
910.783243 418.677125 18
911.787924 420.417284 18
916.308992 428.248003 18
917.816014 430.858243 18
920.327719 435.208642 18
921.834741 437.818882 18
922.839423 439.559042 18
923.341764 440.429121 18
924.346445 442.169281 18
926.355809 445.649601 18
927.360490 447.389760 18
932.874977 450.000000 17
934.878709 450.000000 17
938.886173 450.000000 17
940.889905 450.000000 17
941.891771 450.000000 17
943.895503 450.000000 17
944.897369 450.000000 17
945.899235 450.000000 17
948.904833 450.000000 17
950.908565 450.000000 17
951.910431 450.000000 17
954.916029 450.000000 17
958.923493 450.000000 17
961.929091 450.000000 17
964.934690 450.000000 17
965.936556 450.000000 17
971.947752 450.000000 17
972.949618 450.000000 17
979.962680 450.000000 17
987.977608 450.000000 17
990.983206 450.000000 17
992.986938 450.000000 17
993.988804 450.000000 17
995.992536 450.000000 17
997.996268 450.000000 17
998.998134 450.000000 17
1000.000000 450.000000 17
1000.000000 451.000000 16
1000.000000 452.000000 16
1000.000000 458.000000 16
1000.000000 461.000000 16
1000.000000 463.000000 16
1000.000000 464.000000 16
1000.000000 470.000000 16
1000.000000 473.000000 16
1000.000000 475.000000 16
1000.000000 477.000000 16
1000.000000 478.000000 16
1000.000000 480.000000 16
1000.000000 482.000000 16
1000.000000 483.000000 16
1000.000000 484.000000 16
1000.000000 485.000000 16
1000.000000 488.000000 16
1000.000000 491.000000 16
1000.000000 492.000000 16
1000.000000 495.000000 16
1000.000000 497.000000 16
1000.000000 499.000000 16
1000.000000 504.000000 16
1000.000000 506.000000 16
1000.000000 513.000000 16
1000.000000 514.000000 16
1000.000000 516.000000 16
1000.000000 518.000000 16
1000.000000 521.000000 16
1000.000000 523.000000 16
1000.000000 524.000000 16
1000.000000 525.000000 16
1000.000000 527.000000 16
1000.000000 528.000000 16
1000.000000 529.000000 16
1000.000000 530.000000 16
1000.000000 531.000000 16
1000.000000 532.000000 16
1000.000000 535.000000 16
1000.000000 536.000000 16
1000.000000 537.000000 16
1000.000000 538.000000 16
1000.000000 543.000000 16
1000.000000 544.000000 16
1000.000000 545.000000 16
1000.000000 546.000000 16
1000.000000 547.000000 16
1000.000000 549.000000 16
1000.000000 550.000000 15
997.986445 550.000000 15
995.972890 550.000000 15
989.932226 550.000000 15
987.918671 550.000000 15
986.911893 550.000000 15
982.884783 550.000000 15
976.844119 550.000000 15
975.837341 550.000000 15
974.830564 550.000000 15
971.810232 550.000000 15
970.803454 550.000000 15
968.789899 550.000000 15
966.776344 550.000000 15
956.708570 550.000000 15
952.681460 550.000000 15
948.654350 550.000000 15
943.620463 550.000000 15
938.586576 550.000000 15
934.559466 550.000000 15
932.545911 550.000000 15
929.525579 550.000000 15
924.491692 550.000000 15
922.478137 550.000000 15
921.471359 550.000000 15
920.464582 550.000000 15
917.444249 550.000000 15
909.390030 550.000000 15
898.315478 550.000000 15
896.301923 550.000000 15
894.288368 550.000000 15
892.274813 550.000000 15
891.268036 550.000000 15
889.254481 550.000000 15
887.240926 550.000000 15
885.227371 550.000000 15
884.220594 550.000000 15
880.193484 550.000000 15
871.132487 550.000000 14
870.629333 549.128511 14
870.126178 548.257022 14
868.616715 545.642555 14
868.113560 544.771066 14
866.100942 541.285110 14
865.597788 540.413620 14
865.094634 539.542131 14
864.591479 538.670642 14
864.088325 537.799153 14
863.585170 536.927664 14
862.075707 534.313197 14
861.572552 533.441708 14
861.069398 532.570219 14
860.063089 530.827241 14
859.559935 529.955752 14
858.553626 528.212774 14
858.050471 527.341285 14
857.547317 526.469796 14
857.044162 525.598307 14
856.037853 523.855329 14
855.534699 522.983840 14
854.528390 521.240861 14
853.522081 519.497883 14
850.503154 514.268949 14
850.000000 513.397460 14
847.484228 517.754905 13
846.477919 519.497883 13
845.974764 520.369372 13
845.471610 521.240861 13
844.465301 522.983840 13
843.962147 523.855329 13
842.452683 526.469796 13
841.949529 527.341285 13
841.446374 528.212774 13
840.943220 529.084263 13
840.440065 529.955752 13
839.936911 530.827241 13
839.433757 531.698730 13
838.930602 532.570219 13
838.427448 533.441708 13
837.421139 535.184686 13
835.911675 537.799153 13
834.905366 539.542131 13
834.402212 540.413620 13
833.899058 541.285110 13
832.892749 543.028088 13
831.886440 544.771066 13
831.383285 545.642555 13
830.376976 547.385533 13
828.867513 550.000000 12
824.848786 550.000000 12
822.839423 550.000000 12
821.834741 550.000000 12
817.816014 550.000000 12
814.801969 550.000000 12
811.787924 550.000000 12
810.783243 550.000000 12
808.773879 550.000000 12
806.764516 550.000000 12
796.717699 550.000000 12
794.708335 550.000000 12
790.689609 550.000000 12
789.684927 550.000000 12
780.642792 550.000000 12
779.638110 550.000000 12
778.633428 550.000000 12
766.577248 550.000000 12
764.567885 550.000000 12
756.530431 550.000000 12
754.521068 550.000000 12
750.502341 550.000000 12
744.474251 550.000000 12
737.441479 550.000000 12
731.413389 550.000000 12
729.404025 550.000000 12
726.389980 550.000000 12
725.385298 550.000000 12
724.380617 550.000000 12
723.375935 550.000000 12
721.366572 550.000000 12
716.343163 550.000000 12
713.329118 550.000000 12
710.315073 550.000000 12
709.310391 550.000000 12
707.301028 550.000000 12
705.291665 550.000000 12
702.277620 550.000000 12
699.263574 550.000000 12
698.258893 550.000000 12
695.244848 550.000000 12
694.240166 550.000000 12
681.179304 550.000000 12
680.174622 550.000000 12
679.169941 550.000000 12
675.151214 550.000000 12
673.141850 550.000000 12
670.127805 548.259840 11
665.606738 540.429121 11
664.099715 537.818882 11
663.095033 536.078722 11
662.090352 534.338562 11
661.085670 532.598403 11
659.578647 529.988163 11
658.573966 528.248003 11
652.545875 517.807045 11
649.531830 512.586565 11
648.527149 510.846406 11
647.020126 508.236166 11
645.010763 504.755847 11
644.508422 503.885767 11
643.001399 501.275527 11
642.499058 500.405447 11
640.992036 497.795208 11
640.489695 496.925128 11
639.987354 496.055048 11
638.480332 493.444808 11
636.973309 490.834569 11
634.963946 487.354249 11
634.461605 486.484169 11
633.959264 485.614089 11
626.424151 472.562891 11
625.921810 471.692811 11
625.419469 470.822732 11
624.917128 469.952652 11
622.405424 465.602252 11
620.898402 462.992013 11
619.893720 461.251853 11
618.386697 458.641613 11
617.382016 456.901454 11
615.372652 453.421134 11
614.870311 452.551054 11
612.358607 448.200655 11
609.846903 443.850256 11
605.828176 436.889617 11
603.818813 433.409297 11
599.800086 426.448658 11
597.790722 422.968339 11
592.264973 413.397460 10
593.271282 411.654482 10
593.774436 410.782993 10
595.283900 408.168526 10
597.799672 403.811080 10
598.302826 402.939591 10
600.315444 399.453635 10
601.824908 396.839168 10
602.328062 395.967679 10
603.837525 393.353211 10
604.843834 391.610233 10
605.346989 390.738744 10
605.850143 389.867255 10
606.856452 388.124277 10
607.862761 386.381299 10
608.365915 385.509810 10
610.378533 382.023853 10
610.881688 381.152364 10
611.384842 380.280875 10
611.887997 379.409386 10
612.894306 377.666408 10
611.384842 376.794919 9
610.378533 376.794919 9
609.372224 376.794919 9
608.365916 376.794919 9
607.359607 376.794919 9
606.353298 376.794919 9
605.346989 376.794919 9
604.340680 376.794919 9
603.334371 376.794919 9
602.328062 376.794919 9
599.309136 376.794919 9
598.302827 376.794919 9
597.296518 376.794919 9
596.290209 376.794919 9
593.271282 376.794919 9
592.264973 376.794919 9
591.258665 376.794919 9
590.252356 376.794919 9
589.246047 376.794919 9
588.239738 376.794919 9
586.227120 376.794919 9
585.220811 376.794919 9
583.208194 376.794919 9
581.195576 376.794919 9
580.189267 376.794919 9
578.176649 376.794919 9
575.157723 376.794919 9
574.151414 376.794919 9
573.145105 376.794919 9
571.132487 376.794919 9
571.132487 376.794919 8
570.126178 375.051941 8
569.623024 374.180452 8
569.119869 373.308963 8
568.616715 372.437474 8
568.113560 371.565985 8
567.610406 370.694496 8
566.604097 368.951518 8
566.100942 368.080029 8
565.094634 366.337050 8
564.591479 365.465561 8
564.088325 364.594072 8
563.082016 362.851094 8
561.069398 359.365138 8
560.063089 357.622160 8
559.559935 356.750671 8
559.056780 355.879182 8
558.553626 355.007693 8
558.050471 354.136204 8
557.547317 353.264715 8
557.044162 352.393226 8
556.541008 351.521737 8
556.037853 350.650248 8
555.534699 349.778759 8
555.031545 348.907269 8
554.528390 348.035780 8
553.522081 346.292802 8
553.018927 345.421313 8
552.515772 344.549824 8
551.509463 342.806846 8
550.000000 340.192379 8
550.000000 340.192379 7
548.993691 341.935357 7
547.987382 343.678335 7
546.981073 345.421313 7
546.477919 346.292802 7
545.471610 348.035780 7
544.968455 348.907269 7
544.465301 349.778759 7
541.949529 354.136204 7
540.943220 355.879182 7
538.930602 359.365138 7
538.427448 360.236627 7
537.924293 361.108116 7
537.421139 361.979605 7
536.917984 362.851094 7
536.414830 363.722583 7
535.408521 365.465561 7
534.905366 366.337050 7
533.899058 368.080029 7
533.395903 368.951518 7
532.892749 369.823007 7
532.389594 370.694496 7
531.886440 371.565985 7
531.383285 372.437474 7
530.376976 374.180452 7
529.370667 375.923430 7
528.867513 376.794919 7
528.867513 376.794919 6
526.854895 376.794919 6
525.848586 376.794919 6
522.829660 376.794919 6
521.823351 376.794919 6
519.810733 376.794919 6
518.804424 376.794919 6
512.766571 376.794919 6
511.760262 376.794919 6
509.747644 376.794919 6
508.741335 376.794919 6
507.735027 376.794919 6
506.728718 376.794919 6
505.722409 376.794919 6
504.716100 376.794919 6
503.709791 376.794919 6
502.703482 376.794919 6
501.697173 376.794919 6
498.678247 376.794919 6
497.671938 376.794919 6
496.665629 376.794919 6
495.659320 376.794919 6
494.653011 376.794919 6
492.640393 376.794919 6
491.634084 376.794919 6
489.621467 376.794919 6
488.615158 376.794919 6
487.608849 376.794919 6
486.602540 376.794919 6
486.602540 376.794919 5
488.615158 380.280875 5
489.621467 382.023853 5
490.124621 382.895342 5
490.627776 383.766832 5
491.634085 385.509810 5
492.137239 386.381299 5
492.640393 387.252788 5
493.646702 388.995766 5
494.149857 389.867255 5
494.653011 390.738744 5
495.156166 391.610233 5
495.659320 392.481722 5
497.671938 395.967679 5
498.175092 396.839168 5
498.678247 397.710657 5
499.181401 398.582146 5
499.684556 399.453635 5
500.187710 400.325124 5
500.690865 401.196613 5
501.194019 402.068102 5
501.697174 402.939591 5
502.200328 403.811080 5
502.703482 404.682569 5
503.206637 405.554058 5
503.709791 406.425547 5
504.212946 407.297036 5
505.219255 409.040015 5
506.225564 410.782993 5
506.728718 411.654482 5
507.231873 412.525971 5
507.735027 413.397460 5
503.213959 421.228179 4
500.702255 425.578578 4
499.697573 427.318738 4
499.195232 428.188818 4
498.692892 429.058898 4
497.185869 431.669137 4
495.176506 435.149457 4
493.167142 438.629776 4
485.632029 451.680974 4
485.129689 452.551054 4
482.617984 456.901454 4
479.101598 462.992013 4
476.589894 467.342412 4
475.082872 469.952652 4
473.575849 472.562891 4
472.068826 475.173131 4
471.566486 476.043211 4
471.064145 476.913291 4
467.045418 483.873930 4
466.543077 484.744010 4
466.040736 485.614089 4
464.031373 489.094409 4
463.026691 490.834569 4
460.514987 495.184968 4
459.510305 496.925128 4
455.491578 503.885767 4
454.989237 504.755847 4
453.984556 506.496006 4
451.472851 510.846406 4
450.468170 512.586565 4
446.449443 519.547204 4
444.440079 523.027524 4
441.928375 527.377923 4
441.426034 528.248003 4
438.411989 533.468482 4
437.909648 534.338562 4
432.886240 543.039361 4
430.876876 546.519681 4
419.825378 550.000000 3
418.820696 550.000000 3
411.787924 550.000000 3
408.773879 550.000000 3
402.745789 550.000000 3
396.717699 550.000000 3
395.713017 550.000000 3
392.698972 550.000000 3
388.680245 550.000000 3
385.666200 550.000000 3
376.624065 550.000000 3
374.614702 550.000000 3
373.610020 550.000000 3
371.600656 550.000000 3
369.591293 550.000000 3
368.586611 550.000000 3
360.549158 550.000000 3
359.544476 550.000000 3
351.507023 550.000000 3
350.502341 550.000000 3
348.492977 550.000000 3
339.450842 550.000000 3
337.441479 550.000000 3
336.436797 550.000000 3
334.427434 550.000000 3
332.418070 550.000000 3
330.408707 550.000000 3
327.394662 550.000000 3
316.343163 550.000000 3
315.338482 550.000000 3
300.268256 550.000000 3
296.249529 550.000000 3
292.230803 550.000000 3
285.198031 550.000000 3
283.188667 550.000000 3
270.629333 549.128511 2
270.126178 548.257022 2
269.623024 547.385533 2
268.616715 545.642555 2
268.113560 544.771066 2
267.107251 543.028088 2
266.604097 542.156599 2
265.094634 539.542131 2
264.591479 538.670642 2
263.585170 536.927664 2
263.082016 536.056175 2
262.578861 535.184686 2
262.075707 534.313197 2
261.572552 533.441708 2
260.063089 530.827241 2
259.056780 529.084263 2
258.553626 528.212774 2
258.050471 527.341285 2
257.547317 526.469796 2
257.044162 525.598307 2
255.534699 522.983840 2
255.031545 522.112350 2
254.528390 521.240861 2
253.522081 519.497883 2
253.018927 518.626394 2
252.515772 517.754905 2
252.012618 516.883416 2
251.509463 516.011927 2
250.503154 514.268949 2
250.000000 513.397460 2
250.000000 513.397460 1
248.993691 515.140438 1
248.490537 516.011927 1
247.987382 516.883416 1
247.484228 517.754905 1
246.981073 518.626394 1
244.465301 522.983840 1
243.458992 524.726818 1
241.949529 527.341285 1
240.943220 529.084263 1
240.440065 529.955752 1
239.936911 530.827241 1
239.433757 531.698730 1
238.930602 532.570219 1
238.427448 533.441708 1
237.924293 534.313197 1
237.421139 535.184686 1
236.917984 536.056175 1
235.911675 537.799153 1
235.408521 538.670642 1
234.905366 539.542131 1
233.899058 541.285110 1
233.395903 542.156599 1
232.892749 543.028088 1
232.389594 543.899577 1
231.886440 544.771066 1
231.383285 545.642555 1
230.880131 546.514044 1
229.873822 548.257022 1
229.370667 549.128511 1
228.867513 550.000000 1
216.786184 550.000000 0
208.731964 550.000000 0
207.725187 550.000000 0
206.718409 550.000000 0
205.711632 550.000000 0
203.698077 550.000000 0
201.684522 550.000000 0
200.677745 550.000000 0
199.670967 550.000000 0
198.664190 550.000000 0
195.643857 550.000000 0
194.637080 550.000000 0
192.623525 550.000000 0
191.616748 550.000000 0
186.582860 550.000000 0
184.569305 550.000000 0
182.555751 550.000000 0
179.535418 550.000000 0
176.515086 550.000000 0
174.501531 550.000000 0
173.494754 550.000000 0
172.487976 550.000000 0
171.481199 550.000000 0
169.467644 550.000000 0
167.454089 550.000000 0
161.413424 550.000000 0
158.393092 550.000000 0
157.386314 550.000000 0
152.352427 550.000000 0
148.325317 550.000000 0
142.284653 550.000000 0
138.257543 550.000000 0
137.250765 550.000000 0
136.243988 550.000000 0
135.237211 550.000000 0
132.216878 550.000000 0
131.210101 550.000000 0
128.189768 550.000000 0
123.155881 550.000000 0
114.094884 550.000000 0
112.081329 550.000000 0
109.060997 550.000000 0
104.027110 550.000000 0
100.000000 550.000000 0
