860
103.005598 450.000000 32
106.011196 450.000000 32
107.013062 450.000000 32
109.016794 450.000000 32
113.024258 450.000000 32
115.027990 450.000000 32
116.029856 450.000000 32
119.035454 450.000000 32
120.037320 450.000000 32
122.041052 450.000000 32
124.044784 450.000000 32
127.050382 450.000000 32
128.052248 450.000000 32
129.054114 450.000000 32
130.055980 450.000000 32
131.057846 450.000000 32
132.059712 450.000000 32
134.063444 450.000000 32
137.069043 450.000000 32
138.070909 450.000000 32
140.074641 450.000000 32
143.080239 450.000000 32
147.087703 450.000000 32
152.097033 450.000000 32
153.098899 450.000000 32
154.100765 450.000000 32
155.102631 450.000000 32
156.104497 450.000000 32
158.108229 450.000000 32
163.117559 450.000000 32
164.119425 450.000000 32
165.121291 450.000000 32
172.137169 448.259840 31
176.155895 441.299201 31
177.662918 438.688962 31
179.672281 435.208642 31
185.198031 425.637764 31
186.202712 423.897604 31
187.709735 421.287364 31
196.249529 406.496006 31
196.751870 405.625926 31
197.756552 403.885767 31
200.770597 398.665288 31
201.272938 397.795208 31
203.784642 393.444808 31
209.812732 383.003850 31
214.836141 374.303051 31
216.845504 370.822732 31
222.873594 360.381773 31
224.882958 356.901454 31
227.897003 351.680974 31
228.901684 349.940815 31
234.929775 339.499856 31
239.450842 331.669137 31
239.953183 330.799057 31
240.957865 329.058898 31
241.460206 328.188818 31
245.478932 321.228179 31
247.990637 316.877779 31
252.009363 316.877779 30
260.046817 330.799057 30
260.549158 331.669137 30
262.056180 334.279377 30
271.600656 350.810895 30
277.628747 361.251853 30
284.661518 373.432971 30
286.168541 376.043211 30
288.680245 380.393610 30
290.187268 383.003850 30
292.196631 386.484169 30
293.703654 389.094409 30
296.215358 393.444808 30
303.248130 405.625926 30
305.759834 409.976326 30
315.304310 426.507843 30
315.806651 427.377923 30
317.313674 429.988163 30
320.830059 436.078722 30
321.332400 436.948802 30
321.834741 437.818882 30
323.341764 440.429121 30
327.360490 447.389760 30
328.365172 449.129920 30
328.867513 450.000000 29
330.880131 450.000000 29
331.886440 450.000000 29
332.892749 450.000000 29
334.905366 450.000000 29
336.917984 450.000000 29
337.924293 450.000000 29
338.930602 450.000000 29
339.936911 450.000000 29
341.949529 450.000000 29
344.968455 450.000000 29
345.974764 450.000000 29
347.987382 450.000000 29
348.993691 450.000000 29
350.000000 450.000000 29
354.025236 450.000000 29
355.031545 450.000000 29
356.037853 450.000000 29
359.056780 450.000000 29
360.063089 450.000000 29
363.082016 450.000000 29
365.094634 450.000000 29
366.100942 450.000000 29
368.113560 450.000000 29
369.119869 450.000000 29
371.132487 450.000000 28
371.635641 449.128511 28
372.138796 448.257022 28
372.641950 447.385533 28
373.145105 446.514044 28
374.151414 444.771066 28
374.654568 443.899577 28
375.660877 442.156599 28
376.164031 441.285110 28
377.170340 439.542131 28
378.679803 436.927664 28
380.189267 434.313197 28
381.195576 432.570219 28
382.705039 429.955752 28
383.208193 429.084263 28
384.214502 427.341285 28
384.717657 426.469796 28
385.220811 425.598307 28
385.723965 424.726818 28
386.227120 423.855329 28
386.730274 422.983840 28
387.233429 422.112350 28
388.239738 420.369372 28
389.246046 418.626394 28
391.258664 415.140438 28
392.264973 413.397460 28
388.748587 407.306901 27
384.227519 399.476182 27
383.725179 398.606102 27
377.697088 388.165144 27
377.194748 387.295064 27
376.692407 386.424984 27
376.190066 385.554904 27
374.683043 382.944664 27
369.157294 373.373786 27
368.152612 371.633626 27
367.147931 369.893466 27
366.143249 368.153306 27
361.622181 360.322587 27
356.598773 351.621789 27
355.594091 349.881629 27
351.575364 342.920990 27
351.073024 342.050910 27
350.570683 341.180830 27
349.063660 338.570590 27
347.556638 335.960351 27
347.054297 335.090271 27
340.021525 322.909153 27
336.002798 315.948514 27
329.974708 305.507555 27
328.970026 303.767395 27
327.965345 302.027235 27
326.458322 299.416996 27
324.448959 295.936676 27
319.425550 287.235878 27
316.411505 282.015398 27
314.402142 276.794919 26
341.528548 276.794919 26
348.561320 276.794919 26
355.594091 276.794919 26
356.598773 276.794919 26
367.650272 276.794919 26
382.720497 276.794919 26
393.771996 276.794919 26
394.776678 276.794919 26
401.809450 276.794919 26
406.832858 276.794919 26
409.846903 276.794919 26
415.874993 276.794919 26
417.884357 276.794919 26
420.898402 276.794919 26
431.949901 276.794919 26
432.954582 276.794919 26
433.959264 276.794919 26
438.982673 276.794919 26
439.987354 276.794919 26
447.020126 276.794919 26
448.024808 276.794919 26
451.038853 276.794919 26
457.066943 276.794919 26
458.071625 276.794919 26
462.090352 276.794919 26
463.095033 276.794919 26
466.109078 276.794919 26
467.113760 276.794919 26
469.123124 276.794919 26
472.137169 275.054759 25
474.648873 270.704360 25
479.672281 262.003561 25
481.681645 258.523242 25
482.686326 256.783082 25
484.193349 254.172842 25
486.705053 249.822443 25
490.723780 242.861804 25
493.235484 238.511405 25
494.742507 235.901165 25
495.747189 234.161005 25
497.756552 230.680686 25
501.775279 223.720047 25
503.282301 221.109807 25
506.296346 215.889328 25
507.301028 214.149168 25
508.808051 211.538929 25
512.324436 205.448369 25
513.831459 202.838130 25
514.333800 201.968050 25
514.836141 201.097970 25
519.859549 192.397171 25
521.366572 189.786932 25
523.375935 186.306612 25
526.892321 180.216053 25
528.901684 176.735734 25
535.934456 164.554615 25
542.967228 152.373497 25
543.971910 150.633337 25
545.478932 148.023098 25
552.009363 143.672698 24
553.014045 145.412858 24
554.018727 147.153018 24
556.530431 151.503417 24
557.535113 153.243577 24
567.079589 169.775095 24
569.591293 174.125494 24
578.633428 189.786932 24
581.145133 194.137331 24
581.647473 195.007411 24
582.149814 195.877491 24
588.680245 207.188529 24
599.731744 226.330286 24
600.736426 228.070446 24
602.745789 231.550766 24
605.257493 235.901165 24
606.262175 237.641325 24
609.276220 242.861804 24
609.778561 243.731884 24
610.280902 244.601964 24
611.285583 246.342123 24
613.797288 250.692523 24
614.801969 252.432683 24
619.825378 261.133481 24
621.332400 263.743721 24
622.337082 265.483881 24
623.341764 267.224040 24
624.346445 268.964200 24
626.858150 273.314600 24
634.895603 276.794919 23
635.900285 276.794919 23
650.970510 276.794919 23
661.017327 276.794919 23
668.050099 276.794919 23
670.059463 276.794919 23
673.073508 276.794919 23
674.078190 276.794919 23
675.082871 276.794919 23
683.120325 276.794919 23
689.148415 276.794919 23
690.153097 276.794919 23
701.204595 276.794919 23
706.228004 276.794919 23
709.242049 276.794919 23
712.256094 276.794919 23
718.284184 276.794919 23
719.288866 276.794919 23
726.321638 276.794919 23
734.359092 276.794919 23
737.373137 276.794919 23
743.401227 276.794919 23
746.415272 276.794919 23
747.419954 276.794919 23
749.429317 276.794919 23
750.433999 276.794919 23
754.452726 276.794919 23
756.462089 276.794919 23
760.480816 276.794919 23
765.504224 276.794919 23
771.532314 276.794919 23
776.555723 276.794919 23
781.579132 285.495718 22
780.574450 287.235878 22
779.569768 288.976037 22
779.067427 289.846117 22
778.062746 291.586277 22
776.053382 295.066596 22
774.546360 297.676836 22
773.039337 300.287076 22
772.536996 301.157156 22
771.532315 302.897315 22
770.527633 304.637475 22
769.522951 306.377635 22
765.504224 313.338274 22
759.476134 323.779232 22
756.964430 328.129632 22
751.941022 336.830431 22
751.438681 337.700511 22
750.433999 339.440670 22
740.889523 355.972188 22
740.387182 356.842268 22
739.382500 358.582428 22
738.377819 360.322587 22
736.368455 363.802907 22
728.833343 376.854105 22
727.326320 379.464345 22
725.316957 382.944664 22
723.307593 386.424984 22
719.288866 393.385623 22
717.781844 395.995862 22
711.251413 407.306901 22
709.242050 410.787220 22
708.741336 415.140438 21
709.244490 416.011927 21
711.257108 419.497883 21
711.760262 420.369372 21
713.772880 423.855329 21
714.276035 424.726818 21
714.779189 425.598307 21
716.791807 429.084263 21
718.301270 431.698730 21
719.307579 433.441708 21
719.810733 434.313197 21
720.817042 436.056175 21
721.320197 436.927664 21
722.326505 438.670642 21
722.829660 439.542131 21
723.332814 440.413620 21
724.339123 442.156599 21
725.345432 443.899577 21
725.848586 444.771066 21
726.854895 446.514044 21
727.358050 447.385533 21
727.861204 448.257022 21
728.364359 449.128511 21
731.886440 450.000000 20
733.899058 450.000000 20
736.917984 450.000000 20
738.930602 450.000000 20
741.949529 450.000000 20
742.955838 450.000000 20
743.962147 450.000000 20
748.993691 450.000000 20
752.012618 450.000000 20
754.025236 450.000000 20
755.031545 450.000000 20
756.037853 450.000000 20
757.044162 450.000000 20
758.050471 450.000000 20
759.056780 450.000000 20
761.069398 450.000000 20
763.082016 450.000000 20
764.088325 450.000000 20
765.094634 450.000000 20
766.100942 450.000000 20
769.119869 450.000000 20
772.137169 448.259840 19
772.639510 447.389760 19
773.644191 445.649601 19
774.146532 444.779521 19
780.174622 434.338562 19
782.183986 430.858243 19
784.193349 427.377923 19
787.207394 422.157444 19
788.212076 420.417284 19
788.714417 419.547204 19
790.221439 416.936965 19
791.226121 415.196805 19
793.235484 411.716486 19
793.737825 410.846406 19
798.258893 403.015687 19
798.761234 402.145607 19
804.789324 391.704649 19
805.291665 390.834569 19
806.798687 388.224329 19
808.305710 385.614089 19
820.864231 363.862093 19
821.366572 362.992013 19
824.380617 357.771534 19
825.385298 356.031374 19
826.389980 354.291214 19
836.436797 336.889617 19
843.971910 323.838418 19
850.000000 313.397460 19
851.507023 316.007700 18
855.023408 322.098259 18
859.042135 329.058898 18
861.051499 332.539217 18
862.056180 334.279377 18
864.065544 337.759696 18
865.572566 340.369936 18
867.079589 342.980176 18
868.586611 345.590415 18
869.591293 347.330575 18
870.595975 349.070735 18
872.102997 351.680974 18
883.154496 370.822732 18
886.670882 376.913291 18
887.173223 377.783371 18
888.680245 380.393610 18
890.689609 383.873930 18
894.205995 389.964489 18
896.717699 394.314888 18
902.243448 403.885767 18
907.769197 413.456645 18
908.271538 414.326725 18
913.294947 423.027524 18
916.811333 429.118083 18
918.318355 431.728323 18
919.323037 433.468482 18
926.858150 446.519681 18
927.360490 447.389760 18
927.862831 448.259840 18
928.365172 449.129920 18
929.869379 450.000000 17
930.871245 450.000000 17
931.873111 450.000000 17
934.878709 450.000000 17
939.888039 450.000000 17
942.893637 450.000000 17
945.899235 450.000000 17
946.901101 450.000000 17
949.906699 450.000000 17
957.921627 450.000000 17
958.923493 450.000000 17
959.925359 450.000000 17
961.929091 450.000000 17
962.930957 450.000000 17
964.934690 450.000000 17
965.936556 450.000000 17
966.938422 450.000000 17
969.944020 450.000000 17
971.947752 450.000000 17
974.953350 450.000000 17
976.957082 450.000000 17
978.960814 450.000000 17
979.962680 450.000000 17
980.964546 450.000000 17
982.968278 450.000000 17
983.970144 450.000000 17
986.975742 450.000000 17
987.977608 450.000000 17
993.988804 450.000000 17
1000.000000 457.000000 16
1000.000000 460.000000 16
1000.000000 462.000000 16
1000.000000 463.000000 16
1000.000000 467.000000 16
1000.000000 470.000000 16
1000.000000 473.000000 16
1000.000000 477.000000 16
1000.000000 480.000000 16
1000.000000 490.000000 16
1000.000000 499.000000 16
1000.000000 501.000000 16
1000.000000 503.000000 16
1000.000000 504.000000 16
1000.000000 505.000000 16
1000.000000 510.000000 16
1000.000000 515.000000 16
1000.000000 519.000000 16
1000.000000 525.000000 16
1000.000000 535.000000 16
1000.000000 539.000000 16
1000.000000 544.000000 16
995.972890 550.000000 15
992.952558 550.000000 15
990.939003 550.000000 15
988.925448 550.000000 15
987.918671 550.000000 15
981.878006 550.000000 15
977.850896 550.000000 15
976.844119 550.000000 15
975.837341 550.000000 15
973.823786 550.000000 15
972.817009 550.000000 15
967.783122 550.000000 15
961.742457 550.000000 15
958.722125 550.000000 15
957.715347 550.000000 15
956.708570 550.000000 15
954.695015 550.000000 15
953.688238 550.000000 15
951.674683 550.000000 15
949.661128 550.000000 15
947.647573 550.000000 15
942.613686 550.000000 15
927.512024 550.000000 15
926.505246 550.000000 15
914.423917 550.000000 15
909.390030 550.000000 15
903.349365 550.000000 15
902.342588 550.000000 15
896.301923 550.000000 15
894.288368 550.000000 15
889.254481 550.000000 15
887.240926 550.000000 15
878.179929 550.000000 15
877.173152 550.000000 15
873.146042 550.000000 15
872.139264 550.000000 15
871.132487 550.000000 15
871.132487 550.000000 14
869.623024 547.385533 14
869.119869 546.514044 14
868.113560 544.771066 14
866.100942 541.285110 14
865.094634 539.542131 14
864.591479 538.670642 14
864.088325 537.799153 14
863.585170 536.927664 14
861.572552 533.441708 14
860.063089 530.827241 14
857.547317 526.469796 14
855.534699 522.983840 14
855.031545 522.112350 14
854.528390 521.240861 14
852.515772 517.754905 14
852.012618 516.883416 14
851.006309 515.140438 14
850.000000 513.397460 14
849.496846 514.268949 13
848.993691 515.140438 13
847.987382 516.883416 13
846.981073 518.626394 13
846.477919 519.497883 13
845.974764 520.369372 13
845.471610 521.240861 13
844.968455 522.112350 13
844.465301 522.983840 13
841.949529 527.341285 13
839.433757 531.698730 13
838.427448 533.441708 13
837.421139 535.184686 13
834.402212 540.413620 13
832.389594 543.899577 13
831.886440 544.771066 13
831.383285 545.642555 13
830.376976 547.385533 13
829.873822 548.257022 13
825.853468 550.000000 12
820.830059 550.000000 12
812.792606 550.000000 12
809.778561 550.000000 12
804.755152 550.000000 12
767.581930 550.000000 12
764.567885 550.000000 12
760.549158 550.000000 12
756.530431 550.000000 12
754.521068 550.000000 12
751.507023 550.000000 12
748.492977 550.000000 12
746.483614 550.000000 12
743.469569 550.000000 12
737.441479 550.000000 12
735.432115 550.000000 12
732.418070 550.000000 12
730.408707 550.000000 12
726.389980 550.000000 12
724.380617 550.000000 12
720.361890 550.000000 12
715.338482 550.000000 12
710.315073 550.000000 12
701.272938 550.000000 12
700.268256 550.000000 12
696.249529 550.000000 12
694.240166 550.000000 12
693.235484 550.000000 12
688.212076 550.000000 12
684.193349 550.000000 12
682.183986 550.000000 12
668.620783 545.649601 11
668.118442 544.779521 11
667.616101 543.909441 11
662.090352 534.338562 11
661.588011 533.468482 11
660.080988 530.858243 11
654.052898 520.417284 11
653.550557 519.547204 11
651.541194 516.066885 11
651.038853 515.196805 11
650.536512 514.326725 11
648.024808 509.976326 11
636.470968 489.964489 11
635.466286 488.224329 11
625.419469 470.822732 11
619.893720 461.251853 11
618.386697 458.641613 11
616.377334 455.161294 11
614.870311 452.551054 11
613.363289 449.940815 11
609.846903 443.850256 11
609.344562 442.980176 11
604.321153 434.279377 11
598.795404 424.708498 11
595.279018 418.617939 11
594.277591 409.911504 10
595.283900 408.168526 10
597.296518 404.682569 10
597.799672 403.811080 10
598.805981 402.068102 10
599.812290 400.325124 10
600.315444 399.453635 10
600.818599 398.582146 10
602.831216 395.096190 10
604.843834 391.610233 10
608.365915 385.509810 10
608.869070 384.638321 10
609.372224 383.766832 10
611.384842 380.280875 10
611.887997 379.409386 10
612.894306 377.666408 10
612.391151 376.794919 9
610.378533 376.794919 9
609.372224 376.794919 9
608.365916 376.794919 9
605.346989 376.794919 9
603.334371 376.794919 9
598.302827 376.794919 9
596.290209 376.794919 9
589.246047 376.794919 9
588.239738 376.794919 9
587.233429 376.794919 9
586.227120 376.794919 9
582.201885 376.794919 9
577.170340 376.794919 9
574.151414 376.794919 9
573.145105 376.794919 9
571.132487 376.794919 9
571.132487 376.794919 8
570.629333 375.923430 8
570.126178 375.051941 8
568.113560 371.565985 8
566.100942 368.080029 8
565.597788 367.208539 8
565.094634 366.337050 8
564.088325 364.594072 8
563.585170 363.722583 8
563.082016 362.851094 8
562.578861 361.979605 8
562.075707 361.108116 8
561.069398 359.365138 8
560.566243 358.493649 8
560.063089 357.622160 8
559.559935 356.750671 8
559.056780 355.879182 8
558.050471 354.136204 8
557.547317 353.264715 8
555.534699 349.778759 8
554.528390 348.035780 8
554.025236 347.164291 8
553.018927 345.421313 8
552.515772 344.549824 8
552.012618 343.678335 8
551.509463 342.806846 8
550.000000 340.192379 8
550.000000 340.192379 7
549.496846 341.063868 7
547.987382 343.678335 7
545.974764 347.164291 7
545.471610 348.035780 7
544.968455 348.907269 7
544.465301 349.778759 7
543.458992 351.521737 7
541.949529 354.136204 7
541.446374 355.007693 7
539.433757 358.493649 7
538.930602 359.365138 7
538.427448 360.236627 7
537.924293 361.108116 7
537.421139 361.979605 7
536.917984 362.851094 7
533.395903 368.951518 7
532.892749 369.823007 7
532.389594 370.694496 7
531.383285 372.437474 7
530.880131 373.308963 7
530.376976 374.180452 7
528.867513 376.794919 7
528.867513 376.794919 6
521.823351 376.794919 6
520.817042 376.794919 6
518.804424 376.794919 6
516.791806 376.794919 6
515.785498 376.794919 6
514.779189 376.794919 6
511.760262 376.794919 6
510.753953 376.794919 6
508.741335 376.794919 6
507.735027 376.794919 6
506.728718 376.794919 6
505.722409 376.794919 6
504.716100 376.794919 6
503.709791 376.794919 6
501.697173 376.794919 6
498.678247 376.794919 6
496.665629 376.794919 6
495.659320 376.794919 6
489.621467 376.794919 6
488.615158 376.794919 6
490.124621 382.895342 5
491.130930 384.638321 5
491.634085 385.509810 5
492.137239 386.381299 5
492.640393 387.252788 5
494.149857 389.867255 5
495.156166 391.610233 5
495.659320 392.481722 5
496.665629 394.224700 5
497.168784 395.096190 5
498.678247 397.710657 5
499.181401 398.582146 5
499.684556 399.453635 5
500.187710 400.325124 5
502.200328 403.811080 5
504.212946 407.297036 5
506.225564 410.782993 5
507.231873 412.525971 5
505.223323 417.747859 4
502.711618 422.098259 4
497.688210 430.799057 4
493.167142 438.629776 4
492.664801 439.499856 4
490.655438 442.980176 4
488.143734 447.330575 4
487.641393 448.200655 4
482.617984 456.901454 4
480.608621 460.381773 4
478.096917 464.732172 4
477.092235 466.472332 4
476.589894 467.342412 4
476.087553 468.212492 4
466.543077 484.744010 4
465.538395 486.484169 4
465.036054 487.354249 4
464.533714 488.224329 4
463.026691 490.834569 4
462.022009 492.574728 4
461.519668 493.444808 4
459.510305 496.925128 4
458.003283 499.535367 4
444.440079 523.027524 4
443.937739 523.897604 4
442.933057 525.637764 4
439.919012 530.858243 4
439.416671 531.728323 4
437.909648 534.338562 4
434.895603 539.559042 4
434.393262 540.429121 4
433.890922 541.299201 4
431.379217 545.649601 4
430.876876 546.519681 4
428.867513 550.000000 4
427.862831 550.000000 3
423.844105 550.000000 3
419.825378 550.000000 3
406.764516 550.000000 3
405.759834 550.000000 3
404.755152 550.000000 3
392.698972 550.000000 3
391.694290 550.000000 3
368.586611 550.000000 3
367.581930 550.000000 3
363.563203 550.000000 3
362.558521 550.000000 3
361.553839 550.000000 3
359.544476 550.000000 3
354.521068 550.000000 3
351.507023 550.000000 3
343.469569 550.000000 3
336.436797 550.000000 3
331.413389 550.000000 3
314.333800 550.000000 3
301.272938 550.000000 3
300.268256 550.000000 3
299.263574 550.000000 3
295.244848 550.000000 3
283.188667 550.000000 3
281.179304 550.000000 3
278.165259 550.000000 3
272.137169 550.000000 3
271.132487 550.000000 2
270.629333 549.128511 2
270.126178 548.257022 2
269.119869 546.514044 2
268.616715 545.642555 2
267.610406 543.899577 2
267.107251 543.028088 2
265.597788 540.413620 2
265.094634 539.542131 2
264.591479 538.670642 2
263.585170 536.927664 2
263.082016 536.056175 2
262.578861 535.184686 2
262.075707 534.313197 2
261.069398 532.570219 2
260.063089 530.827241 2
259.056780 529.084263 2
257.547317 526.469796 2
257.044162 525.598307 2
256.541008 524.726818 2
256.037853 523.855329 2
254.528390 521.240861 2
254.025236 520.369372 2
252.515772 517.754905 2
251.509463 516.011927 2
250.000000 513.397460 2
247.484228 517.754905 1
246.981073 518.626394 1
246.477919 519.497883 1
245.471610 521.240861 1
244.465301 522.983840 1
243.962147 523.855329 1
242.955838 525.598307 1
241.446374 528.212774 1
240.943220 529.084263 1
239.936911 530.827241 1
237.924293 534.313197 1
237.421139 535.184686 1
236.414830 536.927664 1
235.911675 537.799153 1
234.905366 539.542131 1
233.899058 541.285110 1
233.395903 542.156599 1
232.892749 543.028088 1
232.389594 543.899577 1
231.383285 545.642555 1
230.880131 546.514044 1
229.873822 548.257022 1
229.370667 549.128511 1
228.867513 550.000000 1
228.867513 550.000000 0
224.840403 550.000000 0
222.826848 550.000000 0
209.738742 550.000000 0
208.731964 550.000000 0
205.711632 550.000000 0
201.684522 550.000000 0
193.630302 550.000000 0
178.528641 550.000000 0
170.474421 550.000000 0
169.467644 550.000000 0
167.454089 550.000000 0
165.440534 550.000000 0
159.399869 550.000000 0
143.291430 550.000000 0
139.264320 550.000000 0
137.250765 550.000000 0
135.237211 550.000000 0
134.230433 550.000000 0
131.210101 550.000000 0
116.108439 550.000000 0
115.101662 550.000000 0
112.081329 550.000000 0
103.020332 550.000000 0
101.006777 550.000000 0
