1560
101.001866 450.000000 32
102.003732 450.000000 32
103.005598 450.000000 32
105.009330 450.000000 32
106.011196 450.000000 32
108.014928 450.000000 32
109.016794 450.000000 32
110.018660 450.000000 32
114.026124 450.000000 32
115.027990 450.000000 32
116.029856 450.000000 32
118.033588 450.000000 32
120.037320 450.000000 32
122.041052 450.000000 32
123.042918 450.000000 32
125.046650 450.000000 32
127.050382 450.000000 32
131.057846 450.000000 32
132.059712 450.000000 32
133.061578 450.000000 32
134.063444 450.000000 32
135.065310 450.000000 32
136.067177 450.000000 32
137.069043 450.000000 32
138.070909 450.000000 32
139.072775 450.000000 32
141.076507 450.000000 32
143.080239 450.000000 32
145.083971 450.000000 32
146.085837 450.000000 32
148.089569 450.000000 32
150.093301 450.000000 32
155.102631 450.000000 32
157.106363 450.000000 32
159.110095 450.000000 32
160.111961 450.000000 32
161.113827 450.000000 32
162.115693 450.000000 32
164.119425 450.000000 32
167.125023 450.000000 32
170.130621 450.000000 32
171.132487 450.000000 32
172.137169 448.259840 31
172.639510 447.389760 31
173.141850 446.519681 31
173.644191 445.649601 31
174.146532 444.779521 31
175.151214 443.039361 31
175.653555 442.169281 31
177.160577 439.559042 31
178.165259 437.818882 31
179.169941 436.078722 31
179.672281 435.208642 31
180.174622 434.338562 31
185.700372 424.767684 31
186.705053 423.027524 31
188.714417 419.547204 31
189.719098 417.807045 31
190.723780 416.066885 31
191.226121 415.196805 31
192.733143 412.586565 31
193.737825 410.846406 31
197.756552 403.885767 31
198.761234 402.145607 31
199.263574 401.275527 31
199.765915 400.405447 31
201.272938 397.795208 31
201.775279 396.925128 31
203.282301 394.314888 31
203.784642 393.444808 31
204.286983 392.574728 31
204.789324 391.704649 31
206.798687 388.224329 31
208.305710 385.614089 31
210.817414 381.263690 31
211.319755 380.393610 31
211.822096 379.523530 31
213.831459 376.043211 31
214.836141 374.303051 31
215.338482 373.432971 31
216.845504 370.822732 31
217.347845 369.952652 31
219.357208 366.472332 31
219.859549 365.602252 31
221.366572 362.992013 31
222.873594 360.381773 31
224.380617 357.771534 31
226.892321 353.421134 31
227.394662 352.551054 31
227.897003 351.680974 31
228.901684 349.940815 31
229.404025 349.070735 31
230.408707 347.330575 31
233.925093 341.240016 31
234.427434 340.369936 31
235.432115 338.629776 31
236.436797 336.889617 31
238.948501 332.539217 31
240.455524 329.928978 31
240.957865 329.058898 31
242.464887 326.448658 31
242.967228 325.578578 31
243.971910 323.838418 31
245.478932 321.228179 31
245.981273 320.358099 31
250.000000 313.397460 30
250.502341 314.267540 30
252.009363 316.877779 30
252.511704 317.747859 30
253.014045 318.617939 30
254.018727 320.358099 30
254.521068 321.228179 30
255.023408 322.098259 30
255.525749 322.968339 30
256.028090 323.838418 30
257.032772 325.578578 30
259.042135 329.058898 30
259.544476 329.928978 30
260.549158 331.669137 30
263.563203 336.889617 30
264.065544 337.759696 30
264.567885 338.629776 30
265.572566 340.369936 30
268.084270 344.720335 30
271.600656 350.810895 30
272.102997 351.680974 30
272.605338 352.551054 30
273.107679 353.421134 30
273.610020 354.291214 30
276.624065 359.511693 30
277.628747 361.251853 30
280.140451 365.602252 30
280.642792 366.472332 30
281.647473 368.212492 30
283.154496 370.822732 30
283.656837 371.692811 30
284.159178 372.562891 30
285.163859 374.303051 30
285.666200 375.173131 30
288.177904 379.523530 30
288.680245 380.393610 30
289.182586 381.263690 30
290.689609 383.873930 30
291.191949 384.744010 30
293.201313 388.224329 30
293.703654 389.094409 30
295.210676 391.704649 30
296.215358 393.444808 30
299.229403 398.665288 30
302.745789 404.755847 30
303.248130 405.625926 30
304.252811 407.366086 30
305.257493 409.106246 30
307.769197 413.456645 30
309.276220 416.066885 30
309.778561 416.936965 30
312.792606 422.157444 30
314.299628 424.767684 30
315.304310 426.507843 30
316.811333 429.118083 30
317.313674 429.988163 30
318.820696 432.598403 30
320.327719 435.208642 30
320.830059 436.078722 30
321.834741 437.818882 30
322.839423 439.559042 30
323.341764 440.429121 30
325.853468 444.779521 30
326.355809 445.649601 30
327.360490 447.389760 30
328.365172 449.129920 30
328.867513 450.000000 29
329.873822 450.000000 29
331.886440 450.000000 29
332.892749 450.000000 29
333.899058 450.000000 29
334.905366 450.000000 29
335.911675 450.000000 29
336.917984 450.000000 29
337.924293 450.000000 29
339.936911 450.000000 29
340.943220 450.000000 29
341.949529 450.000000 29
342.955838 450.000000 29
343.962147 450.000000 29
346.981073 450.000000 29
347.987382 450.000000 29
350.000000 450.000000 29
351.006309 450.000000 29
352.012618 450.000000 29
353.018927 450.000000 29
354.025236 450.000000 29
355.031545 450.000000 29
356.037853 450.000000 29
357.044162 450.000000 29
358.050471 450.000000 29
360.063089 450.000000 29
361.069398 450.000000 29
363.082016 450.000000 29
364.088325 450.000000 29
365.094634 450.000000 29
367.107251 450.000000 29
370.126178 450.000000 29
371.132487 450.000000 29
371.132487 450.000000 28
371.635641 449.128511 28
372.138796 448.257022 28
372.641950 447.385533 28
373.145105 446.514044 28
375.660877 442.156599 28
376.164031 441.285110 28
376.667186 440.413620 28
377.673495 438.670642 28
378.176649 437.799153 28
378.679803 436.927664 28
379.182958 436.056175 28
379.686112 435.184686 28
380.189267 434.313197 28
382.201884 430.827241 28
383.208193 429.084263 28
383.711348 428.212774 28
384.214502 427.341285 28
384.717657 426.469796 28
385.220811 425.598307 28
385.723965 424.726818 28
387.736583 421.240861 28
388.239738 420.369372 28
388.742892 419.497883 28
389.246046 418.626394 28
389.749201 417.754905 28
390.252355 416.883416 28
390.755510 416.011927 28
391.258664 415.140438 28
391.761819 414.268949 28
392.264973 413.397460 28
392.264973 413.397460 27
391.260291 411.657300 27
390.255610 409.917140 27
389.753269 409.047061 27
388.246246 406.436821 27
387.241565 404.696661 27
384.729860 400.346262 27
384.227519 399.476182 27
381.715815 395.125783 27
381.213474 394.255703 27
380.711134 393.385623 27
379.204111 390.775383 27
378.701770 389.905303 27
375.687725 384.684824 27
375.185384 383.814744 27
371.668998 377.724185 27
370.161976 375.113945 27
369.659635 374.243865 27
369.157294 373.373786 27
368.654953 372.503706 27
366.645590 369.023386 27
359.612818 356.842268 27
359.110477 355.972188 27
355.594091 349.881629 27
355.091750 349.011549 27
353.584728 346.401309 27
352.580046 344.661150 27
352.077705 343.791070 27
351.073024 342.050910 27
349.063660 338.570590 27
346.551956 334.220191 27
346.049615 333.350111 27
344.040252 329.869792 27
343.035570 328.129632 27
341.026207 324.649312 27
338.514502 320.298913 27
338.012162 319.428833 27
337.509821 318.558753 27
337.007480 317.688673 27
336.002798 315.948514 27
333.993435 312.468194 27
333.491094 311.598114 27
332.988753 310.728034 27
330.477049 306.377635 27
329.472367 304.637475 27
328.467685 302.897315 27
327.463004 301.157156 27
324.448959 295.936676 27
323.444277 294.196517 27
321.937254 291.586277 27
321.434914 290.716197 27
320.932573 289.846117 27
320.430232 288.976037 27
318.420868 285.495718 27
317.918528 284.625638 27
316.411505 282.015398 27
315.909164 281.145318 27
314.402142 278.535079 27
313.899801 277.664999 27
316.411505 276.794919 26
317.416187 276.794919 26
318.420869 276.794919 26
319.425550 276.794919 26
321.434914 276.794919 26
322.439595 276.794919 26
325.453640 276.794919 26
329.472367 276.794919 26
331.481731 276.794919 26
332.486412 276.794919 26
334.495776 276.794919 26
335.500457 276.794919 26
336.505139 276.794919 26
338.514503 276.794919 26
339.519184 276.794919 26
340.523866 276.794919 26
349.566001 276.794919 26
350.570683 276.794919 26
351.575365 276.794919 26
352.580046 276.794919 26
353.584728 276.794919 26
356.598773 276.794919 26
358.608137 276.794919 26
362.626863 276.794919 26
366.645590 276.794919 26
368.654954 276.794919 26
372.673680 276.794919 26
374.683044 276.794919 26
375.687725 276.794919 26
377.697089 276.794919 26
378.701771 276.794919 26
381.715816 276.794919 26
383.725179 276.794919 26
386.739224 276.794919 26
387.743906 276.794919 26
388.748588 276.794919 26
389.753269 276.794919 26
391.762633 276.794919 26
392.767314 276.794919 26
393.771996 276.794919 26
395.781359 276.794919 26
398.795405 276.794919 26
401.809450 276.794919 26
403.818813 276.794919 26
410.851585 276.794919 26
411.856267 276.794919 26
412.860948 276.794919 26
413.865630 276.794919 26
414.870312 276.794919 26
417.884357 276.794919 26
421.903084 276.794919 26
424.917129 276.794919 26
426.926492 276.794919 26
429.940537 276.794919 26
430.945219 276.794919 26
431.949901 276.794919 26
437.977991 276.794919 26
440.992036 276.794919 26
443.001399 276.794919 26
448.024808 276.794919 26
450.034171 276.794919 26
451.038853 276.794919 26
452.043535 276.794919 26
453.048216 276.794919 26
457.066943 276.794919 26
458.071625 276.794919 26
460.080988 276.794919 26
462.090352 276.794919 26
463.095033 276.794919 26
466.109078 276.794919 26
467.113760 276.794919 26
470.127805 276.794919 26
472.137169 275.054759 25
473.141850 273.314600 25
473.644191 272.444520 25
475.151214 269.834280 25
475.653555 268.964200 25
477.160577 266.353961 25
477.662918 265.483881 25
478.165259 264.613801 25
480.174622 261.133481 25
480.676963 260.263401 25
481.681645 258.523242 25
482.183986 257.653162 25
483.188667 255.913002 25
484.695690 253.302762 25
485.700372 251.562603 25
486.202712 250.692523 25
491.226121 241.991724 25
492.230803 240.251564 25
492.733143 239.381484 25
493.235484 238.511405 25
495.244848 235.031085 25
495.747189 234.161005 25
497.254211 231.550766 25
498.761234 228.940526 25
499.263574 228.070446 25
499.765915 227.200366 25
501.272938 224.590127 25
502.277620 222.849967 25
503.784642 220.239727 25
505.794005 216.759408 25
508.305710 212.409008 25
508.808051 211.538929 25
511.822096 206.318449 25
513.329118 203.708210 25
515.338482 200.227890 25
515.840822 199.357810 25
516.845504 197.617651 25
517.347845 196.747571 25
518.854867 194.137331 25
519.859549 192.397171 25
520.361890 191.527091 25
520.864231 190.657012 25
521.366572 189.786932 25
523.878276 185.436532 25
524.380617 184.566453 25
524.882958 183.696373 25
525.887639 181.956213 25
527.394662 179.345973 25
527.897003 178.475893 25
528.901684 176.735734 25
530.408707 174.125494 25
531.413389 172.385334 25
531.915730 171.515254 25
532.920411 169.775095 25
534.929775 166.294775 25
536.939138 162.814456 25
537.943820 161.074296 25
538.948501 159.334136 25
539.953183 157.593976 25
541.962546 154.113657 25
542.464887 153.243577 25
542.967228 152.373497 25
545.981273 147.153018 25
547.488296 144.542778 25
547.990637 143.672698 25
548.995318 141.932539 25
550.000000 140.192379 25
550.502341 141.062459 24
552.009363 143.672698 24
552.511704 144.542778 24
554.521068 148.023098 24
555.023408 148.893178 24
555.525749 149.763258 24
556.028090 150.633337 24
557.535113 153.243577 24
559.042135 155.853817 24
560.046817 157.593976 24
560.549158 158.464056 24
561.553839 160.204216 24
562.056180 161.074296 24
565.070225 166.294775 24
565.572566 167.164855 24
566.577248 168.905015 24
568.084270 171.515254 24
570.093634 174.995574 24
570.595975 175.865654 24
571.600656 177.605814 24
572.102997 178.475893 24
572.605338 179.345973 24
576.121724 185.436532 24
577.628747 188.046772 24
579.135769 190.657012 24
580.140451 192.397171 24
581.647473 195.007411 24
583.154496 197.617651 24
583.656837 198.487730 24
584.661518 200.227890 24
585.666200 201.968050 24
586.168541 202.838130 24
586.670882 203.708210 24
589.182586 208.058609 24
592.196631 213.279088 24
593.201313 215.019248 24
594.205995 216.759408 24
595.210676 218.499568 24
595.713017 219.369647 24
596.215358 220.239727 24
596.717699 221.109807 24
597.220040 221.979887 24
599.731744 226.330286 24
602.745789 231.550766 24
607.266857 239.381484 24
607.769197 240.251564 24
609.276220 242.861804 24
609.778561 243.731884 24
611.285583 246.342123 24
611.787924 247.212203 24
612.290265 248.082283 24
613.797288 250.692523 24
617.816014 257.653162 24
618.318355 258.523242 24
618.820696 259.393322 24
619.323037 260.263401 24
621.332400 263.743721 24
621.834741 264.613801 24
622.839423 266.353961 24
625.853468 271.574440 24
627.360490 274.184679 24
627.862831 275.054759 24
628.867513 276.794919 23
629.872195 276.794919 23
630.876876 276.794919 23
631.881558 276.794919 23
633.890922 276.794919 23
635.900285 276.794919 23
641.928375 276.794919 23
642.933057 276.794919 23
644.942420 276.794919 23
645.947102 276.794919 23
646.951784 276.794919 23
647.956465 276.794919 23
649.965829 276.794919 23
653.984556 276.794919 23
656.998601 276.794919 23
662.022009 276.794919 23
664.031373 276.794919 23
666.040736 276.794919 23
669.054781 276.794919 23
670.059463 276.794919 23
673.073508 276.794919 23
674.078190 276.794919 23
675.082871 276.794919 23
681.110961 276.794919 23
685.129688 276.794919 23
686.134370 276.794919 23
687.139052 276.794919 23
688.143733 276.794919 23
690.153097 276.794919 23
694.171824 276.794919 23
697.185869 276.794919 23
701.204595 276.794919 23
703.213959 276.794919 23
707.232686 276.794919 23
708.237367 276.794919 23
709.242049 276.794919 23
710.246731 276.794919 23
711.251412 276.794919 23
712.256094 276.794919 23
715.270139 276.794919 23
717.279503 276.794919 23
724.312275 276.794919 23
727.326320 276.794919 23
729.335683 276.794919 23
730.340365 276.794919 23
731.345046 276.794919 23
733.354410 276.794919 23
735.363773 276.794919 23
737.373137 276.794919 23
738.377818 276.794919 23
739.382500 276.794919 23
745.410590 276.794919 23
746.415272 276.794919 23
748.424635 276.794919 23
750.433999 276.794919 23
758.471452 276.794919 23
761.485497 276.794919 23
763.494861 276.794919 23
765.504224 276.794919 23
767.513588 276.794919 23
768.518269 276.794919 23
770.527633 276.794919 23
779.569768 276.794919 23
782.583813 276.794919 23
783.588495 276.794919 23
786.602540 276.794919 22
783.588495 282.015398 22
782.583813 283.755558 22
782.081472 284.625638 22
781.579132 285.495718 22
781.076791 286.365798 22
775.551041 295.936676 22
773.541678 299.416996 22
771.532315 302.897315 22
770.527633 304.637475 22
769.020610 307.247715 22
768.015929 308.987875 22
767.011247 310.728034 22
766.508906 311.598114 22
765.504224 313.338274 22
764.499543 315.078434 22
763.494861 316.818593 22
760.983157 321.168993 22
758.973793 324.649312 22
757.969112 326.389472 22
751.438681 337.700511 22
748.926976 342.050910 22
746.917613 345.531229 22
743.401227 351.621789 22
741.391864 355.102108 22
739.382500 358.582428 22
738.880160 359.452508 22
738.377819 360.322587 22
736.870796 362.932827 22
734.359092 367.283226 22
732.852069 369.893466 22
731.847388 371.633626 22
730.842706 373.373786 22
728.331002 377.724185 22
726.321638 381.204504 22
723.809934 385.554904 22
723.307593 386.424984 22
722.805252 387.295064 22
721.800571 389.035223 22
720.795889 390.775383 22
718.284185 395.125783 22
715.772481 399.476182 22
715.270140 400.346262 22
714.767799 401.216342 22
713.260776 403.826581 22
712.256095 405.566741 22
710.246731 409.047061 22
708.739709 411.657300 22
707.735027 413.397460 21
708.238181 414.268949 21
708.741336 415.140438 21
709.244490 416.011927 21
709.747645 416.883416 21
710.250799 417.754905 21
710.753954 418.626394 21
711.760262 420.369372 21
712.263417 421.240861 21
712.766571 422.112350 21
713.269726 422.983840 21
713.772880 423.855329 21
714.276035 424.726818 21
714.779189 425.598307 21
715.282343 426.469796 21
715.785498 427.341285 21
716.288652 428.212774 21
716.791807 429.084263 21
717.294961 429.955752 21
717.798116 430.827241 21
718.301270 431.698730 21
718.804424 432.570219 21
719.307579 433.441708 21
719.810733 434.313197 21
720.817042 436.056175 21
721.320197 436.927664 21
722.326505 438.670642 21
722.829660 439.542131 21
723.332814 440.413620 21
723.835969 441.285110 21
724.339123 442.156599 21
725.345432 443.899577 21
725.848586 444.771066 21
726.351741 445.642555 21
726.854895 446.514044 21
727.358050 447.385533 21
728.364359 449.128511 21
728.867513 450.000000 21
729.873822 450.000000 20
730.880131 450.000000 20
731.886440 450.000000 20
732.892749 450.000000 20
733.899058 450.000000 20
734.905366 450.000000 20
735.911675 450.000000 20
736.917984 450.000000 20
737.924293 450.000000 20
738.930602 450.000000 20
739.936911 450.000000 20
740.943220 450.000000 20
741.949529 450.000000 20
742.955838 450.000000 20
743.962147 450.000000 20
744.968455 450.000000 20
745.974764 450.000000 20
746.981073 450.000000 20
747.987382 450.000000 20
748.993691 450.000000 20
751.006309 450.000000 20
752.012618 450.000000 20
753.018927 450.000000 20
754.025236 450.000000 20
755.031545 450.000000 20
756.037853 450.000000 20
758.050471 450.000000 20
760.063089 450.000000 20
761.069398 450.000000 20
762.075707 450.000000 20
763.082016 450.000000 20
765.094634 450.000000 20
766.100942 450.000000 20
767.107251 450.000000 20
768.113560 450.000000 20
770.126178 450.000000 20
771.132487 450.000000 20
771.132487 450.000000 19
771.634828 449.129920 19
772.639510 447.389760 19
773.644191 445.649601 19
776.155895 441.299201 19
776.658236 440.429121 19
777.160577 439.559042 19
778.667600 436.948802 19
780.676963 433.468482 19
781.681645 431.728323 19
783.691008 428.248003 19
784.193349 427.377923 19
786.705053 423.027524 19
792.230803 413.456645 19
793.737825 410.846406 19
794.240166 409.976326 19
795.747189 407.366086 19
798.761234 402.145607 19
800.268256 399.535367 19
800.770597 398.665288 19
801.775279 396.925128 19
802.779960 395.184968 19
803.784642 393.444808 19
804.286983 392.574728 19
807.301028 387.354249 19
807.803369 386.484169 19
808.305710 385.614089 19
810.817414 381.263690 19
811.319755 380.393610 19
811.822096 379.523530 19
813.329118 376.913291 19
815.338482 373.432971 19
815.840822 372.562891 19
817.850186 369.082572 19
819.357208 366.472332 19
820.361890 364.732172 19
823.878276 358.641613 19
827.394662 352.551054 19
829.404025 349.070735 19
830.911048 346.460495 19
831.413389 345.590415 19
834.427434 340.369936 19
835.432115 338.629776 19
836.939138 336.019537 19
838.948501 332.539217 19
839.450842 331.669137 19
840.957865 329.058898 19
843.469569 324.708498 19
846.985955 318.617939 19
848.995318 315.137620 19
849.497659 314.267540 19
851.507023 316.007700 18
852.009363 316.877779 18
853.014045 318.617939 18
854.521068 321.228179 18
856.530431 324.708498 18
857.032772 325.578578 18
859.042135 329.058898 18
859.544476 329.928978 18
862.558521 335.149457 18
863.563203 336.889617 18
868.084270 344.720335 18
868.586611 345.590415 18
869.088952 346.460495 18
870.093634 348.200655 18
870.595975 349.070735 18
872.605338 352.551054 18
877.628747 361.251853 18
878.633428 362.992013 18
879.135769 363.862093 18
880.140451 365.602252 18
880.642792 366.472332 18
881.145133 367.342412 18
882.652155 369.952652 18
883.154496 370.822732 18
884.159178 372.562891 18
886.670882 376.913291 18
888.177904 379.523530 18
891.191949 384.744010 18
892.698972 387.354249 18
893.703654 389.094409 18
896.215358 393.444808 18
897.722380 396.055048 18
898.224721 396.925128 18
898.727062 397.795208 18
899.229403 398.665288 18
900.736426 401.275527 18
901.741107 403.015687 18
902.243448 403.885767 18
903.248130 405.625926 18
903.750471 406.496006 18
906.262175 410.846406 18
907.769197 413.456645 18
909.276220 416.066885 18
911.787924 420.417284 18
912.290265 421.287364 18
913.294947 423.027524 18
915.806651 427.377923 18
917.313674 429.988163 18
917.816014 430.858243 18
918.820696 432.598403 18
919.323037 433.468482 18
920.327719 435.208642 18
923.844105 441.299201 18
925.853468 444.779521 18
927.862831 448.259840 18
928.867513 450.000000 17
931.873111 450.000000 17
934.878709 450.000000 17
935.880575 450.000000 17
936.882441 450.000000 17
937.884307 450.000000 17
939.888039 450.000000 17
942.893637 450.000000 17
944.897369 450.000000 17
946.901101 450.000000 17
947.902967 450.000000 17
948.904833 450.000000 17
952.912297 450.000000 17
953.914163 450.000000 17
954.916029 450.000000 17
955.917895 450.000000 17
957.921627 450.000000 17
960.927225 450.000000 17
961.929091 450.000000 17
962.930957 450.000000 17
964.934690 450.000000 17
966.938422 450.000000 17
967.940288 450.000000 17
969.944020 450.000000 17
971.947752 450.000000 17
972.949618 450.000000 17
973.951484 450.000000 17
976.957082 450.000000 17
979.962680 450.000000 17
980.964546 450.000000 17
983.970144 450.000000 17
984.972010 450.000000 17
985.973876 450.000000 17
986.975742 450.000000 17
987.977608 450.000000 17
988.979474 450.000000 17
989.981340 450.000000 17
990.983206 450.000000 17
991.985072 450.000000 17
992.986938 450.000000 17
995.992536 450.000000 17
996.994402 450.000000 17
997.996268 450.000000 17
998.998134 450.000000 17
1000.000000 450.000000 17
1000.000000 453.000000 16
1000.000000 457.000000 16
1000.000000 458.000000 16
1000.000000 463.000000 16
1000.000000 467.000000 16
1000.000000 468.000000 16
1000.000000 469.000000 16
1000.000000 473.000000 16
1000.000000 474.000000 16
1000.000000 479.000000 16
1000.000000 480.000000 16
1000.000000 481.000000 16
1000.000000 482.000000 16
1000.000000 483.000000 16
1000.000000 486.000000 16
1000.000000 491.000000 16
1000.000000 493.000000 16
1000.000000 494.000000 16
1000.000000 495.000000 16
1000.000000 496.000000 16
1000.000000 498.000000 16
1000.000000 500.000000 16
1000.000000 502.000000 16
1000.000000 505.000000 16
1000.000000 506.000000 16
1000.000000 511.000000 16
1000.000000 514.000000 16
1000.000000 518.000000 16
1000.000000 519.000000 16
1000.000000 521.000000 16
1000.000000 524.000000 16
1000.000000 525.000000 16
1000.000000 526.000000 16
1000.000000 529.000000 16
1000.000000 530.000000 16
1000.000000 532.000000 16
1000.000000 533.000000 16
1000.000000 535.000000 16
1000.000000 536.000000 16
1000.000000 537.000000 16
1000.000000 538.000000 16
1000.000000 539.000000 16
1000.000000 541.000000 16
1000.000000 547.000000 16
1000.000000 549.000000 16
1000.000000 550.000000 16
997.986445 550.000000 15
996.979668 550.000000 15
995.972890 550.000000 15
994.966113 550.000000 15
993.959335 550.000000 15
992.952558 550.000000 15
988.925448 550.000000 15
980.871229 550.000000 15
978.857674 550.000000 15
976.844119 550.000000 15
973.823786 550.000000 15
967.783122 550.000000 15
964.762789 550.000000 15
961.742457 550.000000 15
958.722125 550.000000 15
957.715347 550.000000 15
950.667905 550.000000 15
949.661128 550.000000 15
948.654350 550.000000 15
945.634018 550.000000 15
943.620463 550.000000 15
942.613686 550.000000 15
941.606908 550.000000 15
938.586576 550.000000 15
937.579798 550.000000 15
936.573021 550.000000 15
935.566243 550.000000 15
933.552689 550.000000 15
929.525579 550.000000 15
927.512024 550.000000 15
926.505246 550.000000 15
921.471359 550.000000 15
920.464582 550.000000 15
917.444249 550.000000 15
914.423917 550.000000 15
911.403585 550.000000 15
910.396807 550.000000 15
907.376475 550.000000 15
906.369698 550.000000 15
901.335810 550.000000 15
900.329033 550.000000 15
898.315478 550.000000 15
894.288368 550.000000 15
893.281591 550.000000 15
885.227371 550.000000 15
883.213816 550.000000 15
882.207039 550.000000 15
878.179929 550.000000 15
873.146042 550.000000 15
872.139264 550.000000 15
871.132487 550.000000 14
870.629333 549.128511 14
870.126178 548.257022 14
869.623024 547.385533 14
868.616715 545.642555 14
868.113560 544.771066 14
867.610406 543.899577 14
867.107251 543.028088 14
866.100942 541.285110 14
865.094634 539.542131 14
864.088325 537.799153 14
863.585170 536.927664 14
863.082016 536.056175 14
862.578861 535.184686 14
862.075707 534.313197 14
861.572552 533.441708 14
861.069398 532.570219 14
860.566243 531.698730 14
860.063089 530.827241 14
859.559935 529.955752 14
858.050471 527.341285 14
857.547317 526.469796 14
857.044162 525.598307 14
856.541008 524.726818 14
856.037853 523.855329 14
855.534699 522.983840 14
855.031545 522.112350 14
854.528390 521.240861 14
854.025236 520.369372 14
853.522081 519.497883 14
853.018927 518.626394 14
852.515772 517.754905 14
852.012618 516.883416 14
851.006309 515.140438 14
850.503154 514.268949 14
850.000000 513.397460 13
849.496846 514.268949 13
847.987382 516.883416 13
847.484228 517.754905 13
846.981073 518.626394 13
846.477919 519.497883 13
845.471610 521.240861 13
844.465301 522.983840 13
843.962147 523.855329 13
843.458992 524.726818 13
842.955838 525.598307 13
842.452683 526.469796 13
841.949529 527.341285 13
841.446374 528.212774 13
840.943220 529.084263 13
840.440065 529.955752 13
839.936911 530.827241 13
839.433757 531.698730 13
838.930602 532.570219 13
838.427448 533.441708 13
837.924293 534.313197 13
837.421139 535.184686 13
836.917984 536.056175 13
836.414830 536.927664 13
835.911675 537.799153 13
835.408521 538.670642 13
834.905366 539.542131 13
834.402212 540.413620 13
833.899058 541.285110 13
833.395903 542.156599 13
832.892749 543.028088 13
831.886440 544.771066 13
831.383285 545.642555 13
830.880131 546.514044 13
830.376976 547.385533 13
829.873822 548.257022 13
829.370667 549.128511 13
828.867513 550.000000 13
828.867513 550.000000 12
826.858150 550.000000 12
823.844105 550.000000 12
820.830059 550.000000 12
819.825378 550.000000 12
818.820696 550.000000 12
817.816014 550.000000 12
815.806651 550.000000 12
814.801969 550.000000 12
811.787924 550.000000 12
807.769197 550.000000 12
803.750471 550.000000 12
800.736426 550.000000 12
799.731744 550.000000 12
797.722380 550.000000 12
795.713017 550.000000 12
794.708335 550.000000 12
793.703654 550.000000 12
791.694290 550.000000 12
788.680245 550.000000 12
787.675564 550.000000 12
785.666200 550.000000 12
779.638110 550.000000 12
776.624065 550.000000 12
774.614702 550.000000 12
773.610020 550.000000 12
771.600656 550.000000 12
770.595975 550.000000 12
769.591293 550.000000 12
768.586611 550.000000 12
767.581930 550.000000 12
766.577248 550.000000 12
765.572566 550.000000 12
763.563203 550.000000 12
762.558521 550.000000 12
754.521068 550.000000 12
748.492977 550.000000 12
745.478932 550.000000 12
743.469569 550.000000 12
739.450842 550.000000 12
737.441479 550.000000 12
734.427434 550.000000 12
730.408707 550.000000 12
725.385298 550.000000 12
724.380617 550.000000 12
721.366572 550.000000 12
717.347845 550.000000 12
715.338482 550.000000 12
712.324436 550.000000 12
707.301028 550.000000 12
706.296346 550.000000 12
705.291665 550.000000 12
704.286983 550.000000 12
703.282301 550.000000 12
699.263574 550.000000 12
697.254211 550.000000 12
696.249529 550.000000 12
695.244848 550.000000 12
694.240166 550.000000 12
688.212076 550.000000 12
687.207394 550.000000 12
683.188667 550.000000 12
681.179304 550.000000 12
673.141850 550.000000 12
671.132487 550.000000 12
669.625464 547.389760 11
669.123124 546.519681 11
668.620783 545.649601 11
668.118442 544.779521 11
667.113760 543.039361 11
666.109078 541.299201 11
665.606738 540.429121 11
664.099715 537.818882 11
662.090352 534.338562 11
661.588011 533.468482 11
661.085670 532.598403 11
660.080988 530.858243 11
652.545875 517.807045 11
652.043535 516.936965 11
649.531830 512.586565 11
648.024808 509.976326 11
646.015444 506.496006 11
643.503740 502.145607 11
643.001399 501.275527 11
642.499058 500.405447 11
641.996717 499.535367 11
639.987354 496.055048 11
639.485013 495.184968 11
637.977991 492.574728 11
635.968627 489.094409 11
635.466286 488.224329 11
634.963946 487.354249 11
631.949900 482.133770 11
631.447560 481.263690 11
630.945219 480.393610 11
630.442878 479.523530 11
629.940537 478.653450 11
628.935855 476.913291 11
626.926492 473.432971 11
625.921810 471.692811 11
625.419469 470.822732 11
622.907765 466.472332 11
622.405424 465.602252 11
621.903083 464.732172 11
620.396061 462.121933 11
619.893720 461.251853 11
617.382016 456.901454 11
616.879675 456.031374 11
614.367971 451.680974 11
611.353925 446.460495 11
609.846903 443.850256 11
608.842221 442.110096 11
607.837539 440.369936 11
607.335199 439.499856 11
606.832858 438.629776 11
606.330517 437.759696 11
605.828176 436.889617 11
604.321153 434.279377 11
603.818813 433.409297 11
602.814131 431.669137 11
601.809449 429.928978 11
599.800086 426.448658 11
599.297745 425.578578 11
598.795404 424.708498 11
597.790722 422.968339 11
593.269655 415.137620 11
592.264973 413.397460 11
592.264973 413.397460 10
592.768127 412.525971 10
593.774436 410.782993 10
594.277591 409.911504 10
594.780745 409.040015 10
596.290209 406.425547 10
596.793363 405.554058 10
597.296518 404.682569 10
597.799672 403.811080 10
598.302826 402.939591 10
598.805981 402.068102 10
599.309135 401.196613 10
599.812290 400.325124 10
600.315444 399.453635 10
600.818599 398.582146 10
601.321753 397.710657 10
601.824908 396.839168 10
602.328062 395.967679 10
602.831216 395.096190 10
603.334371 394.224700 10
603.837525 393.353211 10
604.340680 392.481722 10
604.843834 391.610233 10
606.353298 388.995766 10
606.856452 388.124277 10
607.359607 387.252788 10
608.365915 385.509810 10
608.869070 384.638321 10
609.372224 383.766832 10
609.875379 382.895342 10
610.378533 382.023853 10
610.881688 381.152364 10
611.384842 380.280875 10
612.894306 377.666408 10
613.397460 376.794919 10
613.397460 376.794919 9
612.391151 376.794919 9
610.378533 376.794919 9
607.359607 376.794919 9
606.353298 376.794919 9
605.346989 376.794919 9
604.340680 376.794919 9
603.334371 376.794919 9
602.328062 376.794919 9
601.321753 376.794919 9
600.315445 376.794919 9
597.296518 376.794919 9
596.290209 376.794919 9
595.283900 376.794919 9
594.277591 376.794919 9
591.258665 376.794919 9
590.252356 376.794919 9
589.246047 376.794919 9
588.239738 376.794919 9
585.220811 376.794919 9
584.214502 376.794919 9
583.208194 376.794919 9
581.195576 376.794919 9
580.189267 376.794919 9
579.182958 376.794919 9
578.176649 376.794919 9
577.170340 376.794919 9
576.164031 376.794919 9
575.157723 376.794919 9
574.151414 376.794919 9
573.145105 376.794919 9
572.138796 376.794919 9
571.132487 376.794919 9
571.132487 376.794919 8
570.629333 375.923430 8
570.126178 375.051941 8
569.623024 374.180452 8
569.119869 373.308963 8
568.113560 371.565985 8
567.107251 369.823007 8
566.604097 368.951518 8
566.100942 368.080029 8
565.597788 367.208539 8
565.094634 366.337050 8
564.088325 364.594072 8
563.585170 363.722583 8
563.082016 362.851094 8
562.578861 361.979605 8
562.075707 361.108116 8
561.572552 360.236627 8
561.069398 359.365138 8
560.566243 358.493649 8
560.063089 357.622160 8
559.559935 356.750671 8
559.056780 355.879182 8
558.553626 355.007693 8
558.050471 354.136204 8
557.547317 353.264715 8
556.541008 351.521737 8
555.534699 349.778759 8
555.031545 348.907269 8
554.528390 348.035780 8
554.025236 347.164291 8
553.522081 346.292802 8
553.018927 345.421313 8
552.012618 343.678335 8
551.509463 342.806846 8
550.503154 341.063868 8
548.490537 342.806846 7
547.987382 343.678335 7
546.477919 346.292802 7
545.974764 347.164291 7
545.471610 348.035780 7
543.962147 350.650248 7
543.458992 351.521737 7
542.955838 352.393226 7
541.446374 355.007693 7
540.943220 355.879182 7
540.440065 356.750671 7
539.936911 357.622160 7
539.433757 358.493649 7
538.930602 359.365138 7
538.427448 360.236627 7
537.924293 361.108116 7
537.421139 361.979605 7
536.414830 363.722583 7
535.911675 364.594072 7
535.408521 365.465561 7
534.402212 367.208539 7
533.899058 368.080029 7
533.395903 368.951518 7
532.892749 369.823007 7
531.383285 372.437474 7
530.880131 373.308963 7
530.376976 374.180452 7
529.873822 375.051941 7
528.867513 376.794919 7
528.867513 376.794919 6
527.861204 376.794919 6
526.854895 376.794919 6
524.842277 376.794919 6
523.835969 376.794919 6
522.829660 376.794919 6
521.823351 376.794919 6
519.810733 376.794919 6
518.804424 376.794919 6
517.798115 376.794919 6
516.791806 376.794919 6
515.785498 376.794919 6
514.779189 376.794919 6
513.772880 376.794919 6
512.766571 376.794919 6
511.760262 376.794919 6
510.753953 376.794919 6
509.747644 376.794919 6
508.741335 376.794919 6
507.735027 376.794919 6
506.728718 376.794919 6
505.722409 376.794919 6
504.716100 376.794919 6
503.709791 376.794919 6
502.703482 376.794919 6
501.697173 376.794919 6
500.690864 376.794919 6
499.684555 376.794919 6
498.678247 376.794919 6
497.671938 376.794919 6
496.665629 376.794919 6
494.653011 376.794919 6
493.646702 376.794919 6
492.640393 376.794919 6
490.627776 376.794919 6
489.621467 376.794919 6
488.615158 376.794919 6
486.602540 376.794919 5
487.608849 378.537897 5
488.112003 379.409386 5
488.615158 380.280875 5
490.627776 383.766832 5
491.634085 385.509810 5
492.137239 386.381299 5
492.640393 387.252788 5
493.143548 388.124277 5
493.646702 388.995766 5
494.653011 390.738744 5
495.156166 391.610233 5
495.659320 392.481722 5
496.162475 393.353211 5
496.665629 394.224700 5
497.168784 395.096190 5
497.671938 395.967679 5
498.175092 396.839168 5
498.678247 397.710657 5
499.181401 398.582146 5
499.684556 399.453635 5
500.690865 401.196613 5
501.194019 402.068102 5
502.200328 403.811080 5
502.703482 404.682569 5
504.212946 407.297036 5
505.219255 409.040015 5
505.722409 409.911504 5
506.225564 410.782993 5
506.728718 411.654482 5
507.231873 412.525971 5
507.735027 413.397460 5
505.725664 416.877779 4
504.218641 419.488019 4
503.213959 421.228179 4
502.209278 422.968339 4
500.702255 425.578578 4
500.199914 426.448658 4
493.669483 437.759696 4
491.157779 442.110096 4
489.650756 444.720335 4
489.148415 445.590415 4
488.143734 447.330575 4
486.636711 449.940815 4
485.632029 451.680974 4
485.129689 452.551054 4
484.627348 453.421134 4
484.125007 454.291214 4
481.613303 458.641613 4
480.106280 461.251853 4
478.599257 463.862093 4
475.585212 469.082572 4
475.082872 469.952652 4
474.580531 470.822732 4
473.575849 472.562891 4
472.068826 475.173131 4
471.566486 476.043211 4
470.561804 477.783371 4
468.552440 481.263690 4
467.547759 483.003850 4
467.045418 483.873930 4
464.533714 488.224329 4
463.026691 490.834569 4
460.514987 495.184968 4
459.510305 496.925128 4
459.007964 497.795208 4
457.500942 500.405447 4
456.496260 502.145607 4
454.989237 504.755847 4
454.486897 505.625926 4
453.984556 506.496006 4
453.482215 507.366086 4
451.975192 509.976326 4
450.970511 511.716486 4
450.468170 512.586565 4
449.965829 513.456645 4
449.463488 514.326725 4
447.454125 517.807045 4
446.951784 518.677125 4
446.449443 519.547204 4
445.444761 521.287364 4
442.430716 526.507843 4
439.416671 531.728323 4
438.914330 532.598403 4
437.909648 534.338562 4
436.402626 536.948802 4
434.895603 539.559042 4
434.393262 540.429121 4
429.872195 548.259840 4
426.858150 550.000000 3
425.853468 550.000000 3
420.830059 550.000000 3
415.806651 550.000000 3
413.797288 550.000000 3
411.787924 550.000000 3
408.773879 550.000000 3
403.750471 550.000000 3
399.731744 550.000000 3
398.727062 550.000000 3
391.694290 550.000000 3
389.684927 550.000000 3
388.680245 550.000000 3
387.675564 550.000000 3
383.656837 550.000000 3
381.647473 550.000000 3
379.638110 550.000000 3
378.633428 550.000000 3
377.628747 550.000000 3
375.619383 550.000000 3
370.595975 550.000000 3
365.572566 550.000000 3
361.553839 550.000000 3
359.544476 550.000000 3
357.535113 550.000000 3
355.525749 550.000000 3
354.521068 550.000000 3
341.460206 550.000000 3
340.455524 550.000000 3
339.450842 550.000000 3
336.436797 550.000000 3
335.432115 550.000000 3
331.413389 550.000000 3
330.408707 550.000000 3
329.404025 550.000000 3
327.394662 550.000000 3
326.389980 550.000000 3
324.380617 550.000000 3
323.375935 550.000000 3
312.324436 550.000000 3
311.319755 550.000000 3
310.315073 550.000000 3
303.282301 550.000000 3
300.268256 550.000000 3
295.244848 550.000000 3
291.226121 550.000000 3
290.221439 550.000000 3
288.212076 550.000000 3
287.207394 550.000000 3
280.174622 550.000000 3
278.165259 550.000000 3
277.160577 550.000000 3
273.141850 550.000000 3
272.137169 550.000000 3
271.132487 550.000000 2
270.629333 549.128511 2
270.126178 548.257022 2
268.616715 545.642555 2
267.610406 543.899577 2
267.107251 543.028088 2
266.604097 542.156599 2
266.100942 541.285110 2
265.597788 540.413620 2
265.094634 539.542131 2
264.591479 538.670642 2
263.585170 536.927664 2
263.082016 536.056175 2
262.075707 534.313197 2
261.572552 533.441708 2
261.069398 532.570219 2
260.566244 531.698730 2
260.063089 530.827241 2
259.559935 529.955752 2
259.056780 529.084263 2
258.050471 527.341285 2
257.547317 526.469796 2
257.044162 525.598307 2
256.037853 523.855329 2
255.534699 522.983840 2
255.031545 522.112350 2
254.528390 521.240861 2
254.025236 520.369372 2
253.522081 519.497883 2
252.012618 516.883416 2
251.509463 516.011927 2
250.503154 514.268949 2
250.000000 513.397460 2
250.000000 513.397460 1
249.496846 514.268949 1
248.993691 515.140438 1
248.490537 516.011927 1
247.484228 517.754905 1
246.981073 518.626394 1
246.477919 519.497883 1
245.974764 520.369372 1
245.471610 521.240861 1
244.968455 522.112350 1
244.465301 522.983840 1
243.962147 523.855329 1
243.458992 524.726818 1
242.955838 525.598307 1
242.452683 526.469796 1
241.949529 527.341285 1
240.943220 529.084263 1
240.440065 529.955752 1
239.936911 530.827241 1
239.433757 531.698730 1
237.924293 534.313197 1
236.414830 536.927664 1
235.911675 537.799153 1
234.905366 539.542131 1
233.899058 541.285110 1
233.395903 542.156599 1
232.892749 543.028088 1
232.389594 543.899577 1
231.383285 545.642555 1
230.880131 546.514044 1
230.376976 547.385533 1
229.370667 549.128511 1
228.867513 550.000000 1
228.867513 550.000000 0
226.853958 550.000000 0
225.847181 550.000000 0
221.820071 550.000000 0
219.806516 550.000000 0
218.799739 550.000000 0
213.765851 550.000000 0
206.718409 550.000000 0
203.698077 550.000000 0
202.691299 550.000000 0
201.684522 550.000000 0
200.677745 550.000000 0
199.670967 550.000000 0
197.657412 550.000000 0
195.643857 550.000000 0
194.637080 550.000000 0
193.630302 550.000000 0
192.623525 550.000000 0
191.616748 550.000000 0
190.609970 550.000000 0
182.555751 550.000000 0
181.548973 550.000000 0
178.528641 550.000000 0
177.521863 550.000000 0
176.515086 550.000000 0
175.508308 550.000000 0
171.481199 550.000000 0
169.467644 550.000000 0
164.433757 550.000000 0
154.365982 550.000000 0
151.345650 550.000000 0
149.332095 550.000000 0
148.325317 550.000000 0
144.298208 550.000000 0
142.284653 550.000000 0
135.237211 550.000000 0
131.210101 550.000000 0
129.196546 550.000000 0
128.189768 550.000000 0
123.155881 550.000000 0
122.149104 550.000000 0
121.142326 550.000000 0
120.135549 550.000000 0
119.128771 550.000000 0
116.108439 550.000000 0
112.081329 550.000000 0
110.067774 550.000000 0
109.060997 550.000000 0
107.047442 550.000000 0
103.020332 550.000000 0
102.013555 550.000000 0
100.000000 550.000000 0
