1000
113.006355 450.000000 8
115.007333 450.000000 8
117.008311 450.000000 8
119.009289 450.000000 8
121.010266 450.000000 8
124.011733 450.000000 8
125.012222 450.000000 8
126.012711 450.000000 8
134.016622 450.000000 8
135.017111 450.000000 8
136.017600 450.000000 8
137.018089 450.000000 8
143.021022 450.000000 8
147.022977 450.000000 8
151.024933 450.000000 8
152.025422 450.000000 8
153.025911 450.000000 8
154.026400 450.000000 8
156.027377 450.000000 8
159.028844 450.000000 8
161.029822 450.000000 8
167.032755 450.000000 8
168.033244 450.000000 8
173.035688 450.000000 8
174.036177 450.000000 8
177.037644 450.000000 8
181.039599 450.000000 8
183.040577 450.000000 8
186.042044 450.000000 8
188.043021 450.000000 8
190.043999 450.000000 8
191.044488 450.000000 8
193.045466 450.000000 8
194.045955 450.000000 8
195.046444 450.000000 8
205.051332 450.000000 8
206.051821 450.000000 8
207.052310 450.000000 8
208.052799 450.000000 8
209.053288 450.000000 8
219.058177 450.000000 8
220.058666 450.000000 8
225.061110 450.000000 8
226.061599 450.000000 8
227.062088 450.000000 8
228.062577 450.000000 8
229.063066 450.000000 8
232.064532 450.000000 8
235.065999 450.000000 8
237.066977 450.000000 8
244.070399 450.000000 8
245.070888 450.000000 8
246.071377 450.000000 8
251.073821 450.000000 8
252.074310 450.000000 8
253.074799 450.000000 8
256.076265 450.000000 8
258.077243 450.000000 8
259.077732 450.000000 8
260.078221 450.000000 8
264.080176 450.000000 8
265.080665 450.000000 8
266.081154 450.000000 8
267.081643 450.000000 8
270.083110 450.000000 8
273.084576 450.000000 8
276.086043 450.000000 8
278.087021 450.000000 8
279.087510 450.000000 8
280.087998 450.000000 8
281.088487 450.000000 8
282.088976 450.000000 8
286.090932 450.000000 8
287.091421 450.000000 8
289.092398 450.000000 8
290.092887 450.000000 8
291.093376 450.000000 8
294.094843 450.000000 8
298.096798 450.000000 8
300.097776 450.000000 8
302.098754 450.000000 8
307.101198 450.000000 8
310.102665 450.000000 8
313.104131 450.000000 8
316.105598 450.000000 8
317.106087 450.000000 8
318.106576 450.000000 8
320.107554 450.000000 8
323.109020 450.000000 8
325.109998 450.000000 8
328.111465 450.000000 8
329.111954 450.000000 8
334.114398 450.000000 8
337.115865 450.000000 8
338.116353 450.000000 8
339.116842 450.000000 8
345.119776 450.000000 8
346.120265 450.000000 8
348.121242 450.000000 8
349.121731 450.000000 8
356.125153 450.000000 8
359.126620 450.000000 8
360.127109 450.000000 8
361.127598 450.000000 8
362.128087 450.000000 8
363.128575 450.000000 8
365.129553 450.000000 8
366.130042 450.000000 8
370.131998 450.000000 8
372.635575 447.396575 7
373.637634 445.660958 7
377.144840 439.586298 7
381.654105 431.776022 7
382.656164 430.040405 7
383.658223 428.304788 7
385.662341 424.833555 7
386.163370 423.965746 7
387.165429 422.230129 7
387.666458 421.362321 7
389.670576 417.891087 7
390.672635 416.155470 7
391.674694 414.419853 7
392.175723 413.552045 7
393.177782 411.816428 7
394.179841 410.080811 7
401.695283 397.063684 7
402.697342 395.328067 7
405.703519 390.121216 7
407.707636 386.649982 7
409.711754 383.178748 7
410.212784 382.310940 7
410.713813 381.443131 7
412.216901 378.839706 7
412.717931 377.971898 7
413.218960 377.104089 7
414.722049 374.500664 7
415.724108 372.765047 7
416.225137 371.897238 7
418.730284 367.558196 7
422.738520 360.615728 7
425.744697 355.408878 7
428.750873 350.202027 7
429.251903 349.334218 7
429.752932 348.466410 7
430.754991 346.730793 7
433.761168 341.523942 7
435.264256 338.920517 7
437.268374 335.449283 7
438.270433 333.713666 7
441.777639 327.639007 7
442.779698 325.903390 7
443.280727 325.035581 7
446.286904 319.828731 7
446.787933 318.960922 7
447.789992 317.225305 7
448.792051 315.489688 7
449.293081 314.621880 7
450.796169 312.018454 7
452.299257 309.415029 7
455.305434 304.208178 7
456.808522 301.604753 7
457.309552 300.736944 7
462.319846 292.058860 7
465.326023 286.852009 7
466.328082 285.116392 7
468.332200 281.645158 7
469.334259 279.909541 7
472.340435 274.702691 7
473.342494 272.967074 7
477.851759 265.156797 7
478.853818 263.421181 7
480.356907 260.817755 7
480.857936 259.949947 7
482.361024 257.346521 7
482.862054 256.478713 7
483.363083 255.610904 7
485.367201 252.139671 7
487.371319 248.668437 7
488.874407 246.065011 7
489.375437 245.197203 7
492.882643 239.122544 7
493.884702 237.386927 7
496.389849 233.047884 7
496.890878 232.180076 7
498.393967 229.576651 7
499.396026 227.841034 7
500.398085 226.105417 7
501.901173 223.501991 7
503.404261 220.898566 7
503.905291 220.030757 7
504.907350 218.295140 7
505.909408 216.559524 7
506.410438 215.691715 7
508.414556 212.220481 7
509.917644 209.617056 7
510.418673 208.749247 7
513.424850 203.542397 7
515.929997 199.203354 7
516.431027 198.335546 7
516.932056 197.467737 7
518.435145 194.864312 7
519.437204 193.128695 7
519.938233 192.260887 7
522.443380 187.921844 7
523.445439 186.186227 7
524.948528 183.582802 7
528.956763 176.640334 7
529.457793 175.772526 7
529.958822 174.904717 7
530.960881 173.169100 7
531.962940 171.433484 7
534.468087 167.094441 7
537.975293 161.019782 7
540.981470 155.812931 7
541.482499 154.945123 7
543.987647 150.606080 7
544.488676 149.738272 7
546.993823 145.399230 7
547.494853 144.531421 7
551.503088 142.795804 6
552.004118 143.663613 6
553.006177 145.399230 6
554.008236 147.134847 6
555.010294 148.870463 6
556.012353 150.606080 6
556.513383 151.473889 6
557.515442 153.209506 6
558.016471 154.077314 6
561.523677 160.151974 6
565.531913 167.094441 6
566.533972 168.830058 6
567.536031 170.565675 6
569.039119 173.169100 6
571.043237 176.640334 6
571.544266 177.508143 6
574.049414 181.847185 6
574.550443 182.714994 6
575.051472 183.582802 6
578.057649 188.789653 6
580.061767 192.260887 6
580.562796 193.128695 6
581.564855 194.864312 6
582.566914 196.599929 6
583.568973 198.335546 6
584.070003 199.203354 6
586.074120 202.674588 6
590.082356 209.617056 6
591.084415 211.352673 6
592.086474 213.088290 6
593.088533 214.823907 6
593.589562 215.691715 6
594.591621 217.427332 6
596.094709 220.030757 6
597.597798 222.634183 6
598.098827 223.501991 6
598.599857 224.369800 6
599.601915 226.105417 6
600.603974 227.841034 6
601.606033 229.576651 6
602.608092 231.312267 6
603.109122 232.180076 6
605.614269 236.519118 6
607.117357 239.122544 6
607.618387 239.990352 6
609.622504 243.461586 6
611.626622 246.932820 6
613.129711 249.536245 6
613.630740 250.404054 6
615.634858 253.875287 6
616.135887 254.743096 6
618.140005 258.214330 6
620.645152 262.553372 6
623.150300 266.892414 6
623.651329 267.760223 6
625.655447 271.231457 6
626.657506 272.967074 6
627.158535 273.834882 6
629.162653 277.306116 6
630.164712 279.041733 6
631.667800 281.645158 6
634.673977 286.852009 6
635.676036 288.587626 6
636.678095 290.323243 6
637.179124 291.191051 6
640.686330 297.265711 6
642.189419 299.869136 6
643.692507 302.472561 6
644.193536 303.340370 6
645.195595 305.075987 6
645.696625 305.943795 6
647.700743 309.415029 6
648.201772 310.282838 6
649.704860 312.886263 6
651.207949 315.489688 6
653.713096 319.828731 6
655.717214 323.299964 6
657.721332 326.771198 6
658.723391 328.506815 6
660.226479 331.110241 6
660.727508 331.978049 6
662.731626 335.449283 6
663.733685 337.184900 6
664.234714 338.052708 6
664.735744 338.920517 6
666.238832 341.523942 6
670.247068 348.466410 6
674.255303 355.408878 6
676.259421 358.880111 6
676.760451 359.747920 6
677.261480 360.615728 6
678.263539 362.351345 6
678.764569 363.219154 6
679.265598 364.086962 6
679.766627 364.954771 6
680.768686 366.690388 6
681.770745 368.426005 6
682.772804 370.161621 6
684.275892 372.765047 6
685.277951 374.500664 6
686.280010 376.236281 6
689.787216 382.310940 6
692.292364 386.649982 6
693.795452 389.253408 6
694.797511 390.989025 6
696.801629 394.460258 6
698.304717 397.063684 6
700.308835 400.534918 6
700.809864 401.402726 6
702.312953 404.006151 6
702.813982 404.873960 6
703.816041 406.609577 6
708.826335 415.287661 6
711.331483 419.626704 6
712.333542 421.362321 6
715.840748 427.436980 6
716.341777 428.304788 6
718.846924 432.643831 6
719.848983 434.379448 6
720.350013 435.247256 6
721.853101 437.850682 6
723.356190 440.454107 6
723.857219 441.321915 6
724.358248 442.189724 6
725.861337 444.793149 6
726.362366 445.660958 6
726.863396 446.528766 6
727.865455 448.264383 6
728.867513 450.000000 6
728.867513 450.000000 5
730.868491 450.000000 5
731.868980 450.000000 5
733.869958 450.000000 5
734.870447 450.000000 5
735.870936 450.000000 5
737.871913 450.000000 5
741.873869 450.000000 5
743.874847 450.000000 5
746.876313 450.000000 5
748.877291 450.000000 5
753.879735 450.000000 5
757.881691 450.000000 5
760.883158 450.000000 5
762.884135 450.000000 5
764.885113 450.000000 5
766.886091 450.000000 5
774.890002 450.000000 5
777.891469 450.000000 5
778.891957 450.000000 5
780.892935 450.000000 5
783.894402 450.000000 5
785.895380 450.000000 5
790.897824 450.000000 5
792.898802 450.000000 5
793.899291 450.000000 5
794.899780 450.000000 5
795.900268 450.000000 5
798.901735 450.000000 5
799.902224 450.000000 5
800.902713 450.000000 5
801.903202 450.000000 5
803.904179 450.000000 5
811.908091 450.000000 5
812.908579 450.000000 5
815.910046 450.000000 5
816.910535 450.000000 5
817.911024 450.000000 5
818.911513 450.000000 5
819.912002 450.000000 5
820.912490 450.000000 5
821.912979 450.000000 5
823.913957 450.000000 5
825.914935 450.000000 5
826.915424 450.000000 5
828.916401 450.000000 5
830.917379 450.000000 5
831.917868 450.000000 5
838.921290 450.000000 5
839.921779 450.000000 5
840.922268 450.000000 5
842.923246 450.000000 5
845.924712 450.000000 5
846.925201 450.000000 5
848.926179 450.000000 5
849.926668 450.000000 5
850.927157 450.000000 5
851.927646 450.000000 5
852.928135 450.000000 5
857.930579 450.000000 5
862.933023 450.000000 5
863.933512 450.000000 5
865.934490 450.000000 5
866.934979 450.000000 5
867.935468 450.000000 5
870.936934 450.000000 5
871.937423 450.000000 5
872.937912 450.000000 5
875.939379 450.000000 5
876.939868 450.000000 5
878.940845 450.000000 5
879.941334 450.000000 5
880.941823 450.000000 5
881.942312 450.000000 5
882.942801 450.000000 5
883.943290 450.000000 5
884.943779 450.000000 5
885.944268 450.000000 5
889.946223 450.000000 5
891.947201 450.000000 5
894.948668 450.000000 5
895.949156 450.000000 5
897.950134 450.000000 5
899.951112 450.000000 5
900.951601 450.000000 5
902.952579 450.000000 5
903.953067 450.000000 5
906.954534 450.000000 5
908.955512 450.000000 5
912.957467 450.000000 5
913.957956 450.000000 5
917.959912 450.000000 5
918.960401 450.000000 5
928.965290 450.000000 5
931.966756 450.000000 5
934.968223 450.000000 5
938.970178 450.000000 5
940.971156 450.000000 5
942.972134 450.000000 5
943.972623 450.000000 5
945.973600 450.000000 5
946.974089 450.000000 5
949.975556 450.000000 5
950.976045 450.000000 5
953.977512 450.000000 5
956.978978 450.000000 5
957.979467 450.000000 5
959.980445 450.000000 5
962.981911 450.000000 5
963.982400 450.000000 5
971.986311 450.000000 5
974.987778 450.000000 5
975.988267 450.000000 5
977.989245 450.000000 5
978.989734 450.000000 5
981.991200 450.000000 5
983.992178 450.000000 5
988.994622 450.000000 5
991.996089 450.000000 5
996.998533 450.000000 5
998.999511 450.000000 5
1000.000000 450.000000 5
1000.000000 450.000000 4
1000.000000 451.000000 4
1000.000000 453.000000 4
1000.000000 455.000000 4
1000.000000 456.000000 4
1000.000000 457.000000 4
1000.000000 458.000000 4
1000.000000 460.000000 4
1000.000000 462.000000 4
1000.000000 463.000000 4
1000.000000 465.000000 4
1000.000000 466.000000 4
1000.000000 467.000000 4
1000.000000 469.000000 4
1000.000000 470.000000 4
1000.000000 471.000000 4
1000.000000 472.000000 4
1000.000000 473.000000 4
1000.000000 474.000000 4
1000.000000 475.000000 4
1000.000000 477.000000 4
1000.000000 478.000000 4
1000.000000 479.000000 4
1000.000000 482.000000 4
1000.000000 484.000000 4
1000.000000 485.000000 4
1000.000000 486.000000 4
1000.000000 487.000000 4
1000.000000 488.000000 4
1000.000000 489.000000 4
1000.000000 490.000000 4
1000.000000 492.000000 4
1000.000000 494.000000 4
1000.000000 495.000000 4
1000.000000 496.000000 4
1000.000000 497.000000 4
1000.000000 499.000000 4
1000.000000 501.000000 4
1000.000000 502.000000 4
1000.000000 503.000000 4
1000.000000 504.000000 4
1000.000000 506.000000 4
1000.000000 507.000000 4
1000.000000 510.000000 4
1000.000000 511.000000 4
1000.000000 513.000000 4
1000.000000 514.000000 4
1000.000000 515.000000 4
1000.000000 516.000000 4
1000.000000 517.000000 4
1000.000000 518.000000 4
1000.000000 519.000000 4
1000.000000 520.000000 4
1000.000000 523.000000 4
1000.000000 524.000000 4
1000.000000 526.000000 4
1000.000000 527.000000 4
1000.000000 528.000000 4
1000.000000 529.000000 4
1000.000000 530.000000 4
1000.000000 531.000000 4
1000.000000 532.000000 4
1000.000000 533.000000 4
1000.000000 534.000000 4
1000.000000 535.000000 4
1000.000000 536.000000 4
1000.000000 537.000000 4
1000.000000 539.000000 4
1000.000000 540.000000 4
1000.000000 541.000000 4
1000.000000 542.000000 4
1000.000000 543.000000 4
1000.000000 544.000000 4
1000.000000 545.000000 4
1000.000000 547.000000 4
1000.000000 548.000000 4
1000.000000 549.000000 4
1000.000000 550.000000 4
1000.000000 550.000000 3
998.997355 550.000000 3
997.994710 550.000000 3
995.989421 550.000000 3
992.981486 550.000000 3
991.978841 550.000000 3
990.976196 550.000000 3
988.970907 550.000000 3
986.965617 550.000000 3
984.960327 550.000000 3
983.957682 550.000000 3
979.947103 550.000000 3
970.923299 550.000000 3
967.915365 550.000000 3
965.910075 550.000000 3
963.904785 550.000000 3
962.902140 550.000000 3
957.888916 550.000000 3
951.873047 550.000000 3
947.862467 550.000000 3
946.859823 550.000000 3
942.849243 550.000000 3
941.846598 550.000000 3
939.841309 550.000000 3
938.838664 550.000000 3
937.836019 550.000000 3
933.825439 550.000000 3
930.817505 550.000000 3
928.812215 550.000000 3
927.809570 550.000000 3
919.788411 550.000000 3
918.785766 550.000000 3
916.780477 550.000000 3
911.767252 550.000000 3
909.761963 550.000000 3
904.748738 550.000000 3
902.743449 550.000000 3
891.714355 550.000000 3
887.703776 550.000000 3
886.701131 550.000000 3
885.698486 550.000000 3
880.685262 550.000000 3
877.677327 550.000000 3
876.674682 550.000000 3
874.669393 550.000000 3
870.658813 550.000000 3
869.656168 550.000000 3
863.640299 550.000000 3
860.632365 550.000000 3
858.627075 550.000000 3
857.624430 550.000000 3
852.611206 550.000000 3
850.605916 550.000000 3
846.595337 550.000000 3
845.592692 550.000000 3
843.587402 550.000000 3
842.584757 550.000000 3
834.563598 550.000000 3
833.560954 550.000000 3
826.542440 550.000000 3
825.539795 550.000000 3
823.534505 550.000000 3
821.529215 550.000000 3
819.523926 550.000000 3
812.505412 550.000000 3
809.497477 550.000000 3
808.494832 550.000000 3
802.478963 550.000000 3
800.473673 550.000000 3
799.471028 550.000000 3
794.457804 550.000000 3
793.455159 550.000000 3
790.447225 550.000000 3
788.441935 550.000000 3
783.428711 550.000000 3
782.426066 550.000000 3
781.423421 550.000000 3
776.410197 550.000000 3
774.404907 550.000000 3
771.396972 550.000000 3
768.389038 550.000000 3
757.359944 550.000000 3
755.354655 550.000000 3
754.352010 550.000000 3
750.341430 550.000000 3
749.338785 550.000000 3
748.336141 550.000000 3
742.320271 550.000000 3
741.317627 550.000000 3
734.299113 550.000000 3
733.296468 550.000000 3
732.293823 550.000000 3
729.285888 550.000000 3
723.270019 550.000000 3
721.264729 550.000000 3
719.259440 550.000000 3
718.256795 550.000000 3
716.251505 550.000000 3
715.248860 550.000000 3
710.235636 550.000000 3
707.227701 550.000000 3
705.222412 550.000000 3
699.206543 550.000000 3
694.193318 550.000000 3
692.188029 550.000000 3
689.180094 550.000000 3
687.174804 550.000000 3
685.169515 550.000000 3
683.164225 550.000000 3
679.153645 550.000000 3
677.148356 550.000000 3
674.140421 550.000000 3
671.132487 550.000000 3
670.131392 548.266053 2
668.129202 544.798158 2
667.628654 543.931185 2
667.128107 543.064211 2
664.625369 538.729343 2
664.124822 537.862369 2
663.123727 536.128422 2
660.120442 530.926580 2
657.117158 525.724738 2
656.616610 524.857764 2
655.615515 523.123817 2
655.114968 522.256843 2
654.113873 520.522896 2
653.613325 519.655923 2
653.112778 518.788949 2
652.612230 517.921975 2
651.611135 516.188028 2
651.110588 515.321054 2
649.608946 512.720133 2
649.108398 511.853160 2
647.106208 508.385265 2
646.605661 507.518292 2
646.105113 506.651318 2
645.104018 504.917371 2
644.603471 504.050397 2
643.602376 502.316450 2
643.101828 501.449476 2
640.599091 497.114608 2
640.098544 496.247634 2
638.096354 492.779740 2
637.595806 491.912766 2
636.594711 490.178819 2
636.094164 489.311845 2
634.592522 486.710924 2
634.091974 485.843951 2
633.090879 484.110003 2
626.583762 472.839346 2
626.083215 471.972372 2
625.082120 470.238425 2
624.581572 469.371451 2
624.081025 468.504478 2
623.580477 467.637504 2
622.078835 465.036583 2
621.077740 463.302636 2
620.577193 462.435662 2
619.576098 460.701715 2
617.573908 457.233820 2
617.073360 456.366847 2
616.572813 455.499873 2
616.072265 454.632899 2
615.571718 453.765926 2
615.071170 452.898952 2
614.570623 452.031979 2
613.569528 450.298031 2
612.568433 448.564084 2
612.067886 447.697110 2
611.567338 446.830137 2
611.066791 445.963163 2
609.064601 442.495269 2
608.063506 440.761321 2
606.061316 437.293427 2
605.560769 436.426453 2
604.559674 434.692506 2
604.059126 433.825532 2
600.054747 426.889743 2
599.554199 426.022769 2
598.553104 424.288822 2
597.051462 421.687901 2
596.550914 420.820927 2
594.048177 416.486059 2
591.545440 412.151191 2
591.044892 411.284217 2
590.043797 409.550270 2
588.041607 406.082376 2
586.539965 403.481455 2
586.039417 402.614481 2
584.537775 400.013560 2
583.036133 397.412639 2
582.535585 396.545666 2
582.035038 395.678692 2
581.534490 394.811718 2
580.533395 393.077771 2
580.032848 392.210797 2
579.532300 391.343824 2
578.531206 389.609876 2
578.030658 388.742903 2
577.029563 387.008955 2
576.529016 386.141982 2
576.028468 385.275008 2
575.527921 384.408035 2
575.027373 383.541061 2
574.026278 381.807114 2
573.525731 380.940140 2
572.524636 379.206193 2
571.022994 376.605272 2
568.520256 372.270404 2
568.019709 371.403430 2
565.516971 367.068562 2
565.016424 366.201588 2
564.515876 365.334614 2
562.013139 360.999746 2
561.512592 360.132773 2
561.012044 359.265799 2
560.010949 357.531852 2
558.509307 354.930931 2
553.003285 345.394221 2
552.502737 344.527247 2
550.000000 340.192379 2
550.000000 340.192379 1
549.499453 341.059353 1
548.998905 341.926326 1
546.496168 346.261194 1
545.495073 347.995142 1
544.994525 348.862115 1
542.992335 352.330010 1
542.491788 353.196983 1
541.991241 354.063957 1
541.490693 354.930931 1
540.990146 355.797904 1
540.489598 356.664878 1
539.989051 357.531852 1
538.487408 360.132773 1
537.986861 360.999746 1
537.486313 361.866720 1
536.985766 362.733694 1
536.485218 363.600667 1
534.483029 367.068562 1
533.982481 367.935535 1
533.481934 368.802509 1
531.479744 372.270404 1
530.478649 374.004351 1
528.476459 377.472245 1
527.975912 378.339219 1
525.973722 381.807114 1
525.473174 382.674087 1
522.469889 387.875929 1
521.969342 388.742903 1
521.468794 389.609876 1
520.968247 390.476850 1
519.967152 392.210797 1
519.466605 393.077771 1
518.465510 394.811718 1
517.964962 395.678692 1
516.963867 397.412639 1
515.962772 399.146586 1
514.961677 400.880534 1
513.460035 403.481455 1
510.957298 407.816323 1
509.956203 409.550270 1
509.455655 410.417244 1
508.955108 411.284217 1
507.453465 413.885138 1
506.952918 414.752112 1
506.452371 415.619086 1
505.951823 416.486059 1
505.451276 417.353033 1
504.950728 418.220007 1
503.449086 420.820927 1
502.948538 421.687901 1
502.447991 422.554875 1
501.947443 423.421848 1
501.446896 424.288822 1
498.944159 428.623690 1
496.941969 432.091585 1
496.441421 432.958558 1
492.937589 439.027374 1
492.437042 439.894348 1
491.435947 441.628295 1
490.434852 443.362242 1
489.934304 444.229216 1
489.433757 445.096189 1
487.431567 448.564084 1
486.430472 450.298031 1
482.426092 457.233820 1
481.925545 458.100794 1
478.421712 464.169610 1
477.420618 465.903557 1
476.419523 467.637504 1
475.418428 469.371451 1
474.917880 470.238425 1
473.916785 471.972372 1
472.415143 474.573293 1
471.914595 475.440267 1
469.912406 478.908161 1
468.911311 480.642109 1
464.906931 487.577898 1
464.406383 488.444871 1
463.905836 489.311845 1
462.904741 491.045792 1
461.903646 492.779740 1
460.902551 494.513687 1
458.900361 497.981582 1
457.899266 499.715529 1
457.398719 500.582502 1
456.898172 501.449476 1
456.397624 502.316450 1
455.897077 503.183423 1
455.396529 504.050397 1
454.895982 504.917371 1
453.394339 507.518292 1
452.893792 508.385265 1
451.892697 510.119213 1
450.891602 511.853160 1
450.391054 512.720133 1
449.890507 513.587107 1
448.388865 516.188028 1
447.888317 517.055002 1
447.387770 517.921975 1
445.385580 521.389870 1
443.383390 524.857764 1
441.881748 527.458685 1
441.381200 528.325659 1
440.880653 529.192633 1
439.879558 530.926580 1
435.374631 538.729343 1
434.874083 539.596316 1
433.872988 541.330264 1
433.372441 542.197237 1
431.870798 544.798158 1
430.369156 547.399079 1
429.868608 548.266053 1
428.867513 550.000000 0
424.856934 550.000000 0
419.843710 550.000000 0
413.827841 550.000000 0
412.825196 550.000000 0
411.822551 550.000000 0
408.814616 550.000000 0
405.806682 550.000000 0
403.801392 550.000000 0
402.798747 550.000000 0
401.796102 550.000000 0
400.793457 550.000000 0
399.790813 550.000000 0
397.785523 550.000000 0
396.782878 550.000000 0
394.777588 550.000000 0
388.761719 550.000000 0
380.740560 550.000000 0
377.732626 550.000000 0
371.716757 550.000000 0
368.708822 550.000000 0
367.706177 550.000000 0
362.692953 550.000000 0
359.685018 550.000000 0
357.679729 550.000000 0
356.677084 550.000000 0
354.671794 550.000000 0
353.669149 550.000000 0
352.666504 550.000000 0
348.655925 550.000000 0
346.650635 550.000000 0
345.647990 550.000000 0
344.645345 550.000000 0
342.640056 550.000000 0
340.634766 550.000000 0
337.626831 550.000000 0
335.621542 550.000000 0
332.613607 550.000000 0
328.603028 550.000000 0
327.600383 550.000000 0
324.592448 550.000000 0
321.584514 550.000000 0
315.568644 550.000000 0
310.555420 550.000000 0
309.552775 550.000000 0
303.536906 550.000000 0
302.534261 550.000000 0
299.526327 550.000000 0
298.523682 550.000000 0
296.518392 550.000000 0
294.513102 550.000000 0
292.507813 550.000000 0
291.505168 550.000000 0
289.499878 550.000000 0
287.494588 550.000000 0
281.478719 550.000000 0
278.470785 550.000000 0
274.460205 550.000000 0
272.454916 550.000000 0
270.449626 550.000000 0
267.441691 550.000000 0
266.439046 550.000000 0
265.436402 550.000000 0
261.425822 550.000000 0
260.423177 550.000000 0
257.415243 550.000000 0
254.407308 550.000000 0
253.404663 550.000000 0
245.383504 550.000000 0
230.343832 550.000000 0
228.338542 550.000000 0
224.327962 550.000000 0
221.320028 550.000000 0
220.317383 550.000000 0
218.312093 550.000000 0
217.309448 550.000000 0
215.304159 550.000000 0
214.301514 550.000000 0
213.298869 550.000000 0
209.288290 550.000000 0
208.285645 550.000000 0
206.280355 550.000000 0
203.272420 550.000000 0
194.248617 550.000000 0
193.245972 550.000000 0
189.235392 550.000000 0
188.232748 550.000000 0
180.211589 550.000000 0
179.208944 550.000000 0
178.206299 550.000000 0
174.195720 550.000000 0
168.179850 550.000000 0
167.177205 550.000000 0
164.169271 550.000000 0
161.161336 550.000000 0
160.158691 550.000000 0
155.145467 550.000000 0
152.137533 550.000000 0
149.129598 550.000000 0
147.124308 550.000000 0
143.113729 550.000000 0
137.097860 550.000000 0
135.092570 550.000000 0
133.087280 550.000000 0
132.084635 550.000000 0
131.081991 550.000000 0
128.074056 550.000000 0
127.071411 550.000000 0
121.055542 550.000000 0
120.052897 550.000000 0
118.047607 550.000000 0
115.039673 550.000000 0
111.029093 550.000000 0
110.026449 550.000000 0
105.013224 550.000000 0
103.007935 550.000000 0
102.005290 550.000000 0
101.002645 550.000000 0
