1690
100.000000 450.000000 32
101.001866 450.000000 32
102.003732 450.000000 32
104.007464 450.000000 32
105.009330 450.000000 32
107.013062 450.000000 32
108.014928 450.000000 32
111.020526 450.000000 32
117.031722 450.000000 32
119.035454 450.000000 32
120.037320 450.000000 32
121.039186 450.000000 32
123.042918 450.000000 32
124.044784 450.000000 32
125.046650 450.000000 32
127.050382 450.000000 32
129.054114 450.000000 32
131.057846 450.000000 32
132.059712 450.000000 32
133.061578 450.000000 32
134.063444 450.000000 32
137.069043 450.000000 32
138.070909 450.000000 32
139.072775 450.000000 32
141.076507 450.000000 32
142.078373 450.000000 32
145.083971 450.000000 32
148.089569 450.000000 32
150.093301 450.000000 32
152.097033 450.000000 32
153.098899 450.000000 32
154.100765 450.000000 32
156.104497 450.000000 32
157.106363 450.000000 32
161.113827 450.000000 32
162.115693 450.000000 32
163.117559 450.000000 32
164.119425 450.000000 32
166.123157 450.000000 32
167.125023 450.000000 32
168.126889 450.000000 32
169.128755 450.000000 32
171.132487 450.000000 32
171.132487 450.000000 31
172.639510 447.389760 31
176.658236 440.429121 31
177.662918 438.688962 31
178.667600 436.948802 31
179.169941 436.078722 31
179.672281 435.208642 31
180.676963 433.468482 31
181.179304 432.598403 31
181.681645 431.728323 31
182.183986 430.858243 31
182.686326 429.988163 31
185.198031 425.637764 31
186.705053 423.027524 31
187.207394 422.157444 31
188.212076 420.417284 31
188.714417 419.547204 31
189.216757 418.677125 31
189.719098 417.807045 31
190.723780 416.066885 31
192.733143 412.586565 31
193.235484 411.716486 31
196.751870 405.625926 31
197.756552 403.885767 31
198.258893 403.015687 31
198.761234 402.145607 31
200.770597 398.665288 31
201.272938 397.795208 31
202.277620 396.055048 31
203.282301 394.314888 31
204.286983 392.574728 31
205.291665 390.834569 31
205.794005 389.964489 31
206.296346 389.094409 31
206.798687 388.224329 31
208.305710 385.614089 31
210.817414 381.263690 31
211.319755 380.393610 31
212.324436 378.653450 31
213.831459 376.043211 31
214.836141 374.303051 31
216.845504 370.822732 31
217.850186 369.082572 31
219.357208 366.472332 31
220.864231 363.862093 31
221.366572 362.992013 31
222.371253 361.251853 31
223.375935 359.511693 31
224.882958 356.901454 31
226.892321 353.421134 31
227.897003 351.680974 31
228.399344 350.810895 31
230.911048 346.460495 31
231.915730 344.720335 31
232.418070 343.850256 31
233.422752 342.110096 31
233.925093 341.240016 31
234.427434 340.369936 31
235.432115 338.629776 31
235.934456 337.759696 31
236.436797 336.889617 31
238.446161 333.409297 31
238.948501 332.539217 31
239.450842 331.669137 31
239.953183 330.799057 31
240.455524 329.928978 31
240.957865 329.058898 31
241.962546 327.318738 31
242.967228 325.578578 31
243.469569 324.708498 31
243.971910 323.838418 31
244.474251 322.968339 31
245.478932 321.228179 31
248.995318 315.137620 31
250.000000 313.397460 31
250.000000 313.397460 30
253.516386 319.488019 30
254.018727 320.358099 30
256.028090 323.838418 30
256.530431 324.708498 30
258.539794 328.188818 30
259.042135 329.058898 30
261.553839 333.409297 30
262.558521 335.149457 30
264.567885 338.629776 30
265.070225 339.499856 30
265.572566 340.369936 30
266.074907 341.240016 30
266.577248 342.110096 30
269.088952 346.460495 30
269.591293 347.330575 30
272.102997 351.680974 30
274.112361 355.161294 30
275.117042 356.901454 30
276.624065 359.511693 30
280.642792 366.472332 30
281.145133 367.342412 30
283.154496 370.822732 30
284.661518 373.432971 30
285.666200 375.173131 30
286.670882 376.913291 30
287.173223 377.783371 30
288.680245 380.393610 30
289.182586 381.263690 30
289.684927 382.133770 30
290.187268 383.003850 30
296.215358 393.444808 30
299.731744 399.535367 30
300.234085 400.405447 30
300.736426 401.275527 30
303.248130 405.625926 30
304.755152 408.236166 30
310.280902 417.807045 30
311.285583 419.547204 30
312.792606 422.157444 30
316.308992 428.248003 30
316.811333 429.118083 30
317.313674 429.988163 30
317.816014 430.858243 30
318.318355 431.728323 30
320.830059 436.078722 30
321.332400 436.948802 30
322.337082 438.688962 30
323.341764 440.429121 30
325.351127 443.909441 30
326.355809 445.649601 30
328.365172 449.129920 30
328.867513 450.000000 30
329.873822 450.000000 29
330.880131 450.000000 29
331.886440 450.000000 29
332.892749 450.000000 29
333.899058 450.000000 29
334.905366 450.000000 29
336.917984 450.000000 29
337.924293 450.000000 29
338.930602 450.000000 29
339.936911 450.000000 29
340.943220 450.000000 29
341.949529 450.000000 29
342.955838 450.000000 29
343.962147 450.000000 29
344.968455 450.000000 29
345.974764 450.000000 29
346.981073 450.000000 29
350.000000 450.000000 29
351.006309 450.000000 29
352.012618 450.000000 29
353.018927 450.000000 29
354.025236 450.000000 29
355.031545 450.000000 29
356.037853 450.000000 29
358.050471 450.000000 29
360.063089 450.000000 29
362.075707 450.000000 29
363.082016 450.000000 29
365.094634 450.000000 29
366.100942 450.000000 29
367.107251 450.000000 29
368.113560 450.000000 29
369.119869 450.000000 29
370.126178 450.000000 29
371.132487 450.000000 29
371.132487 450.000000 28
372.138796 448.257022 28
372.641950 447.385533 28
373.145105 446.514044 28
373.648259 445.642555 28
374.151414 444.771066 28
374.654568 443.899577 28
375.157722 443.028088 28
375.660877 442.156599 28
376.164031 441.285110 28
376.667186 440.413620 28
377.170340 439.542131 28
377.673495 438.670642 28
378.176649 437.799153 28
378.679803 436.927664 28
379.182958 436.056175 28
379.686112 435.184686 28
380.189267 434.313197 28
380.692421 433.441708 28
381.195576 432.570219 28
381.698730 431.698730 28
382.201884 430.827241 28
383.208193 429.084263 28
383.711348 428.212774 28
385.723965 424.726818 28
386.227120 423.855329 28
386.730274 422.983840 28
387.233429 422.112350 28
388.239738 420.369372 28
388.742892 419.497883 28
389.246046 418.626394 28
389.749201 417.754905 28
390.252355 416.883416 28
390.755510 416.011927 28
391.258664 415.140438 28
391.761819 414.268949 28
392.264973 413.397460 28
388.748587 407.306901 27
387.743905 405.566741 27
386.236883 402.956501 27
385.734542 402.086422 27
384.227519 399.476182 27
383.725179 398.606102 27
382.720497 396.865942 27
382.218156 395.995862 27
381.715815 395.125783 27
380.208793 392.515543 27
379.706452 391.645463 27
379.204111 390.775383 27
378.701770 389.905303 27
376.190066 385.554904 27
373.678362 381.204504 27
372.171339 378.594265 27
371.668998 377.724185 27
370.664317 375.984025 27
367.147931 369.893466 27
366.143249 368.153306 27
365.640908 367.283226 27
362.626863 362.062747 27
362.124522 361.192667 27
361.622181 360.322587 27
361.119840 359.452508 27
360.617500 358.582428 27
360.115159 357.712348 27
359.110477 355.972188 27
358.105795 354.232028 27
357.603455 353.361948 27
356.598773 351.621789 27
355.594091 349.881629 27
355.091750 349.011549 27
354.589409 348.141469 27
352.580046 344.661150 27
352.077705 343.791070 27
351.575364 342.920990 27
351.073024 342.050910 27
350.570683 341.180830 27
349.566001 339.440670 27
348.058978 336.830431 27
347.556638 335.960351 27
347.054297 335.090271 27
346.551956 334.220191 27
346.049615 333.350111 27
345.547274 332.480031 27
345.044933 331.609951 27
344.542593 330.739871 27
344.040252 329.869792 27
343.035570 328.129632 27
342.533229 327.259552 27
341.026207 324.649312 27
340.523866 323.779232 27
340.021525 322.909153 27
339.519184 322.039073 27
339.016843 321.168993 27
337.007480 317.688673 27
336.002798 315.948514 27
334.495776 313.338274 27
332.988753 310.728034 27
332.486412 309.857954 27
328.970026 303.767395 27
327.965345 302.027235 27
325.955981 298.546916 27
325.453640 297.676836 27
324.951299 296.806756 27
322.439595 292.456357 27
321.434914 290.716197 27
320.430232 288.976037 27
318.420868 285.495718 27
317.416187 283.755558 27
316.913846 282.885478 27
315.406823 280.275239 27
314.904483 279.405159 27
313.899801 277.664999 27
315.406823 276.794919 26
318.420869 276.794919 26
319.425550 276.794919 26
324.448959 276.794919 26
325.453640 276.794919 26
332.486412 276.794919 26
334.495776 276.794919 26
336.505139 276.794919 26
337.509821 276.794919 26
341.528548 276.794919 26
344.542593 276.794919 26
348.561320 276.794919 26
349.566001 276.794919 26
350.570683 276.794919 26
351.575365 276.794919 26
353.584728 276.794919 26
354.589410 276.794919 26
355.594091 276.794919 26
362.626863 276.794919 26
367.650272 276.794919 26
369.659635 276.794919 26
372.673680 276.794919 26
374.683044 276.794919 26
376.692407 276.794919 26
377.697089 276.794919 26
380.711134 276.794919 26
386.739224 276.794919 26
389.753269 276.794919 26
392.767314 276.794919 26
395.781359 276.794919 26
398.795405 276.794919 26
401.809450 276.794919 26
402.814131 276.794919 26
403.818813 276.794919 26
407.837540 276.794919 26
410.851585 276.794919 26
411.856267 276.794919 26
412.860948 276.794919 26
413.865630 276.794919 26
414.870312 276.794919 26
415.874993 276.794919 26
416.879675 276.794919 26
418.889039 276.794919 26
419.893720 276.794919 26
420.898402 276.794919 26
423.912447 276.794919 26
425.921810 276.794919 26
426.926492 276.794919 26
429.940537 276.794919 26
432.954582 276.794919 26
433.959264 276.794919 26
434.963946 276.794919 26
441.996718 276.794919 26
454.052898 276.794919 26
457.066943 276.794919 26
458.071625 276.794919 26
459.076307 276.794919 26
460.080988 276.794919 26
461.085670 276.794919 26
465.104397 276.794919 26
468.118442 276.794919 26
470.127805 276.794919 26
471.132487 276.794919 26
471.634828 275.924839 25
472.137169 275.054759 25
474.648873 270.704360 25
475.151214 269.834280 25
476.155895 268.094120 25
477.662918 265.483881 25
480.676963 260.263401 25
481.681645 258.523242 25
482.183986 257.653162 25
482.686326 256.783082 25
483.691008 255.042922 25
484.193349 254.172842 25
484.695690 253.302762 25
485.700372 251.562603 25
486.202712 250.692523 25
486.705053 249.822443 25
487.709735 248.082283 25
488.212076 247.212203 25
488.714417 246.342123 25
489.719098 244.601964 25
490.723780 242.861804 25
491.728462 241.121644 25
492.230803 240.251564 25
492.733143 239.381484 25
494.240166 236.771245 25
495.747189 234.161005 25
497.254211 231.550766 25
497.756552 230.680686 25
498.761234 228.940526 25
500.268256 226.330286 25
500.770597 225.460207 25
501.775279 223.720047 25
503.282301 221.109807 25
505.291665 217.629488 25
506.798687 215.019248 25
507.803369 213.279088 25
508.305710 212.409008 25
510.817414 208.058609 25
511.822096 206.318449 25
512.324436 205.448369 25
513.329118 203.708210 25
517.850186 195.877491 25
518.352527 195.007411 25
519.357208 193.267251 25
524.380617 184.566453 25
525.385298 182.826293 25
527.394662 179.345973 25
528.901684 176.735734 25
532.418070 170.645175 25
532.920411 169.775095 25
533.925093 168.034935 25
534.929775 166.294775 25
535.432115 165.424695 25
535.934456 164.554615 25
536.436797 163.684536 25
537.441479 161.944376 25
540.455524 156.723897 25
541.962546 154.113657 25
542.464887 153.243577 25
543.971910 150.633337 25
544.474251 149.763258 25
544.976592 148.893178 25
546.483614 146.282938 25
548.995318 141.932539 25
551.004682 141.932539 24
552.009363 143.672698 24
553.014045 145.412858 24
553.516386 146.282938 24
554.018727 147.153018 24
554.521068 148.023098 24
557.535113 153.243577 24
558.539794 154.983737 24
561.051499 159.334136 24
561.553839 160.204216 24
562.056180 161.074296 24
562.558521 161.944376 24
564.567885 165.424695 24
565.070225 166.294775 24
565.572566 167.164855 24
566.074907 168.034935 24
566.577248 168.905015 24
567.079589 169.775095 24
568.084270 171.515254 24
571.098316 176.735734 24
572.605338 179.345973 24
576.121724 185.436532 24
577.126406 187.176692 24
577.628747 188.046772 24
578.633428 189.786932 24
579.135769 190.657012 24
580.140451 192.397171 24
581.145133 194.137331 24
583.154496 197.617651 24
583.656837 198.487730 24
584.159178 199.357810 24
586.168541 202.838130 24
586.670882 203.708210 24
587.675564 205.448369 24
588.680245 207.188529 24
590.187268 209.798769 24
590.689609 210.668849 24
591.191949 211.538929 24
591.694290 212.409008 24
592.698972 214.149168 24
593.703654 215.889328 24
596.215358 220.239727 24
599.229403 225.460207 24
600.234085 227.200366 24
602.243448 230.680686 24
602.745789 231.550766 24
603.750471 233.290925 24
605.257493 235.901165 24
605.759834 236.771245 24
606.262175 237.641325 24
607.769197 240.251564 24
608.271538 241.121644 24
610.280902 244.601964 24
611.285583 246.342123 24
612.792606 248.952363 24
613.294947 249.822443 24
613.797288 250.692523 24
614.801969 252.432683 24
615.304310 253.302762 24
616.811333 255.913002 24
617.816014 257.653162 24
618.820696 259.393322 24
620.327719 262.003561 24
620.830059 262.873641 24
621.834741 264.613801 24
622.337082 265.483881 24
623.341764 267.224040 24
625.351127 270.704360 24
628.365172 275.924839 24
630.876876 276.794919 23
631.881558 276.794919 23
633.890922 276.794919 23
635.900285 276.794919 23
636.904967 276.794919 23
637.909648 276.794919 23
639.919012 276.794919 23
640.923693 276.794919 23
647.956465 276.794919 23
649.965829 276.794919 23
654.989237 276.794919 23
656.998601 276.794919 23
660.012646 276.794919 23
664.031373 276.794919 23
665.036054 276.794919 23
667.045418 276.794919 23
671.064144 276.794919 23
673.073508 276.794919 23
677.092235 276.794919 23
678.096916 276.794919 23
679.101598 276.794919 23
680.106280 276.794919 23
683.120325 276.794919 23
684.125007 276.794919 23
685.129688 276.794919 23
686.134370 276.794919 23
688.143733 276.794919 23
692.162460 276.794919 23
696.181187 276.794919 23
699.195232 276.794919 23
700.199914 276.794919 23
705.223322 276.794919 23
706.228004 276.794919 23
709.242049 276.794919 23
719.288866 276.794919 23
721.298229 276.794919 23
722.302911 276.794919 23
729.335683 276.794919 23
730.340365 276.794919 23
732.349728 276.794919 23
733.354410 276.794919 23
736.368455 276.794919 23
738.377818 276.794919 23
739.382500 276.794919 23
742.396545 276.794919 23
743.401227 276.794919 23
748.424635 276.794919 23
753.448044 276.794919 23
758.471452 276.794919 23
761.485497 276.794919 23
765.504224 276.794919 23
769.522951 276.794919 23
770.527633 276.794919 23
771.532314 276.794919 23
778.565086 276.794919 23
785.597858 278.535079 22
785.095517 279.405159 22
783.588495 282.015398 22
781.579132 285.495718 22
780.072109 288.105957 22
777.560405 292.456357 22
773.541678 299.416996 22
772.536996 301.157156 22
772.034655 302.027235 22
771.532315 302.897315 22
769.020610 307.247715 22
768.518270 308.117795 22
765.001884 314.208354 22
764.499543 315.078434 22
763.997202 315.948514 22
762.490179 318.558753 22
761.987838 319.428833 22
761.485498 320.298913 22
759.476134 323.779232 22
756.964430 328.129632 22
747.922295 343.791070 22
747.419954 344.661150 22
745.410591 348.141469 22
743.903568 350.751709 22
743.401227 351.621789 22
742.898886 352.491868 22
742.396545 353.361948 22
739.884841 357.712348 22
739.382500 358.582428 22
738.880160 359.452508 22
738.377819 360.322587 22
737.373137 362.062747 22
736.870796 362.932827 22
736.368455 363.802907 22
733.354410 369.023386 22
730.842706 373.373786 22
729.838024 375.113945 22
726.321638 381.204504 22
725.819297 382.074584 22
725.316957 382.944664 22
723.809934 385.554904 22
721.800571 389.035223 22
721.298230 389.905303 22
720.795889 390.775383 22
720.293548 391.645463 22
717.781844 395.995862 22
717.279503 396.865942 22
716.777162 397.736022 22
714.767799 401.216342 22
713.260776 403.826581 22
712.758435 404.696661 22
712.256095 405.566741 22
711.753754 406.436821 22
710.246731 409.047061 22
708.238181 414.268949 21
708.741336 415.140438 21
709.244490 416.011927 21
709.747645 416.883416 21
710.250799 417.754905 21
711.257108 419.497883 21
711.760262 420.369372 21
712.263417 421.240861 21
712.766571 422.112350 21
714.779189 425.598307 21
715.785498 427.341285 21
716.288652 428.212774 21
716.791807 429.084263 21
717.294961 429.955752 21
717.798116 430.827241 21
718.301270 431.698730 21
718.804424 432.570219 21
719.307579 433.441708 21
719.810733 434.313197 21
720.313888 435.184686 21
721.320197 436.927664 21
722.326505 438.670642 21
722.829660 439.542131 21
723.332814 440.413620 21
723.835969 441.285110 21
724.339123 442.156599 21
724.842278 443.028088 21
725.345432 443.899577 21
725.848586 444.771066 21
726.351741 445.642555 21
726.854895 446.514044 21
727.358050 447.385533 21
727.861204 448.257022 21
728.867513 450.000000 21
731.886440 450.000000 20
733.899058 450.000000 20
735.911675 450.000000 20
736.917984 450.000000 20
737.924293 450.000000 20
738.930602 450.000000 20
740.943220 450.000000 20
741.949529 450.000000 20
742.955838 450.000000 20
743.962147 450.000000 20
744.968455 450.000000 20
745.974764 450.000000 20
746.981073 450.000000 20
747.987382 450.000000 20
748.993691 450.000000 20
750.000000 450.000000 20
751.006309 450.000000 20
753.018927 450.000000 20
754.025236 450.000000 20
755.031545 450.000000 20
756.037853 450.000000 20
757.044162 450.000000 20
758.050471 450.000000 20
759.056780 450.000000 20
761.069398 450.000000 20
762.075707 450.000000 20
763.082016 450.000000 20
764.088325 450.000000 20
765.094634 450.000000 20
766.100942 450.000000 20
767.107251 450.000000 20
768.113560 450.000000 20
769.119869 450.000000 20
771.132487 450.000000 20
771.634828 449.129920 19
772.137169 448.259840 19
772.639510 447.389760 19
774.146532 444.779521 19
774.648873 443.909441 19
775.653555 442.169281 19
777.662918 438.688962 19
778.667600 436.948802 19
779.672281 435.208642 19
783.188667 429.118083 19
785.198031 425.637764 19
787.207394 422.157444 19
787.709735 421.287364 19
788.212076 420.417284 19
788.714417 419.547204 19
790.221439 416.936965 19
791.226121 415.196805 19
792.230803 413.456645 19
792.733143 412.586565 19
795.747189 407.366086 19
796.751870 405.625926 19
797.254211 404.755847 19
798.258893 403.015687 19
799.263574 401.275527 19
800.770597 398.665288 19
802.277620 396.055048 19
805.291665 390.834569 19
806.798687 388.224329 19
810.817414 381.263690 19
811.822096 379.523530 19
812.324436 378.653450 19
814.333800 375.173131 19
814.836141 374.303051 19
816.343163 371.692811 19
816.845504 370.822732 19
817.347845 369.952652 19
818.854867 367.342412 19
819.357208 366.472332 19
819.859549 365.602252 19
820.361890 364.732172 19
820.864231 363.862093 19
821.366572 362.992013 19
821.868913 362.121933 19
823.878276 358.641613 19
824.380617 357.771534 19
824.882958 356.901454 19
825.385298 356.031374 19
825.887639 355.161294 19
826.389980 354.291214 19
829.404025 349.070735 19
829.906366 348.200655 19
832.920411 342.980176 19
834.427434 340.369936 19
836.436797 336.889617 19
839.450842 331.669137 19
841.460206 328.188818 19
842.967228 325.578578 19
843.469569 324.708498 19
843.971910 323.838418 19
844.474251 322.968339 19
844.976592 322.098259 19
845.478932 321.228179 19
845.981273 320.358099 19
848.492977 316.007700 19
848.995318 315.137620 19
850.000000 313.397460 19
850.502341 314.267540 18
851.507023 316.007700 18
853.516386 319.488019 18
855.023408 322.098259 18
855.525749 322.968339 18
856.028090 323.838418 18
856.530431 324.708498 18
861.553839 333.409297 18
862.056180 334.279377 18
863.060862 336.019537 18
863.563203 336.889617 18
865.070225 339.499856 18
867.581930 343.850256 18
869.591293 347.330575 18
870.093634 348.200655 18
870.595975 349.070735 18
872.102997 351.680974 18
872.605338 352.551054 18
874.112361 355.161294 18
874.614702 356.031374 18
875.117042 356.901454 18
877.126406 360.381773 18
877.628747 361.251853 18
879.135769 363.862093 18
880.140451 365.602252 18
883.656837 371.692811 18
884.159178 372.562891 18
885.163859 374.303051 18
885.666200 375.173131 18
887.675564 378.653450 18
888.177904 379.523530 18
888.680245 380.393610 18
889.684927 382.133770 18
890.689609 383.873930 18
891.191949 384.744010 18
891.694290 385.614089 18
892.196631 386.484169 18
892.698972 387.354249 18
893.703654 389.094409 18
894.205995 389.964489 18
895.210676 391.704649 18
896.215358 393.444808 18
897.220040 395.184968 18
898.727062 397.795208 18
901.238766 402.145607 18
902.243448 403.885767 18
902.745789 404.755847 18
903.750471 406.496006 18
904.252811 407.366086 18
904.755152 408.236166 18
905.759834 409.976326 18
906.262175 410.846406 18
906.764516 411.716486 18
909.276220 416.066885 18
910.280902 417.807045 18
914.299628 424.767684 18
914.801969 425.637764 18
918.318355 431.728323 18
919.323037 433.468482 18
920.327719 435.208642 18
922.839423 439.559042 18
923.844105 441.299201 18
924.346445 442.169281 18
924.848786 443.039361 18
925.853468 444.779521 18
928.867513 450.000000 18
928.867513 450.000000 17
929.869379 450.000000 17
930.871245 450.000000 17
931.873111 450.000000 17
932.874977 450.000000 17
933.876843 450.000000 17
934.878709 450.000000 17
936.882441 450.000000 17
937.884307 450.000000 17
938.886173 450.000000 17
939.888039 450.000000 17
943.895503 450.000000 17
944.897369 450.000000 17
945.899235 450.000000 17
946.901101 450.000000 17
947.902967 450.000000 17
949.906699 450.000000 17
951.910431 450.000000 17
952.912297 450.000000 17
953.914163 450.000000 17
955.917895 450.000000 17
956.919761 450.000000 17
957.921627 450.000000 17
959.925359 450.000000 17
960.927225 450.000000 17
961.929091 450.000000 17
964.934690 450.000000 17
965.936556 450.000000 17
967.940288 450.000000 17
971.947752 450.000000 17
972.949618 450.000000 17
973.951484 450.000000 17
974.953350 450.000000 17
976.957082 450.000000 17
977.958948 450.000000 17
978.960814 450.000000 17
979.962680 450.000000 17
980.964546 450.000000 17
982.968278 450.000000 17
984.972010 450.000000 17
985.973876 450.000000 17
986.975742 450.000000 17
987.977608 450.000000 17
988.979474 450.000000 17
989.981340 450.000000 17
990.983206 450.000000 17
991.985072 450.000000 17
992.986938 450.000000 17
993.988804 450.000000 17
994.990670 450.000000 17
996.994402 450.000000 17
997.996268 450.000000 17
1000.000000 450.000000 17
1000.000000 451.000000 16
1000.000000 453.000000 16
1000.000000 455.000000 16
1000.000000 460.000000 16
1000.000000 461.000000 16
1000.000000 463.000000 16
1000.000000 464.000000 16
1000.000000 465.000000 16
1000.000000 466.000000 16
1000.000000 467.000000 16
1000.000000 468.000000 16
1000.000000 474.000000 16
1000.000000 475.000000 16
1000.000000 476.000000 16
1000.000000 477.000000 16
1000.000000 478.000000 16
1000.000000 479.000000 16
1000.000000 482.000000 16
1000.000000 485.000000 16
1000.000000 487.000000 16
1000.000000 488.000000 16
1000.000000 489.000000 16
1000.000000 490.000000 16
1000.000000 491.000000 16
1000.000000 492.000000 16
1000.000000 494.000000 16
1000.000000 495.000000 16
1000.000000 496.000000 16
1000.000000 497.000000 16
1000.000000 498.000000 16
1000.000000 505.000000 16
1000.000000 507.000000 16
1000.000000 508.000000 16
1000.000000 509.000000 16
1000.000000 510.000000 16
1000.000000 511.000000 16
1000.000000 512.000000 16
1000.000000 520.000000 16
1000.000000 521.000000 16
1000.000000 523.000000 16
1000.000000 524.000000 16
1000.000000 525.000000 16
1000.000000 526.000000 16
1000.000000 527.000000 16
1000.000000 528.000000 16
1000.000000 529.000000 16
1000.000000 530.000000 16
1000.000000 531.000000 16
1000.000000 532.000000 16
1000.000000 534.000000 16
1000.000000 536.000000 16
1000.000000 538.000000 16
1000.000000 539.000000 16
1000.000000 540.000000 16
1000.000000 541.000000 16
1000.000000 542.000000 16
1000.000000 543.000000 16
1000.000000 544.000000 16
1000.000000 547.000000 16
1000.000000 548.000000 16
1000.000000 549.000000 16
1000.000000 550.000000 15
996.979668 550.000000 15
994.966113 550.000000 15
993.959335 550.000000 15
992.952558 550.000000 15
991.945780 550.000000 15
990.939003 550.000000 15
987.918671 550.000000 15
978.857674 550.000000 15
972.817009 550.000000 15
968.789899 550.000000 15
965.769567 550.000000 15
963.756012 550.000000 15
962.749235 550.000000 15
961.742457 550.000000 15
959.728902 550.000000 15
958.722125 550.000000 15
957.715347 550.000000 15
955.701792 550.000000 15
954.695015 550.000000 15
953.688238 550.000000 15
951.674683 550.000000 15
950.667905 550.000000 15
949.661128 550.000000 15
948.654350 550.000000 15
946.640795 550.000000 15
945.634018 550.000000 15
938.586576 550.000000 15
936.573021 550.000000 15
935.566243 550.000000 15
934.559466 550.000000 15
932.545911 550.000000 15
930.532356 550.000000 15
929.525579 550.000000 15
925.498469 550.000000 15
924.491692 550.000000 15
923.484914 550.000000 15
919.457804 550.000000 15
917.444249 550.000000 15
915.430695 550.000000 15
914.423917 550.000000 15
913.417140 550.000000 15
912.410362 550.000000 15
911.403585 550.000000 15
910.396807 550.000000 15
903.349365 550.000000 15
902.342588 550.000000 15
901.335810 550.000000 15
899.322255 550.000000 15
898.315478 550.000000 15
897.308701 550.000000 15
896.301923 550.000000 15
895.295146 550.000000 15
893.281591 550.000000 15
891.268036 550.000000 15
881.200261 550.000000 15
879.186707 550.000000 15
878.179929 550.000000 15
875.159597 550.000000 15
874.152819 550.000000 15
872.139264 550.000000 15
871.132487 550.000000 14
870.629333 549.128511 14
870.126178 548.257022 14
869.623024 547.385533 14
868.113560 544.771066 14
867.610406 543.899577 14
867.107251 543.028088 14
866.604097 542.156599 14
866.100942 541.285110 14
865.094634 539.542131 14
864.591479 538.670642 14
864.088325 537.799153 14
863.585170 536.927664 14
862.578861 535.184686 14
862.075707 534.313197 14
861.572552 533.441708 14
861.069398 532.570219 14
860.566243 531.698730 14
859.559935 529.955752 14
859.056780 529.084263 14
857.547317 526.469796 14
857.044162 525.598307 14
856.541008 524.726818 14
856.037853 523.855329 14
855.534699 522.983840 14
854.528390 521.240861 14
854.025236 520.369372 14
853.522081 519.497883 14
853.018927 518.626394 14
852.515772 517.754905 14
852.012618 516.883416 14
851.509463 516.011927 14
851.006309 515.140438 14
850.503154 514.268949 14
850.000000 513.397460 14
850.000000 513.397460 13
849.496846 514.268949 13
848.993691 515.140438 13
848.490537 516.011927 13
847.987382 516.883416 13
846.981073 518.626394 13
846.477919 519.497883 13
845.974764 520.369372 13
845.471610 521.240861 13
844.968455 522.112350 13
844.465301 522.983840 13
843.962147 523.855329 13
842.955838 525.598307 13
842.452683 526.469796 13
841.949529 527.341285 13
841.446374 528.212774 13
840.943220 529.084263 13
840.440065 529.955752 13
839.936911 530.827241 13
839.433757 531.698730 13
838.930602 532.570219 13
837.924293 534.313197 13
837.421139 535.184686 13
836.414830 536.927664 13
835.911675 537.799153 13
834.905366 539.542131 13
833.899058 541.285110 13
833.395903 542.156599 13
832.892749 543.028088 13
832.389594 543.899577 13
831.886440 544.771066 13
831.383285 545.642555 13
830.880131 546.514044 13
830.376976 547.385533 13
829.873822 548.257022 13
828.867513 550.000000 13
822.839423 550.000000 12
821.834741 550.000000 12
820.830059 550.000000 12
819.825378 550.000000 12
818.820696 550.000000 12
817.816014 550.000000 12
814.801969 550.000000 12
812.792606 550.000000 12
810.783243 550.000000 12
808.773879 550.000000 12
807.769197 550.000000 12
804.755152 550.000000 12
802.745789 550.000000 12
801.741107 550.000000 12
800.736426 550.000000 12
798.727062 550.000000 12
796.717699 550.000000 12
789.684927 550.000000 12
785.666200 550.000000 12
783.656837 550.000000 12
782.652155 550.000000 12
781.647473 550.000000 12
776.624065 550.000000 12
775.619383 550.000000 12
773.610020 550.000000 12
771.600656 550.000000 12
765.572566 550.000000 12
759.544476 550.000000 12
757.535113 550.000000 12
756.530431 550.000000 12
754.521068 550.000000 12
753.516386 550.000000 12
748.492977 550.000000 12
743.469569 550.000000 12
741.460206 550.000000 12
737.441479 550.000000 12
735.432115 550.000000 12
734.427434 550.000000 12
726.389980 550.000000 12
723.375935 550.000000 12
721.366572 550.000000 12
719.357208 550.000000 12
718.352527 550.000000 12
716.343163 550.000000 12
715.338482 550.000000 12
714.333800 550.000000 12
708.305710 550.000000 12
706.296346 550.000000 12
705.291665 550.000000 12
703.282301 550.000000 12
701.272938 550.000000 12
700.268256 550.000000 12
699.263574 550.000000 12
698.258893 550.000000 12
695.244848 550.000000 12
692.230803 550.000000 12
690.221439 550.000000 12
689.216757 550.000000 12
687.207394 550.000000 12
685.198031 550.000000 12
683.188667 550.000000 12
682.183986 550.000000 12
681.179304 550.000000 12
680.174622 550.000000 12
675.151214 550.000000 12
674.146532 550.000000 12
672.137169 550.000000 12
671.132487 550.000000 11
670.127805 548.259840 11
669.123124 546.519681 11
668.620783 545.649601 11
668.118442 544.779521 11
667.616101 543.909441 11
667.113760 543.039361 11
665.606738 540.429121 11
665.104397 539.559042 11
661.085670 532.598403 11
660.583329 531.728323 11
659.578647 529.988163 11
658.573966 528.248003 11
651.038853 515.196805 11
650.536512 514.326725 11
648.024808 509.976326 11
646.517785 507.366086 11
645.010763 504.755847 11
644.508422 503.885767 11
642.499058 500.405447 11
641.996717 499.535367 11
641.494377 498.665288 11
640.992036 497.795208 11
637.977991 492.574728 11
636.973309 490.834569 11
634.963946 487.354249 11
634.461605 486.484169 11
632.954582 483.873930 11
631.949900 482.133770 11
630.945219 480.393610 11
630.442878 479.523530 11
628.433514 476.043211 11
627.931174 475.173131 11
627.428833 474.303051 11
626.424151 472.562891 11
625.921810 471.692811 11
623.912447 468.212492 11
623.410106 467.342412 11
622.907765 466.472332 11
622.405424 465.602252 11
621.903083 464.732172 11
619.893720 461.251853 11
616.879675 456.031374 11
615.874993 454.291214 11
613.865630 450.810895 11
612.860948 449.070735 11
610.851585 445.590415 11
610.349244 444.720335 11
609.846903 443.850256 11
609.344562 442.980176 11
608.842221 442.110096 11
607.335199 439.499856 11
606.832858 438.629776 11
606.330517 437.759696 11
605.828176 436.889617 11
605.325835 436.019537 11
604.321153 434.279377 11
603.316472 432.539217 11
602.814131 431.669137 11
602.311790 430.799057 11
601.809449 429.928978 11
601.307108 429.058898 11
600.804768 428.188818 11
598.795404 424.708498 11
598.293063 423.838418 11
597.288382 422.098259 11
596.283700 420.358099 11
595.781359 419.488019 11
595.279018 418.617939 11
593.771996 416.007700 11
592.264973 413.397460 10
592.768127 412.525971 10
593.271282 411.654482 10
593.774436 410.782993 10
594.277591 409.911504 10
594.780745 409.040015 10
595.283900 408.168526 10
595.787054 407.297036 10
596.290209 406.425547 10
596.793363 405.554058 10
597.296518 404.682569 10
599.309135 401.196613 10
600.315444 399.453635 10
602.328062 395.967679 10
602.831216 395.096190 10
603.334371 394.224700 10
603.837525 393.353211 10
604.340680 392.481722 10
604.843834 391.610233 10
605.346989 390.738744 10
605.850143 389.867255 10
606.353298 388.995766 10
606.856452 388.124277 10
607.359607 387.252788 10
607.862761 386.381299 10
609.372224 383.766832 10
609.875379 382.895342 10
610.378533 382.023853 10
610.881688 381.152364 10
611.384842 380.280875 10
612.391151 378.537897 10
612.894306 377.666408 10
613.397460 376.794919 10
613.397460 376.794919 9
612.391151 376.794919 9
610.378533 376.794919 9
609.372224 376.794919 9
608.365916 376.794919 9
607.359607 376.794919 9
606.353298 376.794919 9
604.340680 376.794919 9
603.334371 376.794919 9
602.328062 376.794919 9
601.321753 376.794919 9
600.315445 376.794919 9
599.309136 376.794919 9
598.302827 376.794919 9
597.296518 376.794919 9
595.283900 376.794919 9
594.277591 376.794919 9
592.264973 376.794919 9
591.258665 376.794919 9
589.246047 376.794919 9
588.239738 376.794919 9
587.233429 376.794919 9
586.227120 376.794919 9
585.220811 376.794919 9
584.214502 376.794919 9
583.208194 376.794919 9
582.201885 376.794919 9
581.195576 376.794919 9
579.182958 376.794919 9
578.176649 376.794919 9
576.164031 376.794919 9
575.157723 376.794919 9
574.151414 376.794919 9
573.145105 376.794919 9
572.138796 376.794919 9
571.132487 376.794919 9
571.132487 376.794919 8
570.126178 375.051941 8
569.623024 374.180452 8
568.616715 372.437474 8
568.113560 371.565985 8
567.610406 370.694496 8
567.107251 369.823007 8
566.604097 368.951518 8
566.100942 368.080029 8
565.597788 367.208539 8
565.094634 366.337050 8
564.591479 365.465561 8
564.088325 364.594072 8
563.585170 363.722583 8
563.082016 362.851094 8
562.578861 361.979605 8
562.075707 361.108116 8
561.572552 360.236627 8
561.069398 359.365138 8
560.566243 358.493649 8
559.559935 356.750671 8
559.056780 355.879182 8
558.553626 355.007693 8
558.050471 354.136204 8
557.044162 352.393226 8
556.541008 351.521737 8
556.037853 350.650248 8
555.534699 349.778759 8
554.528390 348.035780 8
553.522081 346.292802 8
553.018927 345.421313 8
552.515772 344.549824 8
552.012618 343.678335 8
551.509463 342.806846 8
551.006309 341.935357 8
550.503154 341.063868 8
550.000000 340.192379 7
549.496846 341.063868 7
548.993691 341.935357 7
548.490537 342.806846 7
547.987382 343.678335 7
547.484228 344.549824 7
545.974764 347.164291 7
545.471610 348.035780 7
544.968455 348.907269 7
544.465301 349.778759 7
543.962147 350.650248 7
543.458992 351.521737 7
542.955838 352.393226 7
542.452683 353.264715 7
541.949529 354.136204 7
541.446374 355.007693 7
540.943220 355.879182 7
540.440065 356.750671 7
539.936911 357.622160 7
539.433757 358.493649 7
538.930602 359.365138 7
538.427448 360.236627 7
537.924293 361.108116 7
537.421139 361.979605 7
536.917984 362.851094 7
536.414830 363.722583 7
535.911675 364.594072 7
535.408521 365.465561 7
534.905366 366.337050 7
534.402212 367.208539 7
533.899058 368.080029 7
533.395903 368.951518 7
532.892749 369.823007 7
532.389594 370.694496 7
531.886440 371.565985 7
531.383285 372.437474 7
530.880131 373.308963 7
530.376976 374.180452 7
529.873822 375.051941 7
528.867513 376.794919 7
528.867513 376.794919 6
525.848586 376.794919 6
523.835969 376.794919 6
522.829660 376.794919 6
521.823351 376.794919 6
520.817042 376.794919 6
519.810733 376.794919 6
518.804424 376.794919 6
516.791806 376.794919 6
514.779189 376.794919 6
513.772880 376.794919 6
512.766571 376.794919 6
510.753953 376.794919 6
509.747644 376.794919 6
508.741335 376.794919 6
507.735027 376.794919 6
506.728718 376.794919 6
505.722409 376.794919 6
504.716100 376.794919 6
503.709791 376.794919 6
502.703482 376.794919 6
501.697173 376.794919 6
500.690864 376.794919 6
499.684555 376.794919 6
498.678247 376.794919 6
497.671938 376.794919 6
496.665629 376.794919 6
495.659320 376.794919 6
494.653011 376.794919 6
493.646702 376.794919 6
492.640393 376.794919 6
491.634084 376.794919 6
490.627776 376.794919 6
489.621467 376.794919 6
488.615158 376.794919 6
487.608849 376.794919 6
486.602540 376.794919 6
486.602540 376.794919 5
487.105694 377.666408 5
488.112003 379.409386 5
488.615158 380.280875 5
489.118312 381.152364 5
489.621467 382.023853 5
490.124621 382.895342 5
490.627776 383.766832 5
491.130930 384.638321 5
491.634085 385.509810 5
492.137239 386.381299 5
492.640393 387.252788 5
493.143548 388.124277 5
493.646702 388.995766 5
494.149857 389.867255 5
494.653011 390.738744 5
495.156166 391.610233 5
495.659320 392.481722 5
496.162475 393.353211 5
497.168784 395.096190 5
497.671938 395.967679 5
498.175092 396.839168 5
498.678247 397.710657 5
499.181401 398.582146 5
499.684556 399.453635 5
500.187710 400.325124 5
500.690865 401.196613 5
501.194019 402.068102 5
502.200328 403.811080 5
502.703482 404.682569 5
503.206637 405.554058 5
503.709791 406.425547 5
504.212946 407.297036 5
504.716100 408.168526 5
505.219255 409.040015 5
505.722409 409.911504 5
506.728718 411.654482 5
507.231873 412.525971 5
506.228004 416.007700 4
500.702255 425.578578 4
500.199914 426.448658 4
499.195232 428.188818 4
498.190551 429.928978 4
497.688210 430.799057 4
497.185869 431.669137 4
495.678847 434.279377 4
494.674165 436.019537 4
492.162461 440.369936 4
490.655438 442.980176 4
489.650756 444.720335 4
489.148415 445.590415 4
488.646075 446.460495 4
486.134370 450.810895 4
485.129689 452.551054 4
484.627348 453.421134 4
484.125007 454.291214 4
482.115643 457.771534 4
481.613303 458.641613 4
480.106280 461.251853 4
479.603939 462.121933 4
477.594576 465.602252 4
477.092235 466.472332 4
476.087553 468.212492 4
475.585212 469.082572 4
474.580531 470.822732 4
473.073508 473.432971 4
471.566486 476.043211 4
471.064145 476.913291 4
470.561804 477.783371 4
468.552440 481.263690 4
467.045418 483.873930 4
465.538395 486.484169 4
465.036054 487.354249 4
464.533714 488.224329 4
464.031373 489.094409 4
463.529032 489.964489 4
463.026691 490.834569 4
462.022009 492.574728 4
461.017328 494.314888 4
460.012646 496.055048 4
459.510305 496.925128 4
459.007964 497.795208 4
458.505623 498.665288 4
458.003283 499.535367 4
457.500942 500.405447 4
456.998601 501.275527 4
455.993919 503.015687 4
454.486897 505.625926 4
452.979874 508.236166 4
452.477533 509.106246 4
451.975192 509.976326 4
450.468170 512.586565 4
449.463488 514.326725 4
447.956465 516.936965 4
447.454125 517.807045 4
444.440079 523.027524 4
443.937739 523.897604 4
442.430716 526.507843 4
441.928375 527.377923 4
440.421353 529.988163 4
439.919012 530.858243 4
439.416671 531.728323 4
436.904967 536.078722 4
433.388581 542.169281 4
432.383899 543.909441 4
431.881558 544.779521 4
430.876876 546.519681 4
429.872195 548.259840 4
429.369854 549.129920 4
428.867513 550.000000 3
426.858150 550.000000 3
424.848786 550.000000 3
422.839423 550.000000 3
421.834741 550.000000 3
418.820696 550.000000 3
415.806651 550.000000 3
414.801969 550.000000 3
411.787924 550.000000 3
404.755152 550.000000 3
402.745789 550.000000 3
399.731744 550.000000 3
398.727062 550.000000 3
394.708335 550.000000 3
390.689609 550.000000 3
389.684927 550.000000 3
387.675564 550.000000 3
385.666200 550.000000 3
367.581930 550.000000 3
365.572566 550.000000 3
364.567885 550.000000 3
361.553839 550.000000 3
359.544476 550.000000 3
358.539794 550.000000 3
354.521068 550.000000 3
353.516386 550.000000 3
351.507023 550.000000 3
350.502341 550.000000 3
349.497659 550.000000 3
348.492977 550.000000 3
341.460206 550.000000 3
340.455524 550.000000 3
335.432115 550.000000 3
333.422752 550.000000 3
330.408707 550.000000 3
329.404025 550.000000 3
328.399344 550.000000 3
326.389980 550.000000 3
324.380617 550.000000 3
322.371253 550.000000 3
321.366572 550.000000 3
320.361890 550.000000 3
319.357208 550.000000 3
316.343163 550.000000 3
315.338482 550.000000 3
312.324436 550.000000 3
311.319755 550.000000 3
310.315073 550.000000 3
308.305710 550.000000 3
307.301028 550.000000 3
306.296346 550.000000 3
303.282301 550.000000 3
301.272938 550.000000 3
299.263574 550.000000 3
293.235484 550.000000 3
287.207394 550.000000 3
284.193349 550.000000 3
283.188667 550.000000 3
280.174622 550.000000 3
278.165259 550.000000 3
277.160577 550.000000 3
272.137169 550.000000 3
271.132487 550.000000 3
271.132487 550.000000 2
270.629333 549.128511 2
270.126178 548.257022 2
269.623024 547.385533 2
269.119869 546.514044 2
267.610406 543.899577 2
266.100942 541.285110 2
265.597788 540.413620 2
265.094634 539.542131 2
264.591479 538.670642 2
264.088325 537.799153 2
263.585170 536.927664 2
263.082016 536.056175 2
262.578861 535.184686 2
262.075707 534.313197 2
261.572552 533.441708 2
260.566244 531.698730 2
260.063089 530.827241 2
259.056780 529.084263 2
257.547317 526.469796 2
257.044162 525.598307 2
256.541008 524.726818 2
256.037853 523.855329 2
255.534699 522.983840 2
255.031545 522.112350 2
254.528390 521.240861 2
254.025236 520.369372 2
253.522081 519.497883 2
253.018927 518.626394 2
252.515772 517.754905 2
252.012618 516.883416 2
251.006309 515.140438 2
250.503154 514.268949 2
250.000000 513.397460 2
250.000000 513.397460 1
249.496846 514.268949 1
248.993691 515.140438 1
248.490537 516.011927 1
247.987382 516.883416 1
247.484228 517.754905 1
246.981073 518.626394 1
246.477919 519.497883 1
245.974764 520.369372 1
245.471610 521.240861 1
244.968455 522.112350 1
244.465301 522.983840 1
243.962147 523.855329 1
243.458992 524.726818 1
242.955838 525.598307 1
242.452683 526.469796 1
241.949529 527.341285 1
241.446374 528.212774 1
240.943220 529.084263 1
240.440065 529.955752 1
239.936911 530.827241 1
239.433757 531.698730 1
238.427448 533.441708 1
237.924293 534.313197 1
236.917984 536.056175 1
236.414830 536.927664 1
235.911675 537.799153 1
235.408521 538.670642 1
234.905366 539.542131 1
234.402212 540.413620 1
233.899058 541.285110 1
233.395903 542.156599 1
232.892749 543.028088 1
231.886440 544.771066 1
231.383285 545.642555 1
230.376976 547.385533 1
229.873822 548.257022 1
229.370667 549.128511 1
228.867513 550.000000 1
227.860736 550.000000 0
226.853958 550.000000 0
225.847181 550.000000 0
223.833626 550.000000 0
220.813293 550.000000 0
219.806516 550.000000 0
217.792961 550.000000 0
214.772629 550.000000 0
213.765851 550.000000 0
212.759074 550.000000 0
210.745519 550.000000 0
209.738742 550.000000 0
208.731964 550.000000 0
207.725187 550.000000 0
206.718409 550.000000 0
200.677745 550.000000 0
197.657412 550.000000 0
196.650635 550.000000 0
195.643857 550.000000 0
194.637080 550.000000 0
193.630302 550.000000 0
188.596415 550.000000 0
186.582860 550.000000 0
185.576083 550.000000 0
183.562528 550.000000 0
179.535418 550.000000 0
178.528641 550.000000 0
175.508308 550.000000 0
170.474421 550.000000 0
166.447311 550.000000 0
162.420202 550.000000 0
157.386314 550.000000 0
156.379537 550.000000 0
153.359205 550.000000 0
152.352427 550.000000 0
151.345650 550.000000 0
148.325317 550.000000 0
147.318540 550.000000 0
140.271098 550.000000 0
139.264320 550.000000 0
136.243988 550.000000 0
130.203323 550.000000 0
128.189768 550.000000 0
126.176214 550.000000 0
124.162659 550.000000 0
123.155881 550.000000 0
121.142326 550.000000 0
118.121994 550.000000 0
115.101662 550.000000 0
112.081329 550.000000 0
111.074552 550.000000 0
109.060997 550.000000 0
108.054220 550.000000 0
107.047442 550.000000 0
105.033887 550.000000 0
104.027110 550.000000 0
100.000000 550.000000 0
