790
101.001866 450.000000 32
102.003732 450.000000 32
104.007464 450.000000 32
105.009330 450.000000 32
112.022392 450.000000 32
118.033588 450.000000 32
124.044784 450.000000 32
125.046650 450.000000 32
130.055980 450.000000 32
132.059712 450.000000 32
133.061578 450.000000 32
138.070909 450.000000 32
142.078373 450.000000 32
143.080239 450.000000 32
149.091435 450.000000 32
150.093301 450.000000 32
151.095167 450.000000 32
152.097033 450.000000 32
153.098899 450.000000 32
154.100765 450.000000 32
155.102631 450.000000 32
161.113827 450.000000 32
166.123157 450.000000 32
177.662918 438.688962 31
185.700372 424.767684 31
186.202712 423.897604 31
186.705053 423.027524 31
189.719098 417.807045 31
196.751870 405.625926 31
200.268256 399.535367 31
201.775279 396.925128 31
203.282301 394.314888 31
205.794005 389.964489 31
208.808051 384.744010 31
213.329118 376.913291 31
217.850186 369.082572 31
233.925093 341.240016 31
235.432115 338.629776 31
236.436797 336.889617 31
240.957865 329.058898 31
242.464887 326.448658 31
242.967228 325.578578 31
245.981273 320.358099 31
247.488296 317.747859 31
250.502341 314.267540 30
251.507023 316.007700 30
255.525749 322.968339 30
256.028090 323.838418 30
260.046817 330.799057 30
262.056180 334.279377 30
263.563203 336.889617 30
264.567885 338.629776 30
265.070225 339.499856 30
268.586611 345.590415 30
269.591293 347.330575 30
273.610020 354.291214 30
277.126406 360.381773 30
278.131087 362.121933 30
278.633428 362.992013 30
286.168541 376.043211 30
288.177904 379.523530 30
288.680245 380.393610 30
290.689609 383.873930 30
291.694290 385.614089 30
292.196631 386.484169 30
293.201313 388.224329 30
294.205995 389.964489 30
295.713017 392.574728 30
296.215358 393.444808 30
299.731744 399.535367 30
304.252811 407.366086 30
306.764516 411.716486 30
309.778561 416.936965 30
310.280902 417.807045 30
311.285583 419.547204 30
311.787924 420.417284 30
317.313674 429.988163 30
318.820696 432.598403 30
320.830059 436.078722 30
321.332400 436.948802 30
323.341764 440.429121 30
326.858150 446.519681 30
328.365172 449.129920 30
328.867513 450.000000 29
331.886440 450.000000 29
333.899058 450.000000 29
334.905366 450.000000 29
335.911675 450.000000 29
336.917984 450.000000 29
338.930602 450.000000 29
339.936911 450.000000 29
340.943220 450.000000 29
342.955838 450.000000 29
344.968455 450.000000 29
345.974764 450.000000 29
353.018927 450.000000 29
355.031545 450.000000 29
356.037853 450.000000 29
357.044162 450.000000 29
360.063089 450.000000 29
362.075707 450.000000 29
365.094634 450.000000 29
366.100942 450.000000 29
370.126178 450.000000 29
371.132487 450.000000 28
371.635641 449.128511 28
372.138796 448.257022 28
372.641950 447.385533 28
373.145105 446.514044 28
373.648259 445.642555 28
374.151414 444.771066 28
376.667186 440.413620 28
377.170340 439.542131 28
378.176649 437.799153 28
379.182958 436.056175 28
379.686112 435.184686 28
380.692421 433.441708 28
381.195576 432.570219 28
382.201884 430.827241 28
383.208193 429.084263 28
383.711348 428.212774 28
384.214502 427.341285 28
385.220811 425.598307 28
386.227120 423.855329 28
387.233429 422.112350 28
388.239738 420.369372 28
388.742892 419.497883 28
389.749201 417.754905 28
384.227519 399.476182 27
383.222838 397.736022 27
382.720497 396.865942 27
377.697088 388.165144 27
373.176021 380.334425 27
372.171339 378.594265 27
366.645590 369.023386 27
357.603455 353.361948 27
353.082387 345.531229 27
350.570683 341.180830 27
344.542593 330.739871 27
343.537911 328.999712 27
343.035570 328.129632 27
339.016843 321.168993 27
338.514502 320.298913 27
335.500457 315.078434 27
333.491094 311.598114 27
332.486412 309.857954 27
327.965345 302.027235 27
325.453640 297.676836 27
320.932573 289.846117 27
317.918528 284.625638 27
314.904483 279.405159 27
318.420869 276.794919 26
324.448959 276.794919 26
329.472367 276.794919 26
333.491094 276.794919 26
339.519184 276.794919 26
354.589410 276.794919 26
360.617500 276.794919 26
361.622182 276.794919 26
364.636227 276.794919 26
367.650272 276.794919 26
373.678362 276.794919 26
380.711134 276.794919 26
389.753269 276.794919 26
391.762633 276.794919 26
397.790723 276.794919 26
405.828176 276.794919 26
410.851585 276.794919 26
413.865630 276.794919 26
416.879675 276.794919 26
418.889039 276.794919 26
419.893720 276.794919 26
421.903084 276.794919 26
427.931174 276.794919 26
432.954582 276.794919 26
445.010763 276.794919 26
447.020126 276.794919 26
450.034171 276.794919 26
452.043535 276.794919 26
457.066943 276.794919 26
462.090352 276.794919 26
466.109078 276.794919 26
471.132487 276.794919 25
471.634828 275.924839 25
475.653555 268.964200 25
479.672281 262.003561 25
480.174622 261.133481 25
481.179304 259.393322 25
485.700372 251.562603 25
486.705053 249.822443 25
487.709735 248.082283 25
488.714417 246.342123 25
490.723780 242.861804 25
491.226121 241.991724 25
496.751870 232.420845 25
497.254211 231.550766 25
501.272938 224.590127 25
502.277620 222.849967 25
505.291665 217.629488 25
508.808051 211.538929 25
509.310391 210.668849 25
513.831459 202.838130 25
515.338482 200.227890 25
517.850186 195.877491 25
518.352527 195.007411 25
520.864231 190.657012 25
521.366572 189.786932 25
524.380617 184.566453 25
528.399344 177.605814 25
528.901684 176.735734 25
529.906366 174.995574 25
542.967228 152.373497 25
547.990637 143.672698 25
550.502341 141.062459 24
555.023408 148.893178 24
555.525749 149.763258 24
556.530431 151.503417 24
562.056180 161.074296 24
563.563203 163.684536 24
565.572566 167.164855 24
566.074907 168.034935 24
577.126406 187.176692 24
578.633428 189.786932 24
585.163859 201.097970 24
589.182586 208.058609 24
591.191949 211.538929 24
593.703654 215.889328 24
594.708335 217.629488 24
596.717699 221.109807 24
597.220040 221.979887 24
599.229403 225.460207 24
599.731744 226.330286 24
603.750471 233.290925 24
604.252811 234.161005 24
608.773879 241.991724 24
611.285583 246.342123 24
612.290265 248.082283 24
612.792606 248.952363 24
615.304310 253.302762 24
617.313674 256.783082 24
619.323037 260.263401 24
622.337082 265.483881 24
629.872195 276.794919 23
661.017327 276.794919 23
666.040736 276.794919 23
678.096916 276.794919 23
683.120325 276.794919 23
706.228004 276.794919 23
709.242049 276.794919 23
715.270139 276.794919 23
719.288866 276.794919 23
732.349728 276.794919 23
733.354410 276.794919 23
743.401227 276.794919 23
745.410590 276.794919 23
753.448044 276.794919 23
754.452726 276.794919 23
757.466771 276.794919 23
761.485497 276.794919 23
762.490179 276.794919 23
763.494861 276.794919 23
770.527633 276.794919 23
771.532314 276.794919 23
780.574450 276.794919 23
785.597858 276.794919 23
782.081472 284.625638 22
775.048701 296.806756 22
774.044019 298.546916 22
773.039337 300.287076 22
772.536996 301.157156 22
772.034655 302.027235 22
767.011247 310.728034 22
766.006565 312.468194 22
765.001884 314.208354 22
762.992520 317.688673 22
761.987838 319.428833 22
755.959748 329.869792 22
755.457407 330.739871 22
754.452726 332.480031 22
752.443362 335.960351 22
750.936340 338.570590 22
748.926976 342.050910 22
748.424636 342.920990 22
740.889523 355.972188 22
735.866114 364.672987 22
734.359092 367.283226 22
730.340365 374.243865 22
729.335683 375.984025 22
726.823979 380.334425 22
725.316957 382.944664 22
722.805252 387.295064 22
718.786526 394.255703 22
716.274821 398.606102 22
714.265458 402.086422 22
712.256095 405.566741 22
707.735027 413.397460 21
708.238181 414.268949 21
709.244490 416.011927 21
710.250799 417.754905 21
711.760262 420.369372 21
712.766571 422.112350 21
713.269726 422.983840 21
715.282343 426.469796 21
715.785498 427.341285 21
718.301270 431.698730 21
718.804424 432.570219 21
721.823351 437.799153 21
723.835969 441.285110 21
724.842278 443.028088 21
725.848586 444.771066 21
726.351741 445.642555 21
726.854895 446.514044 21
727.358050 447.385533 21
727.861204 448.257022 21
728.867513 450.000000 20
731.886440 450.000000 20
733.899058 450.000000 20
738.930602 450.000000 20
739.936911 450.000000 20
740.943220 450.000000 20
741.949529 450.000000 20
742.955838 450.000000 20
744.968455 450.000000 20
745.974764 450.000000 20
748.993691 450.000000 20
751.006309 450.000000 20
756.037853 450.000000 20
758.050471 450.000000 20
759.056780 450.000000 20
760.063089 450.000000 20
761.069398 450.000000 20
762.075707 450.000000 20
766.100942 450.000000 20
768.113560 450.000000 20
771.132487 450.000000 19
774.146532 444.779521 19
776.658236 440.429121 19
783.691008 428.248003 19
784.193349 427.377923 19
785.700372 424.767684 19
792.733143 412.586565 19
794.742507 409.106246 19
796.751870 405.625926 19
800.268256 399.535367 19
800.770597 398.665288 19
805.794005 389.964489 19
808.305710 385.614089 19
812.324436 378.653450 19
813.329118 376.913291 19
814.333800 375.173131 19
815.840822 372.562891 19
817.347845 369.952652 19
817.850186 369.082572 19
820.361890 364.732172 19
825.887639 355.161294 19
828.901684 349.940815 19
829.906366 348.200655 19
830.408707 347.330575 19
831.915730 344.720335 19
832.418070 343.850256 19
834.929775 339.499856 19
835.432115 338.629776 19
838.446161 333.409297 19
840.455524 329.928978 19
841.460206 328.188818 19
841.962546 327.318738 19
842.967228 325.578578 19
844.474251 322.968339 19
848.492977 316.007700 19
850.000000 313.397460 18
852.511704 317.747859 18
858.539794 328.188818 18
861.051499 332.539217 18
867.581930 343.850256 18
876.624065 359.511693 18
877.628747 361.251853 18
878.633428 362.992013 18
879.135769 363.862093 18
881.647473 368.212492 18
882.149814 369.082572 18
886.670882 376.913291 18
887.675564 378.653450 18
888.680245 380.393610 18
889.684927 382.133770 18
893.201313 388.224329 18
895.713017 392.574728 18
906.764516 411.716486 18
907.266857 412.586565 18
907.769197 413.456645 18
911.285583 419.547204 18
911.787924 420.417284 18
914.299628 424.767684 18
914.801969 425.637764 18
915.806651 427.377923 18
921.834741 437.818882 18
924.848786 443.039361 18
925.853468 444.779521 18
926.355809 445.649601 18
928.867513 450.000000 17
936.882441 450.000000 17
938.886173 450.000000 17
941.891771 450.000000 17
944.897369 450.000000 17
947.902967 450.000000 17
948.904833 450.000000 17
956.919761 450.000000 17
959.925359 450.000000 17
978.960814 450.000000 17
983.970144 450.000000 17
989.981340 450.000000 17
990.983206 450.000000 17
991.985072 450.000000 17
1000.000000 454.000000 16
1000.000000 465.000000 16
1000.000000 468.000000 16
1000.000000 470.000000 16
1000.000000 477.000000 16
1000.000000 484.000000 16
1000.000000 486.000000 16
1000.000000 488.000000 16
1000.000000 492.000000 16
1000.000000 502.000000 16
1000.000000 503.000000 16
1000.000000 506.000000 16
1000.000000 509.000000 16
1000.000000 511.000000 16
1000.000000 513.000000 16
1000.000000 514.000000 16
1000.000000 518.000000 16
1000.000000 520.000000 16
1000.000000 524.000000 16
1000.000000 527.000000 16
1000.000000 528.000000 16
1000.000000 533.000000 16
1000.000000 539.000000 16
1000.000000 544.000000 16
1000.000000 547.000000 16
1000.000000 550.000000 15
998.993223 550.000000 15
984.898338 550.000000 15
976.844119 550.000000 15
965.769567 550.000000 15
963.756012 550.000000 15
956.708570 550.000000 15
948.654350 550.000000 15
945.634018 550.000000 15
941.606908 550.000000 15
938.586576 550.000000 15
936.573021 550.000000 15
934.559466 550.000000 15
928.518801 550.000000 15
920.464582 550.000000 15
918.451027 550.000000 15
917.444249 550.000000 15
900.329033 550.000000 15
894.288368 550.000000 15
890.261258 550.000000 15
873.146042 550.000000 15
871.132487 550.000000 14
870.629333 549.128511 14
870.126178 548.257022 14
869.119869 546.514044 14
868.113560 544.771066 14
867.610406 543.899577 14
865.597788 540.413620 14
865.094634 539.542131 14
864.591479 538.670642 14
863.082016 536.056175 14
862.578861 535.184686 14
862.075707 534.313197 14
861.069398 532.570219 14
860.566243 531.698730 14
859.056780 529.084263 14
858.050471 527.341285 14
857.547317 526.469796 14
857.044162 525.598307 14
856.037853 523.855329 14
855.534699 522.983840 14
855.031545 522.112350 14
854.528390 521.240861 14
853.018927 518.626394 14
852.515772 517.754905 14
850.000000 513.397460 14
848.490537 516.011927 13
847.987382 516.883416 13
846.981073 518.626394 13
846.477919 519.497883 13
845.974764 520.369372 13
843.962147 523.855329 13
842.955838 525.598307 13
842.452683 526.469796 13
841.446374 528.212774 13
840.440065 529.955752 13
835.911675 537.799153 13
835.408521 538.670642 13
834.905366 539.542131 13
833.899058 541.285110 13
833.395903 542.156599 13
832.892749 543.028088 13
829.370667 549.128511 13
828.867513 550.000000 13
816.811333 550.000000 12
811.787924 550.000000 12
801.741107 550.000000 12
797.722380 550.000000 12
793.703654 550.000000 12
792.698972 550.000000 12
791.694290 550.000000 12
783.656837 550.000000 12
773.610020 550.000000 12
769.591293 550.000000 12
768.586611 550.000000 12
758.539794 550.000000 12
757.535113 550.000000 12
754.521068 550.000000 12
733.422752 550.000000 12
732.418070 550.000000 12
714.333800 550.000000 12
712.324436 550.000000 12
704.286983 550.000000 12
702.277620 550.000000 12
688.212076 550.000000 12
686.202712 550.000000 12
672.137169 550.000000 12
668.620783 545.649601 11
666.611419 542.169281 11
664.099715 537.818882 11
663.095033 536.078722 11
662.592692 535.208642 11
661.588011 533.468482 11
660.080988 530.858243 11
652.043535 516.936965 11
649.531830 512.586565 11
648.024808 509.976326 11
644.508422 503.885767 11
639.987354 496.055048 11
638.480332 493.444808 11
634.461605 486.484169 11
629.438196 477.783371 11
627.931174 475.173131 11
626.424151 472.562891 11
615.874993 454.291214 11
612.358607 448.200655 11
611.856266 447.330575 11
610.349244 444.720335 11
606.330517 437.759696 11
603.818813 433.409297 11
603.316472 432.539217 11
601.307108 429.058898 11
600.804768 428.188818 11
595.781359 419.488019 11
593.771996 416.007700 11
592.768127 412.525971 10
593.271282 411.654482 10
594.277591 409.911504 10
594.780745 409.040015 10
595.283900 408.168526 10
595.787054 407.297036 10
596.290209 406.425547 10
597.296518 404.682569 10
598.302826 402.939591 10
598.805981 402.068102 10
600.818599 398.582146 10
602.831216 395.096190 10
603.334371 394.224700 10
604.340680 392.481722 10
606.353298 388.995766 10
606.856452 388.124277 10
612.894306 377.666408 10
613.397460 376.794919 9
612.391151 376.794919 9
610.378533 376.794919 9
609.372224 376.794919 9
607.359607 376.794919 9
603.334371 376.794919 9
601.321753 376.794919 9
599.309136 376.794919 9
598.302827 376.794919 9
596.290209 376.794919 9
595.283900 376.794919 9
594.277591 376.794919 9
593.271282 376.794919 9
592.264973 376.794919 9
591.258665 376.794919 9
590.252356 376.794919 9
589.246047 376.794919 9
588.239738 376.794919 9
586.227120 376.794919 9
584.214502 376.794919 9
582.201885 376.794919 9
580.189267 376.794919 9
579.182958 376.794919 9
575.157723 376.794919 9
573.145105 376.794919 9
572.138796 376.794919 9
571.132487 376.794919 9
570.629333 375.923430 8
568.616715 372.437474 8
567.610406 370.694496 8
567.107251 369.823007 8
563.585170 363.722583 8
561.572552 360.236627 8
560.566243 358.493649 8
560.063089 357.622160 8
559.559935 356.750671 8
559.056780 355.879182 8
557.547317 353.264715 8
556.037853 350.650248 8
555.534699 349.778759 8
554.025236 347.164291 8
553.018927 345.421313 8
552.012618 343.678335 8
551.509463 342.806846 8
550.503154 341.063868 8
548.490537 342.806846 7
547.987382 343.678335 7
546.477919 346.292802 7
545.974764 347.164291 7
545.471610 348.035780 7
544.968455 348.907269 7
543.962147 350.650248 7
543.458992 351.521737 7
542.955838 352.393226 7
541.446374 355.007693 7
539.936911 357.622160 7
539.433757 358.493649 7
538.930602 359.365138 7
538.427448 360.236627 7
536.414830 363.722583 7
535.408521 365.465561 7
534.402212 367.208539 7
533.899058 368.080029 7
533.395903 368.951518 7
530.376976 374.180452 7
529.873822 375.051941 7
527.861204 376.794919 6
526.854895 376.794919 6
525.848586 376.794919 6
524.842277 376.794919 6
521.823351 376.794919 6
519.810733 376.794919 6
517.798115 376.794919 6
516.791806 376.794919 6
513.772880 376.794919 6
508.741335 376.794919 6
506.728718 376.794919 6
499.684555 376.794919 6
497.671938 376.794919 6
496.665629 376.794919 6
495.659320 376.794919 6
493.646702 376.794919 6
489.621467 376.794919 6
486.602540 376.794919 6
487.105694 377.666408 5
488.112003 379.409386 5
488.615158 380.280875 5
489.118312 381.152364 5
491.130930 384.638321 5
492.137239 386.381299 5
494.653011 390.738744 5
495.156166 391.610233 5
496.665629 394.224700 5
497.168784 395.096190 5
497.671938 395.967679 5
498.175092 396.839168 5
498.678247 397.710657 5
499.684556 399.453635 5
500.690865 401.196613 5
501.194019 402.068102 5
501.697174 402.939591 5
502.200328 403.811080 5
504.716100 408.168526 5
505.219255 409.040015 5
506.225564 410.782993 5
506.730345 415.137620 4
499.195232 428.188818 4
493.167142 438.629776 4
488.143734 447.330575 4
487.641393 448.200655 4
481.110962 459.511693 4
476.087553 468.212492 4
475.082872 469.952652 4
474.078190 471.692811 4
473.575849 472.562891 4
471.566486 476.043211 4
467.045418 483.873930 4
462.022009 492.574728 4
460.514987 495.184968 4
450.468170 512.586565 4
447.956465 516.936965 4
445.947102 520.417284 4
442.933057 525.637764 4
437.909648 534.338562 4
436.402626 536.948802 4
435.397944 538.688962 4
433.890922 541.299201 4
432.383899 543.909441 4
430.876876 546.519681 4
430.374536 547.389760 4
428.867513 550.000000 3
427.862831 550.000000 3
425.853468 550.000000 3
422.839423 550.000000 3
419.825378 550.000000 3
409.778561 550.000000 3
404.755152 550.000000 3
384.661518 550.000000 3
374.614702 550.000000 3
373.610020 550.000000 3
371.600656 550.000000 3
368.586611 550.000000 3
361.553839 550.000000 3
354.521068 550.000000 3
337.441479 550.000000 3
330.408707 550.000000 3
327.394662 550.000000 3
325.385298 550.000000 3
323.375935 550.000000 3
322.371253 550.000000 3
318.352527 550.000000 3
310.315073 550.000000 3
305.291665 550.000000 3
304.286983 550.000000 3
294.240166 550.000000 3
293.235484 550.000000 3
281.179304 550.000000 3
271.132487 550.000000 2
270.126178 548.257022 2
269.623024 547.385533 2
269.119869 546.514044 2
268.113560 544.771066 2
267.610406 543.899577 2
267.107251 543.028088 2
266.100942 541.285110 2
264.591479 538.670642 2
263.585170 536.927664 2
263.082016 536.056175 2
262.075707 534.313197 2
260.063089 530.827241 2
259.559935 529.955752 2
259.056780 529.084263 2
258.050471 527.341285 2
257.547317 526.469796 2
257.044162 525.598307 2
253.522081 519.497883 2
253.018927 518.626394 2
252.515772 517.754905 2
251.006309 515.140438 2
250.503154 514.268949 2
250.000000 513.397460 2
247.987382 516.883416 1
247.484228 517.754905 1
246.981073 518.626394 1
245.974764 520.369372 1
244.968455 522.112350 1
243.962147 523.855329 1
243.458992 524.726818 1
242.955838 525.598307 1
241.446374 528.212774 1
240.943220 529.084263 1
240.440065 529.955752 1
238.930602 532.570219 1
236.917984 536.056175 1
235.911675 537.799153 1
235.408521 538.670642 1
233.395903 542.156599 1
231.886440 544.771066 1
230.880131 546.514044 1
227.860736 550.000000 0
219.806516 550.000000 0
217.792961 550.000000 0
213.765851 550.000000 0
207.725187 550.000000 0
205.711632 550.000000 0
200.677745 550.000000 0
195.643857 550.000000 0
194.637080 550.000000 0
182.555751 550.000000 0
176.515086 550.000000 0
166.447311 550.000000 0
162.420202 550.000000 0
161.413424 550.000000 0
144.298208 550.000000 0
137.250765 550.000000 0
134.230433 550.000000 0
133.223656 550.000000 0
117.115217 550.000000 0
116.108439 550.000000 0
110.067774 550.000000 0
104.027110 550.000000 0
