930
101.000489 450.000000 20
104.001956 450.000000 20
123.011244 450.000000 20
130.014666 450.000000 20
131.015155 450.000000 20
132.015644 450.000000 20
139.019066 450.000000 20
141.020044 450.000000 20
153.025911 450.000000 20
154.026400 450.000000 20
159.028844 450.000000 20
161.029822 450.000000 20
163.030800 450.000000 20
170.034222 450.000000 20
178.038133 450.000000 20
183.040577 450.000000 20
185.041555 450.000000 20
190.043999 450.000000 20
198.047910 450.000000 20
199.048399 450.000000 20
200.048888 450.000000 20
207.052310 450.000000 20
209.053288 450.000000 20
220.058666 450.000000 20
231.064044 450.000000 20
237.066977 450.000000 20
241.068932 450.000000 20
257.076754 450.000000 20
260.078221 450.000000 20
282.088977 450.000000 20
283.089465 450.000000 20
284.089954 450.000000 20
288.091910 450.000000 20
290.092888 450.000000 20
291.093376 450.000000 20
292.093865 450.000000 20
308.101687 450.000000 20
315.105110 450.000000 20
318.106576 450.000000 20
320.107554 450.000000 20
324.109510 450.000000 20
326.110487 450.000000 20
330.112443 450.000000 20
333.113909 450.000000 20
338.116354 450.000000 20
340.117332 450.000000 20
343.118798 450.000000 20
344.119287 450.000000 20
351.122709 450.000000 20
358.126132 450.000000 20
361.127598 450.000000 20
364.129065 450.000000 20
365.129554 450.000000 20
369.131509 450.000000 20
371.132487 450.000000 19
371.635641 449.128511 19
372.138796 448.257022 19
373.145105 446.514044 19
373.648259 445.642555 19
374.151414 444.771066 19
374.654568 443.899577 19
375.660877 442.156599 19
376.164031 441.285110 19
376.667186 440.413620 19
378.176649 437.799153 19
379.182958 436.056175 19
380.189267 434.313197 19
380.692421 433.441708 19
381.195576 432.570219 19
381.698730 431.698730 19
382.705039 429.955752 19
383.711348 428.212774 19
384.214502 427.341285 19
384.717657 426.469796 19
385.220811 425.598307 19
386.730274 422.983840 19
387.233429 422.112350 19
388.239738 420.369372 19
388.742892 419.497883 19
389.246046 418.626394 19
389.749201 417.754905 19
390.252355 416.883416 19
390.755510 416.011927 19
391.258664 415.140438 19
391.761819 414.268949 19
392.264973 413.397460 19
389.753269 409.047061 18
389.250928 408.176981 18
388.246246 406.436821 18
386.739224 403.826581 18
386.236883 402.956501 18
384.729860 400.346262 18
384.227519 399.476182 18
382.218156 395.995862 18
379.204111 390.775383 18
377.194748 387.295064 18
375.185384 383.814744 18
373.678362 381.204504 18
367.650271 370.763546 18
366.143249 368.153306 18
365.640908 367.283226 18
363.129204 362.932827 18
360.617500 358.582428 18
359.110477 355.972188 18
358.105795 354.232028 18
356.598773 351.621789 18
353.082387 345.531229 18
352.580046 344.661150 18
351.575364 342.920990 18
347.556638 335.960351 18
345.044933 331.609951 18
344.542593 330.739871 18
342.533229 327.259552 18
342.030888 326.389472 18
341.528547 325.519392 18
340.523866 323.779232 18
339.016843 321.168993 18
338.012162 319.428833 18
336.002798 315.948514 18
335.500457 315.078434 18
332.988753 310.728034 18
331.481730 308.117795 18
330.979390 307.247715 18
330.477049 306.377635 18
327.463004 301.157156 18
325.955981 298.546916 18
325.453640 297.676836 18
324.951299 296.806756 18
324.448959 295.936676 18
323.444277 294.196517 18
322.941936 293.326437 18
321.434914 290.716197 18
320.932573 289.846117 18
320.430232 288.976037 18
319.927891 288.105957 18
317.918528 284.625638 18
317.416187 283.755558 18
315.909164 281.145318 18
315.406823 280.275239 18
314.402142 278.535079 18
313.899801 277.664999 18
314.402142 276.794919 17
315.406823 276.794919 17
316.411505 276.794919 17
317.416187 276.794919 17
320.430232 276.794919 17
322.439595 276.794919 17
323.444277 276.794919 17
327.463004 276.794919 17
328.467686 276.794919 17
334.495776 276.794919 17
344.542593 276.794919 17
357.603455 276.794919 17
360.617500 276.794919 17
361.622182 276.794919 17
363.631545 276.794919 17
364.636227 276.794919 17
369.659635 276.794919 17
373.678362 276.794919 17
378.701771 276.794919 17
380.711134 276.794919 17
381.715816 276.794919 17
382.720497 276.794919 17
384.729861 276.794919 17
385.734542 276.794919 17
388.748588 276.794919 17
393.771996 276.794919 17
394.776678 276.794919 17
397.790723 276.794919 17
398.795405 276.794919 17
400.804768 276.794919 17
401.809450 276.794919 17
410.851585 276.794919 17
411.856267 276.794919 17
415.874993 276.794919 17
418.889039 276.794919 17
420.898402 276.794919 17
424.917129 276.794919 17
425.921810 276.794919 17
426.926492 276.794919 17
427.931174 276.794919 17
431.949901 276.794919 17
435.968627 276.794919 17
436.973309 276.794919 17
441.996718 276.794919 17
443.001399 276.794919 17
445.010763 276.794919 17
446.015444 276.794919 17
448.024808 276.794919 17
449.029490 276.794919 17
457.066943 276.794919 17
459.076307 276.794919 17
460.080988 276.794919 17
467.113760 276.794919 17
471.634828 275.924839 16
473.141850 273.314600 16
473.644191 272.444520 16
474.648873 270.704360 16
475.151214 269.834280 16
477.160577 266.353961 16
478.667600 263.743721 16
479.672281 262.003561 16
481.179304 259.393322 16
481.681645 258.523242 16
484.695690 253.302762 16
485.700372 251.562603 16
486.202712 250.692523 16
492.230803 240.251564 16
493.235484 238.511405 16
494.240166 236.771245 16
495.747189 234.161005 16
496.751870 232.420845 16
498.761234 228.940526 16
499.263574 228.070446 16
500.268256 226.330286 16
502.277620 222.849967 16
506.296346 215.889328 16
510.315073 208.928689 16
510.817414 208.058609 16
511.319755 207.188529 16
513.329118 203.708210 16
514.333800 201.968050 16
516.845504 197.617651 16
518.352527 195.007411 16
518.854867 194.137331 16
521.366572 189.786932 16
521.868913 188.916852 16
525.887639 181.956213 16
526.389980 181.086133 16
527.897003 178.475893 16
528.399344 177.605814 16
529.404025 175.865654 16
529.906366 174.995574 16
530.911048 173.255414 16
531.915730 171.515254 16
534.427434 167.164855 16
534.929775 166.294775 16
541.460206 154.983737 16
542.464887 153.243577 16
546.985955 145.412858 16
547.488296 144.542778 16
550.502341 141.062459 15
551.004682 141.932539 15
552.511704 144.542778 15
553.516386 146.282938 15
556.028090 150.633337 15
556.530431 151.503417 15
560.046817 157.593976 15
560.549158 158.464056 15
561.553839 160.204216 15
564.065544 164.554615 15
565.572566 167.164855 15
566.074907 168.034935 15
566.577248 168.905015 15
568.586611 172.385334 15
570.093634 174.995574 15
574.112361 181.956213 15
574.614702 182.826293 15
577.126406 187.176692 15
577.628747 188.046772 15
578.633428 189.786932 15
581.647473 195.007411 15
582.652155 196.747571 15
583.656837 198.487730 15
584.159178 199.357810 15
584.661518 200.227890 15
585.163859 201.097970 15
585.666200 201.968050 15
588.680245 207.188529 15
589.182586 208.058609 15
590.187268 209.798769 15
590.689609 210.668849 15
591.694290 212.409008 15
592.196631 213.279088 15
592.698972 214.149168 15
594.205995 216.759408 15
596.717699 221.109807 15
597.220040 221.979887 15
598.224721 223.720047 15
600.736426 228.070446 15
602.745789 231.550766 15
603.750471 233.290925 15
605.759834 236.771245 15
606.764516 238.511405 15
607.266857 239.381484 15
609.778561 243.731884 15
611.787924 247.212203 15
613.294947 249.822443 15
615.304310 253.302762 15
615.806651 254.172842 15
616.811333 255.913002 15
617.313674 256.783082 15
618.318355 258.523242 15
619.825378 261.133481 15
620.327719 262.003561 15
623.341764 267.224040 15
626.355809 272.444520 15
626.858150 273.314600 15
627.360490 274.184679 15
627.862831 275.054759 15
628.867513 276.794919 15
632.886240 276.794919 14
641.928375 276.794919 14
643.937739 276.794919 14
646.951784 276.794919 14
655.993919 276.794919 14
656.998601 276.794919 14
658.003282 276.794919 14
659.007964 276.794919 14
660.012646 276.794919 14
662.022009 276.794919 14
663.026691 276.794919 14
664.031373 276.794919 14
668.050099 276.794919 14
672.068826 276.794919 14
674.078190 276.794919 14
677.092235 276.794919 14
680.106280 276.794919 14
684.125007 276.794919 14
685.129688 276.794919 14
688.143733 276.794919 14
693.167142 276.794919 14
696.181187 276.794919 14
701.204595 276.794919 14
704.218641 276.794919 14
706.228004 276.794919 14
710.246731 276.794919 14
714.265458 276.794919 14
720.293548 276.794919 14
721.298229 276.794919 14
722.302911 276.794919 14
724.312275 276.794919 14
729.335683 276.794919 14
732.349728 276.794919 14
734.359092 276.794919 14
737.373137 276.794919 14
740.387182 276.794919 14
743.401227 276.794919 14
744.405909 276.794919 14
747.419954 276.794919 14
753.448044 276.794919 14
754.452726 276.794919 14
759.476134 276.794919 14
768.518269 276.794919 14
769.522951 276.794919 14
771.532314 276.794919 14
773.541678 276.794919 14
774.546360 276.794919 14
775.551041 276.794919 14
777.560405 276.794919 14
780.574450 276.794919 14
781.579131 276.794919 14
782.583813 276.794919 14
785.095517 279.405159 13
784.090836 281.145318 13
783.086154 282.885478 13
782.081472 284.625638 13
780.072109 288.105957 13
779.067427 289.846117 13
778.565086 290.716197 13
776.053382 295.066596 13
775.551041 295.936676 13
774.546360 297.676836 13
774.044019 298.546916 13
773.541678 299.416996 13
773.039337 300.287076 13
772.034655 302.027235 13
770.025292 305.507555 13
765.001884 314.208354 13
763.997202 315.948514 13
763.494861 316.818593 13
762.992520 317.688673 13
761.485498 320.298913 13
760.480816 322.039073 13
758.973793 324.649312 13
757.969112 326.389472 13
754.955067 331.609951 13
753.950385 333.350111 13
752.443362 335.960351 13
751.438681 337.700511 13
749.931658 340.310750 13
749.429317 341.180830 13
746.917613 345.531229 13
745.410591 348.141469 13
744.405909 349.881629 13
743.401227 351.621789 13
742.396545 353.361948 13
740.889523 355.972188 13
739.884841 357.712348 13
738.377819 360.322587 13
736.870796 362.932827 13
736.368455 363.802907 13
732.852069 369.893466 13
730.842706 373.373786 13
729.335683 375.984025 13
728.833343 376.854105 13
727.326320 379.464345 13
726.823979 380.334425 13
725.316957 382.944664 13
724.814616 383.814744 13
724.312275 384.684824 13
723.809934 385.554904 13
723.307593 386.424984 13
722.805252 387.295064 13
720.795889 390.775383 13
720.293548 391.645463 13
719.288866 393.385623 13
718.786526 394.255703 13
716.777162 397.736022 13
716.274821 398.606102 13
715.772481 399.476182 13
713.260776 403.826581 13
710.749072 408.176981 13
710.246731 409.047061 13
709.242050 410.787220 13
707.735027 413.397460 13
707.735027 413.397460 12
708.238181 414.268949 12
709.244490 416.011927 12
710.250799 417.754905 12
710.753954 418.626394 12
711.257108 419.497883 12
711.760262 420.369372 12
712.766571 422.112350 12
713.269726 422.983840 12
713.772880 423.855329 12
714.779189 425.598307 12
715.282343 426.469796 12
715.785498 427.341285 12
716.288652 428.212774 12
716.791807 429.084263 12
717.294961 429.955752 12
717.798116 430.827241 12
718.301270 431.698730 12
718.804424 432.570219 12
719.307579 433.441708 12
719.810733 434.313197 12
720.313888 435.184686 12
720.817042 436.056175 12
721.320197 436.927664 12
721.823351 437.799153 12
723.332814 440.413620 12
723.835969 441.285110 12
724.339123 442.156599 12
724.842278 443.028088 12
725.345432 443.899577 12
725.848586 444.771066 12
726.351741 445.642555 12
727.358050 447.385533 12
727.861204 448.257022 12
744.875335 450.000000 11
745.875824 450.000000 11
747.876802 450.000000 11
749.877780 450.000000 11
751.878757 450.000000 11
755.880713 450.000000 11
756.881202 450.000000 11
758.882179 450.000000 11
770.888046 450.000000 11
781.893424 450.000000 11
783.894402 450.000000 11
784.894890 450.000000 11
787.896357 450.000000 11
794.899779 450.000000 11
795.900268 450.000000 11
812.908579 450.000000 11
821.912979 450.000000 11
824.914446 450.000000 11
846.925201 450.000000 11
847.925690 450.000000 11
850.927157 450.000000 11
851.927645 450.000000 11
856.930090 450.000000 11
857.930579 450.000000 11
867.935468 450.000000 11
869.936445 450.000000 11
870.936934 450.000000 11
873.938401 450.000000 11
875.939379 450.000000 11
892.947690 450.000000 11
899.951112 450.000000 11
911.956978 450.000000 11
912.957467 450.000000 11
919.960889 450.000000 11
930.966267 450.000000 11
935.968712 450.000000 11
936.969200 450.000000 11
953.977511 450.000000 11
959.980445 450.000000 11
961.981422 450.000000 11
976.988756 450.000000 11
983.992178 450.000000 11
996.998533 450.000000 11
998.999511 450.000000 11
1000.000000 450.000000 10
1000.000000 452.000000 10
1000.000000 453.000000 10
1000.000000 456.000000 10
1000.000000 459.000000 10
1000.000000 460.000000 10
1000.000000 461.000000 10
1000.000000 466.000000 10
1000.000000 470.000000 10
1000.000000 471.000000 10
1000.000000 472.000000 10
1000.000000 473.000000 10
1000.000000 474.000000 10
1000.000000 475.000000 10
1000.000000 479.000000 10
1000.000000 482.000000 10
1000.000000 483.000000 10
1000.000000 484.000000 10
1000.000000 486.000000 10
1000.000000 487.000000 10
1000.000000 488.000000 10
1000.000000 491.000000 10
1000.000000 492.000000 10
1000.000000 493.000000 10
1000.000000 501.000000 10
1000.000000 503.000000 10
1000.000000 506.000000 10
1000.000000 509.000000 10
1000.000000 512.000000 10
1000.000000 514.000000 10
1000.000000 515.000000 10
1000.000000 516.000000 10
1000.000000 519.000000 10
1000.000000 520.000000 10
1000.000000 523.000000 10
1000.000000 525.000000 10
1000.000000 527.000000 10
1000.000000 531.000000 10
1000.000000 534.000000 10
1000.000000 536.000000 10
1000.000000 545.000000 10
1000.000000 547.000000 10
1000.000000 549.000000 10
1000.000000 550.000000 10
1000.000000 550.000000 9
996.992065 550.000000 9
993.984131 550.000000 9
989.973551 550.000000 9
980.949748 550.000000 9
970.923299 550.000000 9
968.918009 550.000000 9
967.915365 550.000000 9
960.896851 550.000000 9
953.878337 550.000000 9
943.851888 550.000000 9
939.841309 550.000000 9
910.764608 550.000000 9
903.746094 550.000000 9
890.711711 550.000000 9
874.669393 550.000000 9
869.656169 550.000000 9
867.650879 550.000000 9
859.629720 550.000000 9
855.619141 550.000000 9
851.608561 550.000000 9
847.597982 550.000000 9
844.590047 550.000000 9
843.587402 550.000000 9
832.558309 550.000000 9
820.526571 550.000000 9
815.513346 550.000000 9
799.471029 550.000000 9
798.468384 550.000000 9
793.455160 550.000000 9
792.452515 550.000000 9
788.441935 550.000000 9
771.396973 550.000000 9
764.378459 550.000000 9
750.341431 550.000000 9
742.320272 550.000000 9
741.317627 550.000000 9
735.301758 550.000000 9
734.299113 550.000000 9
732.293823 550.000000 9
730.288534 550.000000 9
723.270020 550.000000 9
715.248861 550.000000 9
713.243571 550.000000 9
707.227702 550.000000 9
690.182739 550.000000 9
681.158936 550.000000 9
680.156291 550.000000 9
667.616101 543.909441 8
666.611419 542.169281 8
666.109078 541.299201 8
662.592692 535.208642 8
659.578647 529.988163 8
655.057580 522.157444 8
653.550557 519.547204 8
651.541194 516.066885 8
650.034171 513.456645 8
645.010763 504.755847 8
643.001399 501.275527 8
642.499058 500.405447 8
641.494377 498.665288 8
639.485013 495.184968 8
638.982672 494.314888 8
638.480332 493.444808 8
637.977991 492.574728 8
635.968627 489.094409 8
631.447560 481.263690 8
630.945219 480.393610 8
629.438196 477.783371 8
628.433514 476.043211 8
626.424151 472.562891 8
625.419469 470.822732 8
622.405424 465.602252 8
620.898402 462.992013 8
620.396061 462.121933 8
619.391379 460.381773 8
618.386697 458.641613 8
615.874993 454.291214 8
615.372652 453.421134 8
614.870311 452.551054 8
611.353925 446.460495 8
609.344562 442.980176 8
607.837539 440.369936 8
606.330517 437.759696 8
605.828176 436.889617 8
601.307108 429.058898 8
599.297745 425.578578 8
592.768127 412.525971 7
593.271282 411.654482 7
593.774436 410.782993 7
594.277591 409.911504 7
594.780745 409.040015 7
595.283900 408.168526 7
596.290209 406.425547 7
596.793363 405.554058 7
597.296518 404.682569 7
597.799672 403.811080 7
598.302826 402.939591 7
599.309135 401.196613 7
599.812290 400.325124 7
600.315444 399.453635 7
601.321753 397.710657 7
601.824908 396.839168 7
602.831216 395.096190 7
603.334371 394.224700 7
604.843834 391.610233 7
605.346989 390.738744 7
605.850143 389.867255 7
606.353298 388.995766 7
607.359607 387.252788 7
607.862761 386.381299 7
608.365915 385.509810 7
609.372224 383.766832 7
609.875379 382.895342 7
610.378533 382.023853 7
610.881688 381.152364 7
611.384842 380.280875 7
612.391151 378.537897 7
612.894306 377.666408 7
613.397460 376.794919 7
612.391151 376.794919 6
611.384842 376.794919 6
610.378533 376.794919 6
608.365916 376.794919 6
607.359607 376.794919 6
606.353298 376.794919 6
604.340680 376.794919 6
603.334371 376.794919 6
602.328062 376.794919 6
600.315445 376.794919 6
599.309136 376.794919 6
598.302827 376.794919 6
597.296518 376.794919 6
596.290209 376.794919 6
595.283900 376.794919 6
594.277591 376.794919 6
592.264973 376.794919 6
590.252356 376.794919 6
589.246047 376.794919 6
588.239738 376.794919 6
587.233429 376.794919 6
586.227120 376.794919 6
583.208194 376.794919 6
582.201885 376.794919 6
581.195576 376.794919 6
580.189267 376.794919 6
579.182958 376.794919 6
578.176649 376.794919 6
577.170340 376.794919 6
576.164031 376.794919 6
575.157723 376.794919 6
573.145105 376.794919 6
572.138796 376.794919 6
571.132487 376.794919 6
571.132487 376.794919 5
570.629333 375.923430 5
570.126178 375.051941 5
569.119869 373.308963 5
568.616715 372.437474 5
567.610406 370.694496 5
567.107251 369.823007 5
566.604097 368.951518 5
566.100942 368.080029 5
565.597788 367.208539 5
564.591479 365.465561 5
563.585170 363.722583 5
563.082016 362.851094 5
562.578861 361.979605 5
562.075707 361.108116 5
561.572552 360.236627 5
561.069398 359.365138 5
560.566243 358.493649 5
560.063089 357.622160 5
559.056780 355.879182 5
558.050471 354.136204 5
557.547317 353.264715 5
557.044162 352.393226 5
556.541008 351.521737 5
556.037853 350.650248 5
555.534699 349.778759 5
555.031545 348.907269 5
554.528390 348.035780 5
554.025236 347.164291 5
553.522081 346.292802 5
552.515772 344.549824 5
552.012618 343.678335 5
551.509463 342.806846 5
551.006309 341.935357 5
550.000000 340.192379 4
549.496846 341.063868 4
548.490537 342.806846 4
547.484228 344.549824 4
546.981073 345.421313 4
546.477919 346.292802 4
545.974764 347.164291 4
545.471610 348.035780 4
544.968455 348.907269 4
543.962147 350.650248 4
543.458992 351.521737 4
542.452683 353.264715 4
541.949529 354.136204 4
539.936911 357.622160 4
539.433757 358.493649 4
538.930602 359.365138 4
538.427448 360.236627 4
537.421139 361.979605 4
536.917984 362.851094 4
536.414830 363.722583 4
535.911675 364.594072 4
535.408521 365.465561 4
534.905366 366.337050 4
534.402212 367.208539 4
533.899058 368.080029 4
533.395903 368.951518 4
532.892749 369.823007 4
532.389594 370.694496 4
531.886440 371.565985 4
531.383285 372.437474 4
530.880131 373.308963 4
530.376976 374.180452 4
528.867513 376.794919 4
528.867513 376.794919 3
526.854895 376.794919 3
525.848586 376.794919 3
524.842277 376.794919 3
523.835969 376.794919 3
522.829660 376.794919 3
521.823351 376.794919 3
520.817042 376.794919 3
519.810733 376.794919 3
518.804424 376.794919 3
517.798115 376.794919 3
516.791806 376.794919 3
514.779189 376.794919 3
513.772880 376.794919 3
512.766571 376.794919 3
511.760262 376.794919 3
510.753953 376.794919 3
509.747644 376.794919 3
508.741335 376.794919 3
507.735027 376.794919 3
506.728718 376.794919 3
505.722409 376.794919 3
504.716100 376.794919 3
503.709791 376.794919 3
501.697173 376.794919 3
500.690864 376.794919 3
498.678247 376.794919 3
497.671938 376.794919 3
496.665629 376.794919 3
495.659320 376.794919 3
494.653011 376.794919 3
493.646702 376.794919 3
492.640393 376.794919 3
491.634084 376.794919 3
487.608849 376.794919 3
486.602540 376.794919 2
487.105694 377.666408 2
487.608849 378.537897 2
488.112003 379.409386 2
488.615158 380.280875 2
489.118312 381.152364 2
490.124621 382.895342 2
491.634085 385.509810 2
492.640393 387.252788 2
493.143548 388.124277 2
494.653011 390.738744 2
495.156166 391.610233 2
495.659320 392.481722 2
496.162475 393.353211 2
496.665629 394.224700 2
497.168784 395.096190 2
497.671938 395.967679 2
499.684556 399.453635 2
500.690865 401.196613 2
501.194019 402.068102 2
501.697174 402.939591 2
502.200328 403.811080 2
502.703482 404.682569 2
503.206637 405.554058 2
503.709791 406.425547 2
504.212946 407.297036 2
504.716100 408.168526 2
505.219255 409.040015 2
505.722409 409.911504 2
506.728718 411.654482 2
507.231873 412.525971 2
507.735027 413.397460 2
507.232686 414.267540 1
506.730345 415.137620 1
503.716300 420.358099 1
502.209278 422.968339 1
499.697573 427.318738 1
496.683528 432.539217 1
494.674165 436.019537 1
494.171824 436.889617 1
487.641393 448.200655 1
486.134370 450.810895 1
485.632029 451.680974 1
485.129689 452.551054 1
483.120325 456.031374 1
482.115643 457.771534 1
480.106280 461.251853 1
479.101598 462.992013 1
478.599257 463.862093 1
478.096917 464.732172 1
475.585212 469.082572 1
473.073508 473.432971 1
472.571167 474.303051 1
472.068826 475.173131 1
470.561804 477.783371 1
469.054781 480.393610 1
468.050100 482.133770 1
466.543077 484.744010 1
464.533714 488.224329 1
463.026691 490.834569 1
462.524350 491.704649 1
462.022009 492.574728 1
461.519668 493.444808 1
460.012646 496.055048 1
459.007964 497.795208 1
456.496260 502.145607 1
450.970511 511.716486 1
450.468170 512.586565 1
449.965829 513.456645 1
448.961147 515.196805 1
448.458806 516.066885 1
447.956465 516.936965 1
444.942420 522.157444 1
442.933057 525.637764 1
440.421353 529.988163 1
438.914330 532.598403 1
438.411989 533.468482 1
437.407308 535.208642 1
436.904967 536.078722 1
434.895603 539.559042 1
432.383899 543.909441 1
430.374536 547.389760 1
429.872195 548.259840 1
429.369854 549.129920 1
411.822550 550.000000 0
401.796102 550.000000 0
393.774943 550.000000 0
379.737915 550.000000 0
378.735270 550.000000 0
372.719401 550.000000 0
371.716756 550.000000 0
358.682373 550.000000 0
355.674438 550.000000 0
353.669149 550.000000 0
351.663859 550.000000 0
350.661214 550.000000 0
347.653280 550.000000 0
343.642700 550.000000 0
338.629476 550.000000 0
333.616252 550.000000 0
324.592448 550.000000 0
319.579224 550.000000 0
287.494588 550.000000 0
282.481364 550.000000 0
273.457560 550.000000 0
270.449626 550.000000 0
258.417887 550.000000 0
248.391439 550.000000 0
247.388794 550.000000 0
241.372925 550.000000 0
240.370280 550.000000 0
225.330607 550.000000 0
218.312093 550.000000 0
214.301514 550.000000 0
213.298869 550.000000 0
210.290934 550.000000 0
194.248617 550.000000 0
180.211589 550.000000 0
170.185140 550.000000 0
160.158691 550.000000 0
153.140177 550.000000 0
151.134888 550.000000 0
149.129598 550.000000 0
148.126953 550.000000 0
146.121663 550.000000 0
138.100505 550.000000 0
136.095215 550.000000 0
132.084635 550.000000 0
128.074056 550.000000 0
125.066121 550.000000 0
122.058187 550.000000 0
119.050252 550.000000 0
116.042318 550.000000 0
111.029093 550.000000 0
108.021159 550.000000 0
102.005290 550.000000 0
