760
103.001467 450.000000 20
114.006844 450.000000 20
117.008311 450.000000 20
119.009289 450.000000 20
120.009778 450.000000 20
127.013200 450.000000 20
140.019555 450.000000 20
149.023955 450.000000 20
153.025911 450.000000 20
163.030800 450.000000 20
166.032266 450.000000 20
167.032755 450.000000 20
170.034222 450.000000 20
173.035688 450.000000 20
174.036177 450.000000 20
177.037644 450.000000 20
181.039599 450.000000 20
184.041066 450.000000 20
186.042044 450.000000 20
203.050355 450.000000 20
208.052799 450.000000 20
213.055244 450.000000 20
219.058177 450.000000 20
225.061110 450.000000 20
236.066488 450.000000 20
240.068443 450.000000 20
253.074799 450.000000 20
256.076266 450.000000 20
261.078710 450.000000 20
264.080177 450.000000 20
266.081154 450.000000 20
270.083110 450.000000 20
279.087510 450.000000 20
287.091421 450.000000 20
291.093376 450.000000 20
299.097288 450.000000 20
305.100221 450.000000 20
308.101687 450.000000 20
314.104621 450.000000 20
316.105598 450.000000 20
319.107065 450.000000 20
320.107554 450.000000 20
323.109021 450.000000 20
344.119287 450.000000 20
362.128087 450.000000 20
371.132487 450.000000 19
372.138796 448.257022 19
372.641950 447.385533 19
373.145105 446.514044 19
373.648259 445.642555 19
374.151414 444.771066 19
374.654568 443.899577 19
375.157722 443.028088 19
378.176649 437.799153 19
378.679803 436.927664 19
379.182958 436.056175 19
379.686112 435.184686 19
380.189267 434.313197 19
380.692421 433.441708 19
381.698730 431.698730 19
382.201884 430.827241 19
382.705039 429.955752 19
383.208193 429.084263 19
383.711348 428.212774 19
384.717657 426.469796 19
386.227120 423.855329 19
387.233429 422.112350 19
387.736583 421.240861 19
388.239738 420.369372 19
388.742892 419.497883 19
389.749201 417.754905 19
390.252355 416.883416 19
391.258664 415.140438 19
391.761819 414.268949 19
392.264973 413.397460 19
390.255610 409.917140 18
389.753269 409.047061 18
384.227519 399.476182 18
382.218156 395.995862 18
381.213474 394.255703 18
380.208793 392.515543 18
379.706452 391.645463 18
379.204111 390.775383 18
377.697088 388.165144 18
377.194748 387.295064 18
376.692407 386.424984 18
374.683043 382.944664 18
372.171339 378.594265 18
371.166657 376.854105 18
370.161976 375.113945 18
368.654953 372.503706 18
368.152612 371.633626 18
365.640908 367.283226 18
361.119840 359.452508 18
359.612818 356.842268 18
358.608136 355.102108 18
356.096432 350.751709 18
355.594091 349.881629 18
355.091750 349.011549 18
352.580046 344.661150 18
348.561319 337.700511 18
347.556638 335.960351 18
338.514502 320.298913 18
338.012162 319.428833 18
337.509821 318.558753 18
335.500457 315.078434 18
332.988753 310.728034 18
330.979390 307.247715 18
330.477049 306.377635 18
328.970026 303.767395 18
327.965345 302.027235 18
327.463004 301.157156 18
322.941936 293.326437 18
318.923209 286.365798 18
316.913846 282.885478 18
314.904483 279.405159 18
313.899801 277.664999 18
315.406823 276.794919 17
317.416187 276.794919 17
320.430232 276.794919 17
325.453640 276.794919 17
327.463004 276.794919 17
329.472367 276.794919 17
333.491094 276.794919 17
336.505139 276.794919 17
337.509821 276.794919 17
340.523866 276.794919 17
343.537911 276.794919 17
358.608137 276.794919 17
359.612818 276.794919 17
363.631545 276.794919 17
365.640908 276.794919 17
368.654954 276.794919 17
369.659635 276.794919 17
372.673680 276.794919 17
377.697089 276.794919 17
379.706452 276.794919 17
380.711134 276.794919 17
385.734542 276.794919 17
392.767314 276.794919 17
394.776678 276.794919 17
395.781359 276.794919 17
396.786041 276.794919 17
398.795405 276.794919 17
410.851585 276.794919 17
414.870312 276.794919 17
415.874993 276.794919 17
418.889039 276.794919 17
421.903084 276.794919 17
424.917129 276.794919 17
430.945219 276.794919 17
445.010763 276.794919 17
449.029490 276.794919 17
450.034171 276.794919 17
453.048216 276.794919 17
454.052898 276.794919 17
456.062261 276.794919 17
461.085670 276.794919 17
462.090352 276.794919 17
471.132487 276.794919 17
473.141850 273.314600 16
474.648873 270.704360 16
475.151214 269.834280 16
480.174622 261.133481 16
483.691008 255.042922 16
487.207394 248.952363 16
489.719098 244.601964 16
492.733143 239.381484 16
498.258893 229.810606 16
499.263574 228.070446 16
504.789324 218.499568 16
507.803369 213.279088 16
510.817414 208.058609 16
512.826777 204.578290 16
514.333800 201.968050 16
517.850186 195.877491 16
518.854867 194.137331 16
521.868913 188.916852 16
523.878276 185.436532 16
525.385298 182.826293 16
527.897003 178.475893 16
528.399344 177.605814 16
529.404025 175.865654 16
530.911048 173.255414 16
531.915730 171.515254 16
532.920411 169.775095 16
536.939138 162.814456 16
537.943820 161.074296 16
538.446161 160.204216 16
539.953183 157.593976 16
541.460206 154.983737 16
542.967228 152.373497 16
551.004682 141.932539 15
553.014045 145.412858 15
557.535113 153.243577 15
561.051499 159.334136 15
563.060862 162.814456 15
565.070225 166.294775 15
565.572566 167.164855 15
566.577248 168.905015 15
571.600656 177.605814 15
572.102997 178.475893 15
573.107679 180.216053 15
573.610020 181.086133 15
579.638110 191.527091 15
580.140451 192.397171 15
581.145133 194.137331 15
586.670882 203.708210 15
589.684927 208.928689 15
591.694290 212.409008 15
592.698972 214.149168 15
593.703654 215.889328 15
594.205995 216.759408 15
596.717699 221.109807 15
597.722380 222.849967 15
605.257493 235.901165 15
606.764516 238.511405 15
607.266857 239.381484 15
607.769197 240.251564 15
608.271538 241.121644 15
608.773879 241.991724 15
609.276220 242.861804 15
610.280902 244.601964 15
610.783243 245.472044 15
616.308992 255.042922 15
619.825378 261.133481 15
625.351127 270.704360 15
625.853468 271.574440 15
626.355809 272.444520 15
630.876876 276.794919 14
631.881558 276.794919 14
637.909648 276.794919 14
638.914330 276.794919 14
644.942420 276.794919 14
645.947102 276.794919 14
647.956465 276.794919 14
648.961147 276.794919 14
659.007964 276.794919 14
661.017327 276.794919 14
670.059463 276.794919 14
676.087553 276.794919 14
677.092235 276.794919 14
679.101598 276.794919 14
681.110961 276.794919 14
682.115643 276.794919 14
683.120325 276.794919 14
684.125007 276.794919 14
694.171824 276.794919 14
697.185869 276.794919 14
698.190550 276.794919 14
699.195232 276.794919 14
701.204595 276.794919 14
709.242049 276.794919 14
720.293548 276.794919 14
722.302911 276.794919 14
723.307593 276.794919 14
724.312275 276.794919 14
731.345046 276.794919 14
735.363773 276.794919 14
736.368455 276.794919 14
740.387182 276.794919 14
750.433999 276.794919 14
757.466771 276.794919 14
763.494861 276.794919 14
764.499543 276.794919 14
769.522951 276.794919 14
781.579131 276.794919 14
783.588495 276.794919 14
786.602540 276.794919 13
785.095517 279.405159 13
784.090836 281.145318 13
782.583813 283.755558 13
779.569768 288.976037 13
779.067427 289.846117 13
778.062746 291.586277 13
776.555723 294.196517 13
771.532315 302.897315 13
771.029974 303.767395 13
767.513588 309.857954 13
763.997202 315.948514 13
761.485498 320.298913 13
760.983157 321.168993 13
759.476134 323.779232 13
758.471453 325.519392 13
755.457407 330.739871 13
754.452726 332.480031 13
753.448044 334.220191 13
752.443362 335.960351 13
751.941022 336.830431 13
748.424636 342.920990 13
747.922295 343.791070 13
747.419954 344.661150 13
745.410591 348.141469 13
741.894205 354.232028 13
741.391864 355.102108 13
738.880160 359.452508 13
736.870796 362.932827 13
732.852069 369.893466 13
732.349729 370.763546 13
731.345047 372.503706 13
729.335683 375.984025 13
728.833343 376.854105 13
727.828661 378.594265 13
722.805252 387.295064 13
721.298230 389.905303 13
720.795889 390.775383 13
719.288866 393.385623 13
717.279503 396.865942 13
714.767799 401.216342 13
714.265458 402.086422 13
713.763117 402.956501 13
711.251413 407.306901 13
707.735027 413.397460 12
708.741336 415.140438 12
709.244490 416.011927 12
710.753954 418.626394 12
711.760262 420.369372 12
712.263417 421.240861 12
712.766571 422.112350 12
713.772880 423.855329 12
715.282343 426.469796 12
716.791807 429.084263 12
717.294961 429.955752 12
717.798116 430.827241 12
719.307579 433.441708 12
719.810733 434.313197 12
720.313888 435.184686 12
720.817042 436.056175 12
721.823351 437.799153 12
722.326505 438.670642 12
722.829660 439.542131 12
723.332814 440.413620 12
723.835969 441.285110 12
724.339123 442.156599 12
724.842278 443.028088 12
725.345432 443.899577 12
726.854895 446.514044 12
727.358050 447.385533 12
727.861204 448.257022 12
728.867513 450.000000 12
739.872891 450.000000 11
752.879246 450.000000 11
753.879735 450.000000 11
763.884624 450.000000 11
764.885113 450.000000 11
771.888535 450.000000 11
778.891957 450.000000 11
785.895379 450.000000 11
788.896846 450.000000 11
791.898313 450.000000 11
798.901735 450.000000 11
800.902712 450.000000 11
816.910535 450.000000 11
819.912001 450.000000 11
836.920312 450.000000 11
848.926179 450.000000 11
849.926668 450.000000 11
856.930090 450.000000 11
857.930579 450.000000 11
858.931068 450.000000 11
870.936934 450.000000 11
887.945245 450.000000 11
897.950134 450.000000 11
905.954045 450.000000 11
906.954534 450.000000 11
908.955512 450.000000 11
911.956978 450.000000 11
918.960401 450.000000 11
925.963823 450.000000 11
939.970667 450.000000 11
944.973111 450.000000 11
947.974578 450.000000 11
955.978489 450.000000 11
956.978978 450.000000 11
958.979956 450.000000 11
962.981911 450.000000 11
964.982889 450.000000 11
968.984845 450.000000 11
976.988756 450.000000 11
979.990222 450.000000 11
982.991689 450.000000 11
988.994622 450.000000 11
1000.000000 454.000000 10
1000.000000 455.000000 10
1000.000000 456.000000 10
1000.000000 457.000000 10
1000.000000 459.000000 10
1000.000000 460.000000 10
1000.000000 461.000000 10
1000.000000 462.000000 10
1000.000000 464.000000 10
1000.000000 466.000000 10
1000.000000 467.000000 10
1000.000000 469.000000 10
1000.000000 471.000000 10
1000.000000 476.000000 10
1000.000000 478.000000 10
1000.000000 479.000000 10
1000.000000 480.000000 10
1000.000000 483.000000 10
1000.000000 484.000000 10
1000.000000 489.000000 10
1000.000000 492.000000 10
1000.000000 493.000000 10
1000.000000 496.000000 10
1000.000000 498.000000 10
1000.000000 501.000000 10
1000.000000 504.000000 10
1000.000000 506.000000 10
1000.000000 508.000000 10
1000.000000 512.000000 10
1000.000000 513.000000 10
1000.000000 520.000000 10
1000.000000 523.000000 10
1000.000000 529.000000 10
1000.000000 532.000000 10
1000.000000 536.000000 10
1000.000000 538.000000 10
1000.000000 540.000000 10
1000.000000 543.000000 10
1000.000000 546.000000 10
1000.000000 547.000000 10
1000.000000 548.000000 10
1000.000000 550.000000 10
998.997355 550.000000 9
992.981486 550.000000 9
990.976196 550.000000 9
975.936523 550.000000 9
969.920654 550.000000 9
959.894206 550.000000 9
953.878337 550.000000 9
949.867757 550.000000 9
947.862467 550.000000 9
946.859823 550.000000 9
935.830729 550.000000 9
925.804281 550.000000 9
924.801636 550.000000 9
912.769897 550.000000 9
907.756673 550.000000 9
886.701131 550.000000 9
876.674683 550.000000 9
850.605916 550.000000 9
838.574178 550.000000 9
835.566243 550.000000 9
832.558309 550.000000 9
814.510702 550.000000 9
811.502767 550.000000 9
801.476318 550.000000 9
797.465739 550.000000 9
795.460449 550.000000 9
789.444580 550.000000 9
787.439290 550.000000 9
774.404907 550.000000 9
766.383748 550.000000 9
755.354655 550.000000 9
752.346720 550.000000 9
748.336141 550.000000 9
741.317627 550.000000 9
733.296468 550.000000 9
731.291178 550.000000 9
729.285889 550.000000 9
728.283244 550.000000 9
724.272664 550.000000 9
722.267375 550.000000 9
712.240926 550.000000 9
709.232992 550.000000 9
707.227702 550.000000 9
702.214478 550.000000 9
697.201253 550.000000 9
678.151001 550.000000 9
670.127805 548.259840 8
665.104397 539.559042 8
661.085670 532.598403 8
660.583329 531.728323 8
659.076307 529.118083 8
657.569284 526.507843 8
657.066943 525.637764 8
655.057580 522.157444 8
654.052898 520.417284 8
653.048216 518.677125 8
651.038853 515.196805 8
649.531830 512.586565 8
644.006081 503.015687 8
641.996717 499.535367 8
639.485013 495.184968 8
638.982672 494.314888 8
637.977991 492.574728 8
634.461605 486.484169 8
633.456923 484.744010 8
627.931174 475.173131 8
625.921810 471.692811 8
621.903083 464.732172 8
620.898402 462.992013 8
620.396061 462.121933 8
619.893720 461.251853 8
614.367971 451.680974 8
612.860948 449.070735 8
612.358607 448.200655 8
609.846903 443.850256 8
607.837539 440.369936 8
606.330517 437.759696 8
605.325835 436.019537 8
604.321153 434.279377 8
603.316472 432.539217 8
602.311790 430.799057 8
600.804768 428.188818 8
600.302427 427.318738 8
599.800086 426.448658 8
599.297745 425.578578 8
598.795404 424.708498 8
598.293063 423.838418 8
597.288382 422.098259 8
595.781359 419.488019 8
595.279018 418.617939 8
593.269655 415.137620 8
592.767314 414.267540 8
592.264973 413.397460 7
592.768127 412.525971 7
593.271282 411.654482 7
595.787054 407.297036 7
596.290209 406.425547 7
596.793363 405.554058 7
597.296518 404.682569 7
598.805981 402.068102 7
600.315444 399.453635 7
601.321753 397.710657 7
602.831216 395.096190 7
604.340680 392.481722 7
604.843834 391.610233 7
605.346989 390.738744 7
605.850143 389.867255 7
606.353298 388.995766 7
606.856452 388.124277 7
607.359607 387.252788 7
607.862761 386.381299 7
608.869070 384.638321 7
609.875379 382.895342 7
610.378533 382.023853 7
610.881688 381.152364 7
611.887997 379.409386 7
612.391151 378.537897 7
612.894306 377.666408 7
613.397460 376.794919 7
611.384842 376.794919 6
610.378533 376.794919 6
609.372224 376.794919 6
606.353298 376.794919 6
604.340680 376.794919 6
603.334371 376.794919 6
602.328062 376.794919 6
601.321753 376.794919 6
599.309136 376.794919 6
598.302827 376.794919 6
597.296518 376.794919 6
596.290209 376.794919 6
595.283900 376.794919 6
594.277591 376.794919 6
593.271282 376.794919 6
592.264973 376.794919 6
591.258665 376.794919 6
590.252356 376.794919 6
586.227120 376.794919 6
585.220811 376.794919 6
583.208194 376.794919 6
582.201885 376.794919 6
581.195576 376.794919 6
580.189267 376.794919 6
577.170340 376.794919 6
576.164031 376.794919 6
574.151414 376.794919 6
573.145105 376.794919 6
572.138796 376.794919 6
570.629333 375.923430 5
569.623024 374.180452 5
568.113560 371.565985 5
567.610406 370.694496 5
567.107251 369.823007 5
566.604097 368.951518 5
564.088325 364.594072 5
563.585170 363.722583 5
563.082016 362.851094 5
562.075707 361.108116 5
561.572552 360.236627 5
561.069398 359.365138 5
558.050471 354.136204 5
557.547317 353.264715 5
556.541008 351.521737 5
555.534699 349.778759 5
554.528390 348.035780 5
554.025236 347.164291 5
553.522081 346.292802 5
552.012618 343.678335 5
551.509463 342.806846 5
551.006309 341.935357 5
550.000000 340.192379 4
549.496846 341.063868 4
548.993691 341.935357 4
547.987382 343.678335 4
547.484228 344.549824 4
545.974764 347.164291 4
544.968455 348.907269 4
544.465301 349.778759 4
543.458992 351.521737 4
541.949529 354.136204 4
540.943220 355.879182 4
538.930602 359.365138 4
538.427448 360.236627 4
537.924293 361.108116 4
537.421139 361.979605 4
536.917984 362.851094 4
535.911675 364.594072 4
534.905366 366.337050 4
534.402212 367.208539 4
533.899058 368.080029 4
533.395903 368.951518 4
532.892749 369.823007 4
532.389594 370.694496 4
531.383285 372.437474 4
530.880131 373.308963 4
530.376976 374.180452 4
528.867513 376.794919 4
528.867513 376.794919 3
527.861204 376.794919 3
525.848586 376.794919 3
524.842277 376.794919 3
523.835969 376.794919 3
521.823351 376.794919 3
519.810733 376.794919 3
518.804424 376.794919 3
517.798115 376.794919 3
516.791806 376.794919 3
515.785498 376.794919 3
513.772880 376.794919 3
512.766571 376.794919 3
510.753953 376.794919 3
509.747644 376.794919 3
508.741335 376.794919 3
507.735027 376.794919 3
506.728718 376.794919 3
505.722409 376.794919 3
504.716100 376.794919 3
502.703482 376.794919 3
501.697173 376.794919 3
500.690864 376.794919 3
499.684555 376.794919 3
497.671938 376.794919 3
495.659320 376.794919 3
494.653011 376.794919 3
491.634084 376.794919 3
490.627776 376.794919 3
489.621467 376.794919 3
487.608849 376.794919 3
486.602540 376.794919 3
486.602540 376.794919 2
488.615158 380.280875 2
489.621467 382.023853 2
490.627776 383.766832 2
491.130930 384.638321 2
491.634085 385.509810 2
492.640393 387.252788 2
493.143548 388.124277 2
494.149857 389.867255 2
495.156166 391.610233 2
495.659320 392.481722 2
496.665629 394.224700 2
497.168784 395.096190 2
497.671938 395.967679 2
498.175092 396.839168 2
498.678247 397.710657 2
499.684556 399.453635 2
501.194019 402.068102 2
503.206637 405.554058 2
503.709791 406.425547 2
504.212946 407.297036 2
504.716100 408.168526 2
506.225564 410.782993 2
506.728718 411.654482 2
507.231873 412.525971 2
507.232686 414.267540 1
504.218641 419.488019 1
502.711618 422.098259 1
501.204596 424.708498 1
499.195232 428.188818 1
496.683528 432.539217 1
495.678847 434.279377 1
492.664801 439.499856 1
491.660120 441.240016 1
490.153097 443.850256 1
489.148415 445.590415 1
487.139052 449.070735 1
485.632029 451.680974 1
484.627348 453.421134 1
483.622666 455.161294 1
480.608621 460.381773 1
478.096917 464.732172 1
471.566486 476.043211 1
471.064145 476.913291 1
470.561804 477.783371 1
467.045418 483.873930 1
465.036054 487.354249 1
462.022009 492.574728 1
458.505623 498.665288 1
456.496260 502.145607 1
455.491578 503.885767 1
454.486897 505.625926 1
451.975192 509.976326 1
445.444761 521.287364 1
444.440079 523.027524 1
443.435398 524.767684 1
438.411989 533.468482 1
433.890922 541.299201 1
433.388581 542.169281 1
432.886240 543.039361 1
431.379217 545.649601 1
406.809326 550.000000 0
402.798747 550.000000 0
400.793457 550.000000 0
384.751139 550.000000 0
382.745850 550.000000 0
375.727336 550.000000 0
373.722046 550.000000 0
372.719401 550.000000 0
369.711466 550.000000 0
349.658569 550.000000 0
326.597738 550.000000 0
317.573934 550.000000 0
289.499878 550.000000 0
287.494588 550.000000 0
283.484009 550.000000 0
279.473429 550.000000 0
275.462850 550.000000 0
273.457560 550.000000 0
272.454915 550.000000 0
271.452270 550.000000 0
270.449626 550.000000 0
268.444336 550.000000 0
260.423177 550.000000 0
246.386149 550.000000 0
234.354411 550.000000 0
230.343831 550.000000 0
205.277710 550.000000 0
203.272420 550.000000 0
198.259196 550.000000 0
190.238037 550.000000 0
187.230103 550.000000 0
184.222168 550.000000 0
183.219523 550.000000 0
179.208944 550.000000 0
172.190430 550.000000 0
166.174561 550.000000 0
165.171916 550.000000 0
161.161336 550.000000 0
150.132243 550.000000 0
142.111084 550.000000 0
133.087280 550.000000 0
130.079346 550.000000 0
127.071411 550.000000 0
122.058187 550.000000 0
115.039673 550.000000 0
112.031738 550.000000 0
