1200
100.000000 450.000000 20
101.000489 450.000000 20
103.001467 450.000000 20
104.001956 450.000000 20
109.004400 450.000000 20
119.009289 450.000000 20
120.009778 450.000000 20
125.012222 450.000000 20
130.014666 450.000000 20
136.017600 450.000000 20
138.018578 450.000000 20
139.019066 450.000000 20
140.019555 450.000000 20
144.021511 450.000000 20
150.024444 450.000000 20
153.025911 450.000000 20
154.026400 450.000000 20
162.030311 450.000000 20
167.032755 450.000000 20
172.035199 450.000000 20
177.037644 450.000000 20
179.038622 450.000000 20
181.039599 450.000000 20
183.040577 450.000000 20
184.041066 450.000000 20
188.043022 450.000000 20
189.043510 450.000000 20
197.047422 450.000000 20
199.048399 450.000000 20
207.052310 450.000000 20
208.052799 450.000000 20
214.055733 450.000000 20
220.058666 450.000000 20
222.059644 450.000000 20
226.061599 450.000000 20
243.069910 450.000000 20
252.074310 450.000000 20
253.074799 450.000000 20
256.076266 450.000000 20
258.077243 450.000000 20
259.077732 450.000000 20
260.078221 450.000000 20
261.078710 450.000000 20
265.080666 450.000000 20
277.086532 450.000000 20
278.087021 450.000000 20
279.087510 450.000000 20
284.089954 450.000000 20
285.090443 450.000000 20
288.091910 450.000000 20
290.092888 450.000000 20
291.093376 450.000000 20
292.093865 450.000000 20
293.094354 450.000000 20
294.094843 450.000000 20
296.095821 450.000000 20
309.102176 450.000000 20
313.104132 450.000000 20
318.106576 450.000000 20
326.110487 450.000000 20
328.111465 450.000000 20
332.113421 450.000000 20
333.113909 450.000000 20
348.121243 450.000000 20
355.124665 450.000000 20
357.125643 450.000000 20
366.130043 450.000000 20
367.130531 450.000000 20
369.131509 450.000000 20
370.131998 450.000000 20
371.132487 450.000000 19
371.635641 449.128511 19
372.138796 448.257022 19
372.641950 447.385533 19
373.145105 446.514044 19
373.648259 445.642555 19
374.151414 444.771066 19
374.654568 443.899577 19
375.157722 443.028088 19
376.164031 441.285110 19
376.667186 440.413620 19
377.170340 439.542131 19
377.673495 438.670642 19
378.679803 436.927664 19
379.182958 436.056175 19
379.686112 435.184686 19
380.189267 434.313197 19
380.692421 433.441708 19
381.195576 432.570219 19
382.201884 430.827241 19
382.705039 429.955752 19
383.208193 429.084263 19
383.711348 428.212774 19
384.214502 427.341285 19
384.717657 426.469796 19
385.220811 425.598307 19
385.723965 424.726818 19
386.730274 422.983840 19
387.233429 422.112350 19
387.736583 421.240861 19
388.239738 420.369372 19
388.742892 419.497883 19
389.246046 418.626394 19
389.749201 417.754905 19
390.252355 416.883416 19
390.755510 416.011927 19
391.761819 414.268949 19
392.264973 413.397460 19
391.762632 412.527380 18
390.255610 409.917140 18
389.753269 409.047061 18
388.748587 407.306901 18
388.246246 406.436821 18
387.743905 405.566741 18
387.241565 404.696661 18
386.236883 402.956501 18
383.725179 398.606102 18
383.222838 397.736022 18
381.213474 394.255703 18
380.711134 393.385623 18
380.208793 392.515543 18
379.706452 391.645463 18
378.199429 389.035223 18
377.194748 387.295064 18
376.692407 386.424984 18
374.683043 382.944664 18
372.673680 379.464345 18
372.171339 378.594265 18
371.668998 377.724185 18
371.166657 376.854105 18
369.659635 374.243865 18
369.157294 373.373786 18
368.654953 372.503706 18
368.152612 371.633626 18
367.650271 370.763546 18
367.147931 369.893466 18
365.640908 367.283226 18
364.636226 365.543067 18
362.124522 361.192667 18
360.115159 357.712348 18
359.110477 355.972188 18
358.608136 355.102108 18
358.105795 354.232028 18
353.584728 346.401309 18
353.082387 345.531229 18
351.073024 342.050910 18
350.570683 341.180830 18
350.068342 340.310750 18
349.566001 339.440670 18
349.063660 338.570590 18
348.561319 337.700511 18
348.058978 336.830431 18
347.556638 335.960351 18
345.044933 331.609951 18
343.537911 328.999712 18
343.035570 328.129632 18
342.030888 326.389472 18
341.528547 325.519392 18
340.523866 323.779232 18
340.021525 322.909153 18
338.514502 320.298913 18
336.002798 315.948514 18
335.500457 315.078434 18
334.998116 314.208354 18
332.988753 310.728034 18
331.984071 308.987875 18
331.481730 308.117795 18
329.974708 305.507555 18
328.970026 303.767395 18
328.467685 302.897315 18
326.960663 300.287076 18
325.955981 298.546916 18
324.951299 296.806756 18
323.946618 295.066596 18
323.444277 294.196517 18
322.941936 293.326437 18
321.937254 291.586277 18
321.434914 290.716197 18
320.430232 288.976037 18
319.927891 288.105957 18
317.416187 283.755558 18
316.913846 282.885478 18
316.411505 282.015398 18
313.899801 277.664999 18
315.406823 276.794919 17
316.411505 276.794919 17
317.416187 276.794919 17
318.420869 276.794919 17
320.430232 276.794919 17
321.434914 276.794919 17
326.458322 276.794919 17
332.486412 276.794919 17
337.509821 276.794919 17
340.523866 276.794919 17
341.528548 276.794919 17
342.533229 276.794919 17
344.542593 276.794919 17
346.551956 276.794919 17
347.556638 276.794919 17
348.561320 276.794919 17
352.580046 276.794919 17
361.622182 276.794919 17
364.636227 276.794919 17
368.654954 276.794919 17
378.701771 276.794919 17
382.720497 276.794919 17
383.725179 276.794919 17
392.767314 276.794919 17
394.776678 276.794919 17
398.795405 276.794919 17
403.818813 276.794919 17
405.828176 276.794919 17
408.842222 276.794919 17
410.851585 276.794919 17
411.856267 276.794919 17
412.860948 276.794919 17
415.874993 276.794919 17
418.889039 276.794919 17
420.898402 276.794919 17
423.912447 276.794919 17
429.940537 276.794919 17
430.945219 276.794919 17
431.949901 276.794919 17
432.954582 276.794919 17
434.963946 276.794919 17
439.987354 276.794919 17
440.992036 276.794919 17
443.001399 276.794919 17
444.006081 276.794919 17
446.015444 276.794919 17
454.052898 276.794919 17
455.057580 276.794919 17
456.062261 276.794919 17
457.066943 276.794919 17
458.071625 276.794919 17
460.080988 276.794919 17
462.090352 276.794919 17
463.095033 276.794919 17
464.099715 276.794919 17
467.113760 276.794919 17
468.118442 276.794919 17
471.132487 276.794919 17
471.132487 276.794919 16
472.137169 275.054759 16
472.639510 274.184679 16
473.141850 273.314600 16
474.648873 270.704360 16
475.151214 269.834280 16
475.653555 268.964200 16
476.658236 267.224040 16
478.165259 264.613801 16
478.667600 263.743721 16
480.174622 261.133481 16
483.188667 255.913002 16
483.691008 255.042922 16
485.700372 251.562603 16
487.207394 248.952363 16
488.212076 247.212203 16
488.714417 246.342123 16
489.216757 245.472044 16
489.719098 244.601964 16
490.221439 243.731884 16
491.728462 241.121644 16
492.733143 239.381484 16
493.235484 238.511405 16
493.737825 237.641325 16
494.240166 236.771245 16
495.244848 235.031085 16
496.249529 233.290925 16
496.751870 232.420845 16
497.756552 230.680686 16
498.761234 228.940526 16
499.263574 228.070446 16
499.765915 227.200366 16
500.770597 225.460207 16
502.779960 221.979887 16
503.282301 221.109807 16
504.286983 219.369647 16
505.291665 217.629488 16
506.798687 215.019248 16
508.808051 211.538929 16
509.310391 210.668849 16
509.812732 209.798769 16
510.817414 208.058609 16
511.319755 207.188529 16
512.324436 205.448369 16
513.329118 203.708210 16
514.333800 201.968050 16
514.836141 201.097970 16
516.343163 198.487730 16
520.361890 191.527091 16
520.864231 190.657012 16
522.371253 188.046772 16
522.873594 187.176692 16
524.882958 183.696373 16
525.385298 182.826293 16
526.389980 181.086133 16
526.892321 180.216053 16
527.897003 178.475893 16
529.404025 175.865654 16
529.906366 174.995574 16
530.408707 174.125494 16
532.920411 169.775095 16
533.925093 168.034935 16
534.427434 167.164855 16
535.432115 165.424695 16
536.436797 163.684536 16
536.939138 162.814456 16
537.441479 161.944376 16
539.450842 158.464056 16
540.455524 156.723897 16
542.464887 153.243577 16
544.976592 148.893178 16
547.488296 144.542778 16
548.492977 142.802619 16
550.000000 140.192379 16
553.014045 145.412858 15
553.516386 146.282938 15
556.028090 150.633337 15
559.042135 155.853817 15
559.544476 156.723897 15
560.046817 157.593976 15
563.563203 163.684536 15
564.065544 164.554615 15
564.567885 165.424695 15
567.079589 169.775095 15
567.581930 170.645175 15
570.595975 175.865654 15
571.600656 177.605814 15
572.102997 178.475893 15
573.107679 180.216053 15
573.610020 181.086133 15
575.117042 183.696373 15
576.121724 185.436532 15
577.126406 187.176692 15
580.642792 193.267251 15
581.647473 195.007411 15
582.149814 195.877491 15
582.652155 196.747571 15
584.661518 200.227890 15
589.182586 208.058609 15
589.684927 208.928689 15
590.187268 209.798769 15
590.689609 210.668849 15
591.694290 212.409008 15
592.196631 213.279088 15
592.698972 214.149168 15
593.201313 215.019248 15
594.205995 216.759408 15
595.713017 219.369647 15
599.731744 226.330286 15
603.750471 233.290925 15
604.252811 234.161005 15
605.257493 235.901165 15
605.759834 236.771245 15
606.764516 238.511405 15
608.271538 241.121644 15
608.773879 241.991724 15
609.276220 242.861804 15
610.783243 245.472044 15
612.290265 248.082283 15
614.801969 252.432683 15
615.304310 253.302762 15
615.806651 254.172842 15
616.811333 255.913002 15
618.820696 259.393322 15
619.825378 261.133481 15
621.332400 263.743721 15
621.834741 264.613801 15
622.839423 266.353961 15
623.844105 268.094120 15
625.351127 270.704360 15
626.355809 272.444520 15
627.862831 275.054759 15
631.881558 276.794919 14
632.886240 276.794919 14
635.900285 276.794919 14
639.919012 276.794919 14
640.923693 276.794919 14
641.928375 276.794919 14
642.933057 276.794919 14
643.937739 276.794919 14
644.942420 276.794919 14
646.951784 276.794919 14
649.965829 276.794919 14
652.979874 276.794919 14
653.984556 276.794919 14
654.989237 276.794919 14
656.998601 276.794919 14
659.007964 276.794919 14
661.017327 276.794919 14
662.022009 276.794919 14
666.040736 276.794919 14
670.059463 276.794919 14
672.068826 276.794919 14
674.078190 276.794919 14
675.082871 276.794919 14
678.096916 276.794919 14
682.115643 276.794919 14
685.129688 276.794919 14
687.139052 276.794919 14
690.153097 276.794919 14
692.162460 276.794919 14
695.176505 276.794919 14
696.181187 276.794919 14
701.204595 276.794919 14
703.213959 276.794919 14
705.223322 276.794919 14
707.232686 276.794919 14
708.237367 276.794919 14
710.246731 276.794919 14
711.251412 276.794919 14
712.256094 276.794919 14
714.265458 276.794919 14
715.270139 276.794919 14
717.279503 276.794919 14
723.307593 276.794919 14
728.331001 276.794919 14
730.340365 276.794919 14
731.345046 276.794919 14
732.349728 276.794919 14
738.377818 276.794919 14
740.387182 276.794919 14
741.391863 276.794919 14
746.415272 276.794919 14
748.424635 276.794919 14
749.429317 276.794919 14
751.438680 276.794919 14
755.457407 276.794919 14
756.462089 276.794919 14
757.466771 276.794919 14
760.480816 276.794919 14
761.485497 276.794919 14
762.490179 276.794919 14
764.499543 276.794919 14
765.504224 276.794919 14
768.518269 276.794919 14
769.522951 276.794919 14
770.527633 276.794919 14
771.532314 276.794919 14
774.546360 276.794919 14
776.555723 276.794919 14
779.569768 276.794919 14
780.574450 276.794919 14
781.579131 276.794919 14
784.593177 276.794919 14
785.095517 279.405159 13
784.090836 281.145318 13
782.583813 283.755558 13
781.579132 285.495718 13
779.067427 289.846117 13
778.062746 291.586277 13
777.560405 292.456357 13
777.058064 293.326437 13
776.555723 294.196517 13
775.551041 295.936676 13
775.048701 296.806756 13
774.546360 297.676836 13
773.541678 299.416996 13
770.527633 304.637475 13
769.522951 306.377635 13
768.518270 308.117795 13
766.508906 311.598114 13
766.006565 312.468194 13
765.504224 313.338274 13
765.001884 314.208354 13
763.997202 315.948514 13
761.987838 319.428833 13
759.476134 323.779232 13
758.973793 324.649312 13
757.969112 326.389472 13
757.466771 327.259552 13
756.462089 328.999712 13
755.457407 330.739871 13
754.955067 331.609951 13
752.945703 335.090271 13
751.941022 336.830431 13
751.438681 337.700511 13
750.936340 338.570590 13
749.931658 340.310750 13
748.926976 342.050910 13
747.922295 343.791070 13
746.917613 345.531229 13
745.410591 348.141469 13
743.903568 350.751709 13
742.898886 352.491868 13
741.894205 354.232028 13
740.889523 355.972188 13
740.387182 356.842268 13
738.377819 360.322587 13
737.875478 361.192667 13
737.373137 362.062747 13
736.870796 362.932827 13
736.368455 363.802907 13
735.866114 364.672987 13
734.861433 366.413147 13
732.852069 369.893466 13
732.349729 370.763546 13
731.847388 371.633626 13
730.340365 374.243865 13
727.828661 378.594265 13
727.326320 379.464345 13
726.823979 380.334425 13
724.814616 383.814744 13
723.307593 386.424984 13
722.805252 387.295064 13
722.302912 388.165144 13
719.791207 392.515543 13
719.288866 393.385623 13
718.786526 394.255703 13
717.781844 395.995862 13
717.279503 396.865942 13
716.274821 398.606102 13
715.270140 400.346262 13
713.260776 403.826581 13
711.251413 407.306901 13
710.246731 409.047061 13
707.735027 413.397460 12
708.238181 414.268949 12
708.741336 415.140438 12
709.244490 416.011927 12
709.747645 416.883416 12
710.250799 417.754905 12
710.753954 418.626394 12
711.760262 420.369372 12
712.263417 421.240861 12
712.766571 422.112350 12
713.269726 422.983840 12
713.772880 423.855329 12
714.276035 424.726818 12
714.779189 425.598307 12
715.785498 427.341285 12
716.791807 429.084263 12
717.294961 429.955752 12
717.798116 430.827241 12
718.301270 431.698730 12
718.804424 432.570219 12
719.307579 433.441708 12
719.810733 434.313197 12
720.313888 435.184686 12
721.320197 436.927664 12
721.823351 437.799153 12
722.326505 438.670642 12
722.829660 439.542131 12
723.835969 441.285110 12
724.339123 442.156599 12
724.842278 443.028088 12
725.345432 443.899577 12
725.848586 444.771066 12
726.351741 445.642555 12
726.854895 446.514044 12
727.861204 448.257022 12
728.364359 449.128511 12
728.867513 450.000000 12
732.869469 450.000000 11
733.869957 450.000000 11
734.870446 450.000000 11
740.873380 450.000000 11
744.875335 450.000000 11
745.875824 450.000000 11
746.876313 450.000000 11
748.877291 450.000000 11
756.881202 450.000000 11
759.882668 450.000000 11
763.884624 450.000000 11
765.885602 450.000000 11
769.887557 450.000000 11
772.889024 450.000000 11
777.891468 450.000000 11
794.899779 450.000000 11
795.900268 450.000000 11
796.900757 450.000000 11
797.901246 450.000000 11
798.901735 450.000000 11
801.903201 450.000000 11
802.903690 450.000000 11
809.907112 450.000000 11
814.909557 450.000000 11
815.910046 450.000000 11
821.912979 450.000000 11
822.913468 450.000000 11
825.914935 450.000000 11
832.918357 450.000000 11
834.919334 450.000000 11
836.920312 450.000000 11
841.922757 450.000000 11
851.927645 450.000000 11
853.928623 450.000000 11
876.939868 450.000000 11
877.940356 450.000000 11
878.940845 450.000000 11
882.942801 450.000000 11
883.943290 450.000000 11
885.944267 450.000000 11
891.947201 450.000000 11
899.951112 450.000000 11
908.955512 450.000000 11
909.956001 450.000000 11
910.956490 450.000000 11
915.958934 450.000000 11
921.961867 450.000000 11
925.963823 450.000000 11
929.965778 450.000000 11
930.966267 450.000000 11
931.966756 450.000000 11
940.971156 450.000000 11
942.972134 450.000000 11
944.973111 450.000000 11
958.979956 450.000000 11
963.982400 450.000000 11
966.983867 450.000000 11
968.984845 450.000000 11
972.986800 450.000000 11
975.988267 450.000000 11
978.989733 450.000000 11
983.992178 450.000000 11
991.996089 450.000000 11
1000.000000 450.000000 10
1000.000000 451.000000 10
1000.000000 452.000000 10
1000.000000 453.000000 10
1000.000000 455.000000 10
1000.000000 456.000000 10
1000.000000 458.000000 10
1000.000000 460.000000 10
1000.000000 461.000000 10
1000.000000 463.000000 10
1000.000000 466.000000 10
1000.000000 468.000000 10
1000.000000 470.000000 10
1000.000000 472.000000 10
1000.000000 474.000000 10
1000.000000 476.000000 10
1000.000000 479.000000 10
1000.000000 481.000000 10
1000.000000 482.000000 10
1000.000000 483.000000 10
1000.000000 487.000000 10
1000.000000 488.000000 10
1000.000000 489.000000 10
1000.000000 493.000000 10
1000.000000 494.000000 10
1000.000000 495.000000 10
1000.000000 497.000000 10
1000.000000 498.000000 10
1000.000000 499.000000 10
1000.000000 502.000000 10
1000.000000 503.000000 10
1000.000000 505.000000 10
1000.000000 508.000000 10
1000.000000 510.000000 10
1000.000000 511.000000 10
1000.000000 514.000000 10
1000.000000 515.000000 10
1000.000000 516.000000 10
1000.000000 518.000000 10
1000.000000 519.000000 10
1000.000000 522.000000 10
1000.000000 523.000000 10
1000.000000 524.000000 10
1000.000000 525.000000 10
1000.000000 526.000000 10
1000.000000 528.000000 10
1000.000000 529.000000 10
1000.000000 530.000000 10
1000.000000 531.000000 10
1000.000000 534.000000 10
1000.000000 536.000000 10
1000.000000 538.000000 10
1000.000000 539.000000 10
1000.000000 540.000000 10
1000.000000 542.000000 10
1000.000000 543.000000 10
1000.000000 544.000000 10
1000.000000 545.000000 10
1000.000000 546.000000 10
1000.000000 547.000000 10
1000.000000 548.000000 10
1000.000000 549.000000 10
1000.000000 550.000000 10
998.997355 550.000000 9
996.992065 550.000000 9
991.978841 550.000000 9
989.973551 550.000000 9
985.962972 550.000000 9
984.960327 550.000000 9
982.955037 550.000000 9
973.931234 550.000000 9
970.923299 550.000000 9
967.915365 550.000000 9
963.904785 550.000000 9
960.896851 550.000000 9
954.880981 550.000000 9
947.862467 550.000000 9
946.859823 550.000000 9
936.833374 550.000000 9
931.820150 550.000000 9
928.812215 550.000000 9
927.809570 550.000000 9
925.804281 550.000000 9
915.777832 550.000000 9
914.775187 550.000000 9
913.772542 550.000000 9
908.759318 550.000000 9
906.754028 550.000000 9
903.746094 550.000000 9
901.740804 550.000000 9
899.735514 550.000000 9
897.730225 550.000000 9
896.727580 550.000000 9
894.722290 550.000000 9
893.719645 550.000000 9
891.714355 550.000000 9
887.703776 550.000000 9
884.695841 550.000000 9
878.679972 550.000000 9
874.669393 550.000000 9
872.664103 550.000000 9
865.645589 550.000000 9
862.637655 550.000000 9
857.624430 550.000000 9
854.616496 550.000000 9
853.613851 550.000000 9
850.605916 550.000000 9
847.597982 550.000000 9
844.590047 550.000000 9
840.579468 550.000000 9
834.563599 550.000000 9
832.558309 550.000000 9
822.531860 550.000000 9
812.505412 550.000000 9
807.492188 550.000000 9
805.486898 550.000000 9
802.478963 550.000000 9
799.471029 550.000000 9
791.449870 550.000000 9
786.436646 550.000000 9
784.431356 550.000000 9
783.428711 550.000000 9
781.423421 550.000000 9
779.418132 550.000000 9
778.415487 550.000000 9
772.399618 550.000000 9
762.373169 550.000000 9
752.346720 550.000000 9
744.325562 550.000000 9
743.322917 550.000000 9
741.317627 550.000000 9
740.314982 550.000000 9
738.309692 550.000000 9
735.301758 550.000000 9
734.299113 550.000000 9
731.291178 550.000000 9
730.288534 550.000000 9
729.285889 550.000000 9
728.283244 550.000000 9
719.259440 550.000000 9
716.251506 550.000000 9
713.243571 550.000000 9
706.225057 550.000000 9
698.203898 550.000000 9
697.201253 550.000000 9
695.195964 550.000000 9
687.174805 550.000000 9
685.169515 550.000000 9
679.153646 550.000000 9
677.148356 550.000000 9
670.127805 548.259840 8
669.123124 546.519681 8
667.113760 543.039361 8
666.611419 542.169281 8
665.104397 539.559042 8
659.578647 529.988163 8
658.573966 528.248003 8
658.071625 527.377923 8
656.564602 524.767684 8
656.062261 523.897604 8
655.559921 523.027524 8
654.052898 520.417284 8
653.048216 518.677125 8
652.545875 517.807045 8
652.043535 516.936965 8
650.536512 514.326725 8
649.531830 512.586565 8
649.029489 511.716486 8
647.020126 508.236166 8
646.517785 507.366086 8
645.513103 505.625926 8
645.010763 504.755847 8
641.996717 499.535367 8
641.494377 498.665288 8
640.489695 496.925128 8
639.987354 496.055048 8
637.977991 492.574728 8
637.475650 491.704649 8
635.968627 489.094409 8
635.466286 488.224329 8
633.456923 484.744010 8
632.954582 483.873930 8
631.447560 481.263690 8
630.945219 480.393610 8
630.442878 479.523530 8
629.438196 477.783371 8
627.931174 475.173131 8
626.926492 473.432971 8
626.424151 472.562891 8
625.921810 471.692811 8
625.419469 470.822732 8
620.898402 462.992013 8
619.893720 461.251853 8
617.382016 456.901454 8
615.874993 454.291214 8
615.372652 453.421134 8
614.367971 451.680974 8
613.865630 450.810895 8
613.363289 449.940815 8
611.353925 446.460495 8
610.851585 445.590415 8
609.344562 442.980176 8
608.339880 441.240016 8
605.325835 436.019537 8
604.321153 434.279377 8
602.814131 431.669137 8
602.311790 430.799057 8
601.307108 429.058898 8
599.800086 426.448658 8
598.795404 424.708498 8
598.293063 423.838418 8
597.790722 422.968339 8
597.288382 422.098259 8
594.776677 417.747859 8
594.274336 416.877779 8
592.767314 414.267540 8
592.264973 413.397460 7
592.768127 412.525971 7
593.271282 411.654482 7
593.774436 410.782993 7
594.277591 409.911504 7
594.780745 409.040015 7
595.283900 408.168526 7
595.787054 407.297036 7
596.290209 406.425547 7
596.793363 405.554058 7
597.296518 404.682569 7
597.799672 403.811080 7
598.302826 402.939591 7
598.805981 402.068102 7
599.309135 401.196613 7
599.812290 400.325124 7
600.818599 398.582146 7
601.321753 397.710657 7
601.824908 396.839168 7
602.328062 395.967679 7
602.831216 395.096190 7
603.334371 394.224700 7
603.837525 393.353211 7
604.340680 392.481722 7
604.843834 391.610233 7
605.850143 389.867255 7
606.353298 388.995766 7
606.856452 388.124277 7
607.359607 387.252788 7
607.862761 386.381299 7
608.365915 385.509810 7
608.869070 384.638321 7
609.372224 383.766832 7
609.875379 382.895342 7
610.378533 382.023853 7
610.881688 381.152364 7
611.384842 380.280875 7
611.887997 379.409386 7
612.391151 378.537897 7
612.894306 377.666408 7
613.397460 376.794919 7
613.397460 376.794919 6
612.391151 376.794919 6
611.384842 376.794919 6
610.378533 376.794919 6
609.372224 376.794919 6
608.365916 376.794919 6
607.359607 376.794919 6
606.353298 376.794919 6
605.346989 376.794919 6
604.340680 376.794919 6
603.334371 376.794919 6
598.302827 376.794919 6
597.296518 376.794919 6
596.290209 376.794919 6
595.283900 376.794919 6
594.277591 376.794919 6
593.271282 376.794919 6
591.258665 376.794919 6
590.252356 376.794919 6
589.246047 376.794919 6
587.233429 376.794919 6
586.227120 376.794919 6
585.220811 376.794919 6
583.208194 376.794919 6
582.201885 376.794919 6
581.195576 376.794919 6
579.182958 376.794919 6
578.176649 376.794919 6
577.170340 376.794919 6
576.164031 376.794919 6
575.157723 376.794919 6
574.151414 376.794919 6
573.145105 376.794919 6
572.138796 376.794919 6
571.132487 376.794919 5
570.629333 375.923430 5
570.126178 375.051941 5
569.623024 374.180452 5
569.119869 373.308963 5
568.616715 372.437474 5
568.113560 371.565985 5
567.610406 370.694496 5
567.107251 369.823007 5
566.604097 368.951518 5
566.100942 368.080029 5
565.597788 367.208539 5
565.094634 366.337050 5
564.591479 365.465561 5
564.088325 364.594072 5
563.585170 363.722583 5
562.578861 361.979605 5
561.572552 360.236627 5
561.069398 359.365138 5
560.566243 358.493649 5
560.063089 357.622160 5
559.559935 356.750671 5
559.056780 355.879182 5
557.547317 353.264715 5
557.044162 352.393226 5
556.541008 351.521737 5
556.037853 350.650248 5
555.534699 349.778759 5
554.528390 348.035780 5
554.025236 347.164291 5
553.522081 346.292802 5
553.018927 345.421313 5
552.515772 344.549824 5
551.509463 342.806846 5
551.006309 341.935357 5
550.503154 341.063868 5
550.000000 340.192379 5
549.496846 341.063868 4
548.993691 341.935357 4
548.490537 342.806846 4
547.987382 343.678335 4
546.981073 345.421313 4
546.477919 346.292802 4
544.968455 348.907269 4
544.465301 349.778759 4
543.962147 350.650248 4
543.458992 351.521737 4
542.955838 352.393226 4
542.452683 353.264715 4
541.949529 354.136204 4
541.446374 355.007693 4
540.943220 355.879182 4
540.440065 356.750671 4
539.936911 357.622160 4
539.433757 358.493649 4
538.930602 359.365138 4
538.427448 360.236627 4
537.421139 361.979605 4
536.917984 362.851094 4
536.414830 363.722583 4
535.408521 365.465561 4
534.905366 366.337050 4
533.899058 368.080029 4
533.395903 368.951518 4
532.892749 369.823007 4
531.886440 371.565985 4
531.383285 372.437474 4
530.880131 373.308963 4
529.370667 375.923430 4
528.867513 376.794919 3
527.861204 376.794919 3
525.848586 376.794919 3
524.842277 376.794919 3
523.835969 376.794919 3
522.829660 376.794919 3
520.817042 376.794919 3
519.810733 376.794919 3
518.804424 376.794919 3
517.798115 376.794919 3
516.791806 376.794919 3
515.785498 376.794919 3
514.779189 376.794919 3
513.772880 376.794919 3
512.766571 376.794919 3
511.760262 376.794919 3
509.747644 376.794919 3
508.741335 376.794919 3
507.735027 376.794919 3
505.722409 376.794919 3
504.716100 376.794919 3
503.709791 376.794919 3
501.697173 376.794919 3
498.678247 376.794919 3
497.671938 376.794919 3
496.665629 376.794919 3
495.659320 376.794919 3
494.653011 376.794919 3
493.646702 376.794919 3
492.640393 376.794919 3
491.634084 376.794919 3
490.627776 376.794919 3
489.621467 376.794919 3
488.615158 376.794919 3
487.608849 376.794919 3
486.602540 376.794919 3
486.602540 376.794919 2
488.112003 379.409386 2
488.615158 380.280875 2
489.118312 381.152364 2
489.621467 382.023853 2
490.124621 382.895342 2
490.627776 383.766832 2
491.130930 384.638321 2
491.634085 385.509810 2
492.137239 386.381299 2
492.640393 387.252788 2
493.143548 388.124277 2
493.646702 388.995766 2
494.149857 389.867255 2
494.653011 390.738744 2
495.156166 391.610233 2
496.162475 393.353211 2
496.665629 394.224700 2
497.168784 395.096190 2
498.175092 396.839168 2
498.678247 397.710657 2
500.187710 400.325124 2
501.194019 402.068102 2
501.697174 402.939591 2
502.200328 403.811080 2
502.703482 404.682569 2
503.206637 405.554058 2
504.212946 407.297036 2
504.716100 408.168526 2
505.722409 409.911504 2
506.225564 410.782993 2
506.728718 411.654482 2
507.231873 412.525971 2
507.735027 413.397460 2
507.735027 413.397460 1
507.232686 414.267540 1
506.730345 415.137620 1
504.720982 418.617939 1
503.213959 421.228179 1
502.711618 422.098259 1
501.204596 424.708498 1
499.195232 428.188818 1
497.185869 431.669137 1
495.176506 435.149457 1
494.674165 436.019537 1
493.669483 437.759696 1
492.664801 439.499856 1
491.660120 441.240016 1
490.655438 442.980176 1
489.650756 444.720335 1
489.148415 445.590415 1
485.632029 451.680974 1
485.129689 452.551054 1
484.627348 453.421134 1
483.120325 456.031374 1
482.617984 456.901454 1
481.110962 459.511693 1
480.608621 460.381773 1
479.101598 462.992013 1
478.599257 463.862093 1
478.096917 464.732172 1
477.594576 465.602252 1
477.092235 466.472332 1
476.087553 468.212492 1
474.078190 471.692811 1
473.073508 473.432971 1
469.054781 480.393610 1
468.050100 482.133770 1
467.045418 483.873930 1
466.543077 484.744010 1
465.538395 486.484169 1
463.026691 490.834569 1
461.519668 493.444808 1
460.514987 495.184968 1
457.500942 500.405447 1
456.998601 501.275527 1
452.979874 508.236166 1
451.975192 509.976326 1
450.970511 511.716486 1
450.468170 512.586565 1
447.454125 517.807045 1
445.947102 520.417284 1
445.444761 521.287364 1
444.942420 522.157444 1
444.440079 523.027524 1
443.937739 523.897604 1
442.933057 525.637764 1
442.430716 526.507843 1
439.919012 530.858243 1
439.416671 531.728323 1
438.411989 533.468482 1
436.402626 536.948802 1
435.397944 538.688962 1
434.393262 540.429121 1
432.383899 543.909441 1
431.379217 545.649601 1
430.876876 546.519681 1
429.369854 549.129920 1
428.867513 550.000000 0
413.827840 550.000000 0
408.814616 550.000000 0
395.780233 550.000000 0
393.774943 550.000000 0
392.772298 550.000000 0
388.761719 550.000000 0
386.756429 550.000000 0
380.740560 550.000000 0
374.724691 550.000000 0
371.716756 550.000000 0
367.706177 550.000000 0
363.695597 550.000000 0
361.690308 550.000000 0
358.682373 550.000000 0
352.666504 550.000000 0
351.663859 550.000000 0
346.650635 550.000000 0
342.640055 550.000000 0
340.634766 550.000000 0
337.626831 550.000000 0
329.605672 550.000000 0
327.600382 550.000000 0
326.597738 550.000000 0
321.584513 550.000000 0
320.581868 550.000000 0
316.571289 550.000000 0
312.560710 550.000000 0
310.555420 550.000000 0
309.552775 550.000000 0
307.547485 550.000000 0
304.539551 550.000000 0
303.536906 550.000000 0
299.526326 550.000000 0
294.513102 550.000000 0
289.499878 550.000000 0
285.489298 550.000000 0
274.460205 550.000000 0
271.452270 550.000000 0
269.446981 550.000000 0
268.444336 550.000000 0
265.436401 550.000000 0
264.433756 550.000000 0
263.431112 550.000000 0
260.423177 550.000000 0
257.415243 550.000000 0
256.412598 550.000000 0
254.407308 550.000000 0
253.404663 550.000000 0
249.394084 550.000000 0
244.380859 550.000000 0
233.351766 550.000000 0
231.346476 550.000000 0
227.335897 550.000000 0
221.320028 550.000000 0
220.317383 550.000000 0
219.314738 550.000000 0
214.301514 550.000000 0
212.296224 550.000000 0
203.272420 550.000000 0
197.256551 550.000000 0
196.253906 550.000000 0
195.251261 550.000000 0
194.248617 550.000000 0
193.245972 550.000000 0
189.235392 550.000000 0
188.232747 550.000000 0
183.219523 550.000000 0
177.203654 550.000000 0
174.195719 550.000000 0
171.187785 550.000000 0
167.177205 550.000000 0
164.169271 550.000000 0
162.163981 550.000000 0
156.148112 550.000000 0
152.137533 550.000000 0
150.132243 550.000000 0
146.121663 550.000000 0
139.103149 550.000000 0
135.092570 550.000000 0
121.055542 550.000000 0
119.050252 550.000000 0
115.039673 550.000000 0
111.029093 550.000000 0
109.023804 550.000000 0
107.018514 550.000000 0
106.015869 550.000000 0
105.013224 550.000000 0
104.010579 550.000000 0
