1020
100.000000 450.000000 20
102.000978 450.000000 20
108.003911 450.000000 20
111.005378 450.000000 20
113.006355 450.000000 20
115.007333 450.000000 20
120.009778 450.000000 20
121.010267 450.000000 20
123.011244 450.000000 20
129.014178 450.000000 20
131.015155 450.000000 20
136.017600 450.000000 20
140.019555 450.000000 20
144.021511 450.000000 20
146.022489 450.000000 20
150.024444 450.000000 20
151.024933 450.000000 20
154.026400 450.000000 20
156.027377 450.000000 20
158.028355 450.000000 20
160.029333 450.000000 20
162.030311 450.000000 20
164.031288 450.000000 20
179.038622 450.000000 20
195.046444 450.000000 20
197.047422 450.000000 20
204.050844 450.000000 20
208.052799 450.000000 20
212.054755 450.000000 20
214.055733 450.000000 20
218.057688 450.000000 20
222.059644 450.000000 20
227.062088 450.000000 20
229.063066 450.000000 20
232.064532 450.000000 20
236.066488 450.000000 20
241.068932 450.000000 20
242.069421 450.000000 20
251.073821 450.000000 20
256.076266 450.000000 20
257.076754 450.000000 20
258.077243 450.000000 20
264.080177 450.000000 20
274.085065 450.000000 20
278.087021 450.000000 20
281.088488 450.000000 20
287.091421 450.000000 20
291.093376 450.000000 20
294.094843 450.000000 20
295.095332 450.000000 20
298.096799 450.000000 20
302.098754 450.000000 20
307.101199 450.000000 20
312.103643 450.000000 20
316.105598 450.000000 20
321.108043 450.000000 20
322.108532 450.000000 20
323.109021 450.000000 20
327.110976 450.000000 20
329.111954 450.000000 20
330.112443 450.000000 20
331.112932 450.000000 20
338.116354 450.000000 20
340.117332 450.000000 20
343.118798 450.000000 20
344.119287 450.000000 20
349.121732 450.000000 20
351.122709 450.000000 20
352.123198 450.000000 20
353.123687 450.000000 20
356.125154 450.000000 20
363.128576 450.000000 20
365.129554 450.000000 20
368.131020 450.000000 20
372.138796 448.257022 19
372.641950 447.385533 19
373.145105 446.514044 19
374.151414 444.771066 19
374.654568 443.899577 19
375.157722 443.028088 19
375.660877 442.156599 19
376.164031 441.285110 19
376.667186 440.413620 19
377.170340 439.542131 19
377.673495 438.670642 19
378.176649 437.799153 19
378.679803 436.927664 19
379.686112 435.184686 19
380.189267 434.313197 19
380.692421 433.441708 19
381.195576 432.570219 19
381.698730 431.698730 19
382.201884 430.827241 19
382.705039 429.955752 19
383.711348 428.212774 19
384.214502 427.341285 19
384.717657 426.469796 19
385.220811 425.598307 19
385.723965 424.726818 19
386.227120 423.855329 19
386.730274 422.983840 19
387.233429 422.112350 19
387.736583 421.240861 19
389.246046 418.626394 19
389.749201 417.754905 19
391.258664 415.140438 19
391.762632 412.527380 18
388.748587 407.306901 18
384.227519 399.476182 18
383.725179 398.606102 18
379.706452 391.645463 18
378.701770 389.905303 18
374.180703 382.074584 18
372.673680 379.464345 18
370.664317 375.984025 18
369.659635 374.243865 18
369.157294 373.373786 18
368.152612 371.633626 18
367.650271 370.763546 18
367.147931 369.893466 18
366.143249 368.153306 18
364.133886 364.672987 18
363.631545 363.802907 18
362.124522 361.192667 18
359.612818 356.842268 18
357.603455 353.361948 18
356.096432 350.751709 18
354.087069 347.271389 18
353.584728 346.401309 18
353.082387 345.531229 18
352.077705 343.791070 18
347.556638 335.960351 18
345.547274 332.480031 18
345.044933 331.609951 18
340.523866 323.779232 18
333.993435 312.468194 18
332.988753 310.728034 18
332.486412 309.857954 18
331.481730 308.117795 18
330.979390 307.247715 18
329.974708 305.507555 18
327.965345 302.027235 18
326.458322 299.416996 18
325.453640 297.676836 18
324.951299 296.806756 18
323.946618 295.066596 18
323.444277 294.196517 18
322.941936 293.326437 18
321.434914 290.716197 18
319.425550 287.235878 18
318.420868 285.495718 18
317.918528 284.625638 18
317.416187 283.755558 18
316.913846 282.885478 18
315.406823 280.275239 18
314.904483 279.405159 18
314.402142 278.535079 18
313.397460 276.794919 18
314.402142 276.794919 17
316.411505 276.794919 17
318.420869 276.794919 17
321.434914 276.794919 17
324.448959 276.794919 17
328.467686 276.794919 17
333.491094 276.794919 17
335.500457 276.794919 17
340.523866 276.794919 17
342.533229 276.794919 17
350.570683 276.794919 17
356.598773 276.794919 17
358.608137 276.794919 17
359.612818 276.794919 17
362.626863 276.794919 17
363.631545 276.794919 17
366.645590 276.794919 17
367.650272 276.794919 17
372.673680 276.794919 17
374.683044 276.794919 17
376.692407 276.794919 17
377.697089 276.794919 17
378.701771 276.794919 17
380.711134 276.794919 17
383.725179 276.794919 17
385.734542 276.794919 17
386.739224 276.794919 17
387.743906 276.794919 17
388.748588 276.794919 17
395.781359 276.794919 17
402.814131 276.794919 17
409.846903 276.794919 17
413.865630 276.794919 17
423.912447 276.794919 17
430.945219 276.794919 17
433.959264 276.794919 17
436.973309 276.794919 17
437.977991 276.794919 17
439.987354 276.794919 17
444.006081 276.794919 17
445.010763 276.794919 17
446.015444 276.794919 17
447.020126 276.794919 17
451.038853 276.794919 17
452.043535 276.794919 17
455.057580 276.794919 17
458.071625 276.794919 17
459.076307 276.794919 17
463.095033 276.794919 17
464.099715 276.794919 17
465.104397 276.794919 17
469.123124 276.794919 17
471.132487 276.794919 17
471.634828 275.924839 16
472.137169 275.054759 16
472.639510 274.184679 16
473.644191 272.444520 16
475.151214 269.834280 16
475.653555 268.964200 16
476.155895 268.094120 16
477.160577 266.353961 16
477.662918 265.483881 16
478.667600 263.743721 16
479.169941 262.873641 16
480.174622 261.133481 16
484.193349 254.172842 16
484.695690 253.302762 16
485.198031 252.432683 16
485.700372 251.562603 16
487.207394 248.952363 16
488.212076 247.212203 16
489.719098 244.601964 16
491.728462 241.121644 16
492.230803 240.251564 16
499.263574 228.070446 16
501.775279 223.720047 16
502.779960 221.979887 16
504.286983 219.369647 16
506.296346 215.889328 16
508.305710 212.409008 16
510.817414 208.058609 16
511.822096 206.318449 16
515.840822 199.357810 16
516.845504 197.617651 16
518.352527 195.007411 16
518.854867 194.137331 16
519.357208 193.267251 16
521.868913 188.916852 16
523.878276 185.436532 16
524.380617 184.566453 16
525.385298 182.826293 16
527.897003 178.475893 16
529.404025 175.865654 16
530.911048 173.255414 16
531.413389 172.385334 16
532.920411 169.775095 16
534.427434 167.164855 16
535.432115 165.424695 16
535.934456 164.554615 16
536.436797 163.684536 16
536.939138 162.814456 16
537.441479 161.944376 16
539.450842 158.464056 16
539.953183 157.593976 16
540.957865 155.853817 16
542.967228 152.373497 16
544.976592 148.893178 16
545.478932 148.023098 16
547.488296 144.542778 16
547.990637 143.672698 16
548.492977 142.802619 16
549.497659 141.062459 16
550.502341 141.062459 15
552.009363 143.672698 15
552.511704 144.542778 15
558.539794 154.983737 15
559.042135 155.853817 15
559.544476 156.723897 15
560.549158 158.464056 15
562.056180 161.074296 15
565.070225 166.294775 15
566.074907 168.034935 15
566.577248 168.905015 15
567.079589 169.775095 15
567.581930 170.645175 15
569.591293 174.125494 15
570.595975 175.865654 15
572.605338 179.345973 15
573.107679 180.216053 15
573.610020 181.086133 15
574.112361 181.956213 15
574.614702 182.826293 15
575.117042 183.696373 15
576.624065 186.306612 15
578.633428 189.786932 15
581.145133 194.137331 15
581.647473 195.007411 15
582.149814 195.877491 15
585.163859 201.097970 15
585.666200 201.968050 15
587.675564 205.448369 15
588.177904 206.318449 15
589.182586 208.058609 15
591.191949 211.538929 15
592.196631 213.279088 15
593.201313 215.019248 15
594.205995 216.759408 15
595.713017 219.369647 15
596.215358 220.239727 15
596.717699 221.109807 15
599.731744 226.330286 15
600.736426 228.070446 15
601.741107 229.810606 15
603.750471 233.290925 15
605.759834 236.771245 15
606.262175 237.641325 15
609.276220 242.861804 15
610.280902 244.601964 15
612.792606 248.952363 15
613.797288 250.692523 15
614.801969 252.432683 15
615.304310 253.302762 15
615.806651 254.172842 15
617.313674 256.783082 15
617.816014 257.653162 15
619.825378 261.133481 15
620.830059 262.873641 15
622.839423 266.353961 15
624.346445 268.964200 15
625.351127 270.704360 15
626.355809 272.444520 15
629.872195 276.794919 14
631.881558 276.794919 14
635.900285 276.794919 14
636.904967 276.794919 14
638.914330 276.794919 14
640.923693 276.794919 14
645.947102 276.794919 14
646.951784 276.794919 14
647.956465 276.794919 14
648.961147 276.794919 14
650.970510 276.794919 14
651.975192 276.794919 14
653.984556 276.794919 14
654.989237 276.794919 14
663.026691 276.794919 14
667.045418 276.794919 14
668.050099 276.794919 14
671.064144 276.794919 14
675.082871 276.794919 14
681.110961 276.794919 14
684.125007 276.794919 14
687.139052 276.794919 14
689.148415 276.794919 14
690.153097 276.794919 14
691.157778 276.794919 14
697.185869 276.794919 14
698.190550 276.794919 14
705.223322 276.794919 14
707.232686 276.794919 14
708.237367 276.794919 14
709.242049 276.794919 14
715.270139 276.794919 14
718.284184 276.794919 14
719.288866 276.794919 14
727.326320 276.794919 14
729.335683 276.794919 14
731.345046 276.794919 14
739.382500 276.794919 14
743.401227 276.794919 14
750.433999 276.794919 14
752.443362 276.794919 14
755.457407 276.794919 14
758.471452 276.794919 14
760.480816 276.794919 14
761.485497 276.794919 14
762.490179 276.794919 14
763.494861 276.794919 14
765.504224 276.794919 14
767.513588 276.794919 14
771.532314 276.794919 14
775.551041 276.794919 14
776.555723 276.794919 14
780.574450 276.794919 14
783.588495 276.794919 14
786.602540 276.794919 13
786.100199 277.664999 13
785.597858 278.535079 13
785.095517 279.405159 13
784.593177 280.275239 13
782.583813 283.755558 13
781.076791 286.365798 13
780.574450 287.235878 13
780.072109 288.105957 13
779.569768 288.976037 13
779.067427 289.846117 13
776.053382 295.066596 13
773.541678 299.416996 13
773.039337 300.287076 13
772.536996 301.157156 13
771.029974 303.767395 13
768.518270 308.117795 13
767.011247 310.728034 13
766.508906 311.598114 13
765.001884 314.208354 13
763.997202 315.948514 13
763.494861 316.818593 13
762.992520 317.688673 13
760.480816 322.039073 13
759.978475 322.909153 13
755.959748 329.869792 13
754.955067 331.609951 13
753.950385 333.350111 13
750.433999 339.440670 13
749.429317 341.180830 13
746.917613 345.531229 13
746.415272 346.401309 13
744.908250 349.011549 13
742.898886 352.491868 13
742.396545 353.361948 13
740.387182 356.842268 13
739.382500 358.582428 13
737.875478 361.192667 13
737.373137 362.062747 13
736.870796 362.932827 13
736.368455 363.802907 13
735.866114 364.672987 13
735.363774 365.543067 13
734.359092 367.283226 13
732.349729 370.763546 13
731.847388 371.633626 13
729.335683 375.984025 13
728.833343 376.854105 13
728.331002 377.724185 13
724.814616 383.814744 13
724.312275 384.684824 13
723.307593 386.424984 13
721.800571 389.035223 13
721.298230 389.905303 13
719.791207 392.515543 13
718.786526 394.255703 13
718.284185 395.125783 13
717.781844 395.995862 13
715.772481 399.476182 13
714.767799 401.216342 13
713.763117 402.956501 13
711.753754 406.436821 13
711.251413 407.306901 13
709.744390 409.917140 13
708.237368 412.527380 13
707.735027 413.397460 12
708.238181 414.268949 12
708.741336 415.140438 12
709.244490 416.011927 12
709.747645 416.883416 12
710.753954 418.626394 12
711.257108 419.497883 12
711.760262 420.369372 12
712.263417 421.240861 12
714.276035 424.726818 12
714.779189 425.598307 12
715.282343 426.469796 12
715.785498 427.341285 12
716.288652 428.212774 12
717.294961 429.955752 12
717.798116 430.827241 12
718.301270 431.698730 12
720.313888 435.184686 12
720.817042 436.056175 12
721.320197 436.927664 12
721.823351 437.799153 12
722.326505 438.670642 12
723.835969 441.285110 12
724.339123 442.156599 12
724.842278 443.028088 12
725.345432 443.899577 12
725.848586 444.771066 12
726.351741 445.642555 12
726.854895 446.514044 12
727.358050 447.385533 12
727.861204 448.257022 12
728.364359 449.128511 12
728.867513 450.000000 12
737.871913 450.000000 11
738.872402 450.000000 11
739.872891 450.000000 11
742.874357 450.000000 11
743.874846 450.000000 11
744.875335 450.000000 11
749.877780 450.000000 11
752.879246 450.000000 11
755.880713 450.000000 11
756.881202 450.000000 11
757.881691 450.000000 11
758.882179 450.000000 11
760.883157 450.000000 11
762.884135 450.000000 11
766.886091 450.000000 11
774.890002 450.000000 11
775.890490 450.000000 11
780.892935 450.000000 11
784.894890 450.000000 11
788.896846 450.000000 11
793.899290 450.000000 11
796.900757 450.000000 11
800.902712 450.000000 11
804.904668 450.000000 11
807.906135 450.000000 11
818.911512 450.000000 11
819.912001 450.000000 11
828.916401 450.000000 11
829.916890 450.000000 11
844.924223 450.000000 11
846.925201 450.000000 11
848.926179 450.000000 11
851.927645 450.000000 11
855.929601 450.000000 11
857.930579 450.000000 11
865.934490 450.000000 11
869.936445 450.000000 11
894.948667 450.000000 11
896.949645 450.000000 11
902.952578 450.000000 11
905.954045 450.000000 11
908.955512 450.000000 11
910.956490 450.000000 11
914.958445 450.000000 11
915.958934 450.000000 11
917.959912 450.000000 11
919.960889 450.000000 11
926.964312 450.000000 11
931.966756 450.000000 11
940.971156 450.000000 11
947.974578 450.000000 11
949.975556 450.000000 11
954.978000 450.000000 11
958.979956 450.000000 11
960.980934 450.000000 11
961.981422 450.000000 11
965.983378 450.000000 11
967.984356 450.000000 11
972.986800 450.000000 11
975.988267 450.000000 11
977.989245 450.000000 11
982.991689 450.000000 11
992.996578 450.000000 11
994.997556 450.000000 11
1000.000000 450.000000 11
1000.000000 450.000000 10
1000.000000 451.000000 10
1000.000000 452.000000 10
1000.000000 454.000000 10
1000.000000 456.000000 10
1000.000000 457.000000 10
1000.000000 460.000000 10
1000.000000 462.000000 10
1000.000000 464.000000 10
1000.000000 468.000000 10
1000.000000 472.000000 10
1000.000000 477.000000 10
1000.000000 478.000000 10
1000.000000 479.000000 10
1000.000000 481.000000 10
1000.000000 482.000000 10
1000.000000 485.000000 10
1000.000000 486.000000 10
1000.000000 488.000000 10
1000.000000 489.000000 10
1000.000000 491.000000 10
1000.000000 494.000000 10
1000.000000 495.000000 10
1000.000000 496.000000 10
1000.000000 498.000000 10
1000.000000 503.000000 10
1000.000000 504.000000 10
1000.000000 506.000000 10
1000.000000 509.000000 10
1000.000000 516.000000 10
1000.000000 517.000000 10
1000.000000 519.000000 10
1000.000000 520.000000 10
1000.000000 524.000000 10
1000.000000 527.000000 10
1000.000000 529.000000 10
1000.000000 531.000000 10
1000.000000 532.000000 10
1000.000000 536.000000 10
1000.000000 537.000000 10
1000.000000 539.000000 10
1000.000000 541.000000 10
1000.000000 542.000000 10
1000.000000 543.000000 10
1000.000000 544.000000 10
1000.000000 546.000000 10
1000.000000 548.000000 10
997.994710 550.000000 9
995.989421 550.000000 9
991.978841 550.000000 9
984.960327 550.000000 9
980.949748 550.000000 9
952.875692 550.000000 9
946.859823 550.000000 9
943.851888 550.000000 9
942.849243 550.000000 9
934.828084 550.000000 9
919.788411 550.000000 9
910.764608 550.000000 9
907.756673 550.000000 9
905.751383 550.000000 9
904.748739 550.000000 9
902.743449 550.000000 9
894.722290 550.000000 9
893.719645 550.000000 9
884.695841 550.000000 9
880.685262 550.000000 9
873.666748 550.000000 9
865.645589 550.000000 9
857.624430 550.000000 9
854.616496 550.000000 9
843.587402 550.000000 9
839.576823 550.000000 9
836.568888 550.000000 9
820.526571 550.000000 9
812.505412 550.000000 9
809.497477 550.000000 9
808.494832 550.000000 9
807.492188 550.000000 9
802.478963 550.000000 9
798.468384 550.000000 9
784.431356 550.000000 9
778.415487 550.000000 9
777.412842 550.000000 9
775.407552 550.000000 9
774.404907 550.000000 9
763.375814 550.000000 9
761.370524 550.000000 9
753.349365 550.000000 9
729.285889 550.000000 9
727.280599 550.000000 9
726.277954 550.000000 9
723.270020 550.000000 9
719.259440 550.000000 9
711.238281 550.000000 9
698.203898 550.000000 9
695.195964 550.000000 9
685.169515 550.000000 9
678.151001 550.000000 9
670.630146 549.129920 8
668.620783 545.649601 8
667.113760 543.039361 8
666.611419 542.169281 8
665.606738 540.429121 8
664.602056 538.688962 8
663.095033 536.078722 8
662.592692 535.208642 8
662.090352 534.338562 8
661.588011 533.468482 8
659.578647 529.988163 8
657.569284 526.507843 8
654.555239 521.287364 8
653.048216 518.677125 8
652.545875 517.807045 8
650.536512 514.326725 8
649.531830 512.586565 8
646.015444 506.496006 8
645.513103 505.625926 8
643.503740 502.145607 8
643.001399 501.275527 8
639.987354 496.055048 8
639.485013 495.184968 8
638.982672 494.314888 8
638.480332 493.444808 8
637.475650 491.704649 8
629.940537 478.653450 8
629.438196 477.783371 8
627.931174 475.173131 8
626.926492 473.432971 8
623.912447 468.212492 8
621.903083 464.732172 8
621.400743 463.862093 8
618.386697 458.641613 8
616.377334 455.161294 8
615.372652 453.421134 8
613.865630 450.810895 8
612.860948 449.070735 8
612.358607 448.200655 8
611.353925 446.460495 8
610.851585 445.590415 8
607.837539 440.369936 8
607.335199 439.499856 8
606.832858 438.629776 8
606.330517 437.759696 8
605.325835 436.019537 8
602.311790 430.799057 8
601.809449 429.928978 8
600.804768 428.188818 8
598.795404 424.708498 8
598.293063 423.838418 8
596.786041 421.228179 8
596.283700 420.358099 8
595.781359 419.488019 8
595.279018 418.617939 8
594.776677 417.747859 8
594.274336 416.877779 8
592.264973 413.397460 8
592.264973 413.397460 7
592.768127 412.525971 7
594.780745 409.040015 7
595.283900 408.168526 7
595.787054 407.297036 7
596.290209 406.425547 7
596.793363 405.554058 7
597.799672 403.811080 7
598.302826 402.939591 7
599.309135 401.196613 7
599.812290 400.325124 7
600.818599 398.582146 7
601.321753 397.710657 7
601.824908 396.839168 7
602.831216 395.096190 7
603.334371 394.224700 7
603.837525 393.353211 7
604.340680 392.481722 7
604.843834 391.610233 7
605.346989 390.738744 7
606.353298 388.995766 7
606.856452 388.124277 7
607.359607 387.252788 7
607.862761 386.381299 7
608.365915 385.509810 7
609.372224 383.766832 7
609.875379 382.895342 7
610.881688 381.152364 7
611.384842 380.280875 7
611.887997 379.409386 7
612.391151 378.537897 7
613.397460 376.794919 6
612.391151 376.794919 6
611.384842 376.794919 6
610.378533 376.794919 6
609.372224 376.794919 6
608.365916 376.794919 6
607.359607 376.794919 6
605.346989 376.794919 6
604.340680 376.794919 6
602.328062 376.794919 6
601.321753 376.794919 6
600.315445 376.794919 6
599.309136 376.794919 6
598.302827 376.794919 6
597.296518 376.794919 6
596.290209 376.794919 6
594.277591 376.794919 6
593.271282 376.794919 6
592.264973 376.794919 6
591.258665 376.794919 6
590.252356 376.794919 6
589.246047 376.794919 6
588.239738 376.794919 6
586.227120 376.794919 6
585.220811 376.794919 6
584.214502 376.794919 6
581.195576 376.794919 6
579.182958 376.794919 6
577.170340 376.794919 6
576.164031 376.794919 6
575.157723 376.794919 6
573.145105 376.794919 6
572.138796 376.794919 6
571.132487 376.794919 6
570.629333 375.923430 5
570.126178 375.051941 5
569.623024 374.180452 5
569.119869 373.308963 5
568.616715 372.437474 5
568.113560 371.565985 5
567.610406 370.694496 5
567.107251 369.823007 5
566.604097 368.951518 5
566.100942 368.080029 5
565.597788 367.208539 5
564.591479 365.465561 5
564.088325 364.594072 5
563.585170 363.722583 5
563.082016 362.851094 5
562.578861 361.979605 5
561.572552 360.236627 5
561.069398 359.365138 5
560.566243 358.493649 5
560.063089 357.622160 5
559.559935 356.750671 5
559.056780 355.879182 5
558.050471 354.136204 5
557.547317 353.264715 5
557.044162 352.393226 5
556.541008 351.521737 5
556.037853 350.650248 5
555.031545 348.907269 5
554.528390 348.035780 5
554.025236 347.164291 5
553.522081 346.292802 5
552.515772 344.549824 5
552.012618 343.678335 5
551.509463 342.806846 5
550.000000 340.192379 5
550.000000 340.192379 4
549.496846 341.063868 4
548.993691 341.935357 4
547.987382 343.678335 4
547.484228 344.549824 4
546.981073 345.421313 4
545.974764 347.164291 4
545.471610 348.035780 4
544.465301 349.778759 4
543.962147 350.650248 4
543.458992 351.521737 4
542.955838 352.393226 4
541.446374 355.007693 4
540.943220 355.879182 4
540.440065 356.750671 4
539.936911 357.622160 4
538.930602 359.365138 4
538.427448 360.236627 4
537.924293 361.108116 4
537.421139 361.979605 4
536.414830 363.722583 4
535.911675 364.594072 4
535.408521 365.465561 4
534.905366 366.337050 4
533.899058 368.080029 4
533.395903 368.951518 4
532.892749 369.823007 4
532.389594 370.694496 4
531.886440 371.565985 4
531.383285 372.437474 4
530.880131 373.308963 4
530.376976 374.180452 4
529.873822 375.051941 4
529.370667 375.923430 4
528.867513 376.794919 4
526.854895 376.794919 3
525.848586 376.794919 3
524.842277 376.794919 3
523.835969 376.794919 3
522.829660 376.794919 3
520.817042 376.794919 3
519.810733 376.794919 3
518.804424 376.794919 3
517.798115 376.794919 3
516.791806 376.794919 3
515.785498 376.794919 3
514.779189 376.794919 3
513.772880 376.794919 3
512.766571 376.794919 3
511.760262 376.794919 3
510.753953 376.794919 3
508.741335 376.794919 3
507.735027 376.794919 3
506.728718 376.794919 3
504.716100 376.794919 3
503.709791 376.794919 3
502.703482 376.794919 3
501.697173 376.794919 3
500.690864 376.794919 3
499.684555 376.794919 3
498.678247 376.794919 3
497.671938 376.794919 3
495.659320 376.794919 3
494.653011 376.794919 3
493.646702 376.794919 3
492.640393 376.794919 3
491.634084 376.794919 3
490.627776 376.794919 3
489.621467 376.794919 3
488.615158 376.794919 3
487.608849 376.794919 3
486.602540 376.794919 3
486.602540 376.794919 2
487.105694 377.666408 2
487.608849 378.537897 2
488.112003 379.409386 2
488.615158 380.280875 2
489.118312 381.152364 2
489.621467 382.023853 2
490.627776 383.766832 2
491.130930 384.638321 2
491.634085 385.509810 2
492.137239 386.381299 2
492.640393 387.252788 2
493.143548 388.124277 2
493.646702 388.995766 2
494.149857 389.867255 2
494.653011 390.738744 2
495.156166 391.610233 2
495.659320 392.481722 2
496.162475 393.353211 2
496.665629 394.224700 2
497.671938 395.967679 2
498.175092 396.839168 2
498.678247 397.710657 2
499.684556 399.453635 2
500.187710 400.325124 2
500.690865 401.196613 2
501.194019 402.068102 2
501.697174 402.939591 2
502.200328 403.811080 2
503.206637 405.554058 2
503.709791 406.425547 2
504.212946 407.297036 2
504.716100 408.168526 2
505.219255 409.040015 2
505.722409 409.911504 2
507.735027 413.397460 2
506.730345 415.137620 1
503.213959 421.228179 1
502.209278 422.968339 1
501.204596 424.708498 1
500.199914 426.448658 1
499.697573 427.318738 1
496.683528 432.539217 1
496.181187 433.409297 1
495.176506 435.149457 1
494.674165 436.019537 1
493.669483 437.759696 1
492.664801 439.499856 1
490.655438 442.980176 1
490.153097 443.850256 1
489.650756 444.720335 1
489.148415 445.590415 1
486.636711 449.940815 1
486.134370 450.810895 1
485.632029 451.680974 1
484.627348 453.421134 1
484.125007 454.291214 1
483.622666 455.161294 1
483.120325 456.031374 1
482.115643 457.771534 1
481.613303 458.641613 1
479.101598 462.992013 1
478.599257 463.862093 1
478.096917 464.732172 1
477.092235 466.472332 1
476.087553 468.212492 1
475.585212 469.082572 1
475.082872 469.952652 1
474.078190 471.692811 1
467.547759 483.003850 1
465.538395 486.484169 1
465.036054 487.354249 1
462.022009 492.574728 1
461.519668 493.444808 1
459.510305 496.925128 1
458.003283 499.535367 1
456.496260 502.145607 1
452.979874 508.236166 1
451.975192 509.976326 1
451.472851 510.846406 1
450.468170 512.586565 1
449.965829 513.456645 1
449.463488 514.326725 1
448.961147 515.196805 1
447.956465 516.936965 1
445.444761 521.287364 1
444.942420 522.157444 1
444.440079 523.027524 1
443.435398 524.767684 1
441.426034 528.248003 1
437.407308 535.208642 1
435.397944 538.688962 1
434.895603 539.559042 1
433.890922 541.299201 1
432.886240 543.039361 1
431.379217 545.649601 1
429.369854 549.129920 1
428.867513 550.000000 1
407.811971 550.000000 0
404.804036 550.000000 0
396.782878 550.000000 0
394.777588 550.000000 0
392.772298 550.000000 0
389.764364 550.000000 0
374.724691 550.000000 0
373.722046 550.000000 0
358.682373 550.000000 0
357.679728 550.000000 0
350.661214 550.000000 0
337.626831 550.000000 0
327.600382 550.000000 0
324.592448 550.000000 0
321.584513 550.000000 0
317.573934 550.000000 0
291.505168 550.000000 0
284.486654 550.000000 0
259.420532 550.000000 0
258.417887 550.000000 0
256.412598 550.000000 0
255.409953 550.000000 0
254.407308 550.000000 0
249.394084 550.000000 0
239.367635 550.000000 0
236.359701 550.000000 0
234.354411 550.000000 0
230.343831 550.000000 0
227.335897 550.000000 0
226.333252 550.000000 0
216.306803 550.000000 0
206.280355 550.000000 0
203.272420 550.000000 0
198.259196 550.000000 0
178.206299 550.000000 0
172.190430 550.000000 0
170.185140 550.000000 0
164.169271 550.000000 0
161.161336 550.000000 0
147.124308 550.000000 0
128.074056 550.000000 0
120.052897 550.000000 0
118.047607 550.000000 0
111.029093 550.000000 0
107.018514 550.000000 0
106.015869 550.000000 0
103.007935 550.000000 0
