820
101.001866 450.000000 32
103.005598 450.000000 32
104.007464 450.000000 32
109.016794 450.000000 32
114.026124 450.000000 32
115.027990 450.000000 32
121.039186 450.000000 32
127.050382 450.000000 32
129.054114 450.000000 32
131.057846 450.000000 32
132.059712 450.000000 32
134.063444 450.000000 32
147.087703 450.000000 32
150.093301 450.000000 32
153.098899 450.000000 32
156.104497 450.000000 32
158.108229 450.000000 32
159.110095 450.000000 32
160.111961 450.000000 32
162.115693 450.000000 32
163.117559 450.000000 32
165.121291 450.000000 32
167.125023 450.000000 32
184.193349 427.377923 31
186.705053 423.027524 31
190.221439 416.936965 31
193.235484 411.716486 31
196.751870 405.625926 31
197.254211 404.755847 31
198.761234 402.145607 31
208.808051 384.744010 31
210.315073 382.133770 31
214.333800 375.173131 31
218.352527 368.212492 31
220.361890 364.732172 31
224.882958 356.901454 31
227.897003 351.680974 31
242.464887 326.448658 31
248.492977 316.007700 31
248.995318 315.137620 31
251.507023 316.007700 30
257.535113 326.448658 30
264.065544 337.759696 30
280.642792 366.472332 30
282.652155 369.952652 30
285.163859 374.303051 30
288.680245 380.393610 30
291.191949 384.744010 30
295.210676 391.704649 30
297.722380 396.055048 30
298.727062 397.795208 30
300.234085 400.405447 30
303.248130 405.625926 30
304.252811 407.366086 30
304.755152 408.236166 30
306.262175 410.846406 30
308.271538 414.326725 30
313.294947 423.027524 30
313.797288 423.897604 30
318.820696 432.598403 30
320.327719 435.208642 30
321.332400 436.948802 30
324.346445 442.169281 30
328.867513 450.000000 29
331.886440 450.000000 29
332.892749 450.000000 29
333.899058 450.000000 29
335.911675 450.000000 29
336.917984 450.000000 29
337.924293 450.000000 29
338.930602 450.000000 29
340.943220 450.000000 29
350.000000 450.000000 29
358.050471 450.000000 29
359.056780 450.000000 29
363.082016 450.000000 29
364.088325 450.000000 29
366.100942 450.000000 29
368.113560 450.000000 29
372.641950 447.385533 28
373.648259 445.642555 28
374.151414 444.771066 28
374.654568 443.899577 28
376.667186 440.413620 28
377.170340 439.542131 28
377.673495 438.670642 28
379.182958 436.056175 28
381.698730 431.698730 28
382.201884 430.827241 28
382.705039 429.955752 28
384.214502 427.341285 28
385.220811 425.598307 28
385.723965 424.726818 28
386.227120 423.855329 28
386.730274 422.983840 28
388.239738 420.369372 28
388.742892 419.497883 28
389.246046 418.626394 28
391.761819 414.268949 28
392.264973 413.397460 28
391.260291 411.657300 27
389.753269 409.047061 27
389.250928 408.176981 27
384.227519 399.476182 27
381.715815 395.125783 27
377.697088 388.165144 27
376.692407 386.424984 27
373.678362 381.204504 27
368.654953 372.503706 27
368.152612 371.633626 27
367.650271 370.763546 27
366.645590 369.023386 27
365.640908 367.283226 27
365.138567 366.413147 27
363.631545 363.802907 27
363.129204 362.932827 27
355.594091 349.881629 27
355.091750 349.011549 27
353.584728 346.401309 27
352.580046 344.661150 27
347.556638 335.960351 27
345.044933 331.609951 27
342.533229 327.259552 27
341.026207 324.649312 27
339.016843 321.168993 27
338.012162 319.428833 27
337.509821 318.558753 27
336.505139 316.818593 27
334.998116 314.208354 27
333.993435 312.468194 27
322.439595 292.456357 27
317.918528 284.625638 27
315.406823 280.275239 27
313.397460 276.794919 27
316.411505 276.794919 26
325.453640 276.794919 26
328.467686 276.794919 26
330.477049 276.794919 26
332.486412 276.794919 26
337.509821 276.794919 26
341.528548 276.794919 26
352.580046 276.794919 26
353.584728 276.794919 26
358.608137 276.794919 26
366.645590 276.794919 26
370.664317 276.794919 26
373.678362 276.794919 26
376.692407 276.794919 26
377.697089 276.794919 26
384.729861 276.794919 26
394.776678 276.794919 26
404.823495 276.794919 26
409.846903 276.794919 26
413.865630 276.794919 26
426.926492 276.794919 26
429.940537 276.794919 26
432.954582 276.794919 26
448.024808 276.794919 26
453.048216 276.794919 26
455.057580 276.794919 26
474.648873 270.704360 25
476.155895 268.094120 25
481.179304 259.393322 25
485.198031 252.432683 25
489.719098 244.601964 25
491.226121 241.991724 25
491.728462 241.121644 25
494.742507 235.901165 25
495.747189 234.161005 25
496.249529 233.290925 25
498.258893 229.810606 25
498.761234 228.940526 25
500.770597 225.460207 25
503.282301 221.109807 25
510.817414 208.058609 25
511.822096 206.318449 25
515.338482 200.227890 25
518.854867 194.137331 25
519.357208 193.267251 25
525.887639 181.956213 25
526.892321 180.216053 25
528.901684 176.735734 25
529.404025 175.865654 25
535.934456 164.554615 25
536.436797 163.684536 25
538.948501 159.334136 25
539.953183 157.593976 25
540.957865 155.853817 25
541.460206 154.983737 25
542.967228 152.373497 25
547.990637 143.672698 25
549.497659 141.062459 25
551.004682 141.932539 24
554.521068 148.023098 24
560.549158 158.464056 24
561.051499 159.334136 24
563.563203 163.684536 24
565.572566 167.164855 24
566.074907 168.034935 24
568.586611 172.385334 24
570.093634 174.995574 24
574.614702 182.826293 24
578.131087 188.916852 24
581.647473 195.007411 24
582.149814 195.877491 24
586.168541 202.838130 24
586.670882 203.708210 24
587.173223 204.578290 24
591.191949 211.538929 24
592.196631 213.279088 24
596.215358 220.239727 24
597.722380 222.849967 24
601.238766 228.940526 24
605.257493 235.901165 24
608.773879 241.991724 24
611.787924 247.212203 24
612.792606 248.952363 24
613.294947 249.822443 24
619.323037 260.263401 24
621.834741 264.613801 24
622.337082 265.483881 24
625.351127 270.704360 24
626.858150 273.314600 24
631.881558 276.794919 23
633.890922 276.794919 23
635.900285 276.794919 23
643.937739 276.794919 23
646.951784 276.794919 23
649.965829 276.794919 23
651.975192 276.794919 23
656.998601 276.794919 23
661.017327 276.794919 23
662.022009 276.794919 23
667.045418 276.794919 23
673.073508 276.794919 23
676.087553 276.794919 23
679.101598 276.794919 23
692.162460 276.794919 23
696.181187 276.794919 23
704.218641 276.794919 23
731.345046 276.794919 23
732.349728 276.794919 23
735.363773 276.794919 23
736.368455 276.794919 23
738.377818 276.794919 23
745.410590 276.794919 23
747.419954 276.794919 23
758.471452 276.794919 23
761.485497 276.794919 23
784.593177 276.794919 23
785.095517 279.405159 22
784.090836 281.145318 22
780.574450 287.235878 22
779.569768 288.976037 22
778.565086 290.716197 22
778.062746 291.586277 22
777.560405 292.456357 22
775.048701 296.806756 22
772.536996 301.157156 22
769.522951 306.377635 22
768.518270 308.117795 22
768.015929 308.987875 22
764.499543 315.078434 22
761.485498 320.298913 22
758.471453 325.519392 22
757.969112 326.389472 22
753.950385 333.350111 22
752.945703 335.090271 22
752.443362 335.960351 22
748.926976 342.050910 22
747.922295 343.791070 22
742.898886 352.491868 22
734.359092 367.283226 22
729.838024 375.113945 22
727.326320 379.464345 22
723.307593 386.424984 22
721.298230 389.905303 22
720.293548 391.645463 22
718.284185 395.125783 22
716.777162 397.736022 22
715.270140 400.346262 22
712.758435 404.696661 22
709.242050 410.787220 22
708.741336 415.140438 21
709.747645 416.883416 21
711.760262 420.369372 21
716.288652 428.212774 21
716.791807 429.084263 21
718.804424 432.570219 21
719.810733 434.313197 21
720.313888 435.184686 21
720.817042 436.056175 21
721.823351 437.799153 21
722.829660 439.542131 21
723.835969 441.285110 21
724.842278 443.028088 21
725.345432 443.899577 21
725.848586 444.771066 21
726.351741 445.642555 21
728.364359 449.128511 21
729.873822 450.000000 20
731.886440 450.000000 20
734.905366 450.000000 20
735.911675 450.000000 20
736.917984 450.000000 20
737.924293 450.000000 20
738.930602 450.000000 20
742.955838 450.000000 20
744.968455 450.000000 20
745.974764 450.000000 20
746.981073 450.000000 20
750.000000 450.000000 20
751.006309 450.000000 20
755.031545 450.000000 20
756.037853 450.000000 20
757.044162 450.000000 20
758.050471 450.000000 20
759.056780 450.000000 20
761.069398 450.000000 20
763.082016 450.000000 20
764.088325 450.000000 20
765.094634 450.000000 20
767.107251 450.000000 20
769.119869 450.000000 20
771.634828 449.129920 19
774.146532 444.779521 19
777.160577 439.559042 19
777.662918 438.688962 19
782.686326 429.988163 19
786.202712 423.897604 19
789.719098 417.807045 19
790.723780 416.066885 19
791.226121 415.196805 19
791.728462 414.326725 19
793.235484 411.716486 19
794.240166 409.976326 19
797.756552 403.885767 19
800.268256 399.535367 19
801.272938 397.795208 19
806.296346 389.094409 19
809.310391 383.873930 19
809.812732 383.003850 19
815.338482 373.432971 19
816.343163 371.692811 19
816.845504 370.822732 19
817.347845 369.952652 19
819.357208 366.472332 19
826.892321 353.421134 19
827.897003 351.680974 19
831.915730 344.720335 19
832.418070 343.850256 19
833.422752 342.110096 19
838.948501 332.539217 19
841.460206 328.188818 19
843.469569 324.708498 19
844.976592 322.098259 19
845.478932 321.228179 19
846.483614 319.488019 19
852.511704 317.747859 18
855.023408 322.098259 18
858.539794 328.188818 18
861.051499 332.539217 18
865.572566 340.369936 18
867.581930 343.850256 18
875.117042 356.901454 18
876.121724 358.641613 18
878.131087 362.121933 18
881.647473 368.212492 18
888.680245 380.393610 18
889.182586 381.263690 18
891.191949 384.744010 18
891.694290 385.614089 18
893.703654 389.094409 18
894.205995 389.964489 18
894.708335 390.834569 18
907.266857 412.586565 18
908.271538 414.326725 18
908.773879 415.196805 18
910.783243 418.677125 18
913.294947 423.027524 18
913.797288 423.897604 18
914.801969 425.637764 18
920.830059 436.078722 18
928.867513 450.000000 17
934.878709 450.000000 17
936.882441 450.000000 17
939.888039 450.000000 17
945.899235 450.000000 17
947.902967 450.000000 17
948.904833 450.000000 17
951.910431 450.000000 17
955.917895 450.000000 17
962.930957 450.000000 17
966.938422 450.000000 17
969.944020 450.000000 17
970.945886 450.000000 17
971.947752 450.000000 17
972.949618 450.000000 17
974.953350 450.000000 17
975.955216 450.000000 17
976.957082 450.000000 17
978.960814 450.000000 17
980.964546 450.000000 17
981.966412 450.000000 17
983.970144 450.000000 17
986.975742 450.000000 17
992.986938 450.000000 17
993.988804 450.000000 17
996.994402 450.000000 17
998.998134 450.000000 17
1000.000000 450.000000 17
1000.000000 453.000000 16
1000.000000 457.000000 16
1000.000000 463.000000 16
1000.000000 464.000000 16
1000.000000 467.000000 16
1000.000000 470.000000 16
1000.000000 471.000000 16
1000.000000 474.000000 16
1000.000000 476.000000 16
1000.000000 480.000000 16
1000.000000 483.000000 16
1000.000000 484.000000 16
1000.000000 485.000000 16
1000.000000 486.000000 16
1000.000000 491.000000 16
1000.000000 497.000000 16
1000.000000 500.000000 16
1000.000000 508.000000 16
1000.000000 511.000000 16
1000.000000 524.000000 16
1000.000000 528.000000 16
1000.000000 533.000000 16
1000.000000 537.000000 16
996.979668 550.000000 15
986.911893 550.000000 15
982.884783 550.000000 15
981.878006 550.000000 15
977.850896 550.000000 15
971.810232 550.000000 15
950.667905 550.000000 15
949.661128 550.000000 15
946.640795 550.000000 15
941.606908 550.000000 15
940.600131 550.000000 15
935.566243 550.000000 15
934.559466 550.000000 15
930.532356 550.000000 15
928.518801 550.000000 15
919.457804 550.000000 15
918.451027 550.000000 15
910.396807 550.000000 15
909.390030 550.000000 15
905.362920 550.000000 15
888.247704 550.000000 15
880.193484 550.000000 15
869.119869 546.514044 14
868.113560 544.771066 14
866.100942 541.285110 14
865.597788 540.413620 14
864.591479 538.670642 14
861.572552 533.441708 14
857.547317 526.469796 14
857.044162 525.598307 14
856.037853 523.855329 14
855.534699 522.983840 14
854.528390 521.240861 14
852.012618 516.883416 14
850.503154 514.268949 14
849.496846 514.268949 13
848.993691 515.140438 13
847.987382 516.883416 13
846.981073 518.626394 13
845.471610 521.240861 13
844.465301 522.983840 13
843.962147 523.855329 13
842.955838 525.598307 13
842.452683 526.469796 13
841.949529 527.341285 13
841.446374 528.212774 13
840.440065 529.955752 13
839.936911 530.827241 13
837.924293 534.313197 13
837.421139 535.184686 13
836.917984 536.056175 13
836.414830 536.927664 13
834.905366 539.542131 13
834.402212 540.413620 13
833.395903 542.156599 13
832.892749 543.028088 13
832.389594 543.899577 13
831.886440 544.771066 13
831.383285 545.642555 13
830.880131 546.514044 13
830.376976 547.385533 13
829.873822 548.257022 13
829.370667 549.128511 13
828.867513 550.000000 13
824.848786 550.000000 12
823.844105 550.000000 12
819.825378 550.000000 12
818.820696 550.000000 12
809.778561 550.000000 12
808.773879 550.000000 12
806.764516 550.000000 12
805.759834 550.000000 12
797.722380 550.000000 12
796.717699 550.000000 12
793.703654 550.000000 12
792.698972 550.000000 12
791.694290 550.000000 12
784.661518 550.000000 12
777.628747 550.000000 12
773.610020 550.000000 12
768.586611 550.000000 12
765.572566 550.000000 12
763.563203 550.000000 12
757.535113 550.000000 12
755.525749 550.000000 12
747.488296 550.000000 12
745.478932 550.000000 12
744.474251 550.000000 12
743.469569 550.000000 12
740.455524 550.000000 12
735.432115 550.000000 12
719.357208 550.000000 12
715.338482 550.000000 12
712.324436 550.000000 12
691.226121 550.000000 12
686.202712 550.000000 12
684.193349 550.000000 12
679.169941 550.000000 12
678.165259 550.000000 12
669.625464 547.389760 11
668.620783 545.649601 11
667.113760 543.039361 11
664.602056 538.688962 11
663.095033 536.078722 11
650.034171 513.456645 11
645.513103 505.625926 11
641.996717 499.535367 11
640.489695 496.925128 11
639.485013 495.184968 11
636.973309 490.834569 11
634.461605 486.484169 11
633.456923 484.744010 11
628.433514 476.043211 11
622.907765 466.472332 11
621.400743 463.862093 11
618.889038 459.511693 11
616.879675 456.031374 11
616.377334 455.161294 11
613.865630 450.810895 11
610.851585 445.590415 11
607.335199 439.499856 11
602.814131 431.669137 11
599.800086 426.448658 11
592.264973 413.397460 10
594.277591 409.911504 10
594.780745 409.040015 10
595.283900 408.168526 10
595.787054 407.297036 10
596.290209 406.425547 10
596.793363 405.554058 10
597.799672 403.811080 10
598.805981 402.068102 10
599.309135 401.196613 10
600.315444 399.453635 10
600.818599 398.582146 10
601.321753 397.710657 10
602.831216 395.096190 10
603.334371 394.224700 10
603.837525 393.353211 10
604.340680 392.481722 10
604.843834 391.610233 10
605.346989 390.738744 10
605.850143 389.867255 10
606.353298 388.995766 10
607.359607 387.252788 10
607.862761 386.381299 10
608.869070 384.638321 10
609.372224 383.766832 10
609.875379 382.895342 10
610.378533 382.023853 10
612.391151 378.537897 10
613.397460 376.794919 10
611.384842 376.794919 9
609.372224 376.794919 9
607.359607 376.794919 9
606.353298 376.794919 9
604.340680 376.794919 9
603.334371 376.794919 9
601.321753 376.794919 9
596.290209 376.794919 9
593.271282 376.794919 9
592.264973 376.794919 9
581.195576 376.794919 9
576.164031 376.794919 9
575.157723 376.794919 9
573.145105 376.794919 9
572.138796 376.794919 9
571.132487 376.794919 9
570.629333 375.923430 8
570.126178 375.051941 8
567.107251 369.823007 8
566.100942 368.080029 8
564.591479 365.465561 8
563.585170 363.722583 8
562.075707 361.108116 8
561.572552 360.236627 8
561.069398 359.365138 8
560.566243 358.493649 8
560.063089 357.622160 8
559.056780 355.879182 8
558.553626 355.007693 8
558.050471 354.136204 8
556.037853 350.650248 8
551.509463 342.806846 8
549.496846 341.063868 7
547.484228 344.549824 7
545.974764 347.164291 7
543.962147 350.650248 7
543.458992 351.521737 7
541.949529 354.136204 7
541.446374 355.007693 7
539.433757 358.493649 7
538.930602 359.365138 7
538.427448 360.236627 7
537.924293 361.108116 7
537.421139 361.979605 7
536.917984 362.851094 7
536.414830 363.722583 7
534.905366 366.337050 7
534.402212 367.208539 7
533.395903 368.951518 7
531.886440 371.565985 7
529.370667 375.923430 7
528.867513 376.794919 6
527.861204 376.794919 6
526.854895 376.794919 6
525.848586 376.794919 6
523.835969 376.794919 6
520.817042 376.794919 6
519.810733 376.794919 6
518.804424 376.794919 6
516.791806 376.794919 6
513.772880 376.794919 6
512.766571 376.794919 6
510.753953 376.794919 6
509.747644 376.794919 6
508.741335 376.794919 6
506.728718 376.794919 6
504.716100 376.794919 6
499.684555 376.794919 6
492.640393 376.794919 6
490.627776 376.794919 6
489.621467 376.794919 6
488.615158 376.794919 6
487.608849 376.794919 6
486.602540 376.794919 5
487.105694 377.666408 5
488.615158 380.280875 5
489.118312 381.152364 5
489.621467 382.023853 5
490.124621 382.895342 5
490.627776 383.766832 5
492.640393 387.252788 5
494.149857 389.867255 5
494.653011 390.738744 5
495.156166 391.610233 5
496.665629 394.224700 5
497.168784 395.096190 5
497.671938 395.967679 5
498.678247 397.710657 5
499.684556 399.453635 5
500.187710 400.325124 5
501.194019 402.068102 5
501.697174 402.939591 5
502.200328 403.811080 5
503.206637 405.554058 5
503.709791 406.425547 5
504.212946 407.297036 5
505.219255 409.040015 5
506.225564 410.782993 5
506.728718 411.654482 5
507.232686 414.267540 4
506.730345 415.137620 4
506.228004 416.007700 4
501.706937 423.838418 4
499.697573 427.318738 4
492.664801 439.499856 4
488.646075 446.460495 4
484.627348 453.421134 4
481.110962 459.511693 4
479.603939 462.121933 4
479.101598 462.992013 4
477.594576 465.602252 4
475.585212 469.082572 4
467.045418 483.873930 4
460.514987 495.184968 4
458.003283 499.535367 4
457.500942 500.405447 4
456.998601 501.275527 4
455.993919 503.015687 4
454.486897 505.625926 4
452.979874 508.236166 4
442.430716 526.507843 4
439.919012 530.858243 4
439.416671 531.728323 4
437.407308 535.208642 4
434.895603 539.559042 4
426.858150 550.000000 3
423.844105 550.000000 3
421.834741 550.000000 3
414.801969 550.000000 3
407.769197 550.000000 3
405.759834 550.000000 3
398.727062 550.000000 3
388.680245 550.000000 3
386.670882 550.000000 3
384.661518 550.000000 3
382.652155 550.000000 3
376.624065 550.000000 3
373.610020 550.000000 3
365.572566 550.000000 3
343.469569 550.000000 3
341.460206 550.000000 3
336.436797 550.000000 3
335.432115 550.000000 3
333.422752 550.000000 3
328.399344 550.000000 3
326.389980 550.000000 3
316.343163 550.000000 3
313.329118 550.000000 3
312.324436 550.000000 3
310.315073 550.000000 3
299.263574 550.000000 3
298.258893 550.000000 3
297.254211 550.000000 3
293.235484 550.000000 3
290.221439 550.000000 3
286.202712 550.000000 3
282.183986 550.000000 3
274.146532 550.000000 3
272.137169 550.000000 3
270.126178 548.257022 2
269.119869 546.514044 2
268.616715 545.642555 2
267.107251 543.028088 2
266.100942 541.285110 2
265.597788 540.413620 2
265.094634 539.542131 2
264.088325 537.799153 2
263.585170 536.927664 2
263.082016 536.056175 2
262.075707 534.313197 2
259.056780 529.084263 2
258.050471 527.341285 2
256.037853 523.855329 2
255.534699 522.983840 2
254.528390 521.240861 2
254.025236 520.369372 2
253.018927 518.626394 2
252.515772 517.754905 2
252.012618 516.883416 2
251.509463 516.011927 2
251.006309 515.140438 2
250.000000 513.397460 1
248.993691 515.140438 1
248.490537 516.011927 1
246.981073 518.626394 1
245.471610 521.240861 1
244.968455 522.112350 1
244.465301 522.983840 1
242.955838 525.598307 1
242.452683 526.469796 1
241.949529 527.341285 1
241.446374 528.212774 1
240.440065 529.955752 1
238.930602 532.570219 1
238.427448 533.441708 1
236.917984 536.056175 1
236.414830 536.927664 1
235.911675 537.799153 1
235.408521 538.670642 1
234.905366 539.542131 1
234.402212 540.413620 1
233.899058 541.285110 1
233.395903 542.156599 1
231.886440 544.771066 1
230.376976 547.385533 1
229.370667 549.128511 1
225.847181 550.000000 0
218.799739 550.000000 0
217.792961 550.000000 0
214.772629 550.000000 0
210.745519 550.000000 0
209.738742 550.000000 0
206.718409 550.000000 0
205.711632 550.000000 0
204.704854 550.000000 0
193.630302 550.000000 0
192.623525 550.000000 0
190.609970 550.000000 0
180.542196 550.000000 0
173.494754 550.000000 0
156.379537 550.000000 0
155.372759 550.000000 0
146.311762 550.000000 0
145.304985 550.000000 0
143.291430 550.000000 0
139.264320 550.000000 0
137.250765 550.000000 0
130.203323 550.000000 0
127.182991 550.000000 0
125.169436 550.000000 0
118.121994 550.000000 0
107.047442 550.000000 0
103.020332 550.000000 0
101.006777 550.000000 0
