1340
106.011196 450.000000 32
107.013062 450.000000 32
108.014928 450.000000 32
110.018660 450.000000 32
111.020526 450.000000 32
115.027990 450.000000 32
117.031722 450.000000 32
119.035454 450.000000 32
121.039186 450.000000 32
122.041052 450.000000 32
123.042918 450.000000 32
124.044784 450.000000 32
125.046650 450.000000 32
126.048516 450.000000 32
127.050382 450.000000 32
128.052248 450.000000 32
131.057846 450.000000 32
132.059712 450.000000 32
133.061578 450.000000 32
135.065310 450.000000 32
139.072775 450.000000 32
140.074641 450.000000 32
141.076507 450.000000 32
145.083971 450.000000 32
146.085837 450.000000 32
148.089569 450.000000 32
149.091435 450.000000 32
150.093301 450.000000 32
152.097033 450.000000 32
154.100765 450.000000 32
155.102631 450.000000 32
156.104497 450.000000 32
158.108229 450.000000 32
160.111961 450.000000 32
161.113827 450.000000 32
162.115693 450.000000 32
163.117559 450.000000 32
164.119425 450.000000 32
165.121291 450.000000 32
166.123157 450.000000 32
167.125023 450.000000 32
169.128755 450.000000 32
171.132487 450.000000 31
172.639510 447.389760 31
174.648873 443.909441 31
175.151214 443.039361 31
177.662918 438.688962 31
178.667600 436.948802 31
183.188667 429.118083 31
186.202712 423.897604 31
187.709735 421.287364 31
191.226121 415.196805 31
193.235484 411.716486 31
199.263574 401.275527 31
199.765915 400.405447 31
200.268256 399.535367 31
200.770597 398.665288 31
202.277620 396.055048 31
203.784642 393.444808 31
204.789324 391.704649 31
208.808051 384.744010 31
210.817414 381.263690 31
212.826777 377.783371 31
213.329118 376.913291 31
213.831459 376.043211 31
215.840822 372.562891 31
216.343163 371.692811 31
219.859549 365.602252 31
220.864231 363.862093 31
221.366572 362.992013 31
221.868913 362.121933 31
225.887639 355.161294 31
226.389980 354.291214 31
227.897003 351.680974 31
228.399344 350.810895 31
230.408707 347.330575 31
232.418070 343.850256 31
233.422752 342.110096 31
233.925093 341.240016 31
234.929775 339.499856 31
235.432115 338.629776 31
235.934456 337.759696 31
236.939138 336.019537 31
237.943820 334.279377 31
239.953183 330.799057 31
241.962546 327.318738 31
243.469569 324.708498 31
245.478932 321.228179 31
247.488296 317.747859 31
248.492977 316.007700 31
248.995318 315.137620 31
251.004682 315.137620 30
253.014045 318.617939 30
253.516386 319.488019 30
254.018727 320.358099 30
255.023408 322.098259 30
255.525749 322.968339 30
256.530431 324.708498 30
259.042135 329.058898 30
261.553839 333.409297 30
263.563203 336.889617 30
266.074907 341.240016 30
267.079589 342.980176 30
268.586611 345.590415 30
271.098316 349.940815 30
273.610020 354.291214 30
277.126406 360.381773 30
277.628747 361.251853 30
278.633428 362.992013 30
279.135769 363.862093 30
283.154496 370.822732 30
284.159178 372.562891 30
287.173223 377.783371 30
288.680245 380.393610 30
289.684927 382.133770 30
292.698972 387.354249 30
298.224721 396.925128 30
300.234085 400.405447 30
301.741107 403.015687 30
302.745789 404.755847 30
304.755152 408.236166 30
307.266857 412.586565 30
308.271538 414.326725 30
309.778561 416.936965 30
310.783243 418.677125 30
311.285583 419.547204 30
313.294947 423.027524 30
313.797288 423.897604 30
314.299628 424.767684 30
317.816014 430.858243 30
318.318355 431.728323 30
323.341764 440.429121 30
325.853468 444.779521 30
328.867513 450.000000 29
329.873822 450.000000 29
330.880131 450.000000 29
332.892749 450.000000 29
333.899058 450.000000 29
334.905366 450.000000 29
335.911675 450.000000 29
336.917984 450.000000 29
337.924293 450.000000 29
338.930602 450.000000 29
339.936911 450.000000 29
342.955838 450.000000 29
343.962147 450.000000 29
344.968455 450.000000 29
345.974764 450.000000 29
346.981073 450.000000 29
347.987382 450.000000 29
348.993691 450.000000 29
351.006309 450.000000 29
352.012618 450.000000 29
354.025236 450.000000 29
355.031545 450.000000 29
356.037853 450.000000 29
357.044162 450.000000 29
359.056780 450.000000 29
361.069398 450.000000 29
362.075707 450.000000 29
363.082016 450.000000 29
365.094634 450.000000 29
366.100942 450.000000 29
367.107251 450.000000 29
368.113560 450.000000 29
369.119869 450.000000 29
370.126178 450.000000 29
371.132487 450.000000 29
371.635641 449.128511 28
372.138796 448.257022 28
372.641950 447.385533 28
373.145105 446.514044 28
373.648259 445.642555 28
374.654568 443.899577 28
375.157722 443.028088 28
375.660877 442.156599 28
376.164031 441.285110 28
376.667186 440.413620 28
377.170340 439.542131 28
379.182958 436.056175 28
379.686112 435.184686 28
380.189267 434.313197 28
380.692421 433.441708 28
381.698730 431.698730 28
382.201884 430.827241 28
382.705039 429.955752 28
383.208193 429.084263 28
384.214502 427.341285 28
384.717657 426.469796 28
385.723965 424.726818 28
386.227120 423.855329 28
388.239738 420.369372 28
388.742892 419.497883 28
389.246046 418.626394 28
390.252355 416.883416 28
391.258664 415.140438 28
391.761819 414.268949 28
392.264973 413.397460 28
389.250928 408.176981 27
388.748587 407.306901 27
386.739224 403.826581 27
384.227519 399.476182 27
383.222838 397.736022 27
381.715815 395.125783 27
378.199429 389.035223 27
377.194748 387.295064 27
375.185384 383.814744 27
373.678362 381.204504 27
372.673680 379.464345 27
369.157294 373.373786 27
368.152612 371.633626 27
365.640908 367.283226 27
364.636226 365.543067 27
361.622181 360.322587 27
359.612818 356.842268 27
358.105795 354.232028 27
357.603455 353.361948 27
356.598773 351.621789 27
355.091750 349.011549 27
353.584728 346.401309 27
352.077705 343.791070 27
351.575364 342.920990 27
350.570683 341.180830 27
349.063660 338.570590 27
348.561319 337.700511 27
345.547274 332.480031 27
345.044933 331.609951 27
344.040252 329.869792 27
343.537911 328.999712 27
342.533229 327.259552 27
342.030888 326.389472 27
340.523866 323.779232 27
340.021525 322.909153 27
338.514502 320.298913 27
337.509821 318.558753 27
336.002798 315.948514 27
335.500457 315.078434 27
334.495776 313.338274 27
332.486412 309.857954 27
327.965345 302.027235 27
327.463004 301.157156 27
325.453640 297.676836 27
324.951299 296.806756 27
321.937254 291.586277 27
320.932573 289.846117 27
319.927891 288.105957 27
316.411505 282.015398 27
315.406823 280.275239 27
313.397460 276.794919 26
316.411505 276.794919 26
324.448959 276.794919 26
326.458322 276.794919 26
330.477049 276.794919 26
334.495776 276.794919 26
335.500457 276.794919 26
337.509821 276.794919 26
338.514503 276.794919 26
345.547274 276.794919 26
347.556638 276.794919 26
350.570683 276.794919 26
352.580046 276.794919 26
360.617500 276.794919 26
362.626863 276.794919 26
363.631545 276.794919 26
364.636227 276.794919 26
371.668999 276.794919 26
373.678362 276.794919 26
377.697089 276.794919 26
380.711134 276.794919 26
382.720497 276.794919 26
386.739224 276.794919 26
387.743906 276.794919 26
388.748588 276.794919 26
392.767314 276.794919 26
395.781359 276.794919 26
398.795405 276.794919 26
401.809450 276.794919 26
406.832858 276.794919 26
408.842222 276.794919 26
409.846903 276.794919 26
411.856267 276.794919 26
418.889039 276.794919 26
429.940537 276.794919 26
436.973309 276.794919 26
441.996718 276.794919 26
444.006081 276.794919 26
445.010763 276.794919 26
447.020126 276.794919 26
449.029490 276.794919 26
452.043535 276.794919 26
454.052898 276.794919 26
457.066943 276.794919 26
459.076307 276.794919 26
461.085670 276.794919 26
464.099715 276.794919 26
467.113760 276.794919 26
471.132487 276.794919 26
474.146532 271.574440 25
475.653555 268.964200 25
477.662918 265.483881 25
479.169941 262.873641 25
479.672281 262.003561 25
481.681645 258.523242 25
482.686326 256.783082 25
483.188667 255.913002 25
485.700372 251.562603 25
486.202712 250.692523 25
489.216757 245.472044 25
489.719098 244.601964 25
490.723780 242.861804 25
491.226121 241.991724 25
492.733143 239.381484 25
493.235484 238.511405 25
494.240166 236.771245 25
495.747189 234.161005 25
499.765915 227.200366 25
501.775279 223.720047 25
502.779960 221.979887 25
505.794005 216.759408 25
506.798687 215.019248 25
507.803369 213.279088 25
510.817414 208.058609 25
511.319755 207.188529 25
513.329118 203.708210 25
515.840822 199.357810 25
517.850186 195.877491 25
522.371253 188.046772 25
523.375935 186.306612 25
523.878276 185.436532 25
526.892321 180.216053 25
528.399344 177.605814 25
530.408707 174.125494 25
530.911048 173.255414 25
534.427434 167.164855 25
536.939138 162.814456 25
537.441479 161.944376 25
540.957865 155.853817 25
542.967228 152.373497 25
543.971910 150.633337 25
548.492977 142.802619 25
549.497659 141.062459 25
551.004682 141.932539 24
551.507023 142.802619 24
552.009363 143.672698 24
553.516386 146.282938 24
554.018727 147.153018 24
556.530431 151.503417 24
558.539794 154.983737 24
559.544476 156.723897 24
562.056180 161.074296 24
563.060862 162.814456 24
565.070225 166.294775 24
566.577248 168.905015 24
568.586611 172.385334 24
569.088952 173.255414 24
570.595975 175.865654 24
571.098316 176.735734 24
572.102997 178.475893 24
574.614702 182.826293 24
575.117042 183.696373 24
577.126406 187.176692 24
577.628747 188.046772 24
579.135769 190.657012 24
582.149814 195.877491 24
588.177904 206.318449 24
588.680245 207.188529 24
589.182586 208.058609 24
591.694290 212.409008 24
594.708335 217.629488 24
596.215358 220.239727 24
598.224721 223.720047 24
600.234085 227.200366 24
601.741107 229.810606 24
604.755152 235.031085 24
611.285583 246.342123 24
611.787924 247.212203 24
612.290265 248.082283 24
612.792606 248.952363 24
614.801969 252.432683 24
617.816014 257.653162 24
618.318355 258.523242 24
621.834741 264.613801 24
625.853468 271.574440 24
627.360490 274.184679 24
628.365172 275.924839 24
631.881558 276.794919 23
636.904967 276.794919 23
637.909648 276.794919 23
639.919012 276.794919 23
649.965829 276.794919 23
650.970510 276.794919 23
652.979874 276.794919 23
668.050099 276.794919 23
678.096916 276.794919 23
680.106280 276.794919 23
681.110961 276.794919 23
686.134370 276.794919 23
688.143733 276.794919 23
697.185869 276.794919 23
701.204595 276.794919 23
704.218641 276.794919 23
705.223322 276.794919 23
706.228004 276.794919 23
707.232686 276.794919 23
708.237367 276.794919 23
713.260776 276.794919 23
715.270139 276.794919 23
718.284184 276.794919 23
719.288866 276.794919 23
721.298229 276.794919 23
722.302911 276.794919 23
726.321638 276.794919 23
728.331001 276.794919 23
732.349728 276.794919 23
736.368455 276.794919 23
737.373137 276.794919 23
743.401227 276.794919 23
746.415272 276.794919 23
747.419954 276.794919 23
750.433999 276.794919 23
756.462089 276.794919 23
760.480816 276.794919 23
761.485497 276.794919 23
766.508906 276.794919 23
772.536996 276.794919 23
775.551041 276.794919 23
776.555723 276.794919 23
779.569768 276.794919 23
786.602540 276.794919 22
785.597858 278.535079 22
785.095517 279.405159 22
784.593177 280.275239 22
782.583813 283.755558 22
781.076791 286.365798 22
780.574450 287.235878 22
779.569768 288.976037 22
778.565086 290.716197 22
777.058064 293.326437 22
772.034655 302.027235 22
771.532315 302.897315 22
771.029974 303.767395 22
770.527633 304.637475 22
769.020610 307.247715 22
768.015929 308.987875 22
767.513588 309.857954 22
767.011247 310.728034 22
766.508906 311.598114 22
765.504224 313.338274 22
763.997202 315.948514 22
762.992520 317.688673 22
761.485498 320.298913 22
760.983157 321.168993 22
759.476134 323.779232 22
756.462089 328.999712 22
755.959748 329.869792 22
755.457407 330.739871 22
752.945703 335.090271 22
751.438681 337.700511 22
750.433999 339.440670 22
749.931658 340.310750 22
749.429317 341.180830 22
748.424636 342.920990 22
747.922295 343.791070 22
746.917613 345.531229 22
745.410591 348.141469 22
744.405909 349.881629 22
743.903568 350.751709 22
742.898886 352.491868 22
741.894205 354.232028 22
741.391864 355.102108 22
738.377819 360.322587 22
737.875478 361.192667 22
737.373137 362.062747 22
731.345047 372.503706 22
730.842706 373.373786 22
727.828661 378.594265 22
726.823979 380.334425 22
726.321638 381.204504 22
725.316957 382.944664 22
724.312275 384.684824 22
721.298230 389.905303 22
720.795889 390.775383 22
716.777162 397.736022 22
716.274821 398.606102 22
715.772481 399.476182 22
715.270140 400.346262 22
712.758435 404.696661 22
712.256095 405.566741 22
711.753754 406.436821 22
710.246731 409.047061 22
709.744390 409.917140 22
708.237368 412.527380 22
708.741336 415.140438 21
709.244490 416.011927 21
709.747645 416.883416 21
710.250799 417.754905 21
710.753954 418.626394 21
711.257108 419.497883 21
712.263417 421.240861 21
712.766571 422.112350 21
713.269726 422.983840 21
713.772880 423.855329 21
714.779189 425.598307 21
715.282343 426.469796 21
716.288652 428.212774 21
717.294961 429.955752 21
718.301270 431.698730 21
719.810733 434.313197 21
721.320197 436.927664 21
721.823351 437.799153 21
722.326505 438.670642 21
722.829660 439.542131 21
723.332814 440.413620 21
723.835969 441.285110 21
724.339123 442.156599 21
724.842278 443.028088 21
725.345432 443.899577 21
725.848586 444.771066 21
726.351741 445.642555 21
729.873822 450.000000 20
730.880131 450.000000 20
732.892749 450.000000 20
733.899058 450.000000 20
734.905366 450.000000 20
735.911675 450.000000 20
736.917984 450.000000 20
737.924293 450.000000 20
738.930602 450.000000 20
739.936911 450.000000 20
740.943220 450.000000 20
742.955838 450.000000 20
743.962147 450.000000 20
745.974764 450.000000 20
746.981073 450.000000 20
747.987382 450.000000 20
748.993691 450.000000 20
750.000000 450.000000 20
751.006309 450.000000 20
752.012618 450.000000 20
753.018927 450.000000 20
754.025236 450.000000 20
755.031545 450.000000 20
756.037853 450.000000 20
757.044162 450.000000 20
759.056780 450.000000 20
760.063089 450.000000 20
761.069398 450.000000 20
762.075707 450.000000 20
765.094634 450.000000 20
766.100942 450.000000 20
767.107251 450.000000 20
768.113560 450.000000 20
769.119869 450.000000 20
770.126178 450.000000 20
771.634828 449.129920 19
773.141850 446.519681 19
775.653555 442.169281 19
776.658236 440.429121 19
777.160577 439.559042 19
778.165259 437.818882 19
779.169941 436.078722 19
779.672281 435.208642 19
783.691008 428.248003 19
784.193349 427.377923 19
788.714417 419.547204 19
790.221439 416.936965 19
792.230803 413.456645 19
793.235484 411.716486 19
794.240166 409.976326 19
794.742507 409.106246 19
796.249529 406.496006 19
796.751870 405.625926 19
797.254211 404.755847 19
797.756552 403.885767 19
798.258893 403.015687 19
798.761234 402.145607 19
799.263574 401.275527 19
800.268256 399.535367 19
801.775279 396.925128 19
805.291665 390.834569 19
806.296346 389.094409 19
806.798687 388.224329 19
810.315073 382.133770 19
812.324436 378.653450 19
812.826777 377.783371 19
813.329118 376.913291 19
813.831459 376.043211 19
815.338482 373.432971 19
816.845504 370.822732 19
822.873594 360.381773 19
823.375935 359.511693 19
824.882958 356.901454 19
825.887639 355.161294 19
827.897003 351.680974 19
829.404025 349.070735 19
830.408707 347.330575 19
832.418070 343.850256 19
832.920411 342.980176 19
833.422752 342.110096 19
834.427434 340.369936 19
834.929775 339.499856 19
835.934456 337.759696 19
836.939138 336.019537 19
837.943820 334.279377 19
839.450842 331.669137 19
840.455524 329.928978 19
841.962546 327.318738 19
842.464887 326.448658 19
846.483614 319.488019 19
846.985955 318.617939 19
848.492977 316.007700 19
850.000000 313.397460 18
851.004682 315.137620 18
852.511704 317.747859 18
853.516386 319.488019 18
855.023408 322.098259 18
855.525749 322.968339 18
856.530431 324.708498 18
861.553839 333.409297 18
863.563203 336.889617 18
864.065544 337.759696 18
867.581930 343.850256 18
869.088952 346.460495 18
869.591293 347.330575 18
870.595975 349.070735 18
871.098316 349.940815 18
872.102997 351.680974 18
874.112361 355.161294 18
875.117042 356.901454 18
876.121724 358.641613 18
877.126406 360.381773 18
877.628747 361.251853 18
878.131087 362.121933 18
879.135769 363.862093 18
880.642792 366.472332 18
881.647473 368.212492 18
883.656837 371.692811 18
884.159178 372.562891 18
886.670882 376.913291 18
888.680245 380.393610 18
889.182586 381.263690 18
889.684927 382.133770 18
891.191949 384.744010 18
893.703654 389.094409 18
897.722380 396.055048 18
899.229403 398.665288 18
900.234085 400.405447 18
902.243448 403.885767 18
903.750471 406.496006 18
907.266857 412.586565 18
907.769197 413.456645 18
909.276220 416.066885 18
909.778561 416.936965 18
910.783243 418.677125 18
912.792606 422.157444 18
914.299628 424.767684 18
915.806651 427.377923 18
918.318355 431.728323 18
918.820696 432.598403 18
920.327719 435.208642 18
920.830059 436.078722 18
921.332400 436.948802 18
922.839423 439.559042 18
923.341764 440.429121 18
923.844105 441.299201 18
927.360490 447.389760 18
927.862831 448.259840 18
928.365172 449.129920 18
928.867513 450.000000 17
931.873111 450.000000 17
932.874977 450.000000 17
934.878709 450.000000 17
935.880575 450.000000 17
936.882441 450.000000 17
939.888039 450.000000 17
940.889905 450.000000 17
943.895503 450.000000 17
944.897369 450.000000 17
945.899235 450.000000 17
946.901101 450.000000 17
948.904833 450.000000 17
949.906699 450.000000 17
952.912297 450.000000 17
954.916029 450.000000 17
955.917895 450.000000 17
959.925359 450.000000 17
961.929091 450.000000 17
965.936556 450.000000 17
968.942154 450.000000 17
969.944020 450.000000 17
970.945886 450.000000 17
971.947752 450.000000 17
974.953350 450.000000 17
975.955216 450.000000 17
978.960814 450.000000 17
981.966412 450.000000 17
984.972010 450.000000 17
987.977608 450.000000 17
989.981340 450.000000 17
990.983206 450.000000 17
992.986938 450.000000 17
993.988804 450.000000 17
994.990670 450.000000 17
996.994402 450.000000 17
997.996268 450.000000 17
998.998134 450.000000 17
1000.000000 458.000000 16
1000.000000 460.000000 16
1000.000000 463.000000 16
1000.000000 464.000000 16
1000.000000 465.000000 16
1000.000000 467.000000 16
1000.000000 468.000000 16
1000.000000 469.000000 16
1000.000000 471.000000 16
1000.000000 476.000000 16
1000.000000 479.000000 16
1000.000000 480.000000 16
1000.000000 482.000000 16
1000.000000 483.000000 16
1000.000000 484.000000 16
1000.000000 488.000000 16
1000.000000 494.000000 16
1000.000000 499.000000 16
1000.000000 503.000000 16
1000.000000 505.000000 16
1000.000000 507.000000 16
1000.000000 510.000000 16
1000.000000 512.000000 16
1000.000000 516.000000 16
1000.000000 517.000000 16
1000.000000 518.000000 16
1000.000000 520.000000 16
1000.000000 526.000000 16
1000.000000 527.000000 16
1000.000000 528.000000 16
1000.000000 530.000000 16
1000.000000 531.000000 16
1000.000000 534.000000 16
1000.000000 536.000000 16
1000.000000 541.000000 16
1000.000000 548.000000 16
1000.000000 550.000000 15
994.966113 550.000000 15
993.959335 550.000000 15
988.925448 550.000000 15
987.918671 550.000000 15
984.898338 550.000000 15
983.891561 550.000000 15
980.871229 550.000000 15
977.850896 550.000000 15
975.837341 550.000000 15
974.830564 550.000000 15
964.762789 550.000000 15
958.722125 550.000000 15
954.695015 550.000000 15
950.667905 550.000000 15
947.647573 550.000000 15
945.634018 550.000000 15
942.613686 550.000000 15
938.586576 550.000000 15
935.566243 550.000000 15
933.552689 550.000000 15
928.518801 550.000000 15
927.512024 550.000000 15
923.484914 550.000000 15
922.478137 550.000000 15
921.471359 550.000000 15
917.444249 550.000000 15
916.437472 550.000000 15
915.430695 550.000000 15
914.423917 550.000000 15
913.417140 550.000000 15
906.369698 550.000000 15
898.315478 550.000000 15
897.308701 550.000000 15
896.301923 550.000000 15
889.254481 550.000000 15
887.240926 550.000000 15
885.227371 550.000000 15
880.193484 550.000000 15
875.159597 550.000000 15
872.139264 550.000000 15
871.132487 550.000000 15
871.132487 550.000000 14
870.629333 549.128511 14
870.126178 548.257022 14
869.623024 547.385533 14
869.119869 546.514044 14
868.616715 545.642555 14
868.113560 544.771066 14
867.107251 543.028088 14
866.100942 541.285110 14
865.094634 539.542131 14
864.591479 538.670642 14
863.585170 536.927664 14
863.082016 536.056175 14
862.578861 535.184686 14
861.069398 532.570219 14
860.566243 531.698730 14
860.063089 530.827241 14
859.056780 529.084263 14
858.553626 528.212774 14
858.050471 527.341285 14
857.547317 526.469796 14
857.044162 525.598307 14
856.541008 524.726818 14
856.037853 523.855329 14
855.534699 522.983840 14
854.528390 521.240861 14
854.025236 520.369372 14
853.522081 519.497883 14
853.018927 518.626394 14
852.012618 516.883416 14
851.509463 516.011927 14
851.006309 515.140438 14
850.503154 514.268949 14
850.000000 513.397460 14
850.000000 513.397460 13
848.993691 515.140438 13
848.490537 516.011927 13
847.987382 516.883416 13
846.981073 518.626394 13
846.477919 519.497883 13
845.974764 520.369372 13
845.471610 521.240861 13
844.968455 522.112350 13
844.465301 522.983840 13
843.962147 523.855329 13
843.458992 524.726818 13
842.452683 526.469796 13
841.949529 527.341285 13
841.446374 528.212774 13
840.943220 529.084263 13
839.433757 531.698730 13
838.930602 532.570219 13
838.427448 533.441708 13
837.924293 534.313197 13
837.421139 535.184686 13
836.917984 536.056175 13
836.414830 536.927664 13
835.911675 537.799153 13
835.408521 538.670642 13
834.905366 539.542131 13
834.402212 540.413620 13
833.899058 541.285110 13
833.395903 542.156599 13
832.389594 543.899577 13
831.886440 544.771066 13
831.383285 545.642555 13
830.880131 546.514044 13
830.376976 547.385533 13
829.873822 548.257022 13
829.370667 549.128511 13
828.867513 550.000000 12
823.844105 550.000000 12
822.839423 550.000000 12
819.825378 550.000000 12
815.806651 550.000000 12
814.801969 550.000000 12
812.792606 550.000000 12
811.787924 550.000000 12
808.773879 550.000000 12
804.755152 550.000000 12
796.717699 550.000000 12
792.698972 550.000000 12
788.680245 550.000000 12
783.656837 550.000000 12
781.647473 550.000000 12
780.642792 550.000000 12
778.633428 550.000000 12
773.610020 550.000000 12
771.600656 550.000000 12
770.595975 550.000000 12
762.558521 550.000000 12
755.525749 550.000000 12
753.516386 550.000000 12
743.469569 550.000000 12
742.464887 550.000000 12
739.450842 550.000000 12
738.446161 550.000000 12
737.441479 550.000000 12
734.427434 550.000000 12
731.413389 550.000000 12
729.404025 550.000000 12
727.394662 550.000000 12
725.385298 550.000000 12
723.375935 550.000000 12
720.361890 550.000000 12
717.347845 550.000000 12
714.333800 550.000000 12
712.324436 550.000000 12
711.319755 550.000000 12
706.296346 550.000000 12
701.272938 550.000000 12
698.258893 550.000000 12
696.249529 550.000000 12
693.235484 550.000000 12
692.230803 550.000000 12
691.226121 550.000000 12
689.216757 550.000000 12
688.212076 550.000000 12
686.202712 550.000000 12
685.198031 550.000000 12
679.169941 550.000000 12
678.165259 550.000000 12
676.155895 550.000000 12
675.151214 550.000000 12
671.132487 550.000000 11
667.616101 543.909441 11
666.109078 541.299201 11
663.597374 536.948802 11
661.588011 533.468482 11
661.085670 532.598403 11
659.076307 529.118083 11
657.569284 526.507843 11
654.555239 521.287364 11
654.052898 520.417284 11
653.550557 519.547204 11
652.043535 516.936965 11
650.034171 513.456645 11
646.015444 506.496006 11
645.513103 505.625926 11
641.494377 498.665288 11
640.489695 496.925128 11
639.485013 495.184968 11
638.982672 494.314888 11
636.973309 490.834569 11
628.433514 476.043211 11
627.428833 474.303051 11
626.926492 473.432971 11
624.414788 469.082572 11
623.410106 467.342412 11
620.396061 462.121933 11
618.889038 459.511693 11
617.884357 457.771534 11
615.372652 453.421134 11
612.358607 448.200655 11
611.353925 446.460495 11
607.335199 439.499856 11
602.311790 430.799057 11
601.809449 429.928978 11
598.795404 424.708498 11
597.790722 422.968339 11
596.786041 421.228179 11
594.274336 416.877779 11
593.269655 415.137620 11
592.264973 413.397460 11
593.271282 411.654482 10
593.774436 410.782993 10
594.277591 409.911504 10
594.780745 409.040015 10
595.787054 407.297036 10
596.793363 405.554058 10
597.296518 404.682569 10
598.302826 402.939591 10
598.805981 402.068102 10
599.309135 401.196613 10
599.812290 400.325124 10
600.315444 399.453635 10
602.328062 395.967679 10
602.831216 395.096190 10
603.837525 393.353211 10
604.340680 392.481722 10
605.346989 390.738744 10
605.850143 389.867255 10
606.353298 388.995766 10
606.856452 388.124277 10
607.359607 387.252788 10
607.862761 386.381299 10
608.869070 384.638321 10
609.372224 383.766832 10
609.875379 382.895342 10
611.384842 380.280875 10
612.391151 378.537897 10
612.894306 377.666408 10
613.397460 376.794919 10
613.397460 376.794919 9
612.391151 376.794919 9
610.378533 376.794919 9
609.372224 376.794919 9
608.365916 376.794919 9
607.359607 376.794919 9
606.353298 376.794919 9
605.346989 376.794919 9
604.340680 376.794919 9
603.334371 376.794919 9
602.328062 376.794919 9
601.321753 376.794919 9
600.315445 376.794919 9
599.309136 376.794919 9
598.302827 376.794919 9
597.296518 376.794919 9
595.283900 376.794919 9
594.277591 376.794919 9
593.271282 376.794919 9
592.264973 376.794919 9
591.258665 376.794919 9
590.252356 376.794919 9
588.239738 376.794919 9
587.233429 376.794919 9
586.227120 376.794919 9
585.220811 376.794919 9
583.208194 376.794919 9
582.201885 376.794919 9
581.195576 376.794919 9
580.189267 376.794919 9
577.170340 376.794919 9
576.164031 376.794919 9
575.157723 376.794919 9
574.151414 376.794919 9
573.145105 376.794919 9
572.138796 376.794919 9
571.132487 376.794919 9
571.132487 376.794919 8
570.629333 375.923430 8
569.119869 373.308963 8
568.616715 372.437474 8
568.113560 371.565985 8
567.610406 370.694496 8
567.107251 369.823007 8
566.604097 368.951518 8
565.094634 366.337050 8
564.591479 365.465561 8
564.088325 364.594072 8
563.585170 363.722583 8
563.082016 362.851094 8
561.572552 360.236627 8
561.069398 359.365138 8
560.566243 358.493649 8
560.063089 357.622160 8
559.559935 356.750671 8
558.553626 355.007693 8
558.050471 354.136204 8
557.547317 353.264715 8
556.037853 350.650248 8
555.534699 349.778759 8
554.025236 347.164291 8
553.522081 346.292802 8
553.018927 345.421313 8
552.515772 344.549824 8
551.509463 342.806846 8
551.006309 341.935357 8
550.503154 341.063868 8
550.000000 340.192379 8
549.496846 341.063868 7
548.993691 341.935357 7
548.490537 342.806846 7
547.987382 343.678335 7
547.484228 344.549824 7
546.981073 345.421313 7
545.974764 347.164291 7
545.471610 348.035780 7
544.968455 348.907269 7
544.465301 349.778759 7
543.962147 350.650248 7
543.458992 351.521737 7
542.955838 352.393226 7
542.452683 353.264715 7
541.949529 354.136204 7
541.446374 355.007693 7
540.943220 355.879182 7
540.440065 356.750671 7
539.936911 357.622160 7
538.930602 359.365138 7
538.427448 360.236627 7
537.421139 361.979605 7
536.917984 362.851094 7
536.414830 363.722583 7
535.408521 365.465561 7
534.402212 367.208539 7
533.899058 368.080029 7
532.892749 369.823007 7
532.389594 370.694496 7
531.886440 371.565985 7
531.383285 372.437474 7
530.880131 373.308963 7
530.376976 374.180452 7
529.873822 375.051941 7
529.370667 375.923430 7
528.867513 376.794919 7
528.867513 376.794919 6
527.861204 376.794919 6
526.854895 376.794919 6
525.848586 376.794919 6
523.835969 376.794919 6
522.829660 376.794919 6
521.823351 376.794919 6
520.817042 376.794919 6
519.810733 376.794919 6
517.798115 376.794919 6
516.791806 376.794919 6
515.785498 376.794919 6
514.779189 376.794919 6
513.772880 376.794919 6
512.766571 376.794919 6
511.760262 376.794919 6
510.753953 376.794919 6
509.747644 376.794919 6
508.741335 376.794919 6
507.735027 376.794919 6
506.728718 376.794919 6
505.722409 376.794919 6
504.716100 376.794919 6
503.709791 376.794919 6
502.703482 376.794919 6
501.697173 376.794919 6
499.684555 376.794919 6
498.678247 376.794919 6
497.671938 376.794919 6
496.665629 376.794919 6
494.653011 376.794919 6
493.646702 376.794919 6
491.634084 376.794919 6
487.608849 376.794919 6
486.602540 376.794919 6
487.105694 377.666408 5
488.615158 380.280875 5
489.118312 381.152364 5
489.621467 382.023853 5
490.124621 382.895342 5
490.627776 383.766832 5
491.634085 385.509810 5
492.137239 386.381299 5
492.640393 387.252788 5
493.143548 388.124277 5
493.646702 388.995766 5
494.149857 389.867255 5
494.653011 390.738744 5
495.156166 391.610233 5
496.162475 393.353211 5
496.665629 394.224700 5
497.168784 395.096190 5
498.175092 396.839168 5
498.678247 397.710657 5
499.181401 398.582146 5
500.187710 400.325124 5
500.690865 401.196613 5
501.194019 402.068102 5
501.697174 402.939591 5
502.703482 404.682569 5
503.206637 405.554058 5
503.709791 406.425547 5
505.219255 409.040015 5
505.722409 409.911504 5
506.225564 410.782993 5
506.728718 411.654482 5
507.231873 412.525971 5
507.735027 413.397460 5
507.735027 413.397460 4
506.228004 416.007700 4
504.218641 419.488019 4
503.716300 420.358099 4
502.209278 422.968339 4
500.702255 425.578578 4
500.199914 426.448658 4
499.697573 427.318738 4
499.195232 428.188818 4
498.692892 429.058898 4
497.185869 431.669137 4
496.181187 433.409297 4
495.176506 435.149457 4
493.167142 438.629776 4
490.153097 443.850256 4
488.646075 446.460495 4
487.139052 449.070735 4
485.632029 451.680974 4
482.115643 457.771534 4
481.613303 458.641613 4
479.603939 462.121933 4
478.096917 464.732172 4
477.594576 465.602252 4
477.092235 466.472332 4
475.082872 469.952652 4
474.580531 470.822732 4
473.575849 472.562891 4
472.571167 474.303051 4
470.561804 477.783371 4
467.045418 483.873930 4
466.543077 484.744010 4
465.538395 486.484169 4
462.524350 491.704649 4
461.519668 493.444808 4
460.514987 495.184968 4
458.003283 499.535367 4
457.500942 500.405447 4
455.993919 503.015687 4
453.482215 507.366086 4
450.970511 511.716486 4
449.965829 513.456645 4
449.463488 514.326725 4
448.458806 516.066885 4
447.454125 517.807045 4
446.449443 519.547204 4
445.444761 521.287364 4
441.928375 527.377923 4
438.411989 533.468482 4
433.388581 542.169281 4
431.881558 544.779521 4
428.867513 550.000000 4
428.867513 550.000000 3
427.862831 550.000000 3
424.848786 550.000000 3
423.844105 550.000000 3
418.820696 550.000000 3
410.783243 550.000000 3
404.755152 550.000000 3
401.741107 550.000000 3
400.736426 550.000000 3
394.708335 550.000000 3
390.689609 550.000000 3
387.675564 550.000000 3
382.652155 550.000000 3
377.628747 550.000000 3
371.600656 550.000000 3
370.595975 550.000000 3
361.553839 550.000000 3
359.544476 550.000000 3
355.525749 550.000000 3
353.516386 550.000000 3
351.507023 550.000000 3
346.483614 550.000000 3
343.469569 550.000000 3
336.436797 550.000000 3
323.375935 550.000000 3
320.361890 550.000000 3
318.352527 550.000000 3
313.329118 550.000000 3
312.324436 550.000000 3
308.305710 550.000000 3
307.301028 550.000000 3
298.258893 550.000000 3
297.254211 550.000000 3
296.249529 550.000000 3
294.240166 550.000000 3
292.230803 550.000000 3
281.179304 550.000000 3
279.169941 550.000000 3
270.629333 549.128511 2
270.126178 548.257022 2
269.119869 546.514044 2
268.616715 545.642555 2
268.113560 544.771066 2
266.100942 541.285110 2
265.597788 540.413620 2
265.094634 539.542131 2
264.591479 538.670642 2
264.088325 537.799153 2
262.075707 534.313197 2
261.572552 533.441708 2
260.566244 531.698730 2
260.063089 530.827241 2
259.056780 529.084263 2
258.553626 528.212774 2
258.050471 527.341285 2
257.547317 526.469796 2
257.044162 525.598307 2
256.037853 523.855329 2
254.528390 521.240861 2
254.025236 520.369372 2
252.515772 517.754905 2
251.006309 515.140438 2
250.503154 514.268949 2
250.000000 513.397460 2
250.000000 513.397460 1
248.490537 516.011927 1
247.987382 516.883416 1
247.484228 517.754905 1
246.981073 518.626394 1
245.974764 520.369372 1
244.968455 522.112350 1
244.465301 522.983840 1
243.962147 523.855329 1
243.458992 524.726818 1
242.955838 525.598307 1
242.452683 526.469796 1
241.949529 527.341285 1
241.446374 528.212774 1
240.943220 529.084263 1
240.440065 529.955752 1
239.936911 530.827241 1
239.433757 531.698730 1
238.930602 532.570219 1
238.427448 533.441708 1
237.924293 534.313197 1
236.917984 536.056175 1
235.911675 537.799153 1
235.408521 538.670642 1
234.905366 539.542131 1
234.402212 540.413620 1
233.899058 541.285110 1
233.395903 542.156599 1
232.892749 543.028088 1
232.389594 543.899577 1
231.886440 544.771066 1
231.383285 545.642555 1
230.376976 547.385533 1
229.873822 548.257022 1
229.370667 549.128511 1
227.860736 550.000000 0
226.853958 550.000000 0
223.833626 550.000000 0
222.826848 550.000000 0
221.820071 550.000000 0
219.806516 550.000000 0
217.792961 550.000000 0
211.752296 550.000000 0
204.704854 550.000000 0
195.643857 550.000000 0
192.623525 550.000000 0
191.616748 550.000000 0
190.609970 550.000000 0
188.596415 550.000000 0
182.555751 550.000000 0
180.542196 550.000000 0
176.515086 550.000000 0
174.501531 550.000000 0
170.474421 550.000000 0
168.460866 550.000000 0
166.447311 550.000000 0
164.433757 550.000000 0
157.386314 550.000000 0
156.379537 550.000000 0
148.325317 550.000000 0
141.277875 550.000000 0
139.264320 550.000000 0
135.237211 550.000000 0
129.196546 550.000000 0
127.182991 550.000000 0
122.149104 550.000000 0
118.121994 550.000000 0
116.108439 550.000000 0
114.094884 550.000000 0
113.088107 550.000000 0
112.081329 550.000000 0
108.054220 550.000000 0
107.047442 550.000000 0
104.027110 550.000000 0
102.013555 550.000000 0
100.000000 550.000000 0
