1450
101.000489 450.000000 8
102.000978 450.000000 8
103.001467 450.000000 8
104.001956 450.000000 8
106.002933 450.000000 8
108.003911 450.000000 8
109.004400 450.000000 8
110.004889 450.000000 8
112.005867 450.000000 8
115.007333 450.000000 8
116.007822 450.000000 8
119.009289 450.000000 8
120.009778 450.000000 8
121.010266 450.000000 8
122.010755 450.000000 8
123.011244 450.000000 8
124.011733 450.000000 8
126.012711 450.000000 8
127.013200 450.000000 8
129.014178 450.000000 8
131.015155 450.000000 8
133.016133 450.000000 8
134.016622 450.000000 8
135.017111 450.000000 8
136.017600 450.000000 8
137.018089 450.000000 8
138.018577 450.000000 8
139.019066 450.000000 8
142.020533 450.000000 8
143.021022 450.000000 8
144.021511 450.000000 8
146.022488 450.000000 8
148.023466 450.000000 8
149.023955 450.000000 8
153.025911 450.000000 8
154.026400 450.000000 8
155.026888 450.000000 8
157.027866 450.000000 8
159.028844 450.000000 8
163.030799 450.000000 8
165.031777 450.000000 8
166.032266 450.000000 8
167.032755 450.000000 8
168.033244 450.000000 8
169.033733 450.000000 8
170.034222 450.000000 8
171.034710 450.000000 8
172.035199 450.000000 8
173.035688 450.000000 8
174.036177 450.000000 8
176.037155 450.000000 8
177.037644 450.000000 8
178.038133 450.000000 8
180.039110 450.000000 8
182.040088 450.000000 8
188.043021 450.000000 8
189.043510 450.000000 8
190.043999 450.000000 8
192.044977 450.000000 8
193.045466 450.000000 8
194.045955 450.000000 8
198.047910 450.000000 8
199.048399 450.000000 8
200.048888 450.000000 8
201.049377 450.000000 8
205.051332 450.000000 8
206.051821 450.000000 8
209.053288 450.000000 8
210.053777 450.000000 8
212.054755 450.000000 8
214.055732 450.000000 8
219.058177 450.000000 8
222.059643 450.000000 8
223.060132 450.000000 8
224.060621 450.000000 8
225.061110 450.000000 8
227.062088 450.000000 8
228.062577 450.000000 8
231.064043 450.000000 8
232.064532 450.000000 8
233.065021 450.000000 8
235.065999 450.000000 8
236.066488 450.000000 8
237.066977 450.000000 8
239.067954 450.000000 8
240.068443 450.000000 8
241.068932 450.000000 8
242.069421 450.000000 8
245.070888 450.000000 8
246.071377 450.000000 8
248.072354 450.000000 8
252.074310 450.000000 8
253.074799 450.000000 8
254.075288 450.000000 8
256.076265 450.000000 8
257.076754 450.000000 8
259.077732 450.000000 8
260.078221 450.000000 8
262.079199 450.000000 8
265.080665 450.000000 8
266.081154 450.000000 8
267.081643 450.000000 8
268.082132 450.000000 8
269.082621 450.000000 8
272.084087 450.000000 8
274.085065 450.000000 8
279.087510 450.000000 8
280.087998 450.000000 8
281.088487 450.000000 8
282.088976 450.000000 8
286.090932 450.000000 8
287.091421 450.000000 8
288.091909 450.000000 8
289.092398 450.000000 8
290.092887 450.000000 8
292.093865 450.000000 8
293.094354 450.000000 8
294.094843 450.000000 8
295.095332 450.000000 8
296.095821 450.000000 8
297.096309 450.000000 8
298.096798 450.000000 8
299.097287 450.000000 8
300.097776 450.000000 8
302.098754 450.000000 8
303.099243 450.000000 8
304.099732 450.000000 8
305.100220 450.000000 8
307.101198 450.000000 8
308.101687 450.000000 8
310.102665 450.000000 8
312.103643 450.000000 8
313.104131 450.000000 8
314.104620 450.000000 8
316.105598 450.000000 8
317.106087 450.000000 8
318.106576 450.000000 8
319.107065 450.000000 8
320.107554 450.000000 8
322.108531 450.000000 8
323.109020 450.000000 8
324.109509 450.000000 8
326.110487 450.000000 8
327.110976 450.000000 8
330.112442 450.000000 8
332.113420 450.000000 8
333.113909 450.000000 8
336.115376 450.000000 8
337.115865 450.000000 8
338.116353 450.000000 8
339.116842 450.000000 8
340.117331 450.000000 8
343.118798 450.000000 8
346.120265 450.000000 8
349.121731 450.000000 8
351.122709 450.000000 8
352.123198 450.000000 8
354.124176 450.000000 8
355.124664 450.000000 8
356.125153 450.000000 8
358.126131 450.000000 8
359.126620 450.000000 8
360.127109 450.000000 8
362.128087 450.000000 8
363.128575 450.000000 8
364.129064 450.000000 8
366.130042 450.000000 8
367.130531 450.000000 8
368.131020 450.000000 8
370.131998 450.000000 8
371.132487 450.000000 7
371.633516 449.132192 7
373.136604 446.528766 7
375.641752 442.189724 7
376.643810 440.454107 7
377.645869 438.718490 7
378.647928 436.982873 7
379.148958 436.115065 7
380.652046 433.511639 7
381.153076 432.643831 7
383.658223 428.304788 7
384.660282 426.569172 7
387.165429 422.230129 7
388.167488 420.494512 7
388.668517 419.626704 7
389.169547 418.758895 7
389.670576 417.891087 7
391.173665 415.287661 7
391.674694 414.419853 7
394.680871 409.213002 7
396.183959 406.609577 7
396.684988 405.741768 7
397.186018 404.873960 7
397.687047 404.006151 7
398.188077 403.138343 7
398.689106 402.270535 7
400.192195 399.667109 7
400.693224 398.799301 7
401.194254 397.931492 7
402.697342 395.328067 7
403.198371 394.460258 7
403.699401 393.592450 7
404.200430 392.724641 7
405.202489 390.989025 7
405.703519 390.121216 7
406.705577 388.385599 7
407.206607 387.517791 7
408.709695 384.914365 7
410.212784 382.310940 7
411.715872 379.707515 7
412.216901 378.839706 7
414.221019 375.368472 7
415.223078 373.632855 7
416.225137 371.897238 7
417.227196 370.161621 7
417.728225 369.293813 7
418.730284 367.558196 7
419.231314 366.690388 7
421.736461 362.351345 7
422.237490 361.483537 7
423.239549 359.747920 7
424.241608 358.012303 7
424.742638 357.144495 7
425.243667 356.276686 7
427.247785 352.805452 7
427.748814 351.937644 7
428.750873 350.202027 7
429.251903 349.334218 7
430.754991 346.730793 7
431.256020 345.862984 7
431.757050 344.995176 7
432.258079 344.127368 7
433.761168 341.523942 7
434.262197 340.656134 7
434.763227 339.788325 7
435.765286 338.052708 7
436.266315 337.184900 7
436.767344 336.317091 7
437.769403 334.581474 7
439.272492 331.978049 7
439.773521 331.110241 7
440.775580 329.374624 7
441.276609 328.506815 7
441.777639 327.639007 7
442.278668 326.771198 7
443.280727 325.035581 7
443.781757 324.167773 7
444.783816 322.432156 7
446.286904 319.828731 7
449.293081 314.621880 7
450.295140 312.886263 7
450.796169 312.018454 7
451.297198 311.150646 7
451.798228 310.282838 7
452.299257 309.415029 7
453.301316 307.679412 7
453.802346 306.811604 7
454.804405 305.075987 7
456.307493 302.472561 7
456.808522 301.604753 7
457.309552 300.736944 7
458.311611 299.001328 7
458.812640 298.133519 7
459.313670 297.265711 7
459.814699 296.397902 7
460.315729 295.530094 7
461.317787 293.794477 7
461.818817 292.926668 7
462.820876 291.191051 7
463.321905 290.323243 7
464.323964 288.587626 7
466.829111 284.248584 7
469.835288 279.041733 7
470.837347 277.306116 7
471.338376 276.438307 7
471.839406 275.570499 7
472.340435 274.702691 7
472.841465 273.834882 7
473.342494 272.967074 7
475.346612 269.495840 7
476.849700 266.892414 7
477.350730 266.024606 7
477.851759 265.156797 7
480.857936 259.949947 7
481.859995 258.214330 7
482.361024 257.346521 7
483.864113 254.743096 7
485.367201 252.139671 7
486.369260 250.404054 7
487.371319 248.668437 7
487.872348 247.800628 7
488.874407 246.065011 7
489.375437 245.197203 7
490.377496 243.461586 7
490.878525 242.593777 7
491.379554 241.725969 7
491.880584 240.858161 7
493.884702 237.386927 7
495.387790 234.783501 7
495.888819 233.915693 7
496.389849 233.047884 7
496.890878 232.180076 7
497.892937 230.444459 7
498.393967 229.576651 7
499.897055 226.973225 7
500.398085 226.105417 7
501.400143 224.369800 7
501.901173 223.501991 7
502.402202 222.634183 7
502.903232 221.766374 7
504.406320 219.162949 7
505.909408 216.559524 7
506.410438 215.691715 7
506.911467 214.823907 7
508.414556 212.220481 7
508.915585 211.352673 7
509.416615 210.484864 7
509.917644 209.617056 7
512.422791 205.278014 7
512.923821 204.410205 7
513.925880 202.674588 7
514.927939 200.938971 7
516.932056 197.467737 7
517.433086 196.599929 7
519.437204 193.128695 7
520.940292 190.525270 7
521.441321 189.657461 7
521.942351 188.789653 7
522.443380 187.921844 7
523.946469 185.318419 7
524.948528 183.582802 7
525.449557 182.714994 7
525.950586 181.847185 7
526.952645 180.111568 7
527.453675 179.243760 7
527.954704 178.375951 7
528.956763 176.640334 7
529.457793 175.772526 7
529.958822 174.904717 7
530.960881 173.169100 7
531.461910 172.301292 7
533.466028 168.830058 7
536.472205 163.623207 7
537.975293 161.019782 7
538.476323 160.151974 7
539.979411 157.548548 7
540.480440 156.680740 7
540.981470 155.812931 7
543.486617 151.473889 7
544.488676 149.738272 7
546.492794 146.267038 7
546.993823 145.399230 7
547.494853 144.531421 7
548.997941 141.927996 7
550.000000 140.192379 7
550.000000 140.192379 6
550.501029 141.060187 6
551.503088 142.795804 6
552.505147 144.531421 6
553.006177 145.399230 6
553.507206 146.267038 6
555.511324 149.738272 6
556.012353 150.606080 6
557.014412 152.341697 6
558.016471 154.077314 6
559.519560 156.680740 6
560.521618 158.416357 6
561.022648 159.284165 6
562.024707 161.019782 6
563.527795 163.623207 6
564.529854 165.358824 6
565.030883 166.226633 6
565.531913 167.094441 6
566.032942 167.962250 6
568.037060 171.433484 6
568.538090 172.301292 6
569.039119 173.169100 6
569.540149 174.036909 6
570.542207 175.772526 6
571.544266 177.508143 6
572.045296 178.375951 6
572.546325 179.243760 6
573.047355 180.111568 6
574.049414 181.847185 6
574.550443 182.714994 6
575.552502 184.450610 6
576.053531 185.318419 6
578.057649 188.789653 6
578.558679 189.657461 6
579.560738 191.393078 6
581.063826 193.996504 6
582.566914 196.599929 6
583.568973 198.335546 6
584.571032 200.071163 6
585.072061 200.938971 6
585.573091 201.806780 6
586.074120 202.674588 6
587.076179 204.410205 6
587.577209 205.278014 6
588.579268 207.013630 6
590.082356 209.617056 6
591.585444 212.220481 6
592.587503 213.956098 6
593.088533 214.823907 6
593.589562 215.691715 6
595.092650 218.295140 6
596.094709 220.030757 6
598.098827 223.501991 6
599.100886 225.237608 6
599.601915 226.105417 6
600.102945 226.973225 6
600.603974 227.841034 6
601.606033 229.576651 6
603.610151 233.047884 6
604.612210 234.783501 6
605.113239 235.651310 6
608.620446 241.725969 6
609.121475 242.593777 6
609.622504 243.461586 6
611.125593 246.065011 6
613.630740 250.404054 6
614.632799 252.139671 6
615.133828 253.007479 6
615.634858 253.875287 6
617.137946 256.478713 6
618.641035 259.082138 6
619.643093 260.817755 6
621.146182 263.421181 6
621.647211 264.288989 6
622.148241 265.156797 6
622.649270 266.024606 6
624.152359 268.628031 6
624.653388 269.495840 6
625.154417 270.363648 6
626.156476 272.099265 6
626.657506 272.967074 6
627.659565 274.702691 6
628.160594 275.570499 6
628.661624 276.438307 6
629.162653 277.306116 6
629.663682 278.173924 6
630.164712 279.041733 6
631.166771 280.777350 6
633.671918 285.116392 6
634.172948 285.984201 6
636.177065 289.455434 6
637.179124 291.191051 6
639.183242 294.662285 6
639.684271 295.530094 6
641.688389 299.001328 6
642.690448 300.736944 6
643.191478 301.604753 6
643.692507 302.472561 6
645.696625 305.943795 6
646.197654 306.811604 6
646.698684 307.679412 6
647.700743 309.415029 6
650.205890 313.754071 6
651.207949 315.489688 6
652.210008 317.225305 6
653.212067 318.960922 6
653.713096 319.828731 6
654.715155 321.564348 6
655.216184 322.432156 6
658.723391 328.506815 6
659.224420 329.374624 6
661.729567 333.713666 6
662.731626 335.449283 6
663.733685 337.184900 6
664.735744 338.920517 6
665.737803 340.656134 6
666.238832 341.523942 6
666.739862 342.391751 6
668.242950 344.995176 6
669.746038 347.598601 6
670.247068 348.466410 6
671.249127 350.202027 6
672.251186 351.937644 6
672.752215 352.805452 6
673.253245 353.673261 6
675.257362 357.144495 6
677.762510 361.483537 6
678.764569 363.219154 6
679.766627 364.954771 6
680.267657 365.822579 6
681.770745 368.426005 6
682.271775 369.293813 6
682.772804 370.161621 6
684.275892 372.765047 6
684.776922 373.632855 6
685.277951 374.500664 6
689.286187 381.443131 6
689.787216 382.310940 6
690.288246 383.178748 6
691.290305 384.914365 6
693.294423 388.385599 6
693.795452 389.253408 6
694.296481 390.121216 6
695.298540 391.856833 6
695.799570 392.724641 6
696.801629 394.460258 6
698.304717 397.063684 6
699.306776 398.799301 6
700.308835 400.534918 6
701.811923 403.138343 6
702.312953 404.006151 6
702.813982 404.873960 6
704.317070 407.477385 6
704.818100 408.345194 6
706.822218 411.816428 6
707.824277 413.552045 6
709.327365 416.155470 6
709.828394 417.023278 6
713.836630 423.965746 6
714.838689 425.701363 6
715.339718 426.569172 6
717.343836 430.040405 6
718.345895 431.776022 6
719.347954 433.511639 6
719.848983 434.379448 6
720.851042 436.115065 6
721.352072 436.982873 6
722.354131 438.718490 6
722.855160 439.586298 6
723.356190 440.454107 6
723.857219 441.321915 6
724.358248 442.189724 6
724.859278 443.057532 6
725.360307 443.925341 6
726.362366 445.660958 6
726.863396 446.528766 6
727.364425 447.396575 6
727.865455 448.264383 6
728.867513 450.000000 6
729.868002 450.000000 5
730.868491 450.000000 5
733.869958 450.000000 5
735.870936 450.000000 5
736.871425 450.000000 5
737.871913 450.000000 5
740.873380 450.000000 5
742.874358 450.000000 5
743.874847 450.000000 5
745.875824 450.000000 5
746.876313 450.000000 5
749.877780 450.000000 5
750.878269 450.000000 5
752.879247 450.000000 5
756.881202 450.000000 5
760.883158 450.000000 5
761.883647 450.000000 5
763.884624 450.000000 5
764.885113 450.000000 5
766.886091 450.000000 5
768.887069 450.000000 5
770.888046 450.000000 5
775.890491 450.000000 5
776.890980 450.000000 5
777.891469 450.000000 5
779.892446 450.000000 5
780.892935 450.000000 5
782.893913 450.000000 5
784.894891 450.000000 5
786.895869 450.000000 5
790.897824 450.000000 5
792.898802 450.000000 5
793.899291 450.000000 5
795.900268 450.000000 5
796.900757 450.000000 5
798.901735 450.000000 5
799.902224 450.000000 5
800.902713 450.000000 5
801.903202 450.000000 5
805.905157 450.000000 5
806.905646 450.000000 5
807.906135 450.000000 5
812.908579 450.000000 5
813.909068 450.000000 5
815.910046 450.000000 5
816.910535 450.000000 5
817.911024 450.000000 5
819.912002 450.000000 5
822.913468 450.000000 5
823.913957 450.000000 5
824.914446 450.000000 5
825.914935 450.000000 5
828.916401 450.000000 5
829.916890 450.000000 5
830.917379 450.000000 5
832.918357 450.000000 5
834.919335 450.000000 5
835.919824 450.000000 5
837.920801 450.000000 5
838.921290 450.000000 5
840.922268 450.000000 5
841.922757 450.000000 5
842.923246 450.000000 5
846.925201 450.000000 5
848.926179 450.000000 5
850.927157 450.000000 5
852.928135 450.000000 5
853.928623 450.000000 5
856.930090 450.000000 5
858.931068 450.000000 5
860.932046 450.000000 5
862.933023 450.000000 5
863.933512 450.000000 5
864.934001 450.000000 5
866.934979 450.000000 5
873.938401 450.000000 5
874.938890 450.000000 5
875.939379 450.000000 5
876.939868 450.000000 5
878.940845 450.000000 5
880.941823 450.000000 5
883.943290 450.000000 5
884.943779 450.000000 5
887.945245 450.000000 5
888.945734 450.000000 5
891.947201 450.000000 5
892.947690 450.000000 5
893.948179 450.000000 5
894.948668 450.000000 5
895.949156 450.000000 5
896.949645 450.000000 5
897.950134 450.000000 5
901.952090 450.000000 5
903.953067 450.000000 5
904.953556 450.000000 5
907.955023 450.000000 5
912.957467 450.000000 5
913.957956 450.000000 5
914.958445 450.000000 5
915.958934 450.000000 5
917.959912 450.000000 5
918.960401 450.000000 5
920.961378 450.000000 5
922.962356 450.000000 5
924.963334 450.000000 5
925.963823 450.000000 5
926.964312 450.000000 5
928.965290 450.000000 5
929.965778 450.000000 5
931.966756 450.000000 5
932.967245 450.000000 5
933.967734 450.000000 5
935.968712 450.000000 5
936.969201 450.000000 5
938.970178 450.000000 5
939.970667 450.000000 5
942.972134 450.000000 5
944.973112 450.000000 5
945.973600 450.000000 5
948.975067 450.000000 5
950.976045 450.000000 5
951.976534 450.000000 5
952.977023 450.000000 5
953.977512 450.000000 5
957.979467 450.000000 5
958.979956 450.000000 5
959.980445 450.000000 5
960.980934 450.000000 5
961.981423 450.000000 5
962.981911 450.000000 5
963.982400 450.000000 5
965.983378 450.000000 5
968.984845 450.000000 5
969.985334 450.000000 5
971.986311 450.000000 5
973.987289 450.000000 5
975.988267 450.000000 5
978.989734 450.000000 5
979.990222 450.000000 5
981.991200 450.000000 5
982.991689 450.000000 5
987.994133 450.000000 5
989.995111 450.000000 5
991.996089 450.000000 5
994.997556 450.000000 5
995.998044 450.000000 5
996.998533 450.000000 5
997.999022 450.000000 5
998.999511 450.000000 5
1000.000000 450.000000 5
1000.000000 450.000000 4
1000.000000 451.000000 4
1000.000000 452.000000 4
1000.000000 453.000000 4
1000.000000 454.000000 4
1000.000000 455.000000 4
1000.000000 456.000000 4
1000.000000 457.000000 4
1000.000000 458.000000 4
1000.000000 459.000000 4
1000.000000 460.000000 4
1000.000000 461.000000 4
1000.000000 462.000000 4
1000.000000 463.000000 4
1000.000000 464.000000 4
1000.000000 465.000000 4
1000.000000 466.000000 4
1000.000000 467.000000 4
1000.000000 468.000000 4
1000.000000 469.000000 4
1000.000000 470.000000 4
1000.000000 471.000000 4
1000.000000 472.000000 4
1000.000000 473.000000 4
1000.000000 474.000000 4
1000.000000 475.000000 4
1000.000000 476.000000 4
1000.000000 479.000000 4
1000.000000 480.000000 4
1000.000000 481.000000 4
1000.000000 482.000000 4
1000.000000 483.000000 4
1000.000000 484.000000 4
1000.000000 485.000000 4
1000.000000 486.000000 4
1000.000000 487.000000 4
1000.000000 488.000000 4
1000.000000 489.000000 4
1000.000000 490.000000 4
1000.000000 491.000000 4
1000.000000 492.000000 4
1000.000000 494.000000 4
1000.000000 495.000000 4
1000.000000 496.000000 4
1000.000000 497.000000 4
1000.000000 498.000000 4
1000.000000 499.000000 4
1000.000000 500.000000 4
1000.000000 501.000000 4
1000.000000 502.000000 4
1000.000000 503.000000 4
1000.000000 504.000000 4
1000.000000 505.000000 4
1000.000000 506.000000 4
1000.000000 507.000000 4
1000.000000 508.000000 4
1000.000000 509.000000 4
1000.000000 510.000000 4
1000.000000 511.000000 4
1000.000000 512.000000 4
1000.000000 513.000000 4
1000.000000 514.000000 4
1000.000000 515.000000 4
1000.000000 516.000000 4
1000.000000 517.000000 4
1000.000000 518.000000 4
1000.000000 519.000000 4
1000.000000 520.000000 4
1000.000000 521.000000 4
1000.000000 522.000000 4
1000.000000 523.000000 4
1000.000000 524.000000 4
1000.000000 525.000000 4
1000.000000 526.000000 4
1000.000000 527.000000 4
1000.000000 528.000000 4
1000.000000 529.000000 4
1000.000000 530.000000 4
1000.000000 531.000000 4
1000.000000 532.000000 4
1000.000000 533.000000 4
1000.000000 534.000000 4
1000.000000 535.000000 4
1000.000000 536.000000 4
1000.000000 537.000000 4
1000.000000 538.000000 4
1000.000000 539.000000 4
1000.000000 540.000000 4
1000.000000 541.000000 4
1000.000000 542.000000 4
1000.000000 543.000000 4
1000.000000 544.000000 4
1000.000000 545.000000 4
1000.000000 546.000000 4
1000.000000 547.000000 4
1000.000000 548.000000 4
1000.000000 549.000000 4
1000.000000 550.000000 4
1000.000000 550.000000 3
998.997355 550.000000 3
997.994710 550.000000 3
996.992065 550.000000 3
992.981486 550.000000 3
991.978841 550.000000 3
987.968262 550.000000 3
986.965617 550.000000 3
985.962972 550.000000 3
979.947103 550.000000 3
976.939168 550.000000 3
973.931234 550.000000 3
971.925944 550.000000 3
970.923299 550.000000 3
968.918009 550.000000 3
967.915365 550.000000 3
966.912720 550.000000 3
965.910075 550.000000 3
962.902140 550.000000 3
960.896851 550.000000 3
958.891561 550.000000 3
957.888916 550.000000 3
955.883626 550.000000 3
954.880981 550.000000 3
953.878337 550.000000 3
951.873047 550.000000 3
949.867757 550.000000 3
948.865112 550.000000 3
946.859823 550.000000 3
942.849243 550.000000 3
938.838664 550.000000 3
937.836019 550.000000 3
936.833374 550.000000 3
935.830729 550.000000 3
934.828084 550.000000 3
931.820150 550.000000 3
927.809570 550.000000 3
925.804280 550.000000 3
924.801636 550.000000 3
923.798991 550.000000 3
922.796346 550.000000 3
919.788411 550.000000 3
918.785766 550.000000 3
917.783122 550.000000 3
916.780477 550.000000 3
914.775187 550.000000 3
913.772542 550.000000 3
912.769897 550.000000 3
911.767252 550.000000 3
909.761963 550.000000 3
908.759318 550.000000 3
906.754028 550.000000 3
904.748738 550.000000 3
902.743449 550.000000 3
901.740804 550.000000 3
900.738159 550.000000 3
899.735514 550.000000 3
898.732869 550.000000 3
897.730224 550.000000 3
890.711710 550.000000 3
889.709066 550.000000 3
887.703776 550.000000 3
881.687907 550.000000 3
880.685262 550.000000 3
877.677327 550.000000 3
876.674682 550.000000 3
874.669393 550.000000 3
873.666748 550.000000 3
871.661458 550.000000 3
867.650879 550.000000 3
865.645589 550.000000 3
864.642944 550.000000 3
863.640299 550.000000 3
862.637654 550.000000 3
861.635010 550.000000 3
859.629720 550.000000 3
858.627075 550.000000 3
857.624430 550.000000 3
856.621785 550.000000 3
854.616496 550.000000 3
851.608561 550.000000 3
850.605916 550.000000 3
849.603271 550.000000 3
847.597982 550.000000 3
845.592692 550.000000 3
844.590047 550.000000 3
843.587402 550.000000 3
841.582112 550.000000 3
839.576823 550.000000 3
838.574178 550.000000 3
836.568888 550.000000 3
835.566243 550.000000 3
834.563598 550.000000 3
833.560954 550.000000 3
832.558309 550.000000 3
830.553019 550.000000 3
829.550374 550.000000 3
828.547729 550.000000 3
827.545084 550.000000 3
826.542440 550.000000 3
825.539795 550.000000 3
824.537150 550.000000 3
823.534505 550.000000 3
822.531860 550.000000 3
820.526570 550.000000 3
818.521281 550.000000 3
815.513346 550.000000 3
809.497477 550.000000 3
808.494832 550.000000 3
806.489542 550.000000 3
805.486898 550.000000 3
804.484253 550.000000 3
803.481608 550.000000 3
801.476318 550.000000 3
798.468384 550.000000 3
795.460449 550.000000 3
794.457804 550.000000 3
793.455159 550.000000 3
789.444580 550.000000 3
786.436645 550.000000 3
785.434000 550.000000 3
784.431356 550.000000 3
782.426066 550.000000 3
781.423421 550.000000 3
778.415486 550.000000 3
776.410197 550.000000 3
775.407552 550.000000 3
774.404907 550.000000 3
773.402262 550.000000 3
772.399617 550.000000 3
771.396972 550.000000 3
768.389038 550.000000 3
767.386393 550.000000 3
766.383748 550.000000 3
765.381103 550.000000 3
763.375813 550.000000 3
761.370524 550.000000 3
760.367879 550.000000 3
758.362589 550.000000 3
757.359944 550.000000 3
756.357299 550.000000 3
753.349365 550.000000 3
752.346720 550.000000 3
750.341430 550.000000 3
749.338785 550.000000 3
747.333496 550.000000 3
746.330851 550.000000 3
744.325561 550.000000 3
743.322916 550.000000 3
737.307047 550.000000 3
736.304402 550.000000 3
734.299113 550.000000 3
732.293823 550.000000 3
727.280599 550.000000 3
721.264729 550.000000 3
720.262085 550.000000 3
718.256795 550.000000 3
716.251505 550.000000 3
715.248860 550.000000 3
714.246215 550.000000 3
713.243571 550.000000 3
712.240926 550.000000 3
709.232991 550.000000 3
707.227701 550.000000 3
706.225057 550.000000 3
704.219767 550.000000 3
701.211832 550.000000 3
700.209187 550.000000 3
698.203898 550.000000 3
695.195963 550.000000 3
687.174804 550.000000 3
686.172159 550.000000 3
684.166870 550.000000 3
683.164225 550.000000 3
678.151001 550.000000 3
677.148356 550.000000 3
676.145711 550.000000 3
674.140421 550.000000 3
673.137776 550.000000 3
672.135131 550.000000 3
671.132487 550.000000 2
670.631939 549.133026 2
670.131392 548.266053 2
669.630844 547.399079 2
669.130297 546.532105 2
668.629749 545.665132 2
668.129202 544.798158 2
667.128107 543.064211 2
666.127012 541.330264 2
665.125917 539.596316 2
664.625369 538.729343 2
664.124822 537.862369 2
662.122632 534.394474 2
661.121537 532.660527 2
660.120442 530.926580 2
659.119347 529.192633 2
658.618800 528.325659 2
657.117158 525.724738 2
656.616610 524.857764 2
656.116063 523.990791 2
654.614420 521.389870 2
654.113873 520.522896 2
653.613325 519.655923 2
653.112778 518.788949 2
652.612230 517.921975 2
652.111683 517.055002 2
649.108398 511.853160 2
648.607851 510.986186 2
648.107303 510.119213 2
646.605661 507.518292 2
646.105113 506.651318 2
644.603471 504.050397 2
643.602376 502.316450 2
643.101828 501.449476 2
642.601281 500.582502 2
641.600186 498.848555 2
641.099639 497.981582 2
640.599091 497.114608 2
640.098544 496.247634 2
639.597996 495.380661 2
638.596901 493.646713 2
638.096354 492.779740 2
637.095259 491.045792 2
636.594711 490.178819 2
636.094164 489.311845 2
635.593617 488.444871 2
635.093069 487.577898 2
632.590332 483.243030 2
632.089784 482.376056 2
631.589237 481.509082 2
630.087594 478.908161 2
629.587047 478.041188 2
629.086499 477.174214 2
628.585952 476.307241 2
627.584857 474.573293 2
627.084310 473.706320 2
626.583762 472.839346 2
626.083215 471.972372 2
624.581572 469.371451 2
624.081025 468.504478 2
623.580477 467.637504 2
623.079930 466.770530 2
622.579382 465.903557 2
621.578288 464.169610 2
620.577193 462.435662 2
620.076645 461.568689 2
619.075550 459.834741 2
618.575003 458.967768 2
618.074455 458.100794 2
617.573908 457.233820 2
617.073360 456.366847 2
616.572813 455.499873 2
616.072265 454.632899 2
615.071170 452.898952 2
614.570623 452.031979 2
613.068981 449.431058 2
612.568433 448.564084 2
612.067886 447.697110 2
611.567338 446.830137 2
611.066791 445.963163 2
610.065696 444.229216 2
609.565148 443.362242 2
609.064601 442.495269 2
608.063506 440.761321 2
607.562958 439.894348 2
607.062411 439.027374 2
605.060221 435.559479 2
604.559674 434.692506 2
604.059126 433.825532 2
603.058031 432.091585 2
602.557484 431.224611 2
602.056936 430.357638 2
601.055841 428.623690 2
600.054747 426.889743 2
599.554199 426.022769 2
599.053652 425.155796 2
598.553104 424.288822 2
598.052557 423.421848 2
597.051462 421.687901 2
596.050367 419.953954 2
595.049272 418.220007 2
594.548724 417.353033 2
594.048177 416.486059 2
593.047082 414.752112 2
592.045987 413.018165 2
591.044892 411.284217 2
590.544345 410.417244 2
590.043797 409.550270 2
589.543250 408.683297 2
589.042702 407.816323 2
588.542155 406.949349 2
586.539965 403.481455 2
585.538870 401.747507 2
585.038323 400.880534 2
584.037228 399.146586 2
583.536680 398.279613 2
583.036133 397.412639 2
582.035038 395.678692 2
581.534490 394.811718 2
581.033943 393.944745 2
580.533395 393.077771 2
579.031753 390.476850 2
578.531206 389.609876 2
578.030658 388.742903 2
577.530111 387.875929 2
576.028468 385.275008 2
575.527921 384.408035 2
575.027373 383.541061 2
574.526826 382.674087 2
574.026278 381.807114 2
573.025183 380.073166 2
572.524636 379.206193 2
571.022994 376.605272 2
569.521351 374.004351 2
569.020804 373.137377 2
568.520256 372.270404 2
568.019709 371.403430 2
567.519161 370.536456 2
566.518066 368.802509 2
566.017519 367.935535 2
565.516971 367.068562 2
565.016424 366.201588 2
564.515876 365.334614 2
563.514782 363.600667 2
563.014234 362.733694 2
562.013139 360.999746 2
560.511497 358.398825 2
559.510402 356.664878 2
558.509307 354.930931 2
558.008759 354.063957 2
557.508212 353.196983 2
557.007665 352.330010 2
556.507117 351.463036 2
556.006570 350.596063 2
555.506022 349.729089 2
555.005475 348.862115 2
553.503832 346.261194 2
553.003285 345.394221 2
552.502737 344.527247 2
552.002190 343.660273 2
551.501642 342.793300 2
551.001095 341.926326 2
550.000000 340.192379 2
549.499453 341.059353 1
547.997810 343.660273 1
546.996715 345.394221 1
544.994525 348.862115 1
543.993430 350.596063 1
542.992335 352.330010 1
541.991241 354.063957 1
541.490693 354.930931 1
540.990146 355.797904 1
539.989051 357.531852 1
538.487408 360.132773 1
537.986861 360.999746 1
536.485218 363.600667 1
535.984671 364.467641 1
535.484124 365.334614 1
534.983576 366.201588 1
532.480839 370.536456 1
531.980291 371.403430 1
530.979196 373.137377 1
530.478649 374.004351 1
529.978101 374.871325 1
528.476459 377.472245 1
527.975912 378.339219 1
527.475364 379.206193 1
526.974817 380.073166 1
526.474269 380.940140 1
525.973722 381.807114 1
525.473174 382.674087 1
524.972627 383.541061 1
524.472079 384.408035 1
523.971532 385.275008 1
523.470984 386.141982 1
522.970437 387.008955 1
521.969342 388.742903 1
521.468794 389.609876 1
520.968247 390.476850 1
519.967152 392.210797 1
517.964962 395.678692 1
517.464415 396.545666 1
516.463320 398.279613 1
515.962772 399.146586 1
514.961677 400.880534 1
514.461130 401.747507 1
513.960583 402.614481 1
513.460035 403.481455 1
512.458940 405.215402 1
511.958393 406.082376 1
509.956203 409.550270 1
509.455655 410.417244 1
508.454560 412.151191 1
507.954013 413.018165 1
507.453465 413.885138 1
506.952918 414.752112 1
506.452371 415.619086 1
504.950728 418.220007 1
504.450181 419.086980 1
503.949633 419.953954 1
502.948538 421.687901 1
502.447991 422.554875 1
501.947443 423.421848 1
501.446896 424.288822 1
500.946348 425.155796 1
500.445801 426.022769 1
499.945253 426.889743 1
499.444706 427.756717 1
498.944159 428.623690 1
498.443611 429.490664 1
497.943064 430.357638 1
496.941969 432.091585 1
494.939779 435.559479 1
494.439231 436.426453 1
493.938684 437.293427 1
493.438136 438.160400 1
492.437042 439.894348 1
490.935399 442.495269 1
489.934304 444.229216 1
488.933209 445.963163 1
488.432662 446.830137 1
487.431567 448.564084 1
486.931019 449.431058 1
485.929924 451.165005 1
484.928830 452.898952 1
484.428282 453.765926 1
482.926640 456.366847 1
482.426092 457.233820 1
481.925545 458.100794 1
481.424997 458.967768 1
480.924450 459.834741 1
479.422807 462.435662 1
478.922260 463.302636 1
478.421712 464.169610 1
477.921165 465.036583 1
476.920070 466.770530 1
476.419523 467.637504 1
475.918975 468.504478 1
474.917880 470.238425 1
474.417333 471.105399 1
473.916785 471.972372 1
473.416238 472.839346 1
472.915690 473.706320 1
471.914595 475.440267 1
470.913501 477.174214 1
468.911311 480.642109 1
468.410763 481.509082 1
466.909121 484.110003 1
466.408573 484.976977 1
465.407478 486.710924 1
464.906931 487.577898 1
464.406383 488.444871 1
462.904741 491.045792 1
462.404194 491.912766 1
461.403099 493.646713 1
459.901456 496.247634 1
459.400909 497.114608 1
458.900361 497.981582 1
458.399814 498.848555 1
457.899266 499.715529 1
456.397624 502.316450 1
455.897077 503.183423 1
455.396529 504.050397 1
453.894887 506.651318 1
453.394339 507.518292 1
452.393244 509.252239 1
451.892697 510.119213 1
451.392149 510.986186 1
449.890507 513.587107 1
448.889412 515.321054 1
448.388865 516.188028 1
447.387770 517.921975 1
445.886127 520.522896 1
444.885032 522.256843 1
442.382295 526.591712 1
440.880653 529.192633 1
440.380105 530.059606 1
439.879558 530.926580 1
438.878463 532.660527 1
437.877368 534.394474 1
436.876273 536.128422 1
436.375725 536.995395 1
435.875178 537.862369 1
435.374631 538.729343 1
434.874083 539.596316 1
434.373536 540.463290 1
433.872988 541.330264 1
432.871893 543.064211 1
432.371346 543.931185 1
431.870798 544.798158 1
430.369156 547.399079 1
429.868608 548.266053 1
429.368061 549.133026 1
428.867513 550.000000 1
428.867513 550.000000 0
427.864869 550.000000 0
424.856934 550.000000 0
423.854289 550.000000 0
422.851644 550.000000 0
421.848999 550.000000 0
420.846355 550.000000 0
417.838420 550.000000 0
411.822551 550.000000 0
410.819906 550.000000 0
405.806682 550.000000 0
403.801392 550.000000 0
400.793457 550.000000 0
398.788168 550.000000 0
395.780233 550.000000 0
393.774943 550.000000 0
390.767009 550.000000 0
386.756429 550.000000 0
385.753785 550.000000 0
384.751140 550.000000 0
381.743205 550.000000 0
380.740560 550.000000 0
379.737915 550.000000 0
378.735271 550.000000 0
377.732626 550.000000 0
376.729981 550.000000 0
375.727336 550.000000 0
374.724691 550.000000 0
373.722046 550.000000 0
372.719401 550.000000 0
370.714112 550.000000 0
369.711467 550.000000 0
368.708822 550.000000 0
367.706177 550.000000 0
366.703532 550.000000 0
365.700887 550.000000 0
363.695598 550.000000 0
361.690308 550.000000 0
359.685018 550.000000 0
356.677084 550.000000 0
355.674439 550.000000 0
354.671794 550.000000 0
351.663859 550.000000 0
350.661215 550.000000 0
347.653280 550.000000 0
346.650635 550.000000 0
343.642701 550.000000 0
340.634766 550.000000 0
339.632121 550.000000 0
337.626831 550.000000 0
334.618897 550.000000 0
333.616252 550.000000 0
332.613607 550.000000 0
331.610962 550.000000 0
329.605673 550.000000 0
328.603028 550.000000 0
327.600383 550.000000 0
326.597738 550.000000 0
325.595093 550.000000 0
324.592448 550.000000 0
322.587159 550.000000 0
319.579224 550.000000 0
318.576579 550.000000 0
314.566000 550.000000 0
313.563355 550.000000 0
310.555420 550.000000 0
309.552775 550.000000 0
308.550130 550.000000 0
307.547486 550.000000 0
306.544841 550.000000 0
303.536906 550.000000 0
302.534261 550.000000 0
301.531616 550.000000 0
300.528972 550.000000 0
299.526327 550.000000 0
297.521037 550.000000 0
296.518392 550.000000 0
295.515747 550.000000 0
289.499878 550.000000 0
288.497233 550.000000 0
286.491944 550.000000 0
284.486654 550.000000 0
283.484009 550.000000 0
282.481364 550.000000 0
281.478719 550.000000 0
279.473430 550.000000 0
277.468140 550.000000 0
276.465495 550.000000 0
275.462850 550.000000 0
273.457560 550.000000 0
272.454916 550.000000 0
271.452271 550.000000 0
268.444336 550.000000 0
267.441691 550.000000 0
266.439046 550.000000 0
260.423177 550.000000 0
259.420532 550.000000 0
257.415243 550.000000 0
256.412598 550.000000 0
255.409953 550.000000 0
251.399374 550.000000 0
250.396729 550.000000 0
249.394084 550.000000 0
247.388794 550.000000 0
246.386149 550.000000 0
245.383504 550.000000 0
241.372925 550.000000 0
240.370280 550.000000 0
238.364990 550.000000 0
237.362346 550.000000 0
234.354411 550.000000 0
233.351766 550.000000 0
232.349121 550.000000 0
231.346476 550.000000 0
224.327962 550.000000 0
220.317383 550.000000 0
218.312093 550.000000 0
217.309448 550.000000 0
215.304159 550.000000 0
212.296224 550.000000 0
210.290934 550.000000 0
208.285645 550.000000 0
207.283000 550.000000 0
206.280355 550.000000 0
205.277710 550.000000 0
201.267131 550.000000 0
197.256551 550.000000 0
195.251262 550.000000 0
192.243327 550.000000 0
191.240682 550.000000 0
189.235392 550.000000 0
188.232748 550.000000 0
183.219523 550.000000 0
182.216878 550.000000 0
178.206299 550.000000 0
176.201009 550.000000 0
175.198364 550.000000 0
174.195720 550.000000 0
169.182495 550.000000 0
166.174561 550.000000 0
164.169271 550.000000 0
163.166626 550.000000 0
162.163981 550.000000 0
158.153402 550.000000 0
157.150757 550.000000 0
156.148112 550.000000 0
155.145467 550.000000 0
152.137533 550.000000 0
151.134888 550.000000 0
147.124308 550.000000 0
146.121663 550.000000 0
145.119019 550.000000 0
142.111084 550.000000 0
138.100505 550.000000 0
136.095215 550.000000 0
135.092570 550.000000 0
134.089925 550.000000 0
132.084635 550.000000 0
131.081991 550.000000 0
130.079346 550.000000 0
127.071411 550.000000 0
126.068766 550.000000 0
124.063477 550.000000 0
123.060832 550.000000 0
122.058187 550.000000 0
117.044963 550.000000 0
115.039673 550.000000 0
114.037028 550.000000 0
113.034383 550.000000 0
111.029093 550.000000 0
108.021159 550.000000 0
105.013224 550.000000 0
104.010579 550.000000 0
100.000000 550.000000 0
