1080
100.000000 450.000000 8
101.000489 450.000000 8
102.000978 450.000000 8
104.001956 450.000000 8
105.002444 450.000000 8
107.003422 450.000000 8
108.003911 450.000000 8
112.005867 450.000000 8
114.006844 450.000000 8
116.007822 450.000000 8
119.009289 450.000000 8
121.010266 450.000000 8
124.011733 450.000000 8
125.012222 450.000000 8
132.015644 450.000000 8
133.016133 450.000000 8
136.017600 450.000000 8
138.018577 450.000000 8
142.020533 450.000000 8
146.022488 450.000000 8
147.022977 450.000000 8
148.023466 450.000000 8
149.023955 450.000000 8
150.024444 450.000000 8
151.024933 450.000000 8
152.025422 450.000000 8
156.027377 450.000000 8
157.027866 450.000000 8
158.028355 450.000000 8
159.028844 450.000000 8
162.030311 450.000000 8
165.031777 450.000000 8
167.032755 450.000000 8
168.033244 450.000000 8
170.034222 450.000000 8
171.034710 450.000000 8
173.035688 450.000000 8
175.036666 450.000000 8
178.038133 450.000000 8
179.038622 450.000000 8
180.039110 450.000000 8
182.040088 450.000000 8
191.044488 450.000000 8
192.044977 450.000000 8
193.045466 450.000000 8
198.047910 450.000000 8
200.048888 450.000000 8
203.050355 450.000000 8
205.051332 450.000000 8
207.052310 450.000000 8
210.053777 450.000000 8
211.054266 450.000000 8
213.055243 450.000000 8
217.057199 450.000000 8
218.057688 450.000000 8
219.058177 450.000000 8
220.058666 450.000000 8
222.059643 450.000000 8
224.060621 450.000000 8
225.061110 450.000000 8
227.062088 450.000000 8
229.063066 450.000000 8
234.065510 450.000000 8
238.067465 450.000000 8
240.068443 450.000000 8
245.070888 450.000000 8
248.072354 450.000000 8
250.073332 450.000000 8
251.073821 450.000000 8
253.074799 450.000000 8
254.075288 450.000000 8
256.076265 450.000000 8
258.077243 450.000000 8
259.077732 450.000000 8
263.079687 450.000000 8
264.080176 450.000000 8
265.080665 450.000000 8
266.081154 450.000000 8
268.082132 450.000000 8
269.082621 450.000000 8
273.084576 450.000000 8
276.086043 450.000000 8
277.086532 450.000000 8
278.087021 450.000000 8
281.088487 450.000000 8
283.089465 450.000000 8
284.089954 450.000000 8
285.090443 450.000000 8
289.092398 450.000000 8
292.093865 450.000000 8
296.095821 450.000000 8
297.096309 450.000000 8
298.096798 450.000000 8
299.097287 450.000000 8
302.098754 450.000000 8
307.101198 450.000000 8
308.101687 450.000000 8
309.102176 450.000000 8
312.103643 450.000000 8
313.104131 450.000000 8
314.104620 450.000000 8
315.105109 450.000000 8
316.105598 450.000000 8
320.107554 450.000000 8
322.108531 450.000000 8
323.109020 450.000000 8
324.109509 450.000000 8
325.109998 450.000000 8
329.111954 450.000000 8
330.112442 450.000000 8
332.113420 450.000000 8
334.114398 450.000000 8
336.115376 450.000000 8
340.117331 450.000000 8
342.118309 450.000000 8
346.120265 450.000000 8
347.120753 450.000000 8
348.121242 450.000000 8
349.121731 450.000000 8
350.122220 450.000000 8
354.124176 450.000000 8
355.124664 450.000000 8
358.126131 450.000000 8
359.126620 450.000000 8
360.127109 450.000000 8
361.127598 450.000000 8
366.130042 450.000000 8
368.131020 450.000000 8
369.131509 450.000000 8
371.132487 450.000000 7
372.134545 448.264383 7
373.637634 445.660958 7
374.138663 444.793149 7
375.140722 443.057532 7
375.641752 442.189724 7
377.645869 438.718490 7
378.146899 437.850682 7
378.647928 436.982873 7
379.148958 436.115065 7
380.151017 434.379448 7
382.155134 430.908214 7
385.161311 425.701363 7
385.662341 424.833555 7
387.165429 422.230129 7
388.167488 420.494512 7
388.668517 419.626704 7
389.670576 417.891087 7
391.173665 415.287661 7
392.676753 412.684236 7
395.181900 408.345194 7
395.682930 407.477385 7
397.687047 404.006151 7
398.188077 403.138343 7
400.192195 399.667109 7
400.693224 398.799301 7
402.697342 395.328067 7
404.200430 392.724641 7
405.703519 390.121216 7
407.206607 387.517791 7
408.208666 385.782174 7
411.214842 380.575323 7
411.715872 379.707515 7
415.724108 372.765047 7
416.225137 371.897238 7
416.726166 371.029430 7
417.227196 370.161621 7
417.728225 369.293813 7
418.229255 368.426005 7
418.730284 367.558196 7
419.732343 365.822579 7
422.738520 360.615728 7
424.742638 357.144495 7
427.748814 351.937644 7
428.750873 350.202027 7
429.251903 349.334218 7
430.754991 346.730793 7
431.256020 345.862984 7
431.757050 344.995176 7
432.258079 344.127368 7
432.759109 343.259559 7
433.260138 342.391751 7
433.761168 341.523942 7
434.262197 340.656134 7
435.264256 338.920517 7
436.266315 337.184900 7
436.767344 336.317091 7
439.773521 331.110241 7
440.775580 329.374624 7
444.282786 323.299964 7
446.286904 319.828731 7
447.789992 317.225305 7
450.295140 312.886263 7
452.299257 309.415029 7
453.802346 306.811604 7
454.303375 305.943795 7
454.804405 305.075987 7
456.307493 302.472561 7
457.309552 300.736944 7
460.816758 294.662285 7
461.317787 293.794477 7
463.321905 290.323243 7
463.822935 289.455434 7
464.824994 287.719818 7
468.833229 280.777350 7
469.334259 279.909541 7
469.835288 279.041733 7
471.839406 275.570499 7
473.843524 272.099265 7
474.845583 270.363648 7
475.847641 268.628031 7
478.352789 264.288989 7
479.354848 262.553372 7
480.356907 260.817755 7
480.857936 259.949947 7
481.358965 259.082138 7
487.872348 247.800628 7
492.381613 239.990352 7
493.383672 238.254735 7
497.892937 230.444459 7
498.393967 229.576651 7
499.897055 226.973225 7
500.398085 226.105417 7
501.400143 224.369800 7
502.402202 222.634183 7
502.903232 221.766374 7
505.408379 217.427332 7
506.410438 215.691715 7
507.412497 213.956098 7
507.913526 213.088290 7
510.919703 207.881439 7
512.923821 204.410205 7
514.426909 201.806780 7
514.927939 200.938971 7
517.433086 196.599929 7
518.435145 194.864312 7
518.936174 193.996504 7
519.437204 193.128695 7
520.439262 191.393078 7
520.940292 190.525270 7
521.441321 189.657461 7
524.447498 184.450610 7
524.948528 183.582802 7
525.950586 181.847185 7
526.451616 180.979377 7
526.952645 180.111568 7
530.960881 173.169100 7
531.461910 172.301292 7
531.962940 171.433484 7
533.466028 168.830058 7
533.967058 167.962250 7
535.470146 165.358824 7
535.971175 164.491016 7
536.472205 163.623207 7
536.973234 162.755399 7
537.975293 161.019782 7
538.977352 159.284165 7
542.484558 153.209506 7
543.486617 151.473889 7
543.987647 150.606080 7
544.989706 148.870463 7
547.494853 144.531421 7
549.498971 141.060187 7
550.501029 141.060187 6
551.002059 141.927996 6
552.505147 144.531421 6
553.507206 146.267038 6
554.509265 148.002655 6
556.513383 151.473889 6
557.515442 153.209506 6
558.517501 154.945123 6
559.519560 156.680740 6
560.521618 158.416357 6
561.022648 159.284165 6
562.525736 161.887590 6
563.527795 163.623207 6
565.030883 166.226633 6
566.533972 168.830058 6
567.035001 169.697867 6
567.536031 170.565675 6
568.538090 172.301292 6
569.540149 174.036909 6
572.045296 178.375951 6
572.546325 179.243760 6
573.047355 180.111568 6
573.548384 180.979377 6
574.550443 182.714994 6
575.051472 183.582802 6
576.554561 186.186227 6
577.556620 187.921844 6
578.057649 188.789653 6
581.063826 193.996504 6
583.568973 198.335546 6
585.573091 201.806780 6
586.575150 203.542397 6
588.078238 206.145822 6
589.581327 208.749247 6
590.583385 210.484864 6
591.585444 212.220481 6
592.587503 213.956098 6
593.088533 214.823907 6
597.096768 221.766374 6
600.102945 226.973225 6
603.610151 233.047884 6
605.614269 236.519118 6
607.618387 239.990352 6
608.119416 240.858161 6
609.121475 242.593777 6
612.628681 248.668437 6
613.129711 249.536245 6
614.632799 252.139671 6
615.634858 253.875287 6
616.135887 254.743096 6
617.137946 256.478713 6
619.142064 259.949947 6
620.645152 262.553372 6
621.146182 263.421181 6
621.647211 264.288989 6
622.148241 265.156797 6
624.152359 268.628031 6
624.653388 269.495840 6
626.657506 272.967074 6
628.160594 275.570499 6
631.667800 281.645158 6
633.671918 285.116392 6
636.678095 290.323243 6
638.181183 292.926668 6
639.684271 295.530094 6
640.185301 296.397902 6
641.187360 298.133519 6
645.195595 305.075987 6
646.197654 306.811604 6
646.698684 307.679412 6
648.702802 311.150646 6
653.212067 318.960922 6
654.214125 320.696539 6
655.717214 323.299964 6
657.220302 325.903390 6
658.222361 327.639007 6
658.723391 328.506815 6
659.224420 329.374624 6
659.725449 330.242432 6
661.729567 333.713666 6
663.232656 336.317091 6
663.733685 337.184900 6
664.234714 338.052708 6
665.737803 340.656134 6
666.238832 341.523942 6
666.739862 342.391751 6
667.240891 343.259559 6
672.752215 352.805452 6
674.255303 355.408878 6
674.756333 356.276686 6
675.257362 357.144495 6
675.758392 358.012303 6
678.764569 363.219154 6
680.267657 365.822579 6
681.269716 367.558196 6
682.772804 370.161621 6
693.294423 388.385599 6
694.797511 390.989025 6
695.799570 392.724641 6
698.304717 397.063684 6
699.807805 399.667109 6
700.308835 400.534918 6
701.310894 402.270535 6
701.811923 403.138343 6
702.312953 404.006151 6
703.315012 405.741768 6
706.321188 410.948619 6
707.323247 412.684236 6
708.325306 414.419853 6
709.828394 417.023278 6
710.830453 418.758895 6
716.842807 429.172597 6
717.343836 430.040405 6
718.345895 431.776022 6
721.853101 437.850682 6
724.859278 443.057532 6
725.360307 443.925341 6
726.362366 445.660958 6
727.364425 447.396575 6
732.869469 450.000000 5
733.869958 450.000000 5
740.873380 450.000000 5
743.874847 450.000000 5
745.875824 450.000000 5
747.876802 450.000000 5
749.877780 450.000000 5
752.879247 450.000000 5
753.879735 450.000000 5
754.880224 450.000000 5
756.881202 450.000000 5
757.881691 450.000000 5
758.882180 450.000000 5
759.882669 450.000000 5
766.886091 450.000000 5
769.887558 450.000000 5
770.888046 450.000000 5
772.889024 450.000000 5
773.889513 450.000000 5
774.890002 450.000000 5
777.891469 450.000000 5
778.891957 450.000000 5
779.892446 450.000000 5
781.893424 450.000000 5
787.896357 450.000000 5
790.897824 450.000000 5
793.899291 450.000000 5
794.899780 450.000000 5
795.900268 450.000000 5
797.901246 450.000000 5
800.902713 450.000000 5
802.903691 450.000000 5
805.905157 450.000000 5
806.905646 450.000000 5
808.906624 450.000000 5
809.907113 450.000000 5
811.908091 450.000000 5
812.908579 450.000000 5
815.910046 450.000000 5
816.910535 450.000000 5
817.911024 450.000000 5
820.912490 450.000000 5
822.913468 450.000000 5
823.913957 450.000000 5
824.914446 450.000000 5
826.915424 450.000000 5
827.915913 450.000000 5
828.916401 450.000000 5
829.916890 450.000000 5
832.918357 450.000000 5
834.919335 450.000000 5
837.920801 450.000000 5
838.921290 450.000000 5
839.921779 450.000000 5
840.922268 450.000000 5
845.924712 450.000000 5
846.925201 450.000000 5
847.925690 450.000000 5
849.926668 450.000000 5
855.929601 450.000000 5
856.930090 450.000000 5
857.930579 450.000000 5
858.931068 450.000000 5
860.932046 450.000000 5
861.932535 450.000000 5
863.933512 450.000000 5
867.935468 450.000000 5
871.937423 450.000000 5
872.937912 450.000000 5
873.938401 450.000000 5
874.938890 450.000000 5
880.941823 450.000000 5
883.943290 450.000000 5
885.944268 450.000000 5
886.944757 450.000000 5
887.945245 450.000000 5
891.947201 450.000000 5
892.947690 450.000000 5
897.950134 450.000000 5
898.950623 450.000000 5
903.953067 450.000000 5
904.953556 450.000000 5
905.954045 450.000000 5
907.955023 450.000000 5
911.956979 450.000000 5
912.957467 450.000000 5
913.957956 450.000000 5
915.958934 450.000000 5
916.959423 450.000000 5
921.961867 450.000000 5
923.962845 450.000000 5
925.963823 450.000000 5
927.964801 450.000000 5
928.965290 450.000000 5
929.965778 450.000000 5
934.968223 450.000000 5
935.968712 450.000000 5
936.969201 450.000000 5
937.969689 450.000000 5
942.972134 450.000000 5
943.972623 450.000000 5
944.973112 450.000000 5
945.973600 450.000000 5
948.975067 450.000000 5
950.976045 450.000000 5
953.977512 450.000000 5
954.978000 450.000000 5
958.979956 450.000000 5
961.981423 450.000000 5
964.982889 450.000000 5
967.984356 450.000000 5
968.984845 450.000000 5
969.985334 450.000000 5
970.985822 450.000000 5
972.986800 450.000000 5
974.987778 450.000000 5
975.988267 450.000000 5
976.988756 450.000000 5
977.989245 450.000000 5
979.990222 450.000000 5
982.991689 450.000000 5
984.992667 450.000000 5
985.993156 450.000000 5
986.993645 450.000000 5
987.994133 450.000000 5
988.994622 450.000000 5
989.995111 450.000000 5
990.995600 450.000000 5
991.996089 450.000000 5
994.997556 450.000000 5
995.998044 450.000000 5
997.999022 450.000000 5
998.999511 450.000000 5
1000.000000 450.000000 4
1000.000000 453.000000 4
1000.000000 456.000000 4
1000.000000 457.000000 4
1000.000000 458.000000 4
1000.000000 459.000000 4
1000.000000 460.000000 4
1000.000000 462.000000 4
1000.000000 463.000000 4
1000.000000 464.000000 4
1000.000000 465.000000 4
1000.000000 467.000000 4
1000.000000 468.000000 4
1000.000000 469.000000 4
1000.000000 470.000000 4
1000.000000 471.000000 4
1000.000000 472.000000 4
1000.000000 473.000000 4
1000.000000 474.000000 4
1000.000000 475.000000 4
1000.000000 476.000000 4
1000.000000 477.000000 4
1000.000000 478.000000 4
1000.000000 479.000000 4
1000.000000 480.000000 4
1000.000000 482.000000 4
1000.000000 483.000000 4
1000.000000 484.000000 4
1000.000000 485.000000 4
1000.000000 486.000000 4
1000.000000 488.000000 4
1000.000000 489.000000 4
1000.000000 490.000000 4
1000.000000 491.000000 4
1000.000000 492.000000 4
1000.000000 493.000000 4
1000.000000 496.000000 4
1000.000000 500.000000 4
1000.000000 501.000000 4
1000.000000 502.000000 4
1000.000000 503.000000 4
1000.000000 504.000000 4
1000.000000 505.000000 4
1000.000000 506.000000 4
1000.000000 507.000000 4
1000.000000 508.000000 4
1000.000000 509.000000 4
1000.000000 510.000000 4
1000.000000 511.000000 4
1000.000000 512.000000 4
1000.000000 513.000000 4
1000.000000 514.000000 4
1000.000000 515.000000 4
1000.000000 516.000000 4
1000.000000 517.000000 4
1000.000000 518.000000 4
1000.000000 521.000000 4
1000.000000 522.000000 4
1000.000000 523.000000 4
1000.000000 524.000000 4
1000.000000 525.000000 4
1000.000000 528.000000 4
1000.000000 530.000000 4
1000.000000 532.000000 4
1000.000000 533.000000 4
1000.000000 534.000000 4
1000.000000 535.000000 4
1000.000000 536.000000 4
1000.000000 538.000000 4
1000.000000 539.000000 4
1000.000000 540.000000 4
1000.000000 541.000000 4
1000.000000 543.000000 4
1000.000000 544.000000 4
1000.000000 545.000000 4
1000.000000 547.000000 4
1000.000000 548.000000 4
1000.000000 549.000000 4
1000.000000 550.000000 4
998.997355 550.000000 3
997.994710 550.000000 3
996.992065 550.000000 3
991.978841 550.000000 3
989.973551 550.000000 3
987.968262 550.000000 3
981.952393 550.000000 3
979.947103 550.000000 3
976.939168 550.000000 3
973.931234 550.000000 3
966.912720 550.000000 3
965.910075 550.000000 3
963.904785 550.000000 3
959.894206 550.000000 3
957.888916 550.000000 3
955.883626 550.000000 3
952.875692 550.000000 3
951.873047 550.000000 3
950.870402 550.000000 3
946.859823 550.000000 3
944.854533 550.000000 3
943.851888 550.000000 3
942.849243 550.000000 3
940.843953 550.000000 3
939.841309 550.000000 3
937.836019 550.000000 3
935.830729 550.000000 3
933.825439 550.000000 3
932.822795 550.000000 3
930.817505 550.000000 3
922.796346 550.000000 3
921.793701 550.000000 3
919.788411 550.000000 3
918.785766 550.000000 3
917.783122 550.000000 3
915.777832 550.000000 3
906.754028 550.000000 3
902.743449 550.000000 3
901.740804 550.000000 3
898.732869 550.000000 3
891.714355 550.000000 3
890.711710 550.000000 3
886.701131 550.000000 3
885.698486 550.000000 3
884.695841 550.000000 3
882.690552 550.000000 3
880.685262 550.000000 3
879.682617 550.000000 3
878.679972 550.000000 3
874.669393 550.000000 3
867.650879 550.000000 3
863.640299 550.000000 3
857.624430 550.000000 3
855.619140 550.000000 3
852.611206 550.000000 3
850.605916 550.000000 3
848.600626 550.000000 3
847.597982 550.000000 3
843.587402 550.000000 3
840.579468 550.000000 3
839.576823 550.000000 3
836.568888 550.000000 3
830.553019 550.000000 3
822.531860 550.000000 3
817.518636 550.000000 3
816.515991 550.000000 3
814.510701 550.000000 3
811.502767 550.000000 3
809.497477 550.000000 3
807.492187 550.000000 3
806.489542 550.000000 3
802.478963 550.000000 3
800.473673 550.000000 3
798.468384 550.000000 3
795.460449 550.000000 3
794.457804 550.000000 3
788.441935 550.000000 3
770.394327 550.000000 3
769.391683 550.000000 3
762.373169 550.000000 3
761.370524 550.000000 3
759.365234 550.000000 3
758.362589 550.000000 3
754.352010 550.000000 3
751.344075 550.000000 3
750.341430 550.000000 3
749.338785 550.000000 3
748.336141 550.000000 3
747.333496 550.000000 3
745.328206 550.000000 3
744.325561 550.000000 3
742.320271 550.000000 3
741.317627 550.000000 3
740.314982 550.000000 3
736.304402 550.000000 3
735.301757 550.000000 3
734.299113 550.000000 3
733.296468 550.000000 3
732.293823 550.000000 3
731.291178 550.000000 3
730.288533 550.000000 3
727.280599 550.000000 3
726.277954 550.000000 3
725.275309 550.000000 3
724.272664 550.000000 3
721.264729 550.000000 3
720.262085 550.000000 3
719.259440 550.000000 3
713.243571 550.000000 3
710.235636 550.000000 3
709.232991 550.000000 3
708.230346 550.000000 3
706.225057 550.000000 3
705.222412 550.000000 3
702.214477 550.000000 3
701.211832 550.000000 3
700.209187 550.000000 3
699.206543 550.000000 3
698.203898 550.000000 3
696.198608 550.000000 3
695.195963 550.000000 3
694.193318 550.000000 3
693.190673 550.000000 3
689.180094 550.000000 3
687.174804 550.000000 3
674.140421 550.000000 3
673.137776 550.000000 3
670.631939 549.133026 2
669.130297 546.532105 2
667.628654 543.931185 2
666.627559 542.197237 2
666.127012 541.330264 2
665.125917 539.596316 2
664.625369 538.729343 2
662.122632 534.394474 2
659.619895 530.059606 2
659.119347 529.192633 2
658.118252 527.458685 2
657.617705 526.591712 2
657.117158 525.724738 2
654.614420 521.389870 2
653.613325 519.655923 2
652.612230 517.921975 2
652.111683 517.055002 2
651.110588 515.321054 2
650.610040 514.454081 2
650.109493 513.587107 2
649.108398 511.853160 2
648.607851 510.986186 2
648.107303 510.119213 2
647.106208 508.385265 2
646.605661 507.518292 2
645.604566 505.784344 2
645.104018 504.917371 2
643.602376 502.316450 2
643.101828 501.449476 2
642.601281 500.582502 2
641.600186 498.848555 2
640.098544 496.247634 2
639.097449 494.513687 2
638.096354 492.779740 2
637.095259 491.045792 2
636.594711 490.178819 2
636.094164 489.311845 2
635.593617 488.444871 2
634.091974 485.843951 2
633.591427 484.976977 2
633.090879 484.110003 2
631.088689 480.642109 2
630.087594 478.908161 2
629.587047 478.041188 2
629.086499 477.174214 2
628.585952 476.307241 2
628.085405 475.440267 2
625.582667 471.105399 2
625.082120 470.238425 2
624.581572 469.371451 2
623.580477 467.637504 2
623.079930 466.770530 2
622.579382 465.903557 2
622.078835 465.036583 2
621.578288 464.169610 2
621.077740 463.302636 2
620.577193 462.435662 2
619.576098 460.701715 2
619.075550 459.834741 2
618.074455 458.100794 2
617.573908 457.233820 2
616.572813 455.499873 2
616.072265 454.632899 2
614.570623 452.031979 2
614.070076 451.165005 2
612.568433 448.564084 2
611.567338 446.830137 2
609.565148 443.362242 2
609.064601 442.495269 2
606.061316 437.293427 2
605.560769 436.426453 2
603.558579 432.958558 2
603.058031 432.091585 2
602.557484 431.224611 2
600.555294 427.756717 2
600.054747 426.889743 2
599.053652 425.155796 2
598.553104 424.288822 2
596.050367 419.953954 2
595.049272 418.220007 2
594.048177 416.486059 2
592.546535 413.885138 2
591.545440 412.151191 2
591.044892 411.284217 2
589.543250 408.683297 2
589.042702 407.816323 2
588.542155 406.949349 2
588.041607 406.082376 2
587.040512 404.348428 2
586.539965 403.481455 2
586.039417 402.614481 2
585.038323 400.880534 2
584.537775 400.013560 2
584.037228 399.146586 2
582.535585 396.545666 2
580.032848 392.210797 2
578.030658 388.742903 2
577.530111 387.875929 2
577.029563 387.008955 2
576.529016 386.141982 2
576.028468 385.275008 2
575.527921 384.408035 2
574.026278 381.807114 2
572.024088 378.339219 2
569.020804 373.137377 2
568.019709 371.403430 2
567.519161 370.536456 2
564.515876 365.334614 2
563.514782 363.600667 2
562.513687 361.866720 2
562.013139 360.999746 2
561.012044 359.265799 2
560.511497 358.398825 2
559.510402 356.664878 2
558.509307 354.930931 2
558.008759 354.063957 2
557.007665 352.330010 2
556.507117 351.463036 2
556.006570 350.596063 2
555.506022 349.729089 2
555.005475 348.862115 2
554.504927 347.995142 2
553.503832 346.261194 2
553.003285 345.394221 2
551.501642 342.793300 2
551.001095 341.926326 2
550.500547 341.059353 2
550.000000 340.192379 1
549.499453 341.059353 1
548.498358 342.793300 1
546.996715 345.394221 1
545.995620 347.128168 1
542.992335 352.330010 1
542.491788 353.196983 1
541.991241 354.063957 1
540.990146 355.797904 1
539.488503 358.398825 1
538.987956 359.265799 1
538.487408 360.132773 1
537.986861 360.999746 1
537.486313 361.866720 1
533.982481 367.935535 1
532.981386 369.669483 1
529.978101 374.871325 1
529.477554 375.738298 1
528.977006 376.605272 1
527.475364 379.206193 1
526.974817 380.073166 1
525.473174 382.674087 1
524.472079 384.408035 1
523.971532 385.275008 1
522.970437 387.008955 1
522.469889 387.875929 1
521.468794 389.609876 1
520.467700 391.343824 1
518.966057 393.944745 1
518.465510 394.811718 1
516.963867 397.412639 1
516.463320 398.279613 1
515.462225 400.013560 1
514.961677 400.880534 1
514.461130 401.747507 1
512.959488 404.348428 1
512.458940 405.215402 1
511.958393 406.082376 1
510.957298 407.816323 1
509.956203 409.550270 1
507.453465 413.885138 1
505.451276 417.353033 1
504.950728 418.220007 1
503.949633 419.953954 1
503.449086 420.820927 1
502.447991 422.554875 1
501.446896 424.288822 1
500.445801 426.022769 1
498.944159 428.623690 1
498.443611 429.490664 1
497.442516 431.224611 1
496.441421 432.958558 1
495.940874 433.825532 1
494.439231 436.426453 1
493.438136 438.160400 1
492.937589 439.027374 1
491.936494 440.761321 1
489.433757 445.096189 1
488.933209 445.963163 1
488.432662 446.830137 1
487.431567 448.564084 1
485.929924 451.165005 1
484.928830 452.898952 1
484.428282 453.765926 1
483.427187 455.499873 1
482.426092 457.233820 1
481.424997 458.967768 1
480.924450 459.834741 1
480.423902 460.701715 1
479.422807 462.435662 1
478.421712 464.169610 1
477.420618 465.903557 1
476.920070 466.770530 1
476.419523 467.637504 1
475.918975 468.504478 1
474.917880 470.238425 1
473.916785 471.972372 1
472.915690 473.706320 1
471.914595 475.440267 1
471.414048 476.307241 1
470.913501 477.174214 1
470.412953 478.041188 1
468.410763 481.509082 1
467.910216 482.376056 1
466.909121 484.110003 1
465.908026 485.843951 1
463.905836 489.311845 1
462.904741 491.045792 1
462.404194 491.912766 1
460.902551 494.513687 1
460.402004 495.380661 1
458.900361 497.981582 1
456.898172 501.449476 1
456.397624 502.316450 1
455.396529 504.050397 1
454.395434 505.784344 1
452.893792 508.385265 1
450.391054 512.720133 1
448.388865 516.188028 1
446.386675 519.655923 1
445.886127 520.522896 1
445.385580 521.389870 1
444.384485 523.123817 1
443.383390 524.857764 1
442.382295 526.591712 1
439.879558 530.926580 1
439.379010 531.793554 1
438.878463 532.660527 1
438.377915 533.527501 1
437.877368 534.394474 1
436.876273 536.128422 1
436.375725 536.995395 1
435.875178 537.862369 1
434.373536 540.463290 1
430.869703 546.532105 1
428.867513 550.000000 1
428.867513 550.000000 0
426.862224 550.000000 0
422.851644 550.000000 0
419.843710 550.000000 0
412.825196 550.000000 0
411.822551 550.000000 0
409.817261 550.000000 0
404.804037 550.000000 0
402.798747 550.000000 0
397.785523 550.000000 0
396.782878 550.000000 0
392.772299 550.000000 0
390.767009 550.000000 0
385.753785 550.000000 0
380.740560 550.000000 0
375.727336 550.000000 0
372.719401 550.000000 0
369.711467 550.000000 0
367.706177 550.000000 0
365.700887 550.000000 0
364.698243 550.000000 0
363.695598 550.000000 0
362.692953 550.000000 0
358.682373 550.000000 0
355.674439 550.000000 0
354.671794 550.000000 0
347.653280 550.000000 0
345.647990 550.000000 0
344.645345 550.000000 0
341.637411 550.000000 0
340.634766 550.000000 0
339.632121 550.000000 0
333.616252 550.000000 0
326.597738 550.000000 0
325.595093 550.000000 0
321.584514 550.000000 0
320.581869 550.000000 0
318.576579 550.000000 0
316.571289 550.000000 0
315.568644 550.000000 0
313.563355 550.000000 0
311.558065 550.000000 0
310.555420 550.000000 0
307.547486 550.000000 0
306.544841 550.000000 0
302.534261 550.000000 0
301.531616 550.000000 0
295.515747 550.000000 0
294.513102 550.000000 0
292.507813 550.000000 0
291.505168 550.000000 0
290.502523 550.000000 0
283.484009 550.000000 0
282.481364 550.000000 0
281.478719 550.000000 0
275.462850 550.000000 0
274.460205 550.000000 0
272.454916 550.000000 0
271.452271 550.000000 0
268.444336 550.000000 0
266.439046 550.000000 0
265.436402 550.000000 0
262.428467 550.000000 0
260.423177 550.000000 0
258.417888 550.000000 0
254.407308 550.000000 0
243.378215 550.000000 0
242.375570 550.000000 0
239.367635 550.000000 0
236.359701 550.000000 0
235.357056 550.000000 0
233.351766 550.000000 0
232.349121 550.000000 0
222.322673 550.000000 0
219.314738 550.000000 0
218.312093 550.000000 0
217.309448 550.000000 0
215.304159 550.000000 0
208.285645 550.000000 0
201.267131 550.000000 0
199.261841 550.000000 0
195.251262 550.000000 0
191.240682 550.000000 0
190.238037 550.000000 0
187.230103 550.000000 0
186.227458 550.000000 0
185.224813 550.000000 0
184.222168 550.000000 0
179.208944 550.000000 0
178.206299 550.000000 0
175.198364 550.000000 0
172.190430 550.000000 0
170.185140 550.000000 0
168.179850 550.000000 0
167.177205 550.000000 0
165.171916 550.000000 0
163.166626 550.000000 0
157.150757 550.000000 0
152.137533 550.000000 0
151.134888 550.000000 0
148.126953 550.000000 0
147.124308 550.000000 0
146.121663 550.000000 0
140.105794 550.000000 0
139.103149 550.000000 0
136.095215 550.000000 0
135.092570 550.000000 0
132.084635 550.000000 0
121.055542 550.000000 0
117.044963 550.000000 0
116.042318 550.000000 0
114.037028 550.000000 0
113.034383 550.000000 0
112.031738 550.000000 0
111.029093 550.000000 0
105.013224 550.000000 0
100.000000 550.000000 0
