1540
101.001866 450.000000 32
102.003732 450.000000 32
105.009330 450.000000 32
109.016794 450.000000 32
110.018660 450.000000 32
111.020526 450.000000 32
114.026124 450.000000 32
116.029856 450.000000 32
117.031722 450.000000 32
118.033588 450.000000 32
119.035454 450.000000 32
120.037320 450.000000 32
121.039186 450.000000 32
122.041052 450.000000 32
123.042918 450.000000 32
124.044784 450.000000 32
127.050382 450.000000 32
128.052248 450.000000 32
129.054114 450.000000 32
130.055980 450.000000 32
131.057846 450.000000 32
134.063444 450.000000 32
135.065310 450.000000 32
137.069043 450.000000 32
138.070909 450.000000 32
139.072775 450.000000 32
141.076507 450.000000 32
142.078373 450.000000 32
143.080239 450.000000 32
144.082105 450.000000 32
145.083971 450.000000 32
147.087703 450.000000 32
149.091435 450.000000 32
150.093301 450.000000 32
151.095167 450.000000 32
155.102631 450.000000 32
156.104497 450.000000 32
158.108229 450.000000 32
161.113827 450.000000 32
165.121291 450.000000 32
166.123157 450.000000 32
167.125023 450.000000 32
170.130621 450.000000 32
171.132487 450.000000 32
171.132487 450.000000 31
174.146532 444.779521 31
174.648873 443.909441 31
175.653555 442.169281 31
176.658236 440.429121 31
178.667600 436.948802 31
180.174622 434.338562 31
182.686326 429.988163 31
183.188667 429.118083 31
183.691008 428.248003 31
184.193349 427.377923 31
184.695690 426.507843 31
187.207394 422.157444 31
187.709735 421.287364 31
188.212076 420.417284 31
189.719098 417.807045 31
190.221439 416.936965 31
191.226121 415.196805 31
191.728462 414.326725 31
192.230803 413.456645 31
192.733143 412.586565 31
196.249529 406.496006 31
196.751870 405.625926 31
197.254211 404.755847 31
197.756552 403.885767 31
200.770597 398.665288 31
201.272938 397.795208 31
201.775279 396.925128 31
203.282301 394.314888 31
205.291665 390.834569 31
206.296346 389.094409 31
207.301028 387.354249 31
207.803369 386.484169 31
212.324436 378.653450 31
212.826777 377.783371 31
214.333800 375.173131 31
216.343163 371.692811 31
216.845504 370.822732 31
218.854867 367.342412 31
219.859549 365.602252 31
220.361890 364.732172 31
224.380617 357.771534 31
230.408707 347.330575 31
230.911048 346.460495 31
231.413389 345.590415 31
234.427434 340.369936 31
235.432115 338.629776 31
236.436797 336.889617 31
236.939138 336.019537 31
238.446161 333.409297 31
240.957865 329.058898 31
241.460206 328.188818 31
241.962546 327.318738 31
243.469569 324.708498 31
246.483614 319.488019 31
247.488296 317.747859 31
248.995318 315.137620 31
249.497659 314.267540 31
250.000000 313.397460 31
250.000000 313.397460 30
253.014045 318.617939 30
254.521068 321.228179 30
255.023408 322.098259 30
256.028090 323.838418 30
259.042135 329.058898 30
259.544476 329.928978 30
260.046817 330.799057 30
262.056180 334.279377 30
263.563203 336.889617 30
264.567885 338.629776 30
265.070225 339.499856 30
265.572566 340.369936 30
266.074907 341.240016 30
267.079589 342.980176 30
267.581930 343.850256 30
268.084270 344.720335 30
269.088952 346.460495 30
271.098316 349.940815 30
271.600656 350.810895 30
273.107679 353.421134 30
274.614702 356.031374 30
275.619383 357.771534 30
278.131087 362.121933 30
280.642792 366.472332 30
281.647473 368.212492 30
289.684927 382.133770 30
290.187268 383.003850 30
290.689609 383.873930 30
291.694290 385.614089 30
294.205995 389.964489 30
294.708335 390.834569 30
296.215358 393.444808 30
298.727062 397.795208 30
299.229403 398.665288 30
299.731744 399.535367 30
300.234085 400.405447 30
300.736426 401.275527 30
302.243448 403.885767 30
303.750471 406.496006 30
304.755152 408.236166 30
305.257493 409.106246 30
307.266857 412.586565 30
308.271538 414.326725 30
309.778561 416.936965 30
311.787924 420.417284 30
312.792606 422.157444 30
313.294947 423.027524 30
315.304310 426.507843 30
316.308992 428.248003 30
317.313674 429.988163 30
322.337082 438.688962 30
328.867513 450.000000 29
329.873822 450.000000 29
331.886440 450.000000 29
332.892749 450.000000 29
333.899058 450.000000 29
334.905366 450.000000 29
335.911675 450.000000 29
336.917984 450.000000 29
337.924293 450.000000 29
338.930602 450.000000 29
339.936911 450.000000 29
340.943220 450.000000 29
341.949529 450.000000 29
343.962147 450.000000 29
344.968455 450.000000 29
345.974764 450.000000 29
346.981073 450.000000 29
348.993691 450.000000 29
351.006309 450.000000 29
353.018927 450.000000 29
355.031545 450.000000 29
356.037853 450.000000 29
357.044162 450.000000 29
359.056780 450.000000 29
361.069398 450.000000 29
363.082016 450.000000 29
364.088325 450.000000 29
365.094634 450.000000 29
366.100942 450.000000 29
368.113560 450.000000 29
369.119869 450.000000 29
371.132487 450.000000 29
371.635641 449.128511 28
372.138796 448.257022 28
372.641950 447.385533 28
373.648259 445.642555 28
374.151414 444.771066 28
374.654568 443.899577 28
375.157722 443.028088 28
375.660877 442.156599 28
376.667186 440.413620 28
377.673495 438.670642 28
378.176649 437.799153 28
378.679803 436.927664 28
379.182958 436.056175 28
379.686112 435.184686 28
380.189267 434.313197 28
380.692421 433.441708 28
381.195576 432.570219 28
381.698730 431.698730 28
382.201884 430.827241 28
382.705039 429.955752 28
383.208193 429.084263 28
384.214502 427.341285 28
384.717657 426.469796 28
385.220811 425.598307 28
386.730274 422.983840 28
387.233429 422.112350 28
387.736583 421.240861 28
388.239738 420.369372 28
389.246046 418.626394 28
390.755510 416.011927 28
391.258664 415.140438 28
391.761819 414.268949 28
392.264973 413.397460 28
392.264973 413.397460 27
391.762632 412.527380 27
391.260291 411.657300 27
389.753269 409.047061 27
387.241565 404.696661 27
386.236883 402.956501 27
384.729860 400.346262 27
383.222838 397.736022 27
382.720497 396.865942 27
382.218156 395.995862 27
379.204111 390.775383 27
377.194748 387.295064 27
376.190066 385.554904 27
375.687725 384.684824 27
372.673680 379.464345 27
372.171339 378.594265 27
370.664317 375.984025 27
369.157294 373.373786 27
368.152612 371.633626 27
365.138567 366.413147 27
361.622181 360.322587 27
359.110477 355.972188 27
356.096432 350.751709 27
354.589409 348.141469 27
351.575364 342.920990 27
349.566001 339.440670 27
349.063660 338.570590 27
347.556638 335.960351 27
347.054297 335.090271 27
345.044933 331.609951 27
343.537911 328.999712 27
342.533229 327.259552 27
341.026207 324.649312 27
337.509821 318.558753 27
334.495776 313.338274 27
332.988753 310.728034 27
332.486412 309.857954 27
331.984071 308.987875 27
331.481730 308.117795 27
330.979390 307.247715 27
329.472367 304.637475 27
327.965345 302.027235 27
327.463004 301.157156 27
320.430232 288.976037 27
319.927891 288.105957 27
318.420868 285.495718 27
317.918528 284.625638 27
316.411505 282.015398 27
315.909164 281.145318 27
314.904483 279.405159 27
314.402142 278.535079 27
317.416187 276.794919 26
321.434914 276.794919 26
331.481731 276.794919 26
336.505139 276.794919 26
339.519184 276.794919 26
340.523866 276.794919 26
342.533229 276.794919 26
343.537911 276.794919 26
346.551956 276.794919 26
347.556638 276.794919 26
350.570683 276.794919 26
353.584728 276.794919 26
354.589410 276.794919 26
355.594091 276.794919 26
356.598773 276.794919 26
357.603455 276.794919 26
358.608137 276.794919 26
359.612818 276.794919 26
365.640908 276.794919 26
369.659635 276.794919 26
375.687725 276.794919 26
376.692407 276.794919 26
381.715816 276.794919 26
387.743906 276.794919 26
388.748588 276.794919 26
392.767314 276.794919 26
393.771996 276.794919 26
395.781359 276.794919 26
398.795405 276.794919 26
401.809450 276.794919 26
403.818813 276.794919 26
404.823495 276.794919 26
405.828176 276.794919 26
409.846903 276.794919 26
410.851585 276.794919 26
411.856267 276.794919 26
416.879675 276.794919 26
417.884357 276.794919 26
418.889039 276.794919 26
420.898402 276.794919 26
422.907765 276.794919 26
426.926492 276.794919 26
430.945219 276.794919 26
432.954582 276.794919 26
437.977991 276.794919 26
438.982673 276.794919 26
439.987354 276.794919 26
441.996718 276.794919 26
443.001399 276.794919 26
446.015444 276.794919 26
453.048216 276.794919 26
458.071625 276.794919 26
459.076307 276.794919 26
462.090352 276.794919 26
464.099715 276.794919 26
466.109078 276.794919 26
472.639510 274.184679 25
475.151214 269.834280 25
476.658236 267.224040 25
478.165259 264.613801 25
480.174622 261.133481 25
480.676963 260.263401 25
481.681645 258.523242 25
483.691008 255.042922 25
485.700372 251.562603 25
488.212076 247.212203 25
488.714417 246.342123 25
494.240166 236.771245 25
499.765915 227.200366 25
500.770597 225.460207 25
501.775279 223.720047 25
504.286983 219.369647 25
504.789324 218.499568 25
505.794005 216.759408 25
507.803369 213.279088 25
509.310391 210.668849 25
510.315073 208.928689 25
511.319755 207.188529 25
511.822096 206.318449 25
512.324436 205.448369 25
512.826777 204.578290 25
513.831459 202.838130 25
515.338482 200.227890 25
516.343163 198.487730 25
517.850186 195.877491 25
518.854867 194.137331 25
524.380617 184.566453 25
524.882958 183.696373 25
525.385298 182.826293 25
525.887639 181.956213 25
526.389980 181.086133 25
526.892321 180.216053 25
527.897003 178.475893 25
528.399344 177.605814 25
529.404025 175.865654 25
529.906366 174.995574 25
532.920411 169.775095 25
534.427434 167.164855 25
536.436797 163.684536 25
536.939138 162.814456 25
537.943820 161.074296 25
538.446161 160.204216 25
538.948501 159.334136 25
539.953183 157.593976 25
540.957865 155.853817 25
544.474251 149.763258 25
545.981273 147.153018 25
547.990637 143.672698 25
548.492977 142.802619 25
548.995318 141.932539 25
551.507023 142.802619 24
552.009363 143.672698 24
554.521068 148.023098 24
555.525749 149.763258 24
556.028090 150.633337 24
557.535113 153.243577 24
558.037454 154.113657 24
558.539794 154.983737 24
560.046817 157.593976 24
560.549158 158.464056 24
561.051499 159.334136 24
561.553839 160.204216 24
562.056180 161.074296 24
563.060862 162.814456 24
563.563203 163.684536 24
564.065544 164.554615 24
564.567885 165.424695 24
566.577248 168.905015 24
567.079589 169.775095 24
568.586611 172.385334 24
569.088952 173.255414 24
569.591293 174.125494 24
570.595975 175.865654 24
575.619383 184.566453 24
577.126406 187.176692 24
578.131087 188.916852 24
579.135769 190.657012 24
580.140451 192.397171 24
581.145133 194.137331 24
582.652155 196.747571 24
584.661518 200.227890 24
586.670882 203.708210 24
587.173223 204.578290 24
588.177904 206.318449 24
589.182586 208.058609 24
590.689609 210.668849 24
591.694290 212.409008 24
595.210676 218.499568 24
596.717699 221.109807 24
597.220040 221.979887 24
598.224721 223.720047 24
598.727062 224.590127 24
599.229403 225.460207 24
601.238766 228.940526 24
602.243448 230.680686 24
603.248130 232.420845 24
605.759834 236.771245 24
607.266857 239.381484 24
607.769197 240.251564 24
608.271538 241.121644 24
608.773879 241.991724 24
609.276220 242.861804 24
611.285583 246.342123 24
612.792606 248.952363 24
614.801969 252.432683 24
615.806651 254.172842 24
617.816014 257.653162 24
620.830059 262.873641 24
627.862831 275.054759 24
628.867513 276.794919 23
629.872195 276.794919 23
636.904967 276.794919 23
637.909648 276.794919 23
639.919012 276.794919 23
640.923693 276.794919 23
645.947102 276.794919 23
661.017327 276.794919 23
662.022009 276.794919 23
664.031373 276.794919 23
665.036054 276.794919 23
669.054781 276.794919 23
670.059463 276.794919 23
673.073508 276.794919 23
674.078190 276.794919 23
681.110961 276.794919 23
682.115643 276.794919 23
685.129688 276.794919 23
686.134370 276.794919 23
690.153097 276.794919 23
691.157778 276.794919 23
693.167142 276.794919 23
694.171824 276.794919 23
695.176505 276.794919 23
696.181187 276.794919 23
703.213959 276.794919 23
704.218641 276.794919 23
707.232686 276.794919 23
709.242049 276.794919 23
711.251412 276.794919 23
712.256094 276.794919 23
713.260776 276.794919 23
715.270139 276.794919 23
716.274821 276.794919 23
717.279503 276.794919 23
721.298229 276.794919 23
724.312275 276.794919 23
725.316956 276.794919 23
726.321638 276.794919 23
728.331001 276.794919 23
731.345046 276.794919 23
735.363773 276.794919 23
738.377818 276.794919 23
743.401227 276.794919 23
745.410590 276.794919 23
749.429317 276.794919 23
754.452726 276.794919 23
758.471452 276.794919 23
759.476134 276.794919 23
761.485497 276.794919 23
762.490179 276.794919 23
764.499543 276.794919 23
767.513588 276.794919 23
769.522951 276.794919 23
770.527633 276.794919 23
777.560405 276.794919 23
781.579131 276.794919 23
784.593177 276.794919 23
785.597858 276.794919 23
786.602540 276.794919 23
786.602540 276.794919 22
785.095517 279.405159 22
783.588495 282.015398 22
783.086154 282.885478 22
781.076791 286.365798 22
777.560405 292.456357 22
777.058064 293.326437 22
775.048701 296.806756 22
773.039337 300.287076 22
771.532315 302.897315 22
770.527633 304.637475 22
769.522951 306.377635 22
769.020610 307.247715 22
766.508906 311.598114 22
764.499543 315.078434 22
763.997202 315.948514 22
762.490179 318.558753 22
760.983157 321.168993 22
758.471453 325.519392 22
755.959748 329.869792 22
755.457407 330.739871 22
754.955067 331.609951 22
753.950385 333.350111 22
752.443362 335.960351 22
750.936340 338.570590 22
749.429317 341.180830 22
746.917613 345.531229 22
742.898886 352.491868 22
739.884841 357.712348 22
739.382500 358.582428 22
738.377819 360.322587 22
736.870796 362.932827 22
734.861433 366.413147 22
733.354410 369.023386 22
732.852069 369.893466 22
732.349729 370.763546 22
731.847388 371.633626 22
730.842706 373.373786 22
730.340365 374.243865 22
729.838024 375.113945 22
728.331002 377.724185 22
727.828661 378.594265 22
727.326320 379.464345 22
724.814616 383.814744 22
724.312275 384.684824 22
721.298230 389.905303 22
720.795889 390.775383 22
720.293548 391.645463 22
719.791207 392.515543 22
719.288866 393.385623 22
718.786526 394.255703 22
717.781844 395.995862 22
716.777162 397.736022 22
716.274821 398.606102 22
714.265458 402.086422 22
707.735027 413.397460 21
708.238181 414.268949 21
708.741336 415.140438 21
709.244490 416.011927 21
709.747645 416.883416 21
710.250799 417.754905 21
710.753954 418.626394 21
711.760262 420.369372 21
712.263417 421.240861 21
712.766571 422.112350 21
713.269726 422.983840 21
713.772880 423.855329 21
715.282343 426.469796 21
715.785498 427.341285 21
716.791807 429.084263 21
717.294961 429.955752 21
717.798116 430.827241 21
718.804424 432.570219 21
719.307579 433.441708 21
719.810733 434.313197 21
720.313888 435.184686 21
720.817042 436.056175 21
721.320197 436.927664 21
721.823351 437.799153 21
722.326505 438.670642 21
723.332814 440.413620 21
724.339123 442.156599 21
724.842278 443.028088 21
725.345432 443.899577 21
725.848586 444.771066 21
726.351741 445.642555 21
726.854895 446.514044 21
727.861204 448.257022 21
728.364359 449.128511 21
728.867513 450.000000 21
728.867513 450.000000 20
732.892749 450.000000 20
733.899058 450.000000 20
734.905366 450.000000 20
735.911675 450.000000 20
736.917984 450.000000 20
737.924293 450.000000 20
738.930602 450.000000 20
740.943220 450.000000 20
741.949529 450.000000 20
742.955838 450.000000 20
743.962147 450.000000 20
744.968455 450.000000 20
745.974764 450.000000 20
746.981073 450.000000 20
747.987382 450.000000 20
748.993691 450.000000 20
750.000000 450.000000 20
751.006309 450.000000 20
753.018927 450.000000 20
754.025236 450.000000 20
756.037853 450.000000 20
757.044162 450.000000 20
758.050471 450.000000 20
759.056780 450.000000 20
760.063089 450.000000 20
761.069398 450.000000 20
762.075707 450.000000 20
763.082016 450.000000 20
764.088325 450.000000 20
765.094634 450.000000 20
766.100942 450.000000 20
767.107251 450.000000 20
768.113560 450.000000 20
771.634828 449.129920 19
772.137169 448.259840 19
772.639510 447.389760 19
775.151214 443.039361 19
775.653555 442.169281 19
776.155895 441.299201 19
777.160577 439.559042 19
778.165259 437.818882 19
778.667600 436.948802 19
779.672281 435.208642 19
782.183986 430.858243 19
782.686326 429.988163 19
789.216757 418.677125 19
789.719098 417.807045 19
792.230803 413.456645 19
793.235484 411.716486 19
794.742507 409.106246 19
795.747189 407.366086 19
799.765915 400.405447 19
801.272938 397.795208 19
802.277620 396.055048 19
803.784642 393.444808 19
804.286983 392.574728 19
805.291665 390.834569 19
809.310391 383.873930 19
810.817414 381.263690 19
811.319755 380.393610 19
813.329118 376.913291 19
813.831459 376.043211 19
816.343163 371.692811 19
816.845504 370.822732 19
819.357208 366.472332 19
822.371253 361.251853 19
823.878276 358.641613 19
825.887639 355.161294 19
826.389980 354.291214 19
827.897003 351.680974 19
828.901684 349.940815 19
830.408707 347.330575 19
831.915730 344.720335 19
832.920411 342.980176 19
834.427434 340.369936 19
835.934456 337.759696 19
837.943820 334.279377 19
839.450842 331.669137 19
842.967228 325.578578 19
843.469569 324.708498 19
845.478932 321.228179 19
846.483614 319.488019 19
847.990637 316.877779 19
849.497659 314.267540 19
850.000000 313.397460 18
850.502341 314.267540 18
852.009363 316.877779 18
854.018727 320.358099 18
855.023408 322.098259 18
855.525749 322.968339 18
856.028090 323.838418 18
859.544476 329.928978 18
860.549158 331.669137 18
863.563203 336.889617 18
864.065544 337.759696 18
865.572566 340.369936 18
867.079589 342.980176 18
867.581930 343.850256 18
868.084270 344.720335 18
868.586611 345.590415 18
869.591293 347.330575 18
871.098316 349.940815 18
871.600656 350.810895 18
873.107679 353.421134 18
874.614702 356.031374 18
876.121724 358.641613 18
877.126406 360.381773 18
878.131087 362.121933 18
879.135769 363.862093 18
882.149814 369.082572 18
883.154496 370.822732 18
883.656837 371.692811 18
884.159178 372.562891 18
885.666200 375.173131 18
886.168541 376.043211 18
886.670882 376.913291 18
888.177904 379.523530 18
889.684927 382.133770 18
891.191949 384.744010 18
891.694290 385.614089 18
892.698972 387.354249 18
893.201313 388.224329 18
894.205995 389.964489 18
894.708335 390.834569 18
898.224721 396.925128 18
899.229403 398.665288 18
899.731744 399.535367 18
900.234085 400.405447 18
901.238766 402.145607 18
901.741107 403.015687 18
902.243448 403.885767 18
905.759834 409.976326 18
906.262175 410.846406 18
906.764516 411.716486 18
907.266857 412.586565 18
908.271538 414.326725 18
908.773879 415.196805 18
909.276220 416.066885 18
910.783243 418.677125 18
911.285583 419.547204 18
911.787924 420.417284 18
912.792606 422.157444 18
913.294947 423.027524 18
914.801969 425.637764 18
919.323037 433.468482 18
920.830059 436.078722 18
921.332400 436.948802 18
922.839423 439.559042 18
923.844105 441.299201 18
924.848786 443.039361 18
925.853468 444.779521 18
926.355809 445.649601 18
928.867513 450.000000 17
929.869379 450.000000 17
930.871245 450.000000 17
932.874977 450.000000 17
933.876843 450.000000 17
936.882441 450.000000 17
937.884307 450.000000 17
938.886173 450.000000 17
939.888039 450.000000 17
940.889905 450.000000 17
943.895503 450.000000 17
947.902967 450.000000 17
948.904833 450.000000 17
949.906699 450.000000 17
950.908565 450.000000 17
951.910431 450.000000 17
952.912297 450.000000 17
954.916029 450.000000 17
955.917895 450.000000 17
957.921627 450.000000 17
959.925359 450.000000 17
964.934690 450.000000 17
967.940288 450.000000 17
968.942154 450.000000 17
969.944020 450.000000 17
970.945886 450.000000 17
972.949618 450.000000 17
973.951484 450.000000 17
974.953350 450.000000 17
975.955216 450.000000 17
976.957082 450.000000 17
977.958948 450.000000 17
978.960814 450.000000 17
979.962680 450.000000 17
980.964546 450.000000 17
981.966412 450.000000 17
982.968278 450.000000 17
983.970144 450.000000 17
984.972010 450.000000 17
985.973876 450.000000 17
987.977608 450.000000 17
988.979474 450.000000 17
989.981340 450.000000 17
994.990670 450.000000 17
995.992536 450.000000 17
996.994402 450.000000 17
1000.000000 450.000000 17
1000.000000 453.000000 16
1000.000000 454.000000 16
1000.000000 455.000000 16
1000.000000 456.000000 16
1000.000000 457.000000 16
1000.000000 459.000000 16
1000.000000 460.000000 16
1000.000000 461.000000 16
1000.000000 465.000000 16
1000.000000 467.000000 16
1000.000000 468.000000 16
1000.000000 473.000000 16
1000.000000 474.000000 16
1000.000000 475.000000 16
1000.000000 477.000000 16
1000.000000 481.000000 16
1000.000000 483.000000 16
1000.000000 486.000000 16
1000.000000 489.000000 16
1000.000000 491.000000 16
1000.000000 492.000000 16
1000.000000 493.000000 16
1000.000000 494.000000 16
1000.000000 497.000000 16
1000.000000 498.000000 16
1000.000000 499.000000 16
1000.000000 501.000000 16
1000.000000 503.000000 16
1000.000000 507.000000 16
1000.000000 509.000000 16
1000.000000 510.000000 16
1000.000000 511.000000 16
1000.000000 513.000000 16
1000.000000 514.000000 16
1000.000000 515.000000 16
1000.000000 516.000000 16
1000.000000 518.000000 16
1000.000000 520.000000 16
1000.000000 523.000000 16
1000.000000 525.000000 16
1000.000000 526.000000 16
1000.000000 527.000000 16
1000.000000 528.000000 16
1000.000000 529.000000 16
1000.000000 530.000000 16
1000.000000 531.000000 16
1000.000000 533.000000 16
1000.000000 536.000000 16
1000.000000 538.000000 16
1000.000000 539.000000 16
1000.000000 543.000000 16
1000.000000 544.000000 16
1000.000000 545.000000 16
1000.000000 546.000000 16
1000.000000 549.000000 16
1000.000000 550.000000 16
1000.000000 550.000000 15
997.986445 550.000000 15
996.979668 550.000000 15
994.966113 550.000000 15
993.959335 550.000000 15
992.952558 550.000000 15
985.905116 550.000000 15
983.891561 550.000000 15
981.878006 550.000000 15
980.871229 550.000000 15
977.850896 550.000000 15
976.844119 550.000000 15
975.837341 550.000000 15
974.830564 550.000000 15
972.817009 550.000000 15
970.803454 550.000000 15
968.789899 550.000000 15
964.762789 550.000000 15
963.756012 550.000000 15
962.749235 550.000000 15
961.742457 550.000000 15
959.728902 550.000000 15
957.715347 550.000000 15
956.708570 550.000000 15
955.701792 550.000000 15
954.695015 550.000000 15
952.681460 550.000000 15
951.674683 550.000000 15
949.661128 550.000000 15
946.640795 550.000000 15
945.634018 550.000000 15
941.606908 550.000000 15
938.586576 550.000000 15
936.573021 550.000000 15
933.552689 550.000000 15
931.539134 550.000000 15
929.525579 550.000000 15
927.512024 550.000000 15
925.498469 550.000000 15
924.491692 550.000000 15
923.484914 550.000000 15
919.457804 550.000000 15
918.451027 550.000000 15
917.444249 550.000000 15
916.437472 550.000000 15
915.430695 550.000000 15
914.423917 550.000000 15
912.410362 550.000000 15
910.396807 550.000000 15
909.390030 550.000000 15
908.383252 550.000000 15
907.376475 550.000000 15
906.369698 550.000000 15
904.356143 550.000000 15
901.335810 550.000000 15
895.295146 550.000000 15
891.268036 550.000000 15
889.254481 550.000000 15
886.234149 550.000000 15
885.227371 550.000000 15
884.220594 550.000000 15
880.193484 550.000000 15
878.179929 550.000000 15
877.173152 550.000000 15
871.132487 550.000000 14
870.629333 549.128511 14
870.126178 548.257022 14
869.623024 547.385533 14
869.119869 546.514044 14
868.616715 545.642555 14
868.113560 544.771066 14
867.610406 543.899577 14
867.107251 543.028088 14
866.604097 542.156599 14
866.100942 541.285110 14
865.597788 540.413620 14
865.094634 539.542131 14
864.591479 538.670642 14
864.088325 537.799153 14
863.082016 536.056175 14
862.578861 535.184686 14
861.572552 533.441708 14
861.069398 532.570219 14
860.566243 531.698730 14
858.553626 528.212774 14
858.050471 527.341285 14
857.547317 526.469796 14
857.044162 525.598307 14
856.541008 524.726818 14
855.534699 522.983840 14
855.031545 522.112350 14
854.528390 521.240861 14
854.025236 520.369372 14
853.018927 518.626394 14
852.515772 517.754905 14
852.012618 516.883416 14
851.509463 516.011927 14
850.503154 514.268949 14
850.000000 513.397460 13
849.496846 514.268949 13
848.993691 515.140438 13
848.490537 516.011927 13
847.987382 516.883416 13
847.484228 517.754905 13
846.981073 518.626394 13
846.477919 519.497883 13
844.968455 522.112350 13
844.465301 522.983840 13
843.962147 523.855329 13
843.458992 524.726818 13
842.955838 525.598307 13
842.452683 526.469796 13
841.949529 527.341285 13
841.446374 528.212774 13
840.943220 529.084263 13
840.440065 529.955752 13
839.936911 530.827241 13
839.433757 531.698730 13
838.930602 532.570219 13
837.924293 534.313197 13
837.421139 535.184686 13
836.917984 536.056175 13
836.414830 536.927664 13
835.911675 537.799153 13
835.408521 538.670642 13
834.905366 539.542131 13
834.402212 540.413620 13
833.395903 542.156599 13
831.886440 544.771066 13
831.383285 545.642555 13
830.880131 546.514044 13
830.376976 547.385533 13
829.370667 549.128511 13
828.867513 550.000000 13
828.867513 550.000000 12
825.853468 550.000000 12
823.844105 550.000000 12
820.830059 550.000000 12
818.820696 550.000000 12
817.816014 550.000000 12
816.811333 550.000000 12
815.806651 550.000000 12
814.801969 550.000000 12
813.797288 550.000000 12
812.792606 550.000000 12
810.783243 550.000000 12
809.778561 550.000000 12
805.759834 550.000000 12
804.755152 550.000000 12
793.703654 550.000000 12
791.694290 550.000000 12
790.689609 550.000000 12
789.684927 550.000000 12
785.666200 550.000000 12
784.661518 550.000000 12
783.656837 550.000000 12
782.652155 550.000000 12
775.619383 550.000000 12
774.614702 550.000000 12
772.605338 550.000000 12
768.586611 550.000000 12
767.581930 550.000000 12
765.572566 550.000000 12
764.567885 550.000000 12
754.521068 550.000000 12
752.511704 550.000000 12
749.497659 550.000000 12
747.488296 550.000000 12
746.483614 550.000000 12
742.464887 550.000000 12
741.460206 550.000000 12
740.455524 550.000000 12
738.446161 550.000000 12
736.436797 550.000000 12
734.427434 550.000000 12
730.408707 550.000000 12
729.404025 550.000000 12
726.389980 550.000000 12
724.380617 550.000000 12
723.375935 550.000000 12
716.343163 550.000000 12
708.305710 550.000000 12
704.286983 550.000000 12
701.272938 550.000000 12
700.268256 550.000000 12
696.249529 550.000000 12
693.235484 550.000000 12
691.226121 550.000000 12
689.216757 550.000000 12
680.174622 550.000000 12
676.155895 550.000000 12
675.151214 550.000000 12
673.141850 550.000000 12
670.127805 548.259840 11
668.620783 545.649601 11
666.611419 542.169281 11
665.606738 540.429121 11
665.104397 539.559042 11
663.095033 536.078722 11
662.592692 535.208642 11
657.569284 526.507843 11
657.066943 525.637764 11
656.062261 523.897604 11
655.559921 523.027524 11
654.052898 520.417284 11
652.043535 516.936965 11
648.024808 509.976326 11
647.522467 509.106246 11
646.517785 507.366086 11
645.513103 505.625926 11
645.010763 504.755847 11
644.508422 503.885767 11
643.001399 501.275527 11
641.996717 499.535367 11
641.494377 498.665288 11
639.485013 495.184968 11
638.982672 494.314888 11
636.973309 490.834569 11
636.470968 489.964489 11
633.959264 485.614089 11
633.456923 484.744010 11
632.452241 483.003850 11
630.945219 480.393610 11
629.940537 478.653450 11
627.931174 475.173131 11
627.428833 474.303051 11
626.424151 472.562891 11
625.419469 470.822732 11
622.907765 466.472332 11
619.893720 461.251853 11
617.382016 456.901454 11
615.874993 454.291214 11
614.870311 452.551054 11
610.851585 445.590415 11
609.846903 443.850256 11
608.842221 442.110096 11
608.339880 441.240016 11
607.335199 439.499856 11
606.832858 438.629776 11
606.330517 437.759696 11
605.828176 436.889617 11
604.823494 435.149457 11
602.814131 431.669137 11
599.800086 426.448658 11
598.795404 424.708498 11
598.293063 423.838418 11
597.790722 422.968339 11
597.288382 422.098259 11
596.283700 420.358099 11
595.279018 418.617939 11
593.771996 416.007700 11
592.767314 414.267540 11
592.264973 413.397460 11
592.264973 413.397460 10
592.768127 412.525971 10
593.271282 411.654482 10
593.774436 410.782993 10
594.277591 409.911504 10
595.283900 408.168526 10
595.787054 407.297036 10
596.290209 406.425547 10
596.793363 405.554058 10
598.302826 402.939591 10
598.805981 402.068102 10
599.309135 401.196613 10
599.812290 400.325124 10
600.315444 399.453635 10
600.818599 398.582146 10
601.321753 397.710657 10
601.824908 396.839168 10
602.831216 395.096190 10
603.334371 394.224700 10
604.340680 392.481722 10
604.843834 391.610233 10
605.346989 390.738744 10
605.850143 389.867255 10
607.359607 387.252788 10
607.862761 386.381299 10
608.365915 385.509810 10
608.869070 384.638321 10
609.372224 383.766832 10
609.875379 382.895342 10
610.881688 381.152364 10
611.384842 380.280875 10
612.391151 378.537897 10
612.894306 377.666408 10
613.397460 376.794919 10
613.397460 376.794919 9
611.384842 376.794919 9
609.372224 376.794919 9
608.365916 376.794919 9
607.359607 376.794919 9
606.353298 376.794919 9
605.346989 376.794919 9
603.334371 376.794919 9
601.321753 376.794919 9
600.315445 376.794919 9
599.309136 376.794919 9
597.296518 376.794919 9
596.290209 376.794919 9
595.283900 376.794919 9
593.271282 376.794919 9
592.264973 376.794919 9
591.258665 376.794919 9
590.252356 376.794919 9
589.246047 376.794919 9
587.233429 376.794919 9
586.227120 376.794919 9
584.214502 376.794919 9
583.208194 376.794919 9
582.201885 376.794919 9
581.195576 376.794919 9
580.189267 376.794919 9
579.182958 376.794919 9
578.176649 376.794919 9
577.170340 376.794919 9
576.164031 376.794919 9
575.157723 376.794919 9
574.151414 376.794919 9
572.138796 376.794919 9
571.132487 376.794919 9
571.132487 376.794919 8
570.126178 375.051941 8
569.623024 374.180452 8
569.119869 373.308963 8
568.616715 372.437474 8
568.113560 371.565985 8
567.610406 370.694496 8
567.107251 369.823007 8
566.100942 368.080029 8
565.094634 366.337050 8
564.591479 365.465561 8
564.088325 364.594072 8
563.585170 363.722583 8
563.082016 362.851094 8
562.578861 361.979605 8
561.572552 360.236627 8
561.069398 359.365138 8
560.063089 357.622160 8
559.559935 356.750671 8
559.056780 355.879182 8
558.553626 355.007693 8
558.050471 354.136204 8
557.547317 353.264715 8
557.044162 352.393226 8
556.541008 351.521737 8
556.037853 350.650248 8
555.534699 349.778759 8
554.025236 347.164291 8
553.522081 346.292802 8
553.018927 345.421313 8
552.515772 344.549824 8
551.509463 342.806846 8
550.503154 341.063868 8
549.496846 341.063868 7
548.993691 341.935357 7
548.490537 342.806846 7
547.987382 343.678335 7
546.981073 345.421313 7
546.477919 346.292802 7
545.974764 347.164291 7
545.471610 348.035780 7
544.465301 349.778759 7
543.458992 351.521737 7
542.955838 352.393226 7
542.452683 353.264715 7
541.949529 354.136204 7
541.446374 355.007693 7
540.943220 355.879182 7
540.440065 356.750671 7
539.936911 357.622160 7
538.930602 359.365138 7
538.427448 360.236627 7
537.924293 361.108116 7
537.421139 361.979605 7
536.917984 362.851094 7
536.414830 363.722583 7
535.911675 364.594072 7
535.408521 365.465561 7
534.905366 366.337050 7
534.402212 367.208539 7
533.899058 368.080029 7
533.395903 368.951518 7
532.389594 370.694496 7
531.886440 371.565985 7
531.383285 372.437474 7
530.880131 373.308963 7
530.376976 374.180452 7
529.370667 375.923430 7
528.867513 376.794919 7
527.861204 376.794919 6
526.854895 376.794919 6
525.848586 376.794919 6
524.842277 376.794919 6
523.835969 376.794919 6
522.829660 376.794919 6
521.823351 376.794919 6
520.817042 376.794919 6
519.810733 376.794919 6
518.804424 376.794919 6
517.798115 376.794919 6
516.791806 376.794919 6
515.785498 376.794919 6
514.779189 376.794919 6
513.772880 376.794919 6
512.766571 376.794919 6
511.760262 376.794919 6
510.753953 376.794919 6
509.747644 376.794919 6
507.735027 376.794919 6
506.728718 376.794919 6
505.722409 376.794919 6
504.716100 376.794919 6
502.703482 376.794919 6
501.697173 376.794919 6
500.690864 376.794919 6
498.678247 376.794919 6
497.671938 376.794919 6
495.659320 376.794919 6
493.646702 376.794919 6
492.640393 376.794919 6
491.634084 376.794919 6
490.627776 376.794919 6
489.621467 376.794919 6
488.615158 376.794919 6
487.608849 376.794919 6
486.602540 376.794919 6
486.602540 376.794919 5
487.608849 378.537897 5
488.112003 379.409386 5
488.615158 380.280875 5
489.118312 381.152364 5
489.621467 382.023853 5
490.124621 382.895342 5
490.627776 383.766832 5
491.130930 384.638321 5
492.137239 386.381299 5
492.640393 387.252788 5
493.143548 388.124277 5
494.653011 390.738744 5
495.156166 391.610233 5
496.162475 393.353211 5
496.665629 394.224700 5
498.175092 396.839168 5
498.678247 397.710657 5
499.181401 398.582146 5
499.684556 399.453635 5
500.690865 401.196613 5
501.194019 402.068102 5
501.697174 402.939591 5
502.200328 403.811080 5
502.703482 404.682569 5
503.709791 406.425547 5
504.716100 408.168526 5
507.231873 412.525971 5
507.735027 413.397460 5
507.232686 414.267540 4
505.725664 416.877779 4
504.218641 419.488019 4
503.213959 421.228179 4
501.204596 424.708498 4
500.702255 425.578578 4
497.688210 430.799057 4
496.683528 432.539217 4
494.674165 436.019537 4
494.171824 436.889617 4
493.669483 437.759696 4
490.655438 442.980176 4
490.153097 443.850256 4
489.148415 445.590415 4
487.641393 448.200655 4
486.636711 449.940815 4
486.134370 450.810895 4
485.129689 452.551054 4
484.125007 454.291214 4
482.115643 457.771534 4
481.613303 458.641613 4
481.110962 459.511693 4
480.608621 460.381773 4
480.106280 461.251853 4
479.101598 462.992013 4
478.096917 464.732172 4
477.594576 465.602252 4
475.585212 469.082572 4
474.580531 470.822732 4
472.068826 475.173131 4
471.566486 476.043211 4
470.059463 478.653450 4
466.543077 484.744010 4
465.036054 487.354249 4
463.529032 489.964489 4
463.026691 490.834569 4
462.524350 491.704649 4
462.022009 492.574728 4
461.017328 494.314888 4
460.514987 495.184968 4
460.012646 496.055048 4
458.505623 498.665288 4
457.500942 500.405447 4
454.989237 504.755847 4
454.486897 505.625926 4
452.477533 509.106246 4
451.472851 510.846406 4
450.970511 511.716486 4
449.965829 513.456645 4
448.458806 516.066885 4
444.440079 523.027524 4
441.426034 528.248003 4
439.416671 531.728323 4
436.904967 536.078722 4
432.886240 543.039361 4
432.383899 543.909441 4
430.374536 547.389760 4
429.369854 549.129920 4
428.867513 550.000000 4
428.867513 550.000000 3
422.839423 550.000000 3
419.825378 550.000000 3
417.816014 550.000000 3
414.801969 550.000000 3
413.797288 550.000000 3
410.783243 550.000000 3
409.778561 550.000000 3
408.773879 550.000000 3
404.755152 550.000000 3
401.741107 550.000000 3
398.727062 550.000000 3
395.713017 550.000000 3
391.694290 550.000000 3
388.680245 550.000000 3
384.661518 550.000000 3
380.642792 550.000000 3
374.614702 550.000000 3
372.605338 550.000000 3
370.595975 550.000000 3
369.591293 550.000000 3
366.577248 550.000000 3
364.567885 550.000000 3
360.549158 550.000000 3
358.539794 550.000000 3
355.525749 550.000000 3
352.511704 550.000000 3
348.492977 550.000000 3
345.478932 550.000000 3
344.474251 550.000000 3
339.450842 550.000000 3
336.436797 550.000000 3
335.432115 550.000000 3
327.394662 550.000000 3
326.389980 550.000000 3
324.380617 550.000000 3
321.366572 550.000000 3
320.361890 550.000000 3
317.347845 550.000000 3
316.343163 550.000000 3
314.333800 550.000000 3
311.319755 550.000000 3
309.310391 550.000000 3
302.277620 550.000000 3
300.268256 550.000000 3
298.258893 550.000000 3
296.249529 550.000000 3
295.244848 550.000000 3
291.226121 550.000000 3
289.216757 550.000000 3
287.207394 550.000000 3
284.193349 550.000000 3
283.188667 550.000000 3
282.183986 550.000000 3
281.179304 550.000000 3
280.174622 550.000000 3
277.160577 550.000000 3
276.155895 550.000000 3
273.141850 550.000000 3
271.132487 550.000000 3
271.132487 550.000000 2
270.629333 549.128511 2
270.126178 548.257022 2
269.623024 547.385533 2
269.119869 546.514044 2
268.616715 545.642555 2
268.113560 544.771066 2
267.107251 543.028088 2
266.604097 542.156599 2
266.100942 541.285110 2
265.597788 540.413620 2
265.094634 539.542131 2
264.591479 538.670642 2
264.088325 537.799153 2
263.585170 536.927664 2
263.082016 536.056175 2
262.075707 534.313197 2
261.572552 533.441708 2
261.069398 532.570219 2
260.063089 530.827241 2
259.559935 529.955752 2
259.056780 529.084263 2
258.553626 528.212774 2
258.050471 527.341285 2
257.547317 526.469796 2
257.044162 525.598307 2
256.541008 524.726818 2
255.534699 522.983840 2
255.031545 522.112350 2
254.528390 521.240861 2
254.025236 520.369372 2
253.522081 519.497883 2
253.018927 518.626394 2
252.515772 517.754905 2
251.509463 516.011927 2
251.006309 515.140438 2
250.000000 513.397460 1
248.490537 516.011927 1
247.987382 516.883416 1
246.981073 518.626394 1
246.477919 519.497883 1
245.974764 520.369372 1
244.968455 522.112350 1
243.962147 523.855329 1
243.458992 524.726818 1
242.955838 525.598307 1
242.452683 526.469796 1
241.949529 527.341285 1
241.446374 528.212774 1
240.943220 529.084263 1
240.440065 529.955752 1
239.433757 531.698730 1
238.930602 532.570219 1
238.427448 533.441708 1
237.924293 534.313197 1
237.421139 535.184686 1
236.917984 536.056175 1
236.414830 536.927664 1
235.911675 537.799153 1
235.408521 538.670642 1
234.905366 539.542131 1
234.402212 540.413620 1
233.899058 541.285110 1
233.395903 542.156599 1
232.892749 543.028088 1
232.389594 543.899577 1
231.886440 544.771066 1
231.383285 545.642555 1
230.880131 546.514044 1
230.376976 547.385533 1
229.873822 548.257022 1
229.370667 549.128511 1
228.867513 550.000000 1
227.860736 550.000000 0
226.853958 550.000000 0
225.847181 550.000000 0
224.840403 550.000000 0
223.833626 550.000000 0
220.813293 550.000000 0
216.786184 550.000000 0
204.704854 550.000000 0
203.698077 550.000000 0
200.677745 550.000000 0
199.670967 550.000000 0
198.664190 550.000000 0
197.657412 550.000000 0
194.637080 550.000000 0
193.630302 550.000000 0
189.603193 550.000000 0
188.596415 550.000000 0
187.589638 550.000000 0
186.582860 550.000000 0
185.576083 550.000000 0
184.569305 550.000000 0
183.562528 550.000000 0
171.481199 550.000000 0
166.447311 550.000000 0
165.440534 550.000000 0
161.413424 550.000000 0
157.386314 550.000000 0
151.345650 550.000000 0
149.332095 550.000000 0
144.298208 550.000000 0
140.271098 550.000000 0
138.257543 550.000000 0
132.216878 550.000000 0
131.210101 550.000000 0
130.203323 550.000000 0
129.196546 550.000000 0
124.162659 550.000000 0
123.155881 550.000000 0
121.142326 550.000000 0
120.135549 550.000000 0
116.108439 550.000000 0
109.060997 550.000000 0
108.054220 550.000000 0
106.040665 550.000000 0
105.033887 550.000000 0
100.000000 550.000000 0
