1180
100.000000 450.000000 32
102.003732 450.000000 32
103.005598 450.000000 32
104.007464 450.000000 32
107.013062 450.000000 32
108.014928 450.000000 32
110.018660 450.000000 32
111.020526 450.000000 32
113.024258 450.000000 32
115.027990 450.000000 32
116.029856 450.000000 32
117.031722 450.000000 32
122.041052 450.000000 32
123.042918 450.000000 32
125.046650 450.000000 32
127.050382 450.000000 32
128.052248 450.000000 32
134.063444 450.000000 32
139.072775 450.000000 32
140.074641 450.000000 32
143.080239 450.000000 32
144.082105 450.000000 32
148.089569 450.000000 32
149.091435 450.000000 32
151.095167 450.000000 32
153.098899 450.000000 32
154.100765 450.000000 32
155.102631 450.000000 32
159.110095 450.000000 32
160.111961 450.000000 32
162.115693 450.000000 32
168.126889 450.000000 32
169.128755 450.000000 32
170.130621 450.000000 32
171.634828 449.129920 31
172.639510 447.389760 31
173.141850 446.519681 31
174.648873 443.909441 31
175.151214 443.039361 31
175.653555 442.169281 31
176.155895 441.299201 31
177.662918 438.688962 31
179.672281 435.208642 31
181.681645 431.728323 31
183.691008 428.248003 31
184.695690 426.507843 31
185.198031 425.637764 31
186.705053 423.027524 31
187.207394 422.157444 31
190.723780 416.066885 31
191.728462 414.326725 31
195.747189 407.366086 31
209.812732 383.003850 31
214.836141 374.303051 31
218.352527 368.212492 31
218.854867 367.342412 31
222.371253 361.251853 31
224.882958 356.901454 31
225.385298 356.031374 31
225.887639 355.161294 31
226.389980 354.291214 31
235.432115 338.629776 31
235.934456 337.759696 31
239.953183 330.799057 31
242.967228 325.578578 31
245.478932 321.228179 31
246.985955 318.617939 31
249.497659 314.267540 31
253.014045 318.617939 30
253.516386 319.488019 30
254.018727 320.358099 30
256.530431 324.708498 30
257.535113 326.448658 30
258.037454 327.318738 30
262.558521 335.149457 30
263.060862 336.019537 30
263.563203 336.889617 30
266.577248 342.110096 30
268.586611 345.590415 30
270.093634 348.200655 30
270.595975 349.070735 30
271.600656 350.810895 30
272.102997 351.680974 30
272.605338 352.551054 30
273.107679 353.421134 30
275.117042 356.901454 30
275.619383 357.771534 30
276.624065 359.511693 30
280.140451 365.602252 30
281.647473 368.212492 30
284.661518 373.432971 30
286.168541 376.043211 30
289.182586 381.263690 30
289.684927 382.133770 30
291.191949 384.744010 30
293.201313 388.224329 30
294.205995 389.964489 30
294.708335 390.834569 30
297.220040 395.184968 30
297.722380 396.055048 30
298.224721 396.925128 30
302.243448 403.885767 30
304.755152 408.236166 30
306.262175 410.846406 30
306.764516 411.716486 30
307.266857 412.586565 30
308.271538 414.326725 30
308.773879 415.196805 30
310.280902 417.807045 30
312.290265 421.287364 30
316.308992 428.248003 30
316.811333 429.118083 30
317.816014 430.858243 30
318.318355 431.728323 30
318.820696 432.598403 30
319.323037 433.468482 30
326.355809 445.649601 30
328.867513 450.000000 29
329.873822 450.000000 29
330.880131 450.000000 29
331.886440 450.000000 29
332.892749 450.000000 29
333.899058 450.000000 29
334.905366 450.000000 29
335.911675 450.000000 29
336.917984 450.000000 29
338.930602 450.000000 29
339.936911 450.000000 29
340.943220 450.000000 29
341.949529 450.000000 29
342.955838 450.000000 29
344.968455 450.000000 29
347.987382 450.000000 29
350.000000 450.000000 29
351.006309 450.000000 29
352.012618 450.000000 29
358.050471 450.000000 29
359.056780 450.000000 29
360.063089 450.000000 29
363.082016 450.000000 29
364.088325 450.000000 29
366.100942 450.000000 29
367.107251 450.000000 29
368.113560 450.000000 29
370.126178 450.000000 29
371.132487 450.000000 28
371.635641 449.128511 28
372.641950 447.385533 28
373.648259 445.642555 28
374.151414 444.771066 28
374.654568 443.899577 28
375.660877 442.156599 28
376.667186 440.413620 28
377.170340 439.542131 28
377.673495 438.670642 28
378.176649 437.799153 28
378.679803 436.927664 28
379.686112 435.184686 28
381.195576 432.570219 28
381.698730 431.698730 28
382.705039 429.955752 28
383.711348 428.212774 28
384.214502 427.341285 28
384.717657 426.469796 28
385.220811 425.598307 28
388.742892 419.497883 28
389.246046 418.626394 28
389.749201 417.754905 28
390.252355 416.883416 28
390.755510 416.011927 28
391.258664 415.140438 28
391.761819 414.268949 28
392.264973 413.397460 28
390.757950 410.787220 27
387.241565 404.696661 27
386.739224 403.826581 27
385.734542 402.086422 27
384.729860 400.346262 27
383.725179 398.606102 27
383.222838 397.736022 27
380.208793 392.515543 27
378.701770 389.905303 27
378.199429 389.035223 27
377.194748 387.295064 27
370.664317 375.984025 27
366.645590 369.023386 27
365.640908 367.283226 27
364.636226 365.543067 27
361.622181 360.322587 27
360.617500 358.582428 27
359.110477 355.972188 27
357.603455 353.361948 27
357.101114 352.491868 27
355.091750 349.011549 27
352.077705 343.791070 27
351.073024 342.050910 27
350.068342 340.310750 27
345.547274 332.480031 27
345.044933 331.609951 27
342.533229 327.259552 27
342.030888 326.389472 27
341.026207 324.649312 27
334.495776 313.338274 27
328.970026 303.767395 27
327.463004 301.157156 27
324.448959 295.936676 27
319.927891 288.105957 27
315.406823 280.275239 27
313.899801 277.664999 27
315.406823 276.794919 26
319.425550 276.794919 26
321.434914 276.794919 26
322.439595 276.794919 26
324.448959 276.794919 26
328.467686 276.794919 26
331.481731 276.794919 26
333.491094 276.794919 26
335.500457 276.794919 26
337.509821 276.794919 26
341.528548 276.794919 26
349.566001 276.794919 26
350.570683 276.794919 26
352.580046 276.794919 26
365.640908 276.794919 26
367.650272 276.794919 26
369.659635 276.794919 26
372.673680 276.794919 26
374.683044 276.794919 26
380.711134 276.794919 26
381.715816 276.794919 26
382.720497 276.794919 26
386.739224 276.794919 26
389.753269 276.794919 26
396.786041 276.794919 26
400.804768 276.794919 26
401.809450 276.794919 26
403.818813 276.794919 26
405.828176 276.794919 26
409.846903 276.794919 26
414.870312 276.794919 26
417.884357 276.794919 26
426.926492 276.794919 26
428.935856 276.794919 26
432.954582 276.794919 26
434.963946 276.794919 26
443.001399 276.794919 26
453.048216 276.794919 26
456.062261 276.794919 26
457.066943 276.794919 26
468.118442 276.794919 26
469.123124 276.794919 26
471.132487 276.794919 25
472.137169 275.054759 25
479.169941 262.873641 25
480.174622 261.133481 25
481.179304 259.393322 25
482.183986 257.653162 25
483.188667 255.913002 25
483.691008 255.042922 25
484.193349 254.172842 25
487.207394 248.952363 25
488.714417 246.342123 25
489.216757 245.472044 25
490.723780 242.861804 25
491.226121 241.991724 25
494.240166 236.771245 25
495.747189 234.161005 25
496.249529 233.290925 25
497.254211 231.550766 25
499.263574 228.070446 25
499.765915 227.200366 25
500.268256 226.330286 25
503.282301 221.109807 25
505.291665 217.629488 25
508.305710 212.409008 25
510.315073 208.928689 25
515.338482 200.227890 25
515.840822 199.357810 25
517.347845 196.747571 25
518.854867 194.137331 25
519.859549 192.397171 25
520.361890 191.527091 25
521.366572 189.786932 25
522.873594 187.176692 25
523.375935 186.306612 25
524.882958 183.696373 25
529.906366 174.995574 25
530.408707 174.125494 25
534.929775 166.294775 25
535.432115 165.424695 25
535.934456 164.554615 25
536.939138 162.814456 25
538.446161 160.204216 25
538.948501 159.334136 25
541.460206 154.983737 25
542.967228 152.373497 25
543.469569 151.503417 25
543.971910 150.633337 25
545.478932 148.023098 25
546.985955 145.412858 25
548.995318 141.932539 25
550.000000 140.192379 24
550.502341 141.062459 24
551.507023 142.802619 24
552.009363 143.672698 24
552.511704 144.542778 24
554.018727 147.153018 24
555.023408 148.893178 24
555.525749 149.763258 24
556.530431 151.503417 24
557.032772 152.373497 24
558.037454 154.113657 24
558.539794 154.983737 24
562.558521 161.944376 24
563.060862 162.814456 24
565.572566 167.164855 24
566.577248 168.905015 24
567.581930 170.645175 24
572.605338 179.345973 24
573.610020 181.086133 24
574.112361 181.956213 24
575.117042 183.696373 24
575.619383 184.566453 24
578.633428 189.786932 24
582.652155 196.747571 24
585.666200 201.968050 24
589.182586 208.058609 24
591.694290 212.409008 24
596.717699 221.109807 24
600.736426 228.070446 24
601.238766 228.940526 24
611.787924 247.212203 24
616.308992 255.042922 24
616.811333 255.913002 24
617.313674 256.783082 24
617.816014 257.653162 24
619.825378 261.133481 24
623.341764 267.224040 24
628.867513 276.794919 24
630.876876 276.794919 23
631.881558 276.794919 23
632.886240 276.794919 23
634.895603 276.794919 23
637.909648 276.794919 23
643.937739 276.794919 23
649.965829 276.794919 23
654.989237 276.794919 23
660.012646 276.794919 23
662.022009 276.794919 23
668.050099 276.794919 23
671.064144 276.794919 23
680.106280 276.794919 23
682.115643 276.794919 23
689.148415 276.794919 23
690.153097 276.794919 23
694.171824 276.794919 23
695.176505 276.794919 23
703.213959 276.794919 23
704.218641 276.794919 23
710.246731 276.794919 23
718.284184 276.794919 23
720.293548 276.794919 23
724.312275 276.794919 23
726.321638 276.794919 23
729.335683 276.794919 23
732.349728 276.794919 23
733.354410 276.794919 23
739.382500 276.794919 23
740.387182 276.794919 23
747.419954 276.794919 23
748.424635 276.794919 23
756.462089 276.794919 23
758.471452 276.794919 23
762.490179 276.794919 23
765.504224 276.794919 23
766.508906 276.794919 23
775.551041 276.794919 23
777.560405 276.794919 23
782.583813 276.794919 23
781.076791 286.365798 22
780.574450 287.235878 22
777.058064 293.326437 22
773.541678 299.416996 22
772.034655 302.027235 22
769.020610 307.247715 22
768.518270 308.117795 22
768.015929 308.987875 22
767.513588 309.857954 22
767.011247 310.728034 22
765.504224 313.338274 22
764.499543 315.078434 22
760.480816 322.039073 22
758.973793 324.649312 22
757.969112 326.389472 22
753.448044 334.220191 22
752.443362 335.960351 22
749.931658 340.310750 22
746.917613 345.531229 22
744.908250 349.011549 22
743.903568 350.751709 22
743.401227 351.621789 22
742.396545 353.361948 22
741.391864 355.102108 22
740.387182 356.842268 22
739.884841 357.712348 22
736.870796 362.932827 22
734.359092 367.283226 22
731.345047 372.503706 22
728.833343 376.854105 22
726.321638 381.204504 22
725.316957 382.944664 22
724.312275 384.684824 22
722.302912 388.165144 22
720.293548 391.645463 22
719.288866 393.385623 22
718.786526 394.255703 22
717.279503 396.865942 22
716.274821 398.606102 22
715.270140 400.346262 22
711.251413 407.306901 22
710.749072 408.176981 22
708.739709 411.657300 22
708.238181 414.268949 21
708.741336 415.140438 21
709.244490 416.011927 21
709.747645 416.883416 21
710.250799 417.754905 21
710.753954 418.626394 21
711.257108 419.497883 21
711.760262 420.369372 21
712.766571 422.112350 21
713.269726 422.983840 21
714.779189 425.598307 21
715.282343 426.469796 21
715.785498 427.341285 21
716.288652 428.212774 21
716.791807 429.084263 21
717.294961 429.955752 21
718.301270 431.698730 21
718.804424 432.570219 21
719.307579 433.441708 21
719.810733 434.313197 21
720.313888 435.184686 21
721.320197 436.927664 21
722.829660 439.542131 21
723.332814 440.413620 21
723.835969 441.285110 21
724.339123 442.156599 21
724.842278 443.028088 21
725.345432 443.899577 21
725.848586 444.771066 21
726.351741 445.642555 21
727.358050 447.385533 21
727.861204 448.257022 21
728.364359 449.128511 21
728.867513 450.000000 21
728.867513 450.000000 20
729.873822 450.000000 20
730.880131 450.000000 20
731.886440 450.000000 20
733.899058 450.000000 20
735.911675 450.000000 20
737.924293 450.000000 20
738.930602 450.000000 20
739.936911 450.000000 20
740.943220 450.000000 20
744.968455 450.000000 20
745.974764 450.000000 20
746.981073 450.000000 20
750.000000 450.000000 20
752.012618 450.000000 20
753.018927 450.000000 20
754.025236 450.000000 20
755.031545 450.000000 20
757.044162 450.000000 20
759.056780 450.000000 20
761.069398 450.000000 20
763.082016 450.000000 20
764.088325 450.000000 20
765.094634 450.000000 20
767.107251 450.000000 20
768.113560 450.000000 20
770.126178 450.000000 20
774.648873 443.909441 19
776.155895 441.299201 19
781.179304 432.598403 19
786.202712 423.897604 19
789.719098 417.807045 19
791.728462 414.326725 19
793.737825 410.846406 19
796.751870 405.625926 19
798.258893 403.015687 19
798.761234 402.145607 19
799.263574 401.275527 19
801.272938 397.795208 19
803.282301 394.314888 19
804.286983 392.574728 19
807.803369 386.484169 19
812.324436 378.653450 19
813.831459 376.043211 19
814.333800 375.173131 19
816.845504 370.822732 19
817.347845 369.952652 19
819.357208 366.472332 19
820.361890 364.732172 19
820.864231 363.862093 19
821.366572 362.992013 19
821.868913 362.121933 19
824.380617 357.771534 19
826.389980 354.291214 19
828.901684 349.940815 19
831.413389 345.590415 19
831.915730 344.720335 19
832.920411 342.980176 19
834.427434 340.369936 19
836.436797 336.889617 19
842.464887 326.448658 19
845.478932 321.228179 19
845.981273 320.358099 19
847.488296 317.747859 19
849.497659 314.267540 19
850.000000 313.397460 18
851.004682 315.137620 18
852.511704 317.747859 18
854.521068 321.228179 18
855.023408 322.098259 18
856.028090 323.838418 18
857.032772 325.578578 18
858.539794 328.188818 18
860.549158 331.669137 18
861.553839 333.409297 18
862.558521 335.149457 18
864.567885 338.629776 18
866.577248 342.110096 18
867.581930 343.850256 18
868.084270 344.720335 18
869.591293 347.330575 18
870.595975 349.070735 18
874.614702 356.031374 18
876.624065 359.511693 18
877.126406 360.381773 18
880.140451 365.602252 18
884.661518 373.432971 18
886.670882 376.913291 18
888.177904 379.523530 18
890.689609 383.873930 18
894.205995 389.964489 18
894.708335 390.834569 18
896.717699 394.314888 18
898.727062 397.795208 18
899.731744 399.535367 18
901.741107 403.015687 18
903.248130 405.625926 18
904.252811 407.366086 18
904.755152 408.236166 18
906.764516 411.716486 18
910.783243 418.677125 18
911.285583 419.547204 18
911.787924 420.417284 18
912.290265 421.287364 18
912.792606 422.157444 18
915.304310 426.507843 18
916.811333 429.118083 18
919.825378 434.338562 18
926.355809 445.649601 18
926.858150 446.519681 18
929.869379 450.000000 17
930.871245 450.000000 17
931.873111 450.000000 17
932.874977 450.000000 17
934.878709 450.000000 17
936.882441 450.000000 17
937.884307 450.000000 17
940.889905 450.000000 17
942.893637 450.000000 17
943.895503 450.000000 17
944.897369 450.000000 17
946.901101 450.000000 17
947.902967 450.000000 17
950.908565 450.000000 17
953.914163 450.000000 17
957.921627 450.000000 17
961.929091 450.000000 17
963.932823 450.000000 17
964.934690 450.000000 17
965.936556 450.000000 17
967.940288 450.000000 17
970.945886 450.000000 17
973.951484 450.000000 17
974.953350 450.000000 17
977.958948 450.000000 17
981.966412 450.000000 17
983.970144 450.000000 17
984.972010 450.000000 17
986.975742 450.000000 17
987.977608 450.000000 17
990.983206 450.000000 17
993.988804 450.000000 17
995.992536 450.000000 17
996.994402 450.000000 17
1000.000000 450.000000 17
1000.000000 450.000000 16
1000.000000 453.000000 16
1000.000000 454.000000 16
1000.000000 456.000000 16
1000.000000 457.000000 16
1000.000000 458.000000 16
1000.000000 459.000000 16
1000.000000 463.000000 16
1000.000000 467.000000 16
1000.000000 468.000000 16
1000.000000 469.000000 16
1000.000000 471.000000 16
1000.000000 472.000000 16
1000.000000 474.000000 16
1000.000000 476.000000 16
1000.000000 480.000000 16
1000.000000 482.000000 16
1000.000000 483.000000 16
1000.000000 493.000000 16
1000.000000 497.000000 16
1000.000000 499.000000 16
1000.000000 500.000000 16
1000.000000 504.000000 16
1000.000000 508.000000 16
1000.000000 509.000000 16
1000.000000 512.000000 16
1000.000000 513.000000 16
1000.000000 515.000000 16
1000.000000 516.000000 16
1000.000000 518.000000 16
1000.000000 519.000000 16
1000.000000 521.000000 16
1000.000000 522.000000 16
1000.000000 528.000000 16
1000.000000 531.000000 16
1000.000000 538.000000 16
1000.000000 541.000000 16
1000.000000 542.000000 16
1000.000000 550.000000 15
998.993223 550.000000 15
997.986445 550.000000 15
995.972890 550.000000 15
994.966113 550.000000 15
991.945780 550.000000 15
990.939003 550.000000 15
987.918671 550.000000 15
985.905116 550.000000 15
984.898338 550.000000 15
976.844119 550.000000 15
975.837341 550.000000 15
973.823786 550.000000 15
972.817009 550.000000 15
970.803454 550.000000 15
967.783122 550.000000 15
966.776344 550.000000 15
962.749235 550.000000 15
961.742457 550.000000 15
958.722125 550.000000 15
954.695015 550.000000 15
951.674683 550.000000 15
948.654350 550.000000 15
947.647573 550.000000 15
946.640795 550.000000 15
943.620463 550.000000 15
939.593353 550.000000 15
938.586576 550.000000 15
936.573021 550.000000 15
933.552689 550.000000 15
932.545911 550.000000 15
930.532356 550.000000 15
926.505246 550.000000 15
925.498469 550.000000 15
922.478137 550.000000 15
905.362920 550.000000 15
903.349365 550.000000 15
896.301923 550.000000 15
889.254481 550.000000 15
885.227371 550.000000 15
883.213816 550.000000 15
881.200261 550.000000 15
879.186707 550.000000 15
878.179929 550.000000 15
873.146042 550.000000 15
872.139264 550.000000 15
871.132487 550.000000 15
871.132487 550.000000 14
870.629333 549.128511 14
870.126178 548.257022 14
869.623024 547.385533 14
868.616715 545.642555 14
868.113560 544.771066 14
866.100942 541.285110 14
865.597788 540.413620 14
864.591479 538.670642 14
863.585170 536.927664 14
863.082016 536.056175 14
862.075707 534.313197 14
861.069398 532.570219 14
860.566243 531.698730 14
859.056780 529.084263 14
858.553626 528.212774 14
858.050471 527.341285 14
857.547317 526.469796 14
856.037853 523.855329 14
855.534699 522.983840 14
854.025236 520.369372 14
853.522081 519.497883 14
853.018927 518.626394 14
852.515772 517.754905 14
851.006309 515.140438 14
850.503154 514.268949 14
850.000000 513.397460 14
850.000000 513.397460 13
849.496846 514.268949 13
848.993691 515.140438 13
847.987382 516.883416 13
846.981073 518.626394 13
846.477919 519.497883 13
845.974764 520.369372 13
845.471610 521.240861 13
844.968455 522.112350 13
843.962147 523.855329 13
843.458992 524.726818 13
842.955838 525.598307 13
842.452683 526.469796 13
841.949529 527.341285 13
841.446374 528.212774 13
840.943220 529.084263 13
840.440065 529.955752 13
839.433757 531.698730 13
838.930602 532.570219 13
837.421139 535.184686 13
836.414830 536.927664 13
835.911675 537.799153 13
834.402212 540.413620 13
833.899058 541.285110 13
832.892749 543.028088 13
832.389594 543.899577 13
831.886440 544.771066 13
831.383285 545.642555 13
830.880131 546.514044 13
830.376976 547.385533 13
829.873822 548.257022 13
829.370667 549.128511 13
828.867513 550.000000 13
820.830059 550.000000 12
810.783243 550.000000 12
809.778561 550.000000 12
808.773879 550.000000 12
803.750471 550.000000 12
800.736426 550.000000 12
794.708335 550.000000 12
793.703654 550.000000 12
789.684927 550.000000 12
786.670882 550.000000 12
782.652155 550.000000 12
781.647473 550.000000 12
778.633428 550.000000 12
777.628747 550.000000 12
771.600656 550.000000 12
770.595975 550.000000 12
764.567885 550.000000 12
761.553839 550.000000 12
760.549158 550.000000 12
758.539794 550.000000 12
752.511704 550.000000 12
747.488296 550.000000 12
739.450842 550.000000 12
735.432115 550.000000 12
734.427434 550.000000 12
730.408707 550.000000 12
728.399344 550.000000 12
719.357208 550.000000 12
718.352527 550.000000 12
716.343163 550.000000 12
713.329118 550.000000 12
712.324436 550.000000 12
711.319755 550.000000 12
707.301028 550.000000 12
705.291665 550.000000 12
704.286983 550.000000 12
702.277620 550.000000 12
683.188667 550.000000 12
680.174622 550.000000 12
677.160577 550.000000 12
674.146532 550.000000 12
673.141850 550.000000 12
671.132487 550.000000 12
670.127805 548.259840 11
669.625464 547.389760 11
665.606738 540.429121 11
659.578647 529.988163 11
655.559921 523.027524 11
655.057580 522.157444 11
654.555239 521.287364 11
652.545875 517.807045 11
649.029489 511.716486 11
648.527149 510.846406 11
648.024808 509.976326 11
647.020126 508.236166 11
646.517785 507.366086 11
644.508422 503.885767 11
643.001399 501.275527 11
639.987354 496.055048 11
638.982672 494.314888 11
637.977991 492.574728 11
637.475650 491.704649 11
633.959264 485.614089 11
630.945219 480.393610 11
625.419469 470.822732 11
623.410106 467.342412 11
622.405424 465.602252 11
621.903083 464.732172 11
619.893720 461.251853 11
616.879675 456.031374 11
615.372652 453.421134 11
612.860948 449.070735 11
608.339880 441.240016 11
606.832858 438.629776 11
606.330517 437.759696 11
605.828176 436.889617 11
604.823494 435.149457 11
604.321153 434.279377 11
603.818813 433.409297 11
594.776677 417.747859 11
594.274336 416.877779 11
592.264973 413.397460 10
593.271282 411.654482 10
593.774436 410.782993 10
594.277591 409.911504 10
594.780745 409.040015 10
595.283900 408.168526 10
595.787054 407.297036 10
596.290209 406.425547 10
597.296518 404.682569 10
598.805981 402.068102 10
600.818599 398.582146 10
601.824908 396.839168 10
603.334371 394.224700 10
603.837525 393.353211 10
605.346989 390.738744 10
605.850143 389.867255 10
606.353298 388.995766 10
607.359607 387.252788 10
607.862761 386.381299 10
609.372224 383.766832 10
609.875379 382.895342 10
610.378533 382.023853 10
610.881688 381.152364 10
611.384842 380.280875 10
611.887997 379.409386 10
612.894306 377.666408 10
613.397460 376.794919 10
612.391151 376.794919 9
609.372224 376.794919 9
608.365916 376.794919 9
607.359607 376.794919 9
606.353298 376.794919 9
605.346989 376.794919 9
604.340680 376.794919 9
603.334371 376.794919 9
598.302827 376.794919 9
597.296518 376.794919 9
596.290209 376.794919 9
595.283900 376.794919 9
593.271282 376.794919 9
592.264973 376.794919 9
591.258665 376.794919 9
590.252356 376.794919 9
589.246047 376.794919 9
588.239738 376.794919 9
585.220811 376.794919 9
583.208194 376.794919 9
581.195576 376.794919 9
574.151414 376.794919 9
573.145105 376.794919 9
572.138796 376.794919 9
569.119869 373.308963 8
568.616715 372.437474 8
568.113560 371.565985 8
567.610406 370.694496 8
567.107251 369.823007 8
566.604097 368.951518 8
566.100942 368.080029 8
565.597788 367.208539 8
565.094634 366.337050 8
564.591479 365.465561 8
564.088325 364.594072 8
563.585170 363.722583 8
562.578861 361.979605 8
561.572552 360.236627 8
561.069398 359.365138 8
560.566243 358.493649 8
560.063089 357.622160 8
559.559935 356.750671 8
559.056780 355.879182 8
558.553626 355.007693 8
558.050471 354.136204 8
557.547317 353.264715 8
557.044162 352.393226 8
556.541008 351.521737 8
556.037853 350.650248 8
555.534699 349.778759 8
554.528390 348.035780 8
554.025236 347.164291 8
553.522081 346.292802 8
553.018927 345.421313 8
552.515772 344.549824 8
551.006309 341.935357 8
550.503154 341.063868 8
550.000000 340.192379 7
549.496846 341.063868 7
548.993691 341.935357 7
548.490537 342.806846 7
547.987382 343.678335 7
546.981073 345.421313 7
546.477919 346.292802 7
545.974764 347.164291 7
544.465301 349.778759 7
543.962147 350.650248 7
542.452683 353.264715 7
541.949529 354.136204 7
540.440065 356.750671 7
539.936911 357.622160 7
538.930602 359.365138 7
538.427448 360.236627 7
537.421139 361.979605 7
536.917984 362.851094 7
536.414830 363.722583 7
535.911675 364.594072 7
535.408521 365.465561 7
534.905366 366.337050 7
534.402212 367.208539 7
533.899058 368.080029 7
532.892749 369.823007 7
532.389594 370.694496 7
531.886440 371.565985 7
531.383285 372.437474 7
530.880131 373.308963 7
529.873822 375.051941 7
529.370667 375.923430 7
528.867513 376.794919 7
527.861204 376.794919 6
525.848586 376.794919 6
524.842277 376.794919 6
523.835969 376.794919 6
521.823351 376.794919 6
520.817042 376.794919 6
519.810733 376.794919 6
518.804424 376.794919 6
516.791806 376.794919 6
515.785498 376.794919 6
514.779189 376.794919 6
513.772880 376.794919 6
512.766571 376.794919 6
510.753953 376.794919 6
509.747644 376.794919 6
508.741335 376.794919 6
507.735027 376.794919 6
504.716100 376.794919 6
503.709791 376.794919 6
502.703482 376.794919 6
500.690864 376.794919 6
499.684555 376.794919 6
498.678247 376.794919 6
494.653011 376.794919 6
493.646702 376.794919 6
492.640393 376.794919 6
491.634084 376.794919 6
490.627776 376.794919 6
488.615158 376.794919 6
487.608849 376.794919 6
486.602540 376.794919 6
487.105694 377.666408 5
487.608849 378.537897 5
488.112003 379.409386 5
488.615158 380.280875 5
489.621467 382.023853 5
490.124621 382.895342 5
490.627776 383.766832 5
491.130930 384.638321 5
491.634085 385.509810 5
492.640393 387.252788 5
494.653011 390.738744 5
495.659320 392.481722 5
497.168784 395.096190 5
497.671938 395.967679 5
498.175092 396.839168 5
498.678247 397.710657 5
499.181401 398.582146 5
499.684556 399.453635 5
500.187710 400.325124 5
501.194019 402.068102 5
501.697174 402.939591 5
502.200328 403.811080 5
503.709791 406.425547 5
504.212946 407.297036 5
504.716100 408.168526 5
505.219255 409.040015 5
506.728718 411.654482 5
507.735027 413.397460 5
507.232686 414.267540 4
506.730345 415.137620 4
502.711618 422.098259 4
502.209278 422.968339 4
498.190551 429.928978 4
497.185869 431.669137 4
494.674165 436.019537 4
493.669483 437.759696 4
492.162461 440.369936 4
491.660120 441.240016 4
488.646075 446.460495 4
488.143734 447.330575 4
487.641393 448.200655 4
487.139052 449.070735 4
484.627348 453.421134 4
480.608621 460.381773 4
478.599257 463.862093 4
478.096917 464.732172 4
475.082872 469.952652 4
471.064145 476.913291 4
469.054781 480.393610 4
468.050100 482.133770 4
466.040736 485.614089 4
465.538395 486.484169 4
465.036054 487.354249 4
460.514987 495.184968 4
456.998601 501.275527 4
455.491578 503.885767 4
450.970511 511.716486 4
448.458806 516.066885 4
444.440079 523.027524 4
443.937739 523.897604 4
443.435398 524.767684 4
442.933057 525.637764 4
440.923693 529.118083 4
439.919012 530.858243 4
437.407308 535.208642 4
432.383899 543.909441 4
431.881558 544.779521 4
431.379217 545.649601 4
429.872195 548.259840 4
426.858150 550.000000 3
420.830059 550.000000 3
417.816014 550.000000 3
413.797288 550.000000 3
411.787924 550.000000 3
410.783243 550.000000 3
409.778561 550.000000 3
390.689609 550.000000 3
389.684927 550.000000 3
387.675564 550.000000 3
385.666200 550.000000 3
378.633428 550.000000 3
377.628747 550.000000 3
376.624065 550.000000 3
375.619383 550.000000 3
372.605338 550.000000 3
370.595975 550.000000 3
363.563203 550.000000 3
356.530431 550.000000 3
354.521068 550.000000 3
351.507023 550.000000 3
346.483614 550.000000 3
345.478932 550.000000 3
341.460206 550.000000 3
338.446161 550.000000 3
336.436797 550.000000 3
321.366572 550.000000 3
319.357208 550.000000 3
311.319755 550.000000 3
310.315073 550.000000 3
309.310391 550.000000 3
303.282301 550.000000 3
302.277620 550.000000 3
301.272938 550.000000 3
294.240166 550.000000 3
286.202712 550.000000 3
285.198031 550.000000 3
283.188667 550.000000 3
275.151214 550.000000 3
271.132487 550.000000 2
270.126178 548.257022 2
268.616715 545.642555 2
268.113560 544.771066 2
267.107251 543.028088 2
266.100942 541.285110 2
265.094634 539.542131 2
264.088325 537.799153 2
263.585170 536.927664 2
263.082016 536.056175 2
262.578861 535.184686 2
262.075707 534.313197 2
261.572552 533.441708 2
261.069398 532.570219 2
260.566244 531.698730 2
260.063089 530.827241 2
259.056780 529.084263 2
258.050471 527.341285 2
257.547317 526.469796 2
257.044162 525.598307 2
255.534699 522.983840 2
255.031545 522.112350 2
254.528390 521.240861 2
253.018927 518.626394 2
252.515772 517.754905 2
252.012618 516.883416 2
251.006309 515.140438 2
250.503154 514.268949 2
250.000000 513.397460 2
250.000000 513.397460 1
249.496846 514.268949 1
248.993691 515.140438 1
247.484228 517.754905 1
246.981073 518.626394 1
245.974764 520.369372 1
245.471610 521.240861 1
244.968455 522.112350 1
244.465301 522.983840 1
243.962147 523.855329 1
243.458992 524.726818 1
242.452683 526.469796 1
239.936911 530.827241 1
239.433757 531.698730 1
238.930602 532.570219 1
238.427448 533.441708 1
236.917984 536.056175 1
236.414830 536.927664 1
235.911675 537.799153 1
235.408521 538.670642 1
234.402212 540.413620 1
233.899058 541.285110 1
233.395903 542.156599 1
232.892749 543.028088 1
232.389594 543.899577 1
231.886440 544.771066 1
229.873822 548.257022 1
229.370667 549.128511 1
228.867513 550.000000 1
224.840403 550.000000 0
223.833626 550.000000 0
222.826848 550.000000 0
221.820071 550.000000 0
219.806516 550.000000 0
217.792961 550.000000 0
216.786184 550.000000 0
213.765851 550.000000 0
212.759074 550.000000 0
208.731964 550.000000 0
198.664190 550.000000 0
197.657412 550.000000 0
195.643857 550.000000 0
194.637080 550.000000 0
192.623525 550.000000 0
188.596415 550.000000 0
182.555751 550.000000 0
181.548973 550.000000 0
179.535418 550.000000 0
178.528641 550.000000 0
176.515086 550.000000 0
169.467644 550.000000 0
160.406647 550.000000 0
157.386314 550.000000 0
156.379537 550.000000 0
155.372759 550.000000 0
154.365982 550.000000 0
153.359205 550.000000 0
138.257543 550.000000 0
135.237211 550.000000 0
134.230433 550.000000 0
131.210101 550.000000 0
128.189768 550.000000 0
126.176214 550.000000 0
121.142326 550.000000 0
118.121994 550.000000 0
116.108439 550.000000 0
113.088107 550.000000 0
110.067774 550.000000 0
104.027110 550.000000 0
