1110
100.000000 450.000000 8
102.000978 450.000000 8
103.001467 450.000000 8
106.002933 450.000000 8
108.003911 450.000000 8
110.004889 450.000000 8
111.005378 450.000000 8
112.005867 450.000000 8
117.008311 450.000000 8
121.010266 450.000000 8
125.012222 450.000000 8
127.013200 450.000000 8
131.015155 450.000000 8
138.018577 450.000000 8
139.019066 450.000000 8
140.019555 450.000000 8
141.020044 450.000000 8
142.020533 450.000000 8
144.021511 450.000000 8
145.022000 450.000000 8
147.022977 450.000000 8
152.025422 450.000000 8
153.025911 450.000000 8
154.026400 450.000000 8
155.026888 450.000000 8
160.029333 450.000000 8
161.029822 450.000000 8
162.030311 450.000000 8
168.033244 450.000000 8
169.033733 450.000000 8
173.035688 450.000000 8
174.036177 450.000000 8
177.037644 450.000000 8
178.038133 450.000000 8
183.040577 450.000000 8
184.041066 450.000000 8
185.041555 450.000000 8
187.042533 450.000000 8
189.043510 450.000000 8
190.043999 450.000000 8
191.044488 450.000000 8
193.045466 450.000000 8
196.046933 450.000000 8
201.049377 450.000000 8
202.049866 450.000000 8
203.050355 450.000000 8
204.050844 450.000000 8
205.051332 450.000000 8
206.051821 450.000000 8
208.052799 450.000000 8
209.053288 450.000000 8
210.053777 450.000000 8
214.055732 450.000000 8
219.058177 450.000000 8
222.059643 450.000000 8
224.060621 450.000000 8
225.061110 450.000000 8
233.065021 450.000000 8
235.065999 450.000000 8
236.066488 450.000000 8
237.066977 450.000000 8
238.067465 450.000000 8
239.067954 450.000000 8
242.069421 450.000000 8
246.071377 450.000000 8
252.074310 450.000000 8
255.075776 450.000000 8
256.076265 450.000000 8
259.077732 450.000000 8
263.079687 450.000000 8
265.080665 450.000000 8
269.082621 450.000000 8
270.083110 450.000000 8
272.084087 450.000000 8
274.085065 450.000000 8
275.085554 450.000000 8
276.086043 450.000000 8
277.086532 450.000000 8
278.087021 450.000000 8
279.087510 450.000000 8
280.087998 450.000000 8
282.088976 450.000000 8
285.090443 450.000000 8
286.090932 450.000000 8
287.091421 450.000000 8
289.092398 450.000000 8
291.093376 450.000000 8
296.095821 450.000000 8
297.096309 450.000000 8
298.096798 450.000000 8
299.097287 450.000000 8
301.098265 450.000000 8
303.099243 450.000000 8
304.099732 450.000000 8
305.100220 450.000000 8
306.100709 450.000000 8
308.101687 450.000000 8
311.103154 450.000000 8
316.105598 450.000000 8
317.106087 450.000000 8
319.107065 450.000000 8
322.108531 450.000000 8
323.109020 450.000000 8
324.109509 450.000000 8
327.110976 450.000000 8
328.111465 450.000000 8
329.111954 450.000000 8
330.112442 450.000000 8
335.114887 450.000000 8
336.115376 450.000000 8
338.116353 450.000000 8
339.116842 450.000000 8
340.117331 450.000000 8
342.118309 450.000000 8
346.120265 450.000000 8
347.120753 450.000000 8
348.121242 450.000000 8
350.122220 450.000000 8
351.122709 450.000000 8
355.124664 450.000000 8
357.125642 450.000000 8
361.127598 450.000000 8
363.128575 450.000000 8
367.130531 450.000000 8
368.131020 450.000000 8
370.131998 450.000000 8
371.132487 450.000000 7
371.633516 449.132192 7
372.635575 447.396575 7
375.641752 442.189724 7
378.647928 436.982873 7
379.649987 435.247256 7
381.153076 432.643831 7
383.157193 429.172597 7
383.658223 428.304788 7
384.159252 427.436980 7
384.660282 426.569172 7
385.161311 425.701363 7
386.163370 423.965746 7
387.165429 422.230129 7
388.167488 420.494512 7
388.668517 419.626704 7
391.674694 414.419853 7
393.177782 411.816428 7
396.684988 405.741768 7
397.687047 404.006151 7
400.693224 398.799301 7
401.194254 397.931492 7
401.695283 397.063684 7
402.697342 395.328067 7
404.200430 392.724641 7
404.701460 391.856833 7
405.202489 390.989025 7
406.705577 388.385599 7
408.208666 385.782174 7
409.210725 384.046557 7
410.212784 382.310940 7
411.715872 379.707515 7
412.216901 378.839706 7
414.722049 374.500664 7
416.225137 371.897238 7
416.726166 371.029430 7
417.227196 370.161621 7
419.231314 366.690388 7
421.736461 362.351345 7
423.239549 359.747920 7
423.740579 358.880111 7
424.742638 357.144495 7
425.243667 356.276686 7
426.245726 354.541069 7
427.247785 352.805452 7
428.750873 350.202027 7
430.253962 347.598601 7
431.256020 345.862984 7
432.759109 343.259559 7
433.260138 342.391751 7
434.262197 340.656134 7
435.765286 338.052708 7
437.769403 334.581474 7
438.270433 333.713666 7
438.771462 332.845858 7
439.272492 331.978049 7
439.773521 331.110241 7
440.274551 330.242432 7
442.779698 325.903390 7
443.781757 324.167773 7
444.282786 323.299964 7
444.783816 322.432156 7
447.288963 318.093114 7
447.789992 317.225305 7
448.291022 316.357497 7
449.293081 314.621880 7
450.295140 312.886263 7
452.299257 309.415029 7
452.800287 308.547221 7
453.301316 307.679412 7
453.802346 306.811604 7
454.804405 305.075987 7
457.309552 300.736944 7
457.810581 299.869136 7
461.317787 293.794477 7
461.818817 292.926668 7
462.319846 292.058860 7
462.820876 291.191051 7
463.822935 289.455434 7
465.827052 285.984201 7
466.829111 284.248584 7
467.831170 282.512967 7
469.334259 279.909541 7
470.336318 278.173924 7
470.837347 277.306116 7
474.344553 271.231457 7
474.845583 270.363648 7
475.847641 268.628031 7
476.849700 266.892414 7
477.350730 266.024606 7
477.851759 265.156797 7
478.352789 264.288989 7
478.853818 263.421181 7
480.857936 259.949947 7
482.361024 257.346521 7
482.862054 256.478713 7
483.363083 255.610904 7
484.365142 253.875287 7
485.868230 251.271862 7
486.870289 249.536245 7
488.373378 246.932820 7
490.377496 243.461586 7
491.379554 241.725969 7
496.890878 232.180076 7
498.393967 229.576651 7
498.894996 228.708842 7
500.398085 226.105417 7
503.404261 220.898566 7
503.905291 220.030757 7
504.406320 219.162949 7
505.408379 217.427332 7
507.412497 213.956098 7
508.414556 212.220481 7
511.420732 207.013630 7
511.921762 206.145822 7
512.923821 204.410205 7
514.426909 201.806780 7
515.929997 199.203354 7
517.433086 196.599929 7
518.435145 194.864312 7
518.936174 193.996504 7
519.437204 193.128695 7
521.441321 189.657461 7
523.445439 186.186227 7
530.960881 173.169100 7
533.466028 168.830058 7
533.967058 167.962250 7
535.971175 164.491016 7
537.474264 161.887590 7
538.977352 159.284165 7
539.478382 158.416357 7
540.480440 156.680740 7
541.482499 154.945123 7
543.486617 151.473889 7
543.987647 150.606080 7
546.993823 145.399230 7
551.002059 141.927996 6
553.006177 145.399230 6
554.509265 148.002655 6
556.012353 150.606080 6
557.515442 153.209506 6
559.519560 156.680740 6
560.020589 157.548548 6
560.521618 158.416357 6
561.022648 159.284165 6
562.525736 161.887590 6
563.026766 162.755399 6
566.032942 167.962250 6
567.536031 170.565675 6
569.039119 173.169100 6
569.540149 174.036909 6
570.041178 174.904717 6
572.045296 178.375951 6
573.548384 180.979377 6
576.053531 185.318419 6
577.556620 187.921844 6
579.059708 190.525270 6
581.063826 193.996504 6
581.564855 194.864312 6
585.573091 201.806780 6
588.078238 206.145822 6
588.579268 207.013630 6
589.581327 208.749247 6
590.583385 210.484864 6
591.585444 212.220481 6
593.589562 215.691715 6
594.090592 216.559524 6
596.595739 220.898566 6
597.096768 221.766374 6
597.597798 222.634183 6
600.102945 226.973225 6
600.603974 227.841034 6
601.105004 228.708842 6
602.107063 230.444459 6
602.608092 231.312267 6
603.109122 232.180076 6
605.113239 235.651310 6
606.616328 238.254735 6
607.618387 239.990352 6
609.622504 243.461586 6
611.626622 246.932820 6
612.127652 247.800628 6
612.628681 248.668437 6
613.630740 250.404054 6
614.632799 252.139671 6
616.636917 255.610904 6
617.638976 257.346521 6
620.144123 261.685564 6
620.645152 262.553372 6
621.647211 264.288989 6
623.651329 267.760223 6
625.655447 271.231457 6
628.160594 275.570499 6
629.663682 278.173924 6
631.166771 280.777350 6
632.168830 282.512967 6
632.669859 283.380775 6
633.170889 284.248584 6
634.172948 285.984201 6
635.175006 287.719818 6
636.177065 289.455434 6
638.682213 293.794477 6
640.686330 297.265711 6
641.187360 298.133519 6
642.189419 299.869136 6
642.690448 300.736944 6
643.191478 301.604753 6
644.694566 304.208178 6
645.195595 305.075987 6
646.698684 307.679412 6
647.199713 308.547221 6
648.702802 311.150646 6
650.205890 313.754071 6
650.706919 314.621880 6
652.711037 318.093114 6
653.212067 318.960922 6
654.715155 321.564348 6
655.717214 323.299964 6
657.220302 325.903390 6
657.721332 326.771198 6
658.222361 327.639007 6
658.723391 328.506815 6
665.236773 339.788325 6
667.240891 343.259559 6
669.245009 346.730793 6
673.754274 354.541069 6
674.255303 355.408878 6
675.257362 357.144495 6
676.760451 359.747920 6
677.261480 360.615728 6
678.263539 362.351345 6
679.766627 364.954771 6
681.269716 367.558196 6
682.271775 369.293813 6
682.772804 370.161621 6
684.275892 372.765047 6
684.776922 373.632855 6
685.778981 375.368472 6
686.781040 377.104089 6
687.783099 378.839706 6
689.787216 382.310940 6
691.791334 385.782174 6
692.292364 386.649982 6
693.294423 388.385599 6
694.797511 390.989025 6
695.298540 391.856833 6
697.803688 396.195875 6
698.304717 397.063684 6
700.308835 400.534918 6
702.813982 404.873960 6
703.816041 406.609577 6
707.323247 412.684236 6
707.824277 413.552045 6
708.325306 414.419853 6
710.329424 417.891087 6
710.830453 418.758895 6
712.333542 421.362321 6
713.335601 423.097938 6
717.844866 430.908214 6
718.345895 431.776022 6
719.347954 433.511639 6
720.851042 436.115065 6
721.352072 436.982873 6
722.855160 439.586298 6
724.358248 442.189724 6
724.859278 443.057532 6
726.362366 445.660958 6
727.865455 448.264383 6
728.867513 450.000000 5
730.868491 450.000000 5
731.868980 450.000000 5
733.869958 450.000000 5
734.870447 450.000000 5
735.870936 450.000000 5
737.871913 450.000000 5
739.872891 450.000000 5
740.873380 450.000000 5
745.875824 450.000000 5
746.876313 450.000000 5
747.876802 450.000000 5
748.877291 450.000000 5
749.877780 450.000000 5
750.878269 450.000000 5
753.879735 450.000000 5
755.880713 450.000000 5
756.881202 450.000000 5
757.881691 450.000000 5
759.882669 450.000000 5
761.883647 450.000000 5
764.885113 450.000000 5
765.885602 450.000000 5
766.886091 450.000000 5
767.886580 450.000000 5
768.887069 450.000000 5
769.887558 450.000000 5
772.889024 450.000000 5
773.889513 450.000000 5
776.890980 450.000000 5
778.891957 450.000000 5
779.892446 450.000000 5
780.892935 450.000000 5
782.893913 450.000000 5
784.894891 450.000000 5
785.895380 450.000000 5
786.895869 450.000000 5
788.896846 450.000000 5
789.897335 450.000000 5
790.897824 450.000000 5
791.898313 450.000000 5
793.899291 450.000000 5
794.899780 450.000000 5
796.900757 450.000000 5
797.901246 450.000000 5
799.902224 450.000000 5
801.903202 450.000000 5
803.904179 450.000000 5
805.905157 450.000000 5
811.908091 450.000000 5
812.908579 450.000000 5
813.909068 450.000000 5
814.909557 450.000000 5
817.911024 450.000000 5
818.911513 450.000000 5
821.912979 450.000000 5
822.913468 450.000000 5
823.913957 450.000000 5
826.915424 450.000000 5
827.915913 450.000000 5
828.916401 450.000000 5
829.916890 450.000000 5
831.917868 450.000000 5
835.919824 450.000000 5
836.920313 450.000000 5
837.920801 450.000000 5
838.921290 450.000000 5
841.922757 450.000000 5
845.924712 450.000000 5
846.925201 450.000000 5
848.926179 450.000000 5
850.927157 450.000000 5
851.927646 450.000000 5
853.928623 450.000000 5
855.929601 450.000000 5
859.931557 450.000000 5
860.932046 450.000000 5
863.933512 450.000000 5
864.934001 450.000000 5
868.935957 450.000000 5
874.938890 450.000000 5
878.940845 450.000000 5
880.941823 450.000000 5
881.942312 450.000000 5
884.943779 450.000000 5
889.946223 450.000000 5
894.948668 450.000000 5
895.949156 450.000000 5
899.951112 450.000000 5
900.951601 450.000000 5
905.954045 450.000000 5
912.957467 450.000000 5
913.957956 450.000000 5
915.958934 450.000000 5
916.959423 450.000000 5
918.960401 450.000000 5
919.960890 450.000000 5
923.962845 450.000000 5
925.963823 450.000000 5
928.965290 450.000000 5
929.965778 450.000000 5
930.966267 450.000000 5
932.967245 450.000000 5
936.969201 450.000000 5
939.970667 450.000000 5
940.971156 450.000000 5
941.971645 450.000000 5
942.972134 450.000000 5
943.972623 450.000000 5
945.973600 450.000000 5
949.975556 450.000000 5
950.976045 450.000000 5
952.977023 450.000000 5
953.977512 450.000000 5
955.978489 450.000000 5
957.979467 450.000000 5
959.980445 450.000000 5
961.981423 450.000000 5
965.983378 450.000000 5
966.983867 450.000000 5
970.985822 450.000000 5
971.986311 450.000000 5
973.987289 450.000000 5
980.990711 450.000000 5
981.991200 450.000000 5
984.992667 450.000000 5
988.994622 450.000000 5
989.995111 450.000000 5
991.996089 450.000000 5
994.997556 450.000000 5
995.998044 450.000000 5
996.998533 450.000000 5
997.999022 450.000000 5
1000.000000 450.000000 5
1000.000000 450.000000 4
1000.000000 451.000000 4
1000.000000 452.000000 4
1000.000000 453.000000 4
1000.000000 454.000000 4
1000.000000 455.000000 4
1000.000000 456.000000 4
1000.000000 457.000000 4
1000.000000 458.000000 4
1000.000000 459.000000 4
1000.000000 460.000000 4
1000.000000 462.000000 4
1000.000000 463.000000 4
1000.000000 465.000000 4
1000.000000 466.000000 4
1000.000000 468.000000 4
1000.000000 469.000000 4
1000.000000 470.000000 4
1000.000000 471.000000 4
1000.000000 472.000000 4
1000.000000 473.000000 4
1000.000000 474.000000 4
1000.000000 475.000000 4
1000.000000 476.000000 4
1000.000000 477.000000 4
1000.000000 478.000000 4
1000.000000 479.000000 4
1000.000000 480.000000 4
1000.000000 481.000000 4
1000.000000 482.000000 4
1000.000000 483.000000 4
1000.000000 484.000000 4
1000.000000 485.000000 4
1000.000000 486.000000 4
1000.000000 487.000000 4
1000.000000 488.000000 4
1000.000000 490.000000 4
1000.000000 491.000000 4
1000.000000 492.000000 4
1000.000000 493.000000 4
1000.000000 495.000000 4
1000.000000 496.000000 4
1000.000000 497.000000 4
1000.000000 498.000000 4
1000.000000 499.000000 4
1000.000000 500.000000 4
1000.000000 501.000000 4
1000.000000 502.000000 4
1000.000000 503.000000 4
1000.000000 504.000000 4
1000.000000 505.000000 4
1000.000000 506.000000 4
1000.000000 507.000000 4
1000.000000 508.000000 4
1000.000000 509.000000 4
1000.000000 510.000000 4
1000.000000 511.000000 4
1000.000000 512.000000 4
1000.000000 513.000000 4
1000.000000 515.000000 4
1000.000000 516.000000 4
1000.000000 518.000000 4
1000.000000 519.000000 4
1000.000000 520.000000 4
1000.000000 521.000000 4
1000.000000 523.000000 4
1000.000000 524.000000 4
1000.000000 525.000000 4
1000.000000 527.000000 4
1000.000000 529.000000 4
1000.000000 531.000000 4
1000.000000 532.000000 4
1000.000000 533.000000 4
1000.000000 534.000000 4
1000.000000 535.000000 4
1000.000000 536.000000 4
1000.000000 537.000000 4
1000.000000 539.000000 4
1000.000000 541.000000 4
1000.000000 542.000000 4
1000.000000 543.000000 4
1000.000000 544.000000 4
1000.000000 545.000000 4
1000.000000 546.000000 4
1000.000000 547.000000 4
1000.000000 548.000000 4
1000.000000 549.000000 4
1000.000000 550.000000 4
1000.000000 550.000000 3
997.994710 550.000000 3
996.992065 550.000000 3
990.976196 550.000000 3
987.968262 550.000000 3
984.960327 550.000000 3
980.949748 550.000000 3
973.931234 550.000000 3
972.928589 550.000000 3
970.923299 550.000000 3
968.918009 550.000000 3
966.912720 550.000000 3
964.907430 550.000000 3
963.904785 550.000000 3
962.902140 550.000000 3
959.894206 550.000000 3
958.891561 550.000000 3
955.883626 550.000000 3
954.880981 550.000000 3
950.870402 550.000000 3
948.865112 550.000000 3
942.849243 550.000000 3
940.843953 550.000000 3
937.836019 550.000000 3
936.833374 550.000000 3
935.830729 550.000000 3
933.825439 550.000000 3
931.820150 550.000000 3
924.801636 550.000000 3
923.798991 550.000000 3
922.796346 550.000000 3
920.791056 550.000000 3
917.783122 550.000000 3
912.769897 550.000000 3
910.764608 550.000000 3
909.761963 550.000000 3
907.756673 550.000000 3
906.754028 550.000000 3
905.751383 550.000000 3
904.748738 550.000000 3
903.746094 550.000000 3
902.743449 550.000000 3
900.738159 550.000000 3
897.730224 550.000000 3
894.722290 550.000000 3
892.717000 550.000000 3
891.714355 550.000000 3
890.711710 550.000000 3
886.701131 550.000000 3
884.695841 550.000000 3
883.693196 550.000000 3
882.690552 550.000000 3
881.687907 550.000000 3
879.682617 550.000000 3
878.679972 550.000000 3
876.674682 550.000000 3
875.672038 550.000000 3
859.629720 550.000000 3
858.627075 550.000000 3
850.605916 550.000000 3
849.603271 550.000000 3
846.595337 550.000000 3
845.592692 550.000000 3
844.590047 550.000000 3
840.579468 550.000000 3
839.576823 550.000000 3
836.568888 550.000000 3
835.566243 550.000000 3
833.560954 550.000000 3
831.555664 550.000000 3
827.545084 550.000000 3
824.537150 550.000000 3
821.529215 550.000000 3
820.526570 550.000000 3
817.518636 550.000000 3
815.513346 550.000000 3
814.510701 550.000000 3
812.505412 550.000000 3
810.500122 550.000000 3
809.497477 550.000000 3
801.476318 550.000000 3
800.473673 550.000000 3
798.468384 550.000000 3
792.452514 550.000000 3
791.449870 550.000000 3
787.439290 550.000000 3
785.434000 550.000000 3
783.428711 550.000000 3
782.426066 550.000000 3
781.423421 550.000000 3
777.412841 550.000000 3
776.410197 550.000000 3
775.407552 550.000000 3
774.404907 550.000000 3
771.396972 550.000000 3
769.391683 550.000000 3
767.386393 550.000000 3
762.373169 550.000000 3
761.370524 550.000000 3
760.367879 550.000000 3
758.362589 550.000000 3
755.354655 550.000000 3
748.336141 550.000000 3
744.325561 550.000000 3
740.314982 550.000000 3
738.309692 550.000000 3
737.307047 550.000000 3
736.304402 550.000000 3
730.288533 550.000000 3
726.277954 550.000000 3
722.267374 550.000000 3
718.256795 550.000000 3
717.254150 550.000000 3
714.246215 550.000000 3
713.243571 550.000000 3
711.238281 550.000000 3
708.230346 550.000000 3
703.217122 550.000000 3
701.211832 550.000000 3
698.203898 550.000000 3
694.193318 550.000000 3
689.180094 550.000000 3
682.161580 550.000000 3
681.158935 550.000000 3
677.148356 550.000000 3
676.145711 550.000000 3
673.137776 550.000000 3
671.132487 550.000000 3
670.631939 549.133026 2
669.630844 547.399079 2
669.130297 546.532105 2
668.129202 544.798158 2
667.628654 543.931185 2
666.627559 542.197237 2
666.127012 541.330264 2
665.626464 540.463290 2
665.125917 539.596316 2
664.124822 537.862369 2
663.624275 536.995395 2
663.123727 536.128422 2
662.623180 535.261448 2
662.122632 534.394474 2
661.622085 533.527501 2
661.121537 532.660527 2
660.620990 531.793554 2
659.619895 530.059606 2
657.617705 526.591712 2
657.117158 525.724738 2
655.615515 523.123817 2
654.614420 521.389870 2
654.113873 520.522896 2
653.613325 519.655923 2
652.612230 517.921975 2
651.611135 516.188028 2
651.110588 515.321054 2
649.608946 512.720133 2
648.607851 510.986186 2
647.606756 509.252239 2
646.605661 507.518292 2
646.105113 506.651318 2
645.604566 505.784344 2
645.104018 504.917371 2
643.602376 502.316450 2
643.101828 501.449476 2
642.601281 500.582502 2
642.100734 499.715529 2
641.600186 498.848555 2
640.599091 497.114608 2
639.597996 495.380661 2
638.596901 493.646713 2
638.096354 492.779740 2
637.595806 491.912766 2
636.594711 490.178819 2
635.593617 488.444871 2
634.592522 486.710924 2
634.091974 485.843951 2
633.591427 484.976977 2
632.089784 482.376056 2
631.589237 481.509082 2
630.087594 478.908161 2
629.086499 477.174214 2
627.584857 474.573293 2
626.583762 472.839346 2
624.581572 469.371451 2
623.580477 467.637504 2
623.079930 466.770530 2
621.578288 464.169610 2
620.577193 462.435662 2
618.575003 458.967768 2
617.573908 457.233820 2
617.073360 456.366847 2
613.068981 449.431058 2
612.568433 448.564084 2
610.566243 445.096189 2
609.064601 442.495269 2
607.562958 439.894348 2
606.561864 438.160400 2
606.061316 437.293427 2
605.560769 436.426453 2
603.058031 432.091585 2
602.557484 431.224611 2
601.556389 429.490664 2
601.055841 428.623690 2
600.054747 426.889743 2
599.053652 425.155796 2
598.553104 424.288822 2
598.052557 423.421848 2
597.552009 422.554875 2
596.550914 420.820927 2
595.049272 418.220007 2
594.548724 417.353033 2
593.047082 414.752112 2
592.045987 413.018165 2
588.542155 406.949349 2
588.041607 406.082376 2
587.541060 405.215402 2
587.040512 404.348428 2
586.539965 403.481455 2
586.039417 402.614481 2
585.038323 400.880534 2
584.537775 400.013560 2
583.536680 398.279613 2
583.036133 397.412639 2
580.032848 392.210797 2
579.031753 390.476850 2
578.030658 388.742903 2
577.530111 387.875929 2
577.029563 387.008955 2
576.028468 385.275008 2
575.527921 384.408035 2
571.523541 377.472245 2
570.522446 375.738298 2
569.020804 373.137377 2
568.019709 371.403430 2
567.018614 369.669483 2
566.017519 367.935535 2
564.515876 365.334614 2
564.015329 364.467641 2
563.514782 363.600667 2
562.013139 360.999746 2
561.512592 360.132773 2
560.511497 358.398825 2
559.009854 355.797904 2
558.509307 354.930931 2
557.508212 353.196983 2
557.007665 352.330010 2
555.506022 349.729089 2
554.004380 347.128168 2
553.503832 346.261194 2
552.502737 344.527247 2
550.500547 341.059353 2
549.499453 341.059353 1
547.997810 343.660273 1
547.497263 344.527247 1
546.496168 346.261194 1
544.493978 349.729089 1
543.993430 350.596063 1
542.491788 353.196983 1
539.989051 357.531852 1
539.488503 358.398825 1
538.987956 359.265799 1
537.986861 360.999746 1
537.486313 361.866720 1
536.985766 362.733694 1
535.984671 364.467641 1
535.484124 365.334614 1
534.983576 366.201588 1
533.982481 367.935535 1
532.480839 370.536456 1
531.980291 371.403430 1
531.479744 372.270404 1
526.974817 380.073166 1
525.973722 381.807114 1
524.472079 384.408035 1
523.971532 385.275008 1
522.970437 387.008955 1
522.469889 387.875929 1
521.969342 388.742903 1
520.968247 390.476850 1
519.466605 393.077771 1
518.966057 393.944745 1
517.964962 395.678692 1
517.464415 396.545666 1
516.463320 398.279613 1
515.962772 399.146586 1
515.462225 400.013560 1
513.460035 403.481455 1
512.959488 404.348428 1
512.458940 405.215402 1
511.958393 406.082376 1
511.457845 406.949349 1
510.456750 408.683297 1
509.956203 409.550270 1
509.455655 410.417244 1
507.954013 413.018165 1
506.952918 414.752112 1
505.951823 416.486059 1
504.950728 418.220007 1
504.450181 419.086980 1
503.949633 419.953954 1
502.948538 421.687901 1
501.446896 424.288822 1
499.945253 426.889743 1
497.943064 430.357638 1
495.440326 434.692506 1
493.438136 438.160400 1
492.937589 439.027374 1
491.936494 440.761321 1
491.435947 441.628295 1
489.934304 444.229216 1
489.433757 445.096189 1
488.432662 446.830137 1
487.932114 447.697110 1
486.931019 449.431058 1
486.430472 450.298031 1
485.929924 451.165005 1
485.429377 452.031979 1
484.928830 452.898952 1
483.927735 454.632899 1
483.427187 455.499873 1
482.926640 456.366847 1
480.423902 460.701715 1
477.921165 465.036583 1
476.419523 467.637504 1
475.918975 468.504478 1
475.418428 469.371451 1
473.916785 471.972372 1
473.416238 472.839346 1
471.914595 475.440267 1
469.411858 479.775135 1
468.911311 480.642109 1
466.909121 484.110003 1
465.908026 485.843951 1
464.906931 487.577898 1
460.902551 494.513687 1
460.402004 495.380661 1
458.900361 497.981582 1
458.399814 498.848555 1
457.899266 499.715529 1
457.398719 500.582502 1
456.898172 501.449476 1
455.396529 504.050397 1
453.394339 507.518292 1
452.893792 508.385265 1
451.892697 510.119213 1
450.391054 512.720133 1
448.889412 515.321054 1
448.388865 516.188028 1
445.886127 520.522896 1
444.384485 523.123817 1
443.383390 524.857764 1
442.882842 525.724738 1
442.382295 526.591712 1
441.881748 527.458685 1
441.381200 528.325659 1
440.380105 530.059606 1
439.379010 531.793554 1
435.374631 538.729343 1
434.373536 540.463290 1
432.371346 543.931185 1
431.870798 544.798158 1
431.370251 545.665132 1
430.869703 546.532105 1
429.368061 549.133026 1
426.862224 550.000000 0
418.841065 550.000000 0
416.835775 550.000000 0
415.833130 550.000000 0
412.825196 550.000000 0
411.822551 550.000000 0
409.817261 550.000000 0
408.814616 550.000000 0
407.811971 550.000000 0
403.801392 550.000000 0
402.798747 550.000000 0
399.790813 550.000000 0
396.782878 550.000000 0
394.777588 550.000000 0
391.769654 550.000000 0
390.767009 550.000000 0
386.756429 550.000000 0
385.753785 550.000000 0
380.740560 550.000000 0
365.700887 550.000000 0
363.695598 550.000000 0
361.690308 550.000000 0
360.687663 550.000000 0
354.671794 550.000000 0
351.663859 550.000000 0
350.661215 550.000000 0
349.658570 550.000000 0
347.653280 550.000000 0
346.650635 550.000000 0
343.642701 550.000000 0
338.629476 550.000000 0
334.618897 550.000000 0
332.613607 550.000000 0
327.600383 550.000000 0
325.595093 550.000000 0
324.592448 550.000000 0
320.581869 550.000000 0
318.576579 550.000000 0
314.566000 550.000000 0
312.560710 550.000000 0
310.555420 550.000000 0
306.544841 550.000000 0
303.536906 550.000000 0
297.521037 550.000000 0
296.518392 550.000000 0
294.513102 550.000000 0
293.510458 550.000000 0
288.497233 550.000000 0
287.494588 550.000000 0
284.486654 550.000000 0
283.484009 550.000000 0
280.476074 550.000000 0
279.473430 550.000000 0
278.470785 550.000000 0
275.462850 550.000000 0
273.457560 550.000000 0
271.452271 550.000000 0
270.449626 550.000000 0
269.446981 550.000000 0
268.444336 550.000000 0
265.436402 550.000000 0
262.428467 550.000000 0
260.423177 550.000000 0
256.412598 550.000000 0
255.409953 550.000000 0
253.404663 550.000000 0
252.402018 550.000000 0
248.391439 550.000000 0
244.380860 550.000000 0
243.378215 550.000000 0
242.375570 550.000000 0
240.370280 550.000000 0
238.364990 550.000000 0
236.359701 550.000000 0
233.351766 550.000000 0
232.349121 550.000000 0
230.343832 550.000000 0
229.341187 550.000000 0
226.333252 550.000000 0
224.327962 550.000000 0
221.320028 550.000000 0
220.317383 550.000000 0
219.314738 550.000000 0
210.290934 550.000000 0
209.288290 550.000000 0
203.272420 550.000000 0
202.269776 550.000000 0
197.256551 550.000000 0
194.248617 550.000000 0
192.243327 550.000000 0
191.240682 550.000000 0
185.224813 550.000000 0
184.222168 550.000000 0
182.216878 550.000000 0
181.214234 550.000000 0
180.211589 550.000000 0
178.206299 550.000000 0
176.201009 550.000000 0
174.195720 550.000000 0
173.193075 550.000000 0
172.190430 550.000000 0
169.182495 550.000000 0
167.177205 550.000000 0
164.169271 550.000000 0
163.166626 550.000000 0
162.163981 550.000000 0
157.150757 550.000000 0
155.145467 550.000000 0
153.140177 550.000000 0
150.132243 550.000000 0
146.121663 550.000000 0
145.119019 550.000000 0
143.113729 550.000000 0
142.111084 550.000000 0
140.105794 550.000000 0
139.103149 550.000000 0
136.095215 550.000000 0
133.087280 550.000000 0
129.076701 550.000000 0
127.071411 550.000000 0
124.063477 550.000000 0
123.060832 550.000000 0
121.055542 550.000000 0
120.052897 550.000000 0
118.047607 550.000000 0
116.042318 550.000000 0
112.031738 550.000000 0
109.023804 550.000000 0
105.013224 550.000000 0
104.010579 550.000000 0
