2160
102.003732 450.000000 32
103.005598 450.000000 32
104.007464 450.000000 32
105.009330 450.000000 32
106.011196 450.000000 32
107.013062 450.000000 32
108.014928 450.000000 32
109.016794 450.000000 32
110.018660 450.000000 32
112.022392 450.000000 32
113.024258 450.000000 32
114.026124 450.000000 32
115.027990 450.000000 32
116.029856 450.000000 32
117.031722 450.000000 32
118.033588 450.000000 32
119.035454 450.000000 32
121.039186 450.000000 32
122.041052 450.000000 32
123.042918 450.000000 32
124.044784 450.000000 32
125.046650 450.000000 32
126.048516 450.000000 32
127.050382 450.000000 32
128.052248 450.000000 32
129.054114 450.000000 32
130.055980 450.000000 32
131.057846 450.000000 32
132.059712 450.000000 32
133.061578 450.000000 32
134.063444 450.000000 32
136.067177 450.000000 32
137.069043 450.000000 32
138.070909 450.000000 32
139.072775 450.000000 32
140.074641 450.000000 32
142.078373 450.000000 32
143.080239 450.000000 32
144.082105 450.000000 32
145.083971 450.000000 32
146.085837 450.000000 32
147.087703 450.000000 32
148.089569 450.000000 32
149.091435 450.000000 32
150.093301 450.000000 32
152.097033 450.000000 32
153.098899 450.000000 32
154.100765 450.000000 32
155.102631 450.000000 32
156.104497 450.000000 32
157.106363 450.000000 32
158.108229 450.000000 32
159.110095 450.000000 32
160.111961 450.000000 32
161.113827 450.000000 32
162.115693 450.000000 32
163.117559 450.000000 32
164.119425 450.000000 32
166.123157 450.000000 32
167.125023 450.000000 32
168.126889 450.000000 32
169.128755 450.000000 32
170.130621 450.000000 32
171.132487 450.000000 32
171.634828 449.129920 31
172.639510 447.389760 31
173.141850 446.519681 31
173.644191 445.649601 31
174.648873 443.909441 31
176.155895 441.299201 31
176.658236 440.429121 31
178.165259 437.818882 31
178.667600 436.948802 31
179.169941 436.078722 31
179.672281 435.208642 31
180.174622 434.338562 31
183.691008 428.248003 31
184.193349 427.377923 31
184.695690 426.507843 31
185.198031 425.637764 31
186.202712 423.897604 31
187.207394 422.157444 31
187.709735 421.287364 31
188.714417 419.547204 31
189.216757 418.677125 31
189.719098 417.807045 31
190.221439 416.936965 31
190.723780 416.066885 31
191.728462 414.326725 31
192.230803 413.456645 31
194.240166 409.976326 31
194.742507 409.106246 31
195.244848 408.236166 31
195.747189 407.366086 31
196.249529 406.496006 31
198.258893 403.015687 31
199.263574 401.275527 31
200.268256 399.535367 31
201.775279 396.925128 31
202.277620 396.055048 31
203.282301 394.314888 31
204.286983 392.574728 31
204.789324 391.704649 31
205.291665 390.834569 31
205.794005 389.964489 31
206.798687 388.224329 31
207.803369 386.484169 31
208.808051 384.744010 31
210.315073 382.133770 31
210.817414 381.263690 31
212.324436 378.653450 31
213.329118 376.913291 31
213.831459 376.043211 31
214.333800 375.173131 31
215.338482 373.432971 31
216.343163 371.692811 31
218.352527 368.212492 31
218.854867 367.342412 31
219.859549 365.602252 31
222.873594 360.381773 31
223.375935 359.511693 31
223.878276 358.641613 31
224.882958 356.901454 31
225.385298 356.031374 31
225.887639 355.161294 31
227.897003 351.680974 31
229.404025 349.070735 31
230.911048 346.460495 31
232.418070 343.850256 31
232.920411 342.980176 31
233.422752 342.110096 31
234.929775 339.499856 31
235.432115 338.629776 31
235.934456 337.759696 31
236.436797 336.889617 31
238.446161 333.409297 31
238.948501 332.539217 31
239.450842 331.669137 31
239.953183 330.799057 31
240.455524 329.928978 31
240.957865 329.058898 31
241.460206 328.188818 31
241.962546 327.318738 31
242.967228 325.578578 31
243.971910 323.838418 31
244.474251 322.968339 31
244.976592 322.098259 31
245.478932 321.228179 31
245.981273 320.358099 31
246.483614 319.488019 31
247.488296 317.747859 31
247.990637 316.877779 31
248.492977 316.007700 31
248.995318 315.137620 31
249.497659 314.267540 31
250.000000 313.397460 31
251.507023 316.007700 30
252.511704 317.747859 30
254.018727 320.358099 30
254.521068 321.228179 30
257.535113 326.448658 30
259.042135 329.058898 30
259.544476 329.928978 30
260.046817 330.799057 30
261.051499 332.539217 30
262.558521 335.149457 30
263.060862 336.019537 30
264.065544 337.759696 30
265.572566 340.369936 30
266.074907 341.240016 30
267.079589 342.980176 30
267.581930 343.850256 30
268.084270 344.720335 30
269.591293 347.330575 30
270.093634 348.200655 30
271.098316 349.940815 30
271.600656 350.810895 30
272.102997 351.680974 30
272.605338 352.551054 30
273.107679 353.421134 30
274.112361 355.161294 30
274.614702 356.031374 30
275.117042 356.901454 30
275.619383 357.771534 30
276.121724 358.641613 30
276.624065 359.511693 30
277.126406 360.381773 30
279.135769 363.862093 30
280.140451 365.602252 30
280.642792 366.472332 30
282.149814 369.082572 30
283.656837 371.692811 30
284.159178 372.562891 30
284.661518 373.432971 30
285.163859 374.303051 30
285.666200 375.173131 30
286.168541 376.043211 30
289.182586 381.263690 30
289.684927 382.133770 30
291.694290 385.614089 30
294.708335 390.834569 30
295.210676 391.704649 30
296.215358 393.444808 30
296.717699 394.314888 30
297.220040 395.184968 30
298.727062 397.795208 30
301.741107 403.015687 30
303.248130 405.625926 30
303.750471 406.496006 30
304.252811 407.366086 30
304.755152 408.236166 30
305.257493 409.106246 30
306.262175 410.846406 30
306.764516 411.716486 30
307.266857 412.586565 30
308.271538 414.326725 30
308.773879 415.196805 30
311.787924 420.417284 30
312.792606 422.157444 30
313.294947 423.027524 30
313.797288 423.897604 30
314.299628 424.767684 30
314.801969 425.637764 30
316.811333 429.118083 30
317.313674 429.988163 30
318.318355 431.728323 30
319.323037 433.468482 30
319.825378 434.338562 30
320.327719 435.208642 30
322.839423 439.559042 30
324.346445 442.169281 30
324.848786 443.039361 30
326.858150 446.519681 30
327.360490 447.389760 30
328.867513 450.000000 29
329.873822 450.000000 29
330.880131 450.000000 29
331.886440 450.000000 29
332.892749 450.000000 29
333.899058 450.000000 29
334.905366 450.000000 29
335.911675 450.000000 29
336.917984 450.000000 29
337.924293 450.000000 29
338.930602 450.000000 29
339.936911 450.000000 29
340.943220 450.000000 29
341.949529 450.000000 29
342.955838 450.000000 29
344.968455 450.000000 29
345.974764 450.000000 29
346.981073 450.000000 29
347.987382 450.000000 29
348.993691 450.000000 29
350.000000 450.000000 29
351.006309 450.000000 29
352.012618 450.000000 29
353.018927 450.000000 29
354.025236 450.000000 29
355.031545 450.000000 29
356.037853 450.000000 29
357.044162 450.000000 29
358.050471 450.000000 29
359.056780 450.000000 29
360.063089 450.000000 29
361.069398 450.000000 29
362.075707 450.000000 29
363.082016 450.000000 29
364.088325 450.000000 29
365.094634 450.000000 29
366.100942 450.000000 29
368.113560 450.000000 29
369.119869 450.000000 29
371.132487 450.000000 29
371.132487 450.000000 28
371.635641 449.128511 28
372.138796 448.257022 28
372.641950 447.385533 28
373.145105 446.514044 28
373.648259 445.642555 28
374.151414 444.771066 28
374.654568 443.899577 28
375.157722 443.028088 28
375.660877 442.156599 28
377.170340 439.542131 28
377.673495 438.670642 28
378.176649 437.799153 28
378.679803 436.927664 28
379.182958 436.056175 28
380.692421 433.441708 28
381.195576 432.570219 28
381.698730 431.698730 28
382.201884 430.827241 28
383.208193 429.084263 28
383.711348 428.212774 28
384.214502 427.341285 28
384.717657 426.469796 28
385.220811 425.598307 28
385.723965 424.726818 28
386.227120 423.855329 28
386.730274 422.983840 28
387.233429 422.112350 28
387.736583 421.240861 28
388.239738 420.369372 28
388.742892 419.497883 28
389.246046 418.626394 28
389.749201 417.754905 28
390.755510 416.011927 28
391.258664 415.140438 28
391.761819 414.268949 28
392.264973 413.397460 28
391.762632 412.527380 27
390.757950 410.787220 27
390.255610 409.917140 27
389.250928 408.176981 27
388.748587 407.306901 27
388.246246 406.436821 27
387.241565 404.696661 27
385.734542 402.086422 27
384.227519 399.476182 27
383.725179 398.606102 27
383.222838 397.736022 27
381.715815 395.125783 27
380.711134 393.385623 27
379.204111 390.775383 27
378.199429 389.035223 27
377.697088 388.165144 27
377.194748 387.295064 27
376.692407 386.424984 27
376.190066 385.554904 27
375.687725 384.684824 27
375.185384 383.814744 27
374.683043 382.944664 27
372.673680 379.464345 27
371.668998 377.724185 27
370.664317 375.984025 27
370.161976 375.113945 27
369.659635 374.243865 27
369.157294 373.373786 27
368.152612 371.633626 27
367.147931 369.893466 27
366.645590 369.023386 27
366.143249 368.153306 27
364.133886 364.672987 27
362.626863 362.062747 27
361.622181 360.322587 27
361.119840 359.452508 27
360.617500 358.582428 27
360.115159 357.712348 27
359.110477 355.972188 27
357.101114 352.491868 27
356.598773 351.621789 27
356.096432 350.751709 27
355.091750 349.011549 27
352.580046 344.661150 27
351.575364 342.920990 27
350.068342 340.310750 27
349.566001 339.440670 27
349.063660 338.570590 27
348.058978 336.830431 27
346.551956 334.220191 27
345.547274 332.480031 27
344.542593 330.739871 27
341.026207 324.649312 27
340.523866 323.779232 27
340.021525 322.909153 27
339.519184 322.039073 27
339.016843 321.168993 27
338.012162 319.428833 27
337.509821 318.558753 27
337.007480 317.688673 27
336.505139 316.818593 27
335.500457 315.078434 27
334.998116 314.208354 27
334.495776 313.338274 27
333.993435 312.468194 27
333.491094 311.598114 27
332.988753 310.728034 27
332.486412 309.857954 27
331.481730 308.117795 27
330.979390 307.247715 27
330.477049 306.377635 27
329.472367 304.637475 27
327.965345 302.027235 27
327.463004 301.157156 27
325.453640 297.676836 27
324.951299 296.806756 27
323.444277 294.196517 27
322.439595 292.456357 27
320.932573 289.846117 27
319.927891 288.105957 27
319.425550 287.235878 27
318.923209 286.365798 27
317.918528 284.625638 27
316.913846 282.885478 27
316.411505 282.015398 27
315.406823 280.275239 27
314.904483 279.405159 27
313.899801 277.664999 27
317.416187 276.794919 26
318.420869 276.794919 26
319.425550 276.794919 26
321.434914 276.794919 26
323.444277 276.794919 26
324.448959 276.794919 26
325.453640 276.794919 26
326.458322 276.794919 26
327.463004 276.794919 26
328.467686 276.794919 26
331.481731 276.794919 26
332.486412 276.794919 26
333.491094 276.794919 26
335.500457 276.794919 26
336.505139 276.794919 26
338.514503 276.794919 26
339.519184 276.794919 26
340.523866 276.794919 26
342.533229 276.794919 26
344.542593 276.794919 26
345.547274 276.794919 26
347.556638 276.794919 26
349.566001 276.794919 26
350.570683 276.794919 26
352.580046 276.794919 26
355.594091 276.794919 26
357.603455 276.794919 26
358.608137 276.794919 26
359.612818 276.794919 26
362.626863 276.794919 26
363.631545 276.794919 26
365.640908 276.794919 26
366.645590 276.794919 26
367.650272 276.794919 26
368.654954 276.794919 26
369.659635 276.794919 26
371.668999 276.794919 26
372.673680 276.794919 26
373.678362 276.794919 26
375.687725 276.794919 26
376.692407 276.794919 26
377.697089 276.794919 26
378.701771 276.794919 26
380.711134 276.794919 26
381.715816 276.794919 26
384.729861 276.794919 26
385.734542 276.794919 26
387.743906 276.794919 26
388.748588 276.794919 26
389.753269 276.794919 26
390.757951 276.794919 26
391.762633 276.794919 26
392.767314 276.794919 26
395.781359 276.794919 26
396.786041 276.794919 26
398.795405 276.794919 26
399.800086 276.794919 26
400.804768 276.794919 26
404.823495 276.794919 26
405.828176 276.794919 26
406.832858 276.794919 26
408.842222 276.794919 26
410.851585 276.794919 26
411.856267 276.794919 26
414.870312 276.794919 26
419.893720 276.794919 26
420.898402 276.794919 26
422.907765 276.794919 26
423.912447 276.794919 26
424.917129 276.794919 26
426.926492 276.794919 26
428.935856 276.794919 26
429.940537 276.794919 26
431.949901 276.794919 26
432.954582 276.794919 26
433.959264 276.794919 26
435.968627 276.794919 26
436.973309 276.794919 26
437.977991 276.794919 26
438.982673 276.794919 26
440.992036 276.794919 26
441.996718 276.794919 26
447.020126 276.794919 26
448.024808 276.794919 26
449.029490 276.794919 26
451.038853 276.794919 26
454.052898 276.794919 26
455.057580 276.794919 26
456.062261 276.794919 26
458.071625 276.794919 26
459.076307 276.794919 26
460.080988 276.794919 26
461.085670 276.794919 26
462.090352 276.794919 26
464.099715 276.794919 26
466.109078 276.794919 26
469.123124 276.794919 26
471.132487 276.794919 26
471.132487 276.794919 25
472.639510 274.184679 25
474.648873 270.704360 25
475.653555 268.964200 25
476.155895 268.094120 25
476.658236 267.224040 25
477.160577 266.353961 25
477.662918 265.483881 25
479.169941 262.873641 25
480.174622 261.133481 25
481.681645 258.523242 25
482.183986 257.653162 25
483.188667 255.913002 25
484.193349 254.172842 25
485.198031 252.432683 25
487.207394 248.952363 25
488.212076 247.212203 25
489.216757 245.472044 25
489.719098 244.601964 25
490.221439 243.731884 25
490.723780 242.861804 25
491.226121 241.991724 25
491.728462 241.121644 25
492.230803 240.251564 25
493.235484 238.511405 25
493.737825 237.641325 25
494.240166 236.771245 25
495.244848 235.031085 25
495.747189 234.161005 25
496.249529 233.290925 25
497.756552 230.680686 25
498.761234 228.940526 25
499.263574 228.070446 25
500.268256 226.330286 25
500.770597 225.460207 25
501.775279 223.720047 25
502.779960 221.979887 25
504.789324 218.499568 25
505.794005 216.759408 25
506.798687 215.019248 25
507.803369 213.279088 25
508.305710 212.409008 25
509.812732 209.798769 25
510.315073 208.928689 25
510.817414 208.058609 25
511.319755 207.188529 25
512.826777 204.578290 25
514.836141 201.097970 25
515.338482 200.227890 25
516.343163 198.487730 25
517.347845 196.747571 25
518.352527 195.007411 25
519.859549 192.397171 25
520.864231 190.657012 25
521.366572 189.786932 25
521.868913 188.916852 25
522.371253 188.046772 25
523.375935 186.306612 25
523.878276 185.436532 25
524.380617 184.566453 25
525.385298 182.826293 25
525.887639 181.956213 25
526.389980 181.086133 25
527.394662 179.345973 25
528.901684 176.735734 25
529.404025 175.865654 25
529.906366 174.995574 25
531.915730 171.515254 25
532.418070 170.645175 25
533.422752 168.905015 25
535.432115 165.424695 25
535.934456 164.554615 25
536.939138 162.814456 25
537.441479 161.944376 25
538.446161 160.204216 25
538.948501 159.334136 25
540.455524 156.723897 25
540.957865 155.853817 25
542.464887 153.243577 25
542.967228 152.373497 25
543.971910 150.633337 25
544.474251 149.763258 25
544.976592 148.893178 25
545.478932 148.023098 25
545.981273 147.153018 25
546.483614 146.282938 25
546.985955 145.412858 25
547.488296 144.542778 25
548.492977 142.802619 25
550.000000 140.192379 25
551.004682 141.932539 24
552.009363 143.672698 24
553.014045 145.412858 24
554.018727 147.153018 24
555.023408 148.893178 24
555.525749 149.763258 24
556.028090 150.633337 24
556.530431 151.503417 24
558.539794 154.983737 24
559.544476 156.723897 24
561.051499 159.334136 24
561.553839 160.204216 24
564.065544 164.554615 24
566.074907 168.034935 24
566.577248 168.905015 24
568.586611 172.385334 24
572.605338 179.345973 24
573.107679 180.216053 24
574.614702 182.826293 24
576.121724 185.436532 24
577.126406 187.176692 24
577.628747 188.046772 24
579.638110 191.527091 24
580.140451 192.397171 24
581.647473 195.007411 24
582.652155 196.747571 24
585.163859 201.097970 24
586.168541 202.838130 24
590.187268 209.798769 24
590.689609 210.668849 24
593.201313 215.019248 24
594.708335 217.629488 24
595.210676 218.499568 24
595.713017 219.369647 24
596.215358 220.239727 24
597.220040 221.979887 24
598.224721 223.720047 24
599.229403 225.460207 24
599.731744 226.330286 24
600.234085 227.200366 24
600.736426 228.070446 24
601.238766 228.940526 24
601.741107 229.810606 24
602.243448 230.680686 24
602.745789 231.550766 24
603.248130 232.420845 24
604.252811 234.161005 24
604.755152 235.031085 24
605.759834 236.771245 24
607.266857 239.381484 24
607.769197 240.251564 24
608.773879 241.991724 24
610.280902 244.601964 24
610.783243 245.472044 24
611.787924 247.212203 24
612.290265 248.082283 24
612.792606 248.952363 24
613.294947 249.822443 24
614.299628 251.562603 24
614.801969 252.432683 24
615.806651 254.172842 24
616.308992 255.042922 24
618.318355 258.523242 24
618.820696 259.393322 24
619.825378 261.133481 24
620.327719 262.003561 24
620.830059 262.873641 24
621.332400 263.743721 24
623.844105 268.094120 24
624.346445 268.964200 24
625.351127 270.704360 24
626.858150 273.314600 24
627.360490 274.184679 24
628.365172 275.924839 24
628.867513 276.794919 24
628.867513 276.794919 23
629.872195 276.794919 23
631.881558 276.794919 23
632.886240 276.794919 23
635.900285 276.794919 23
639.919012 276.794919 23
640.923693 276.794919 23
642.933057 276.794919 23
647.956465 276.794919 23
648.961147 276.794919 23
649.965829 276.794919 23
651.975192 276.794919 23
652.979874 276.794919 23
654.989237 276.794919 23
656.998601 276.794919 23
664.031373 276.794919 23
665.036054 276.794919 23
667.045418 276.794919 23
668.050099 276.794919 23
670.059463 276.794919 23
672.068826 276.794919 23
679.101598 276.794919 23
680.106280 276.794919 23
682.115643 276.794919 23
683.120325 276.794919 23
684.125007 276.794919 23
687.139052 276.794919 23
688.143733 276.794919 23
689.148415 276.794919 23
690.153097 276.794919 23
691.157778 276.794919 23
692.162460 276.794919 23
693.167142 276.794919 23
694.171824 276.794919 23
695.176505 276.794919 23
696.181187 276.794919 23
701.204595 276.794919 23
702.209277 276.794919 23
703.213959 276.794919 23
704.218641 276.794919 23
705.223322 276.794919 23
706.228004 276.794919 23
707.232686 276.794919 23
708.237367 276.794919 23
709.242049 276.794919 23
712.256094 276.794919 23
717.279503 276.794919 23
718.284184 276.794919 23
720.293548 276.794919 23
723.307593 276.794919 23
724.312275 276.794919 23
726.321638 276.794919 23
727.326320 276.794919 23
728.331001 276.794919 23
729.335683 276.794919 23
730.340365 276.794919 23
731.345046 276.794919 23
733.354410 276.794919 23
737.373137 276.794919 23
739.382500 276.794919 23
741.391863 276.794919 23
742.396545 276.794919 23
743.401227 276.794919 23
744.405909 276.794919 23
745.410590 276.794919 23
746.415272 276.794919 23
748.424635 276.794919 23
749.429317 276.794919 23
750.433999 276.794919 23
751.438680 276.794919 23
752.443362 276.794919 23
753.448044 276.794919 23
755.457407 276.794919 23
757.466771 276.794919 23
758.471452 276.794919 23
760.480816 276.794919 23
763.494861 276.794919 23
766.508906 276.794919 23
769.522951 276.794919 23
770.527633 276.794919 23
771.532314 276.794919 23
774.546360 276.794919 23
775.551041 276.794919 23
778.565086 276.794919 23
779.569768 276.794919 23
780.574450 276.794919 23
781.579131 276.794919 23
782.583813 276.794919 23
783.588495 276.794919 23
785.597858 276.794919 23
786.100199 277.664999 22
784.593177 280.275239 22
783.588495 282.015398 22
783.086154 282.885478 22
782.081472 284.625638 22
781.579132 285.495718 22
781.076791 286.365798 22
780.574450 287.235878 22
780.072109 288.105957 22
779.569768 288.976037 22
779.067427 289.846117 22
778.565086 290.716197 22
778.062746 291.586277 22
777.058064 293.326437 22
776.555723 294.196517 22
776.053382 295.066596 22
775.551041 295.936676 22
774.546360 297.676836 22
773.541678 299.416996 22
772.536996 301.157156 22
772.034655 302.027235 22
770.527633 304.637475 22
770.025292 305.507555 22
769.522951 306.377635 22
769.020610 307.247715 22
767.513588 309.857954 22
767.011247 310.728034 22
766.508906 311.598114 22
765.504224 313.338274 22
764.499543 315.078434 22
763.494861 316.818593 22
762.490179 318.558753 22
761.485498 320.298913 22
760.983157 321.168993 22
758.973793 324.649312 22
758.471453 325.519392 22
757.466771 327.259552 22
756.462089 328.999712 22
755.959748 329.869792 22
753.448044 334.220191 22
752.945703 335.090271 22
751.941022 336.830431 22
751.438681 337.700511 22
750.936340 338.570590 22
750.433999 339.440670 22
748.926976 342.050910 22
746.917613 345.531229 22
746.415272 346.401309 22
745.410591 348.141469 22
744.908250 349.011549 22
744.405909 349.881629 22
743.903568 350.751709 22
743.401227 351.621789 22
742.898886 352.491868 22
741.391864 355.102108 22
740.889523 355.972188 22
739.382500 358.582428 22
738.880160 359.452508 22
737.373137 362.062747 22
736.870796 362.932827 22
735.866114 364.672987 22
734.861433 366.413147 22
733.354410 369.023386 22
732.852069 369.893466 22
732.349729 370.763546 22
731.847388 371.633626 22
731.345047 372.503706 22
728.833343 376.854105 22
728.331002 377.724185 22
727.828661 378.594265 22
726.823979 380.334425 22
725.819297 382.074584 22
725.316957 382.944664 22
723.809934 385.554904 22
723.307593 386.424984 22
722.805252 387.295064 22
721.298230 389.905303 22
720.795889 390.775383 22
719.791207 392.515543 22
718.786526 394.255703 22
717.279503 396.865942 22
716.274821 398.606102 22
715.270140 400.346262 22
714.767799 401.216342 22
713.260776 403.826581 22
712.758435 404.696661 22
711.251413 407.306901 22
710.749072 408.176981 22
710.246731 409.047061 22
709.744390 409.917140 22
707.735027 413.397460 22
707.735027 413.397460 21
708.238181 414.268949 21
708.741336 415.140438 21
709.244490 416.011927 21
709.747645 416.883416 21
710.250799 417.754905 21
710.753954 418.626394 21
711.257108 419.497883 21
712.263417 421.240861 21
712.766571 422.112350 21
713.269726 422.983840 21
713.772880 423.855329 21
714.276035 424.726818 21
714.779189 425.598307 21
715.282343 426.469796 21
715.785498 427.341285 21
716.288652 428.212774 21
716.791807 429.084263 21
717.294961 429.955752 21
717.798116 430.827241 21
718.301270 431.698730 21
718.804424 432.570219 21
719.307579 433.441708 21
719.810733 434.313197 21
720.313888 435.184686 21
720.817042 436.056175 21
721.320197 436.927664 21
721.823351 437.799153 21
722.326505 438.670642 21
722.829660 439.542131 21
723.332814 440.413620 21
723.835969 441.285110 21
724.339123 442.156599 21
724.842278 443.028088 21
725.345432 443.899577 21
725.848586 444.771066 21
726.351741 445.642555 21
726.854895 446.514044 21
727.861204 448.257022 21
728.364359 449.128511 21
728.867513 450.000000 21
728.867513 450.000000 20
729.873822 450.000000 20
730.880131 450.000000 20
731.886440 450.000000 20
732.892749 450.000000 20
734.905366 450.000000 20
735.911675 450.000000 20
736.917984 450.000000 20
737.924293 450.000000 20
738.930602 450.000000 20
739.936911 450.000000 20
740.943220 450.000000 20
741.949529 450.000000 20
743.962147 450.000000 20
744.968455 450.000000 20
745.974764 450.000000 20
746.981073 450.000000 20
747.987382 450.000000 20
748.993691 450.000000 20
751.006309 450.000000 20
752.012618 450.000000 20
753.018927 450.000000 20
754.025236 450.000000 20
755.031545 450.000000 20
756.037853 450.000000 20
757.044162 450.000000 20
758.050471 450.000000 20
759.056780 450.000000 20
760.063089 450.000000 20
761.069398 450.000000 20
762.075707 450.000000 20
763.082016 450.000000 20
764.088325 450.000000 20
765.094634 450.000000 20
766.100942 450.000000 20
768.113560 450.000000 20
769.119869 450.000000 20
770.126178 450.000000 20
771.132487 450.000000 20
771.132487 450.000000 19
772.137169 448.259840 19
773.141850 446.519681 19
774.146532 444.779521 19
774.648873 443.909441 19
776.155895 441.299201 19
777.662918 438.688962 19
778.165259 437.818882 19
779.169941 436.078722 19
779.672281 435.208642 19
780.676963 433.468482 19
781.681645 431.728323 19
782.183986 430.858243 19
782.686326 429.988163 19
783.691008 428.248003 19
784.193349 427.377923 19
785.700372 424.767684 19
786.202712 423.897604 19
786.705053 423.027524 19
788.212076 420.417284 19
788.714417 419.547204 19
790.221439 416.936965 19
791.728462 414.326725 19
793.235484 411.716486 19
793.737825 410.846406 19
794.240166 409.976326 19
796.751870 405.625926 19
797.254211 404.755847 19
799.263574 401.275527 19
799.765915 400.405447 19
800.268256 399.535367 19
800.770597 398.665288 19
801.272938 397.795208 19
801.775279 396.925128 19
802.277620 396.055048 19
802.779960 395.184968 19
803.282301 394.314888 19
803.784642 393.444808 19
804.286983 392.574728 19
804.789324 391.704649 19
805.794005 389.964489 19
807.301028 387.354249 19
807.803369 386.484169 19
808.305710 385.614089 19
809.812732 383.003850 19
810.315073 382.133770 19
811.319755 380.393610 19
811.822096 379.523530 19
812.324436 378.653450 19
812.826777 377.783371 19
813.831459 376.043211 19
814.836141 374.303051 19
816.845504 370.822732 19
818.352527 368.212492 19
818.854867 367.342412 19
819.357208 366.472332 19
820.864231 363.862093 19
821.366572 362.992013 19
821.868913 362.121933 19
822.371253 361.251853 19
822.873594 360.381773 19
824.380617 357.771534 19
824.882958 356.901454 19
825.385298 356.031374 19
827.394662 352.551054 19
827.897003 351.680974 19
828.399344 350.810895 19
828.901684 349.940815 19
829.404025 349.070735 19
830.408707 347.330575 19
831.915730 344.720335 19
832.920411 342.980176 19
834.427434 340.369936 19
835.934456 337.759696 19
836.436797 336.889617 19
836.939138 336.019537 19
837.441479 335.149457 19
838.948501 332.539217 19
839.953183 330.799057 19
840.957865 329.058898 19
841.962546 327.318738 19
842.464887 326.448658 19
843.469569 324.708498 19
843.971910 323.838418 19
844.474251 322.968339 19
844.976592 322.098259 19
845.981273 320.358099 19
847.488296 317.747859 19
848.492977 316.007700 19
849.497659 314.267540 19
850.000000 313.397460 19
850.000000 313.397460 18
851.004682 315.137620 18
851.507023 316.007700 18
852.511704 317.747859 18
853.014045 318.617939 18
854.018727 320.358099 18
856.530431 324.708498 18
857.535113 326.448658 18
858.037454 327.318738 18
858.539794 328.188818 18
859.042135 329.058898 18
859.544476 329.928978 18
860.046817 330.799057 18
861.051499 332.539217 18
861.553839 333.409297 18
862.056180 334.279377 18
863.060862 336.019537 18
863.563203 336.889617 18
864.065544 337.759696 18
865.070225 339.499856 18
866.074907 341.240016 18
866.577248 342.110096 18
867.079589 342.980176 18
867.581930 343.850256 18
868.084270 344.720335 18
869.088952 346.460495 18
870.093634 348.200655 18
870.595975 349.070735 18
872.102997 351.680974 18
873.107679 353.421134 18
874.112361 355.161294 18
875.619383 357.771534 18
876.121724 358.641613 18
876.624065 359.511693 18
877.628747 361.251853 18
878.131087 362.121933 18
878.633428 362.992013 18
879.638110 364.732172 18
881.145133 367.342412 18
882.652155 369.952652 18
883.154496 370.822732 18
883.656837 371.692811 18
885.163859 374.303051 18
887.173223 377.783371 18
888.177904 379.523530 18
889.182586 381.263690 18
890.187268 383.003850 18
890.689609 383.873930 18
892.196631 386.484169 18
894.708335 390.834569 18
895.713017 392.574728 18
898.727062 397.795208 18
899.731744 399.535367 18
900.234085 400.405447 18
901.238766 402.145607 18
902.243448 403.885767 18
903.248130 405.625926 18
904.252811 407.366086 18
904.755152 408.236166 18
905.257493 409.106246 18
905.759834 409.976326 18
906.262175 410.846406 18
907.769197 413.456645 18
910.280902 417.807045 18
910.783243 418.677125 18
911.787924 420.417284 18
912.290265 421.287364 18
912.792606 422.157444 18
913.294947 423.027524 18
914.299628 424.767684 18
914.801969 425.637764 18
915.304310 426.507843 18
916.308992 428.248003 18
918.820696 432.598403 18
919.825378 434.338562 18
920.830059 436.078722 18
921.834741 437.818882 18
922.337082 438.688962 18
923.844105 441.299201 18
924.848786 443.039361 18
925.351127 443.909441 18
926.858150 446.519681 18
927.360490 447.389760 18
928.867513 450.000000 18
928.867513 450.000000 17
929.869379 450.000000 17
930.871245 450.000000 17
934.878709 450.000000 17
935.880575 450.000000 17
936.882441 450.000000 17
937.884307 450.000000 17
938.886173 450.000000 17
940.889905 450.000000 17
941.891771 450.000000 17
942.893637 450.000000 17
943.895503 450.000000 17
944.897369 450.000000 17
946.901101 450.000000 17
947.902967 450.000000 17
948.904833 450.000000 17
949.906699 450.000000 17
950.908565 450.000000 17
951.910431 450.000000 17
952.912297 450.000000 17
954.916029 450.000000 17
955.917895 450.000000 17
956.919761 450.000000 17
957.921627 450.000000 17
959.925359 450.000000 17
960.927225 450.000000 17
961.929091 450.000000 17
962.930957 450.000000 17
963.932823 450.000000 17
965.936556 450.000000 17
966.938422 450.000000 17
967.940288 450.000000 17
968.942154 450.000000 17
969.944020 450.000000 17
970.945886 450.000000 17
972.949618 450.000000 17
974.953350 450.000000 17
975.955216 450.000000 17
976.957082 450.000000 17
977.958948 450.000000 17
978.960814 450.000000 17
979.962680 450.000000 17
982.968278 450.000000 17
983.970144 450.000000 17
984.972010 450.000000 17
985.973876 450.000000 17
986.975742 450.000000 17
987.977608 450.000000 17
988.979474 450.000000 17
989.981340 450.000000 17
990.983206 450.000000 17
991.985072 450.000000 17
992.986938 450.000000 17
993.988804 450.000000 17
997.996268 450.000000 17
998.998134 450.000000 17
1000.000000 450.000000 17
1000.000000 450.000000 16
1000.000000 451.000000 16
1000.000000 452.000000 16
1000.000000 453.000000 16
1000.000000 454.000000 16
1000.000000 455.000000 16
1000.000000 456.000000 16
1000.000000 457.000000 16
1000.000000 458.000000 16
1000.000000 461.000000 16
1000.000000 462.000000 16
1000.000000 463.000000 16
1000.000000 464.000000 16
1000.000000 465.000000 16
1000.000000 467.000000 16
1000.000000 468.000000 16
1000.000000 471.000000 16
1000.000000 472.000000 16
1000.000000 473.000000 16
1000.000000 474.000000 16
1000.000000 475.000000 16
1000.000000 476.000000 16
1000.000000 477.000000 16
1000.000000 478.000000 16
1000.000000 479.000000 16
1000.000000 481.000000 16
1000.000000 483.000000 16
1000.000000 484.000000 16
1000.000000 488.000000 16
1000.000000 490.000000 16
1000.000000 491.000000 16
1000.000000 492.000000 16
1000.000000 493.000000 16
1000.000000 494.000000 16
1000.000000 495.000000 16
1000.000000 496.000000 16
1000.000000 497.000000 16
1000.000000 498.000000 16
1000.000000 499.000000 16
1000.000000 502.000000 16
1000.000000 503.000000 16
1000.000000 505.000000 16
1000.000000 506.000000 16
1000.000000 507.000000 16
1000.000000 508.000000 16
1000.000000 510.000000 16
1000.000000 512.000000 16
1000.000000 513.000000 16
1000.000000 514.000000 16
1000.000000 515.000000 16
1000.000000 516.000000 16
1000.000000 518.000000 16
1000.000000 519.000000 16
1000.000000 521.000000 16
1000.000000 522.000000 16
1000.000000 523.000000 16
1000.000000 524.000000 16
1000.000000 525.000000 16
1000.000000 526.000000 16
1000.000000 527.000000 16
1000.000000 528.000000 16
1000.000000 530.000000 16
1000.000000 531.000000 16
1000.000000 532.000000 16
1000.000000 533.000000 16
1000.000000 534.000000 16
1000.000000 536.000000 16
1000.000000 537.000000 16
1000.000000 538.000000 16
1000.000000 539.000000 16
1000.000000 540.000000 16
1000.000000 541.000000 16
1000.000000 542.000000 16
1000.000000 543.000000 16
1000.000000 545.000000 16
1000.000000 547.000000 16
1000.000000 548.000000 16
1000.000000 549.000000 16
1000.000000 550.000000 16
1000.000000 550.000000 15
996.979668 550.000000 15
995.972890 550.000000 15
993.959335 550.000000 15
990.939003 550.000000 15
989.932226 550.000000 15
988.925448 550.000000 15
987.918671 550.000000 15
986.911893 550.000000 15
985.905116 550.000000 15
984.898338 550.000000 15
983.891561 550.000000 15
981.878006 550.000000 15
979.864451 550.000000 15
978.857674 550.000000 15
976.844119 550.000000 15
975.837341 550.000000 15
974.830564 550.000000 15
973.823786 550.000000 15
970.803454 550.000000 15
969.796677 550.000000 15
967.783122 550.000000 15
966.776344 550.000000 15
965.769567 550.000000 15
963.756012 550.000000 15
962.749235 550.000000 15
961.742457 550.000000 15
960.735680 550.000000 15
959.728902 550.000000 15
954.695015 550.000000 15
953.688238 550.000000 15
952.681460 550.000000 15
951.674683 550.000000 15
950.667905 550.000000 15
948.654350 550.000000 15
947.647573 550.000000 15
945.634018 550.000000 15
943.620463 550.000000 15
940.600131 550.000000 15
939.593353 550.000000 15
938.586576 550.000000 15
937.579798 550.000000 15
935.566243 550.000000 15
933.552689 550.000000 15
932.545911 550.000000 15
931.539134 550.000000 15
930.532356 550.000000 15
928.518801 550.000000 15
927.512024 550.000000 15
926.505246 550.000000 15
925.498469 550.000000 15
922.478137 550.000000 15
921.471359 550.000000 15
919.457804 550.000000 15
918.451027 550.000000 15
915.430695 550.000000 15
914.423917 550.000000 15
913.417140 550.000000 15
911.403585 550.000000 15
909.390030 550.000000 15
907.376475 550.000000 15
906.369698 550.000000 15
903.349365 550.000000 15
902.342588 550.000000 15
901.335810 550.000000 15
900.329033 550.000000 15
899.322255 550.000000 15
896.301923 550.000000 15
895.295146 550.000000 15
893.281591 550.000000 15
892.274813 550.000000 15
891.268036 550.000000 15
890.261258 550.000000 15
886.234149 550.000000 15
885.227371 550.000000 15
884.220594 550.000000 15
883.213816 550.000000 15
880.193484 550.000000 15
879.186707 550.000000 15
876.166374 550.000000 15
875.159597 550.000000 15
872.139264 550.000000 15
871.132487 550.000000 15
871.132487 550.000000 14
870.629333 549.128511 14
870.126178 548.257022 14
869.623024 547.385533 14
869.119869 546.514044 14
868.616715 545.642555 14
868.113560 544.771066 14
867.610406 543.899577 14
867.107251 543.028088 14
866.604097 542.156599 14
866.100942 541.285110 14
865.597788 540.413620 14
865.094634 539.542131 14
864.591479 538.670642 14
864.088325 537.799153 14
863.585170 536.927664 14
863.082016 536.056175 14
862.578861 535.184686 14
862.075707 534.313197 14
861.572552 533.441708 14
861.069398 532.570219 14
860.566243 531.698730 14
859.559935 529.955752 14
858.553626 528.212774 14
858.050471 527.341285 14
857.547317 526.469796 14
857.044162 525.598307 14
856.541008 524.726818 14
855.534699 522.983840 14
855.031545 522.112350 14
854.528390 521.240861 14
854.025236 520.369372 14
853.522081 519.497883 14
853.018927 518.626394 14
852.515772 517.754905 14
852.012618 516.883416 14
851.509463 516.011927 14
851.006309 515.140438 14
850.503154 514.268949 14
850.000000 513.397460 14
850.000000 513.397460 13
849.496846 514.268949 13
848.993691 515.140438 13
848.490537 516.011927 13
847.987382 516.883416 13
847.484228 517.754905 13
846.981073 518.626394 13
845.974764 520.369372 13
845.471610 521.240861 13
844.968455 522.112350 13
844.465301 522.983840 13
843.962147 523.855329 13
843.458992 524.726818 13
842.955838 525.598307 13
842.452683 526.469796 13
841.949529 527.341285 13
841.446374 528.212774 13
840.943220 529.084263 13
840.440065 529.955752 13
839.936911 530.827241 13
839.433757 531.698730 13
838.930602 532.570219 13
838.427448 533.441708 13
837.924293 534.313197 13
837.421139 535.184686 13
836.917984 536.056175 13
836.414830 536.927664 13
834.402212 540.413620 13
833.899058 541.285110 13
833.395903 542.156599 13
832.892749 543.028088 13
832.389594 543.899577 13
831.886440 544.771066 13
831.383285 545.642555 13
830.880131 546.514044 13
830.376976 547.385533 13
829.873822 548.257022 13
829.370667 549.128511 13
828.867513 550.000000 13
828.867513 550.000000 12
826.858150 550.000000 12
825.853468 550.000000 12
822.839423 550.000000 12
821.834741 550.000000 12
819.825378 550.000000 12
817.816014 550.000000 12
816.811333 550.000000 12
815.806651 550.000000 12
813.797288 550.000000 12
807.769197 550.000000 12
806.764516 550.000000 12
804.755152 550.000000 12
803.750471 550.000000 12
802.745789 550.000000 12
801.741107 550.000000 12
799.731744 550.000000 12
798.727062 550.000000 12
796.717699 550.000000 12
794.708335 550.000000 12
792.698972 550.000000 12
791.694290 550.000000 12
789.684927 550.000000 12
786.670882 550.000000 12
784.661518 550.000000 12
783.656837 550.000000 12
780.642792 550.000000 12
779.638110 550.000000 12
776.624065 550.000000 12
775.619383 550.000000 12
774.614702 550.000000 12
771.600656 550.000000 12
770.595975 550.000000 12
768.586611 550.000000 12
767.581930 550.000000 12
766.577248 550.000000 12
765.572566 550.000000 12
763.563203 550.000000 12
762.558521 550.000000 12
761.553839 550.000000 12
758.539794 550.000000 12
755.525749 550.000000 12
752.511704 550.000000 12
750.502341 550.000000 12
747.488296 550.000000 12
746.483614 550.000000 12
745.478932 550.000000 12
743.469569 550.000000 12
742.464887 550.000000 12
741.460206 550.000000 12
738.446161 550.000000 12
735.432115 550.000000 12
734.427434 550.000000 12
733.422752 550.000000 12
732.418070 550.000000 12
731.413389 550.000000 12
730.408707 550.000000 12
725.385298 550.000000 12
724.380617 550.000000 12
723.375935 550.000000 12
720.361890 550.000000 12
719.357208 550.000000 12
718.352527 550.000000 12
716.343163 550.000000 12
715.338482 550.000000 12
714.333800 550.000000 12
713.329118 550.000000 12
710.315073 550.000000 12
708.305710 550.000000 12
707.301028 550.000000 12
705.291665 550.000000 12
703.282301 550.000000 12
699.263574 550.000000 12
698.258893 550.000000 12
692.230803 550.000000 12
689.216757 550.000000 12
686.202712 550.000000 12
685.198031 550.000000 12
684.193349 550.000000 12
683.188667 550.000000 12
681.179304 550.000000 12
680.174622 550.000000 12
679.169941 550.000000 12
678.165259 550.000000 12
676.155895 550.000000 12
675.151214 550.000000 12
673.141850 550.000000 12
672.137169 550.000000 12
671.132487 550.000000 12
671.132487 550.000000 11
670.127805 548.259840 11
669.123124 546.519681 11
667.616101 543.909441 11
667.113760 543.039361 11
666.611419 542.169281 11
666.109078 541.299201 11
665.104397 539.559042 11
664.602056 538.688962 11
663.597374 536.948802 11
663.095033 536.078722 11
662.592692 535.208642 11
660.080988 530.858243 11
659.578647 529.988163 11
658.573966 528.248003 11
657.569284 526.507843 11
657.066943 525.637764 11
656.062261 523.897604 11
655.559921 523.027524 11
654.555239 521.287364 11
653.550557 519.547204 11
653.048216 518.677125 11
652.545875 517.807045 11
652.043535 516.936965 11
651.541194 516.066885 11
650.536512 514.326725 11
649.531830 512.586565 11
649.029489 511.716486 11
648.024808 509.976326 11
647.522467 509.106246 11
647.020126 508.236166 11
646.517785 507.366086 11
646.015444 506.496006 11
645.010763 504.755847 11
644.006081 503.015687 11
643.503740 502.145607 11
643.001399 501.275527 11
641.494377 498.665288 11
640.992036 497.795208 11
640.489695 496.925128 11
639.485013 495.184968 11
638.480332 493.444808 11
637.977991 492.574728 11
636.973309 490.834569 11
635.466286 488.224329 11
634.963946 487.354249 11
634.461605 486.484169 11
633.959264 485.614089 11
633.456923 484.744010 11
632.452241 483.003850 11
631.447560 481.263690 11
629.940537 478.653450 11
628.935855 476.913291 11
627.931174 475.173131 11
625.921810 471.692811 11
625.419469 470.822732 11
622.907765 466.472332 11
622.405424 465.602252 11
621.903083 464.732172 11
621.400743 463.862093 11
619.893720 461.251853 11
619.391379 460.381773 11
618.386697 458.641613 11
617.884357 457.771534 11
614.870311 452.551054 11
613.865630 450.810895 11
613.363289 449.940815 11
611.856266 447.330575 11
608.339880 441.240016 11
606.330517 437.759696 11
605.828176 436.889617 11
605.325835 436.019537 11
604.321153 434.279377 11
602.311790 430.799057 11
601.809449 429.928978 11
600.804768 428.188818 11
599.800086 426.448658 11
598.795404 424.708498 11
598.293063 423.838418 11
597.790722 422.968339 11
597.288382 422.098259 11
596.283700 420.358099 11
593.771996 416.007700 11
592.264973 413.397460 11
592.264973 413.397460 10
592.768127 412.525971 10
593.271282 411.654482 10
593.774436 410.782993 10
594.277591 409.911504 10
594.780745 409.040015 10
595.283900 408.168526 10
595.787054 407.297036 10
596.290209 406.425547 10
596.793363 405.554058 10
597.296518 404.682569 10
597.799672 403.811080 10
598.302826 402.939591 10
598.805981 402.068102 10
599.309135 401.196613 10
599.812290 400.325124 10
600.315444 399.453635 10
600.818599 398.582146 10
601.321753 397.710657 10
601.824908 396.839168 10
602.328062 395.967679 10
602.831216 395.096190 10
603.334371 394.224700 10
603.837525 393.353211 10
604.340680 392.481722 10
604.843834 391.610233 10
605.346989 390.738744 10
605.850143 389.867255 10
606.353298 388.995766 10
606.856452 388.124277 10
607.359607 387.252788 10
607.862761 386.381299 10
608.365915 385.509810 10
608.869070 384.638321 10
609.372224 383.766832 10
609.875379 382.895342 10
610.378533 382.023853 10
610.881688 381.152364 10
611.384842 380.280875 10
611.887997 379.409386 10
612.391151 378.537897 10
612.894306 377.666408 10
613.397460 376.794919 10
613.397460 376.794919 9
612.391151 376.794919 9
611.384842 376.794919 9
610.378533 376.794919 9
609.372224 376.794919 9
608.365916 376.794919 9
607.359607 376.794919 9
606.353298 376.794919 9
605.346989 376.794919 9
604.340680 376.794919 9
603.334371 376.794919 9
602.328062 376.794919 9
601.321753 376.794919 9
600.315445 376.794919 9
599.309136 376.794919 9
598.302827 376.794919 9
597.296518 376.794919 9
596.290209 376.794919 9
595.283900 376.794919 9
594.277591 376.794919 9
593.271282 376.794919 9
592.264973 376.794919 9
591.258665 376.794919 9
589.246047 376.794919 9
588.239738 376.794919 9
587.233429 376.794919 9
586.227120 376.794919 9
585.220811 376.794919 9
584.214502 376.794919 9
583.208194 376.794919 9
582.201885 376.794919 9
581.195576 376.794919 9
580.189267 376.794919 9
579.182958 376.794919 9
578.176649 376.794919 9
577.170340 376.794919 9
576.164031 376.794919 9
575.157723 376.794919 9
574.151414 376.794919 9
573.145105 376.794919 9
572.138796 376.794919 9
571.132487 376.794919 9
571.132487 376.794919 8
570.629333 375.923430 8
570.126178 375.051941 8
569.623024 374.180452 8
569.119869 373.308963 8
568.616715 372.437474 8
568.113560 371.565985 8
567.610406 370.694496 8
567.107251 369.823007 8
566.604097 368.951518 8
566.100942 368.080029 8
565.597788 367.208539 8
565.094634 366.337050 8
564.591479 365.465561 8
563.585170 363.722583 8
563.082016 362.851094 8
562.578861 361.979605 8
562.075707 361.108116 8
561.572552 360.236627 8
561.069398 359.365138 8
560.566243 358.493649 8
560.063089 357.622160 8
559.559935 356.750671 8
559.056780 355.879182 8
558.553626 355.007693 8
558.050471 354.136204 8
557.547317 353.264715 8
557.044162 352.393226 8
556.541008 351.521737 8
556.037853 350.650248 8
555.534699 349.778759 8
555.031545 348.907269 8
554.025236 347.164291 8
553.522081 346.292802 8
553.018927 345.421313 8
552.515772 344.549824 8
552.012618 343.678335 8
551.509463 342.806846 8
551.006309 341.935357 8
550.503154 341.063868 8
550.000000 340.192379 8
549.496846 341.063868 7
548.993691 341.935357 7
548.490537 342.806846 7
547.987382 343.678335 7
547.484228 344.549824 7
546.981073 345.421313 7
546.477919 346.292802 7
545.974764 347.164291 7
545.471610 348.035780 7
544.968455 348.907269 7
544.465301 349.778759 7
543.962147 350.650248 7
543.458992 351.521737 7
542.955838 352.393226 7
542.452683 353.264715 7
541.949529 354.136204 7
541.446374 355.007693 7
540.943220 355.879182 7
539.936911 357.622160 7
539.433757 358.493649 7
538.930602 359.365138 7
538.427448 360.236627 7
537.924293 361.108116 7
537.421139 361.979605 7
536.917984 362.851094 7
536.414830 363.722583 7
535.911675 364.594072 7
535.408521 365.465561 7
534.905366 366.337050 7
534.402212 367.208539 7
533.395903 368.951518 7
532.389594 370.694496 7
531.886440 371.565985 7
531.383285 372.437474 7
530.880131 373.308963 7
530.376976 374.180452 7
529.873822 375.051941 7
529.370667 375.923430 7
528.867513 376.794919 7
528.867513 376.794919 6
527.861204 376.794919 6
526.854895 376.794919 6
525.848586 376.794919 6
524.842277 376.794919 6
523.835969 376.794919 6
522.829660 376.794919 6
521.823351 376.794919 6
520.817042 376.794919 6
519.810733 376.794919 6
518.804424 376.794919 6
517.798115 376.794919 6
516.791806 376.794919 6
515.785498 376.794919 6
514.779189 376.794919 6
513.772880 376.794919 6
512.766571 376.794919 6
511.760262 376.794919 6
510.753953 376.794919 6
509.747644 376.794919 6
508.741335 376.794919 6
507.735027 376.794919 6
506.728718 376.794919 6
505.722409 376.794919 6
504.716100 376.794919 6
503.709791 376.794919 6
502.703482 376.794919 6
501.697173 376.794919 6
500.690864 376.794919 6
499.684555 376.794919 6
498.678247 376.794919 6
497.671938 376.794919 6
496.665629 376.794919 6
495.659320 376.794919 6
494.653011 376.794919 6
493.646702 376.794919 6
492.640393 376.794919 6
491.634084 376.794919 6
490.627776 376.794919 6
489.621467 376.794919 6
488.615158 376.794919 6
487.608849 376.794919 6
486.602540 376.794919 6
486.602540 376.794919 5
487.105694 377.666408 5
487.608849 378.537897 5
488.112003 379.409386 5
488.615158 380.280875 5
489.118312 381.152364 5
489.621467 382.023853 5
490.124621 382.895342 5
490.627776 383.766832 5
491.130930 384.638321 5
491.634085 385.509810 5
492.137239 386.381299 5
492.640393 387.252788 5
493.143548 388.124277 5
493.646702 388.995766 5
494.149857 389.867255 5
494.653011 390.738744 5
495.156166 391.610233 5
495.659320 392.481722 5
496.162475 393.353211 5
496.665629 394.224700 5
497.168784 395.096190 5
497.671938 395.967679 5
498.175092 396.839168 5
498.678247 397.710657 5
499.181401 398.582146 5
499.684556 399.453635 5
500.187710 400.325124 5
500.690865 401.196613 5
501.194019 402.068102 5
501.697174 402.939591 5
502.200328 403.811080 5
502.703482 404.682569 5
503.709791 406.425547 5
504.212946 407.297036 5
504.716100 408.168526 5
505.219255 409.040015 5
505.722409 409.911504 5
506.225564 410.782993 5
506.728718 411.654482 5
507.231873 412.525971 5
507.735027 413.397460 5
507.735027 413.397460 4
507.232686 414.267540 4
506.228004 416.007700 4
505.725664 416.877779 4
505.223323 417.747859 4
504.720982 418.617939 4
503.716300 420.358099 4
503.213959 421.228179 4
502.711618 422.098259 4
500.199914 426.448658 4
499.195232 428.188818 4
498.692892 429.058898 4
498.190551 429.928978 4
497.688210 430.799057 4
497.185869 431.669137 4
495.176506 435.149457 4
494.171824 436.889617 4
493.669483 437.759696 4
492.664801 439.499856 4
492.162461 440.369936 4
491.660120 441.240016 4
491.157779 442.110096 4
490.655438 442.980176 4
490.153097 443.850256 4
489.650756 444.720335 4
489.148415 445.590415 4
488.646075 446.460495 4
487.139052 449.070735 4
485.632029 451.680974 4
485.129689 452.551054 4
484.627348 453.421134 4
483.622666 455.161294 4
483.120325 456.031374 4
482.617984 456.901454 4
481.110962 459.511693 4
480.608621 460.381773 4
480.106280 461.251853 4
479.603939 462.121933 4
479.101598 462.992013 4
478.599257 463.862093 4
476.589894 467.342412 4
475.585212 469.082572 4
475.082872 469.952652 4
474.580531 470.822732 4
473.575849 472.562891 4
471.064145 476.913291 4
470.059463 478.653450 4
469.557122 479.523530 4
468.552440 481.263690 4
467.547759 483.003850 4
467.045418 483.873930 4
463.529032 489.964489 4
462.524350 491.704649 4
462.022009 492.574728 4
461.519668 493.444808 4
461.017328 494.314888 4
460.514987 495.184968 4
460.012646 496.055048 4
455.993919 503.015687 4
452.979874 508.236166 4
452.477533 509.106246 4
451.975192 509.976326 4
451.472851 510.846406 4
450.970511 511.716486 4
449.965829 513.456645 4
449.463488 514.326725 4
446.951784 518.677125 4
446.449443 519.547204 4
445.947102 520.417284 4
445.444761 521.287364 4
443.435398 524.767684 4
442.933057 525.637764 4
441.426034 528.248003 4
440.923693 529.118083 4
440.421353 529.988163 4
439.416671 531.728323 4
438.914330 532.598403 4
437.909648 534.338562 4
437.407308 535.208642 4
435.900285 537.818882 4
434.895603 539.559042 4
434.393262 540.429121 4
431.881558 544.779521 4
430.374536 547.389760 4
429.872195 548.259840 4
428.867513 550.000000 3
426.858150 550.000000 3
425.853468 550.000000 3
424.848786 550.000000 3
423.844105 550.000000 3
419.825378 550.000000 3
418.820696 550.000000 3
417.816014 550.000000 3
415.806651 550.000000 3
413.797288 550.000000 3
411.787924 550.000000 3
410.783243 550.000000 3
408.773879 550.000000 3
407.769197 550.000000 3
405.759834 550.000000 3
400.736426 550.000000 3
397.722380 550.000000 3
396.717699 550.000000 3
395.713017 550.000000 3
394.708335 550.000000 3
391.694290 550.000000 3
390.689609 550.000000 3
388.680245 550.000000 3
386.670882 550.000000 3
385.666200 550.000000 3
384.661518 550.000000 3
383.656837 550.000000 3
381.647473 550.000000 3
379.638110 550.000000 3
377.628747 550.000000 3
376.624065 550.000000 3
375.619383 550.000000 3
374.614702 550.000000 3
372.605338 550.000000 3
371.600656 550.000000 3
370.595975 550.000000 3
367.581930 550.000000 3
366.577248 550.000000 3
365.572566 550.000000 3
362.558521 550.000000 3
360.549158 550.000000 3
359.544476 550.000000 3
358.539794 550.000000 3
356.530431 550.000000 3
351.507023 550.000000 3
349.497659 550.000000 3
348.492977 550.000000 3
347.488296 550.000000 3
345.478932 550.000000 3
344.474251 550.000000 3
343.469569 550.000000 3
342.464887 550.000000 3
341.460206 550.000000 3
335.432115 550.000000 3
334.427434 550.000000 3
332.418070 550.000000 3
329.404025 550.000000 3
328.399344 550.000000 3
327.394662 550.000000 3
326.389980 550.000000 3
323.375935 550.000000 3
321.366572 550.000000 3
318.352527 550.000000 3
315.338482 550.000000 3
313.329118 550.000000 3
311.319755 550.000000 3
309.310391 550.000000 3
308.305710 550.000000 3
307.301028 550.000000 3
306.296346 550.000000 3
302.277620 550.000000 3
301.272938 550.000000 3
300.268256 550.000000 3
297.254211 550.000000 3
295.244848 550.000000 3
293.235484 550.000000 3
291.226121 550.000000 3
289.216757 550.000000 3
287.207394 550.000000 3
285.198031 550.000000 3
284.193349 550.000000 3
283.188667 550.000000 3
282.183986 550.000000 3
279.169941 550.000000 3
278.165259 550.000000 3
277.160577 550.000000 3
275.151214 550.000000 3
274.146532 550.000000 3
272.137169 550.000000 3
271.132487 550.000000 3
271.132487 550.000000 2
270.629333 549.128511 2
270.126178 548.257022 2
269.623024 547.385533 2
269.119869 546.514044 2
268.616715 545.642555 2
268.113560 544.771066 2
267.610406 543.899577 2
267.107251 543.028088 2
266.604097 542.156599 2
266.100942 541.285110 2
265.094634 539.542131 2
264.591479 538.670642 2
264.088325 537.799153 2
263.585170 536.927664 2
263.082016 536.056175 2
262.578861 535.184686 2
262.075707 534.313197 2
261.572552 533.441708 2
260.566244 531.698730 2
260.063089 530.827241 2
259.559935 529.955752 2
259.056780 529.084263 2
258.553626 528.212774 2
258.050471 527.341285 2
257.547317 526.469796 2
257.044162 525.598307 2
256.541008 524.726818 2
256.037853 523.855329 2
255.534699 522.983840 2
255.031545 522.112350 2
254.528390 521.240861 2
254.025236 520.369372 2
253.522081 519.497883 2
253.018927 518.626394 2
252.515772 517.754905 2
252.012618 516.883416 2
251.509463 516.011927 2
251.006309 515.140438 2
250.503154 514.268949 2
250.000000 513.397460 2
250.000000 513.397460 1
248.993691 515.140438 1
248.490537 516.011927 1
247.987382 516.883416 1
247.484228 517.754905 1
246.981073 518.626394 1
246.477919 519.497883 1
245.974764 520.369372 1
245.471610 521.240861 1
244.968455 522.112350 1
244.465301 522.983840 1
243.962147 523.855329 1
243.458992 524.726818 1
242.955838 525.598307 1
242.452683 526.469796 1
241.949529 527.341285 1
241.446374 528.212774 1
240.943220 529.084263 1
240.440065 529.955752 1
239.936911 530.827241 1
239.433757 531.698730 1
238.930602 532.570219 1
238.427448 533.441708 1
237.924293 534.313197 1
237.421139 535.184686 1
236.917984 536.056175 1
236.414830 536.927664 1
235.911675 537.799153 1
235.408521 538.670642 1
234.905366 539.542131 1
234.402212 540.413620 1
233.899058 541.285110 1
233.395903 542.156599 1
232.892749 543.028088 1
232.389594 543.899577 1
231.886440 544.771066 1
231.383285 545.642555 1
230.880131 546.514044 1
230.376976 547.385533 1
229.873822 548.257022 1
229.370667 549.128511 1
228.867513 550.000000 1
227.860736 550.000000 0
226.853958 550.000000 0
225.847181 550.000000 0
224.840403 550.000000 0
223.833626 550.000000 0
221.820071 550.000000 0
216.786184 550.000000 0
214.772629 550.000000 0
213.765851 550.000000 0
212.759074 550.000000 0
211.752296 550.000000 0
210.745519 550.000000 0
209.738742 550.000000 0
208.731964 550.000000 0
204.704854 550.000000 0
202.691299 550.000000 0
200.677745 550.000000 0
199.670967 550.000000 0
198.664190 550.000000 0
197.657412 550.000000 0
196.650635 550.000000 0
194.637080 550.000000 0
193.630302 550.000000 0
192.623525 550.000000 0
191.616748 550.000000 0
190.609970 550.000000 0
189.603193 550.000000 0
186.582860 550.000000 0
184.569305 550.000000 0
183.562528 550.000000 0
182.555751 550.000000 0
181.548973 550.000000 0
180.542196 550.000000 0
179.535418 550.000000 0
178.528641 550.000000 0
177.521863 550.000000 0
174.501531 550.000000 0
172.487976 550.000000 0
171.481199 550.000000 0
169.467644 550.000000 0
168.460866 550.000000 0
165.440534 550.000000 0
163.426979 550.000000 0
162.420202 550.000000 0
160.406647 550.000000 0
159.399869 550.000000 0
158.393092 550.000000 0
157.386314 550.000000 0
156.379537 550.000000 0
155.372759 550.000000 0
154.365982 550.000000 0
153.359205 550.000000 0
152.352427 550.000000 0
151.345650 550.000000 0
148.325317 550.000000 0
145.304985 550.000000 0
144.298208 550.000000 0
142.284653 550.000000 0
141.277875 550.000000 0
139.264320 550.000000 0
137.250765 550.000000 0
135.237211 550.000000 0
134.230433 550.000000 0
132.216878 550.000000 0
130.203323 550.000000 0
129.196546 550.000000 0
125.169436 550.000000 0
123.155881 550.000000 0
122.149104 550.000000 0
120.135549 550.000000 0
119.128771 550.000000 0
117.115217 550.000000 0
115.101662 550.000000 0
114.094884 550.000000 0
112.081329 550.000000 0
110.067774 550.000000 0
109.060997 550.000000 0
108.054220 550.000000 0
106.040665 550.000000 0
103.020332 550.000000 0
102.013555 550.000000 0
101.006777 550.000000 0
100.000000 550.000000 0
