2140
100.000000 450.000000 32
101.001866 450.000000 32
102.003732 450.000000 32
103.005598 450.000000 32
104.007464 450.000000 32
105.009330 450.000000 32
106.011196 450.000000 32
110.018660 450.000000 32
111.020526 450.000000 32
114.026124 450.000000 32
115.027990 450.000000 32
116.029856 450.000000 32
117.031722 450.000000 32
119.035454 450.000000 32
120.037320 450.000000 32
121.039186 450.000000 32
123.042918 450.000000 32
124.044784 450.000000 32
125.046650 450.000000 32
126.048516 450.000000 32
127.050382 450.000000 32
128.052248 450.000000 32
129.054114 450.000000 32
130.055980 450.000000 32
131.057846 450.000000 32
135.065310 450.000000 32
137.069043 450.000000 32
138.070909 450.000000 32
139.072775 450.000000 32
140.074641 450.000000 32
141.076507 450.000000 32
142.078373 450.000000 32
143.080239 450.000000 32
144.082105 450.000000 32
145.083971 450.000000 32
146.085837 450.000000 32
147.087703 450.000000 32
148.089569 450.000000 32
149.091435 450.000000 32
150.093301 450.000000 32
153.098899 450.000000 32
155.102631 450.000000 32
157.106363 450.000000 32
158.108229 450.000000 32
159.110095 450.000000 32
162.115693 450.000000 32
163.117559 450.000000 32
164.119425 450.000000 32
165.121291 450.000000 32
166.123157 450.000000 32
167.125023 450.000000 32
168.126889 450.000000 32
169.128755 450.000000 32
170.130621 450.000000 32
171.132487 450.000000 32
172.137169 448.259840 31
173.141850 446.519681 31
173.644191 445.649601 31
174.648873 443.909441 31
175.653555 442.169281 31
176.658236 440.429121 31
178.165259 437.818882 31
178.667600 436.948802 31
179.672281 435.208642 31
180.174622 434.338562 31
180.676963 433.468482 31
181.179304 432.598403 31
181.681645 431.728323 31
184.695690 426.507843 31
186.705053 423.027524 31
187.207394 422.157444 31
188.714417 419.547204 31
189.216757 418.677125 31
189.719098 417.807045 31
192.230803 413.456645 31
192.733143 412.586565 31
193.737825 410.846406 31
197.254211 404.755847 31
198.258893 403.015687 31
198.761234 402.145607 31
200.268256 399.535367 31
200.770597 398.665288 31
201.775279 396.925128 31
202.277620 396.055048 31
202.779960 395.184968 31
203.784642 393.444808 31
204.286983 392.574728 31
204.789324 391.704649 31
205.291665 390.834569 31
205.794005 389.964489 31
206.798687 388.224329 31
208.305710 385.614089 31
208.808051 384.744010 31
209.310391 383.873930 31
209.812732 383.003850 31
210.817414 381.263690 31
212.324436 378.653450 31
212.826777 377.783371 31
213.329118 376.913291 31
213.831459 376.043211 31
214.836141 374.303051 31
216.343163 371.692811 31
216.845504 370.822732 31
218.352527 368.212492 31
218.854867 367.342412 31
219.357208 366.472332 31
219.859549 365.602252 31
221.366572 362.992013 31
222.873594 360.381773 31
223.878276 358.641613 31
224.882958 356.901454 31
225.385298 356.031374 31
225.887639 355.161294 31
226.389980 354.291214 31
227.897003 351.680974 31
228.399344 350.810895 31
229.404025 349.070735 31
229.906366 348.200655 31
230.408707 347.330575 31
230.911048 346.460495 31
231.915730 344.720335 31
233.925093 341.240016 31
234.427434 340.369936 31
235.432115 338.629776 31
238.446161 333.409297 31
239.953183 330.799057 31
240.455524 329.928978 31
242.464887 326.448658 31
243.971910 323.838418 31
244.474251 322.968339 31
245.478932 321.228179 31
246.985955 318.617939 31
247.990637 316.877779 31
248.492977 316.007700 31
249.497659 314.267540 31
250.000000 313.397460 31
251.004682 315.137620 30
251.507023 316.007700 30
252.009363 316.877779 30
252.511704 317.747859 30
253.014045 318.617939 30
254.521068 321.228179 30
256.530431 324.708498 30
257.032772 325.578578 30
258.539794 328.188818 30
259.042135 329.058898 30
259.544476 329.928978 30
260.046817 330.799057 30
260.549158 331.669137 30
261.051499 332.539217 30
261.553839 333.409297 30
262.558521 335.149457 30
263.060862 336.019537 30
263.563203 336.889617 30
264.567885 338.629776 30
265.070225 339.499856 30
266.074907 341.240016 30
267.079589 342.980176 30
267.581930 343.850256 30
268.586611 345.590415 30
270.093634 348.200655 30
270.595975 349.070735 30
271.098316 349.940815 30
271.600656 350.810895 30
272.102997 351.680974 30
273.107679 353.421134 30
274.112361 355.161294 30
274.614702 356.031374 30
276.624065 359.511693 30
277.628747 361.251853 30
278.131087 362.121933 30
278.633428 362.992013 30
279.135769 363.862093 30
279.638110 364.732172 30
280.140451 365.602252 30
280.642792 366.472332 30
281.145133 367.342412 30
282.149814 369.082572 30
283.154496 370.822732 30
283.656837 371.692811 30
285.163859 374.303051 30
286.168541 376.043211 30
286.670882 376.913291 30
287.675564 378.653450 30
289.182586 381.263690 30
289.684927 382.133770 30
290.187268 383.003850 30
290.689609 383.873930 30
291.191949 384.744010 30
292.196631 386.484169 30
292.698972 387.354249 30
293.201313 388.224329 30
293.703654 389.094409 30
295.210676 391.704649 30
295.713017 392.574728 30
297.220040 395.184968 30
298.224721 396.925128 30
299.731744 399.535367 30
300.736426 401.275527 30
301.741107 403.015687 30
302.243448 403.885767 30
302.745789 404.755847 30
304.252811 407.366086 30
305.257493 409.106246 30
305.759834 409.976326 30
306.262175 410.846406 30
306.764516 411.716486 30
307.266857 412.586565 30
307.769197 413.456645 30
308.271538 414.326725 30
309.778561 416.936965 30
310.280902 417.807045 30
311.787924 420.417284 30
312.290265 421.287364 30
312.792606 422.157444 30
314.801969 425.637764 30
315.806651 427.377923 30
316.308992 428.248003 30
317.313674 429.988163 30
317.816014 430.858243 30
318.318355 431.728323 30
318.820696 432.598403 30
320.327719 435.208642 30
321.332400 436.948802 30
322.337082 438.688962 30
322.839423 439.559042 30
324.346445 442.169281 30
325.853468 444.779521 30
326.355809 445.649601 30
327.360490 447.389760 30
327.862831 448.259840 30
328.867513 450.000000 30
328.867513 450.000000 29
329.873822 450.000000 29
330.880131 450.000000 29
331.886440 450.000000 29
332.892749 450.000000 29
334.905366 450.000000 29
335.911675 450.000000 29
336.917984 450.000000 29
337.924293 450.000000 29
338.930602 450.000000 29
339.936911 450.000000 29
340.943220 450.000000 29
341.949529 450.000000 29
342.955838 450.000000 29
343.962147 450.000000 29
344.968455 450.000000 29
345.974764 450.000000 29
346.981073 450.000000 29
347.987382 450.000000 29
348.993691 450.000000 29
351.006309 450.000000 29
352.012618 450.000000 29
353.018927 450.000000 29
354.025236 450.000000 29
355.031545 450.000000 29
356.037853 450.000000 29
357.044162 450.000000 29
358.050471 450.000000 29
360.063089 450.000000 29
361.069398 450.000000 29
362.075707 450.000000 29
363.082016 450.000000 29
364.088325 450.000000 29
365.094634 450.000000 29
366.100942 450.000000 29
367.107251 450.000000 29
369.119869 450.000000 29
370.126178 450.000000 29
371.132487 450.000000 29
371.132487 450.000000 28
371.635641 449.128511 28
372.641950 447.385533 28
373.145105 446.514044 28
373.648259 445.642555 28
374.654568 443.899577 28
375.157722 443.028088 28
375.660877 442.156599 28
376.164031 441.285110 28
376.667186 440.413620 28
377.170340 439.542131 28
377.673495 438.670642 28
378.176649 437.799153 28
378.679803 436.927664 28
379.182958 436.056175 28
379.686112 435.184686 28
380.189267 434.313197 28
381.195576 432.570219 28
381.698730 431.698730 28
382.201884 430.827241 28
382.705039 429.955752 28
383.208193 429.084263 28
383.711348 428.212774 28
384.214502 427.341285 28
384.717657 426.469796 28
385.220811 425.598307 28
385.723965 424.726818 28
386.227120 423.855329 28
386.730274 422.983840 28
387.233429 422.112350 28
387.736583 421.240861 28
388.239738 420.369372 28
388.742892 419.497883 28
389.246046 418.626394 28
389.749201 417.754905 28
390.252355 416.883416 28
390.755510 416.011927 28
391.258664 415.140438 28
391.761819 414.268949 28
392.264973 413.397460 28
391.260291 411.657300 27
390.757950 410.787220 27
390.255610 409.917140 27
389.753269 409.047061 27
389.250928 408.176981 27
388.748587 407.306901 27
387.743905 405.566741 27
387.241565 404.696661 27
384.729860 400.346262 27
384.227519 399.476182 27
383.725179 398.606102 27
383.222838 397.736022 27
382.720497 396.865942 27
382.218156 395.995862 27
381.715815 395.125783 27
381.213474 394.255703 27
380.711134 393.385623 27
379.706452 391.645463 27
378.701770 389.905303 27
378.199429 389.035223 27
377.697088 388.165144 27
377.194748 387.295064 27
376.692407 386.424984 27
375.687725 384.684824 27
374.180703 382.074584 27
373.176021 380.334425 27
372.673680 379.464345 27
371.668998 377.724185 27
369.659635 374.243865 27
368.654953 372.503706 27
368.152612 371.633626 27
367.147931 369.893466 27
366.645590 369.023386 27
365.640908 367.283226 27
364.636226 365.543067 27
363.631545 363.802907 27
362.626863 362.062747 27
361.622181 360.322587 27
357.603455 353.361948 27
355.594091 349.881629 27
355.091750 349.011549 27
354.589409 348.141469 27
354.087069 347.271389 27
353.584728 346.401309 27
353.082387 345.531229 27
352.580046 344.661150 27
352.077705 343.791070 27
351.073024 342.050910 27
349.566001 339.440670 27
349.063660 338.570590 27
348.561319 337.700511 27
348.058978 336.830431 27
347.556638 335.960351 27
347.054297 335.090271 27
346.551956 334.220191 27
345.547274 332.480031 27
344.040252 329.869792 27
343.537911 328.999712 27
342.533229 327.259552 27
341.528547 325.519392 27
341.026207 324.649312 27
340.523866 323.779232 27
340.021525 322.909153 27
339.519184 322.039073 27
339.016843 321.168993 27
338.514502 320.298913 27
337.509821 318.558753 27
337.007480 317.688673 27
336.505139 316.818593 27
336.002798 315.948514 27
333.993435 312.468194 27
332.988753 310.728034 27
332.486412 309.857954 27
331.481730 308.117795 27
329.974708 305.507555 27
329.472367 304.637475 27
328.467685 302.897315 27
327.965345 302.027235 27
326.960663 300.287076 27
326.458322 299.416996 27
325.453640 297.676836 27
324.448959 295.936676 27
323.946618 295.066596 27
323.444277 294.196517 27
321.937254 291.586277 27
321.434914 290.716197 27
320.932573 289.846117 27
320.430232 288.976037 27
319.927891 288.105957 27
319.425550 287.235878 27
318.923209 286.365798 27
317.918528 284.625638 27
317.416187 283.755558 27
316.913846 282.885478 27
316.411505 282.015398 27
315.909164 281.145318 27
315.406823 280.275239 27
314.402142 278.535079 27
313.397460 276.794919 27
313.397460 276.794919 26
314.402142 276.794919 26
317.416187 276.794919 26
319.425550 276.794919 26
320.430232 276.794919 26
321.434914 276.794919 26
323.444277 276.794919 26
324.448959 276.794919 26
326.458322 276.794919 26
327.463004 276.794919 26
328.467686 276.794919 26
331.481731 276.794919 26
336.505139 276.794919 26
337.509821 276.794919 26
339.519184 276.794919 26
340.523866 276.794919 26
345.547274 276.794919 26
347.556638 276.794919 26
348.561320 276.794919 26
349.566001 276.794919 26
350.570683 276.794919 26
352.580046 276.794919 26
355.594091 276.794919 26
356.598773 276.794919 26
357.603455 276.794919 26
359.612818 276.794919 26
361.622182 276.794919 26
368.654954 276.794919 26
369.659635 276.794919 26
370.664317 276.794919 26
371.668999 276.794919 26
373.678362 276.794919 26
374.683044 276.794919 26
375.687725 276.794919 26
376.692407 276.794919 26
377.697089 276.794919 26
379.706452 276.794919 26
380.711134 276.794919 26
381.715816 276.794919 26
384.729861 276.794919 26
385.734542 276.794919 26
390.757951 276.794919 26
392.767314 276.794919 26
393.771996 276.794919 26
396.786041 276.794919 26
398.795405 276.794919 26
399.800086 276.794919 26
400.804768 276.794919 26
401.809450 276.794919 26
402.814131 276.794919 26
406.832858 276.794919 26
407.837540 276.794919 26
410.851585 276.794919 26
412.860948 276.794919 26
414.870312 276.794919 26
417.884357 276.794919 26
418.889039 276.794919 26
419.893720 276.794919 26
420.898402 276.794919 26
421.903084 276.794919 26
422.907765 276.794919 26
423.912447 276.794919 26
425.921810 276.794919 26
427.931174 276.794919 26
429.940537 276.794919 26
431.949901 276.794919 26
432.954582 276.794919 26
434.963946 276.794919 26
436.973309 276.794919 26
438.982673 276.794919 26
439.987354 276.794919 26
440.992036 276.794919 26
444.006081 276.794919 26
447.020126 276.794919 26
448.024808 276.794919 26
449.029490 276.794919 26
451.038853 276.794919 26
452.043535 276.794919 26
454.052898 276.794919 26
456.062261 276.794919 26
457.066943 276.794919 26
460.080988 276.794919 26
461.085670 276.794919 26
462.090352 276.794919 26
463.095033 276.794919 26
464.099715 276.794919 26
465.104397 276.794919 26
467.113760 276.794919 26
470.127805 276.794919 26
471.132487 276.794919 25
474.146532 271.574440 25
474.648873 270.704360 25
476.658236 267.224040 25
477.662918 265.483881 25
478.165259 264.613801 25
479.672281 262.003561 25
481.179304 259.393322 25
482.183986 257.653162 25
483.188667 255.913002 25
483.691008 255.042922 25
484.193349 254.172842 25
485.198031 252.432683 25
485.700372 251.562603 25
487.709735 248.082283 25
489.216757 245.472044 25
489.719098 244.601964 25
490.221439 243.731884 25
490.723780 242.861804 25
491.226121 241.991724 25
491.728462 241.121644 25
492.733143 239.381484 25
493.235484 238.511405 25
495.244848 235.031085 25
496.751870 232.420845 25
497.254211 231.550766 25
497.756552 230.680686 25
498.258893 229.810606 25
498.761234 228.940526 25
499.263574 228.070446 25
500.268256 226.330286 25
501.272938 224.590127 25
501.775279 223.720047 25
503.282301 221.109807 25
503.784642 220.239727 25
504.286983 219.369647 25
504.789324 218.499568 25
506.798687 215.019248 25
507.301028 214.149168 25
508.305710 212.409008 25
508.808051 211.538929 25
509.812732 209.798769 25
510.817414 208.058609 25
511.319755 207.188529 25
511.822096 206.318449 25
512.324436 205.448369 25
513.329118 203.708210 25
513.831459 202.838130 25
515.338482 200.227890 25
516.343163 198.487730 25
516.845504 197.617651 25
517.850186 195.877491 25
518.854867 194.137331 25
520.864231 190.657012 25
521.868913 188.916852 25
522.371253 188.046772 25
523.878276 185.436532 25
524.380617 184.566453 25
526.892321 180.216053 25
527.394662 179.345973 25
527.897003 178.475893 25
529.404025 175.865654 25
530.408707 174.125494 25
530.911048 173.255414 25
531.915730 171.515254 25
532.920411 169.775095 25
533.925093 168.034935 25
534.929775 166.294775 25
536.939138 162.814456 25
537.441479 161.944376 25
537.943820 161.074296 25
538.446161 160.204216 25
539.450842 158.464056 25
539.953183 157.593976 25
541.962546 154.113657 25
543.469569 151.503417 25
544.474251 149.763258 25
545.478932 148.023098 25
546.483614 146.282938 25
547.488296 144.542778 25
547.990637 143.672698 25
548.492977 142.802619 25
550.000000 140.192379 25
550.000000 140.192379 24
551.004682 141.932539 24
551.507023 142.802619 24
552.009363 143.672698 24
554.018727 147.153018 24
555.023408 148.893178 24
556.028090 150.633337 24
556.530431 151.503417 24
557.032772 152.373497 24
557.535113 153.243577 24
558.539794 154.983737 24
559.042135 155.853817 24
559.544476 156.723897 24
560.046817 157.593976 24
561.553839 160.204216 24
562.558521 161.944376 24
563.563203 163.684536 24
564.065544 164.554615 24
565.572566 167.164855 24
567.079589 169.775095 24
567.581930 170.645175 24
569.088952 173.255414 24
572.102997 178.475893 24
572.605338 179.345973 24
573.107679 180.216053 24
574.112361 181.956213 24
575.619383 184.566453 24
576.121724 185.436532 24
576.624065 186.306612 24
577.126406 187.176692 24
578.131087 188.916852 24
578.633428 189.786932 24
579.638110 191.527091 24
581.145133 194.137331 24
582.652155 196.747571 24
583.154496 197.617651 24
583.656837 198.487730 24
584.661518 200.227890 24
588.177904 206.318449 24
588.680245 207.188529 24
590.689609 210.668849 24
591.191949 211.538929 24
591.694290 212.409008 24
592.196631 213.279088 24
592.698972 214.149168 24
593.201313 215.019248 24
593.703654 215.889328 24
594.708335 217.629488 24
595.713017 219.369647 24
596.215358 220.239727 24
598.224721 223.720047 24
598.727062 224.590127 24
601.238766 228.940526 24
602.243448 230.680686 24
602.745789 231.550766 24
603.248130 232.420845 24
604.755152 235.031085 24
606.262175 237.641325 24
608.271538 241.121644 24
608.773879 241.991724 24
609.778561 243.731884 24
610.280902 244.601964 24
610.783243 245.472044 24
611.285583 246.342123 24
611.787924 247.212203 24
612.290265 248.082283 24
612.792606 248.952363 24
613.294947 249.822443 24
615.806651 254.172842 24
616.308992 255.042922 24
616.811333 255.913002 24
617.816014 257.653162 24
618.318355 258.523242 24
618.820696 259.393322 24
619.825378 261.133481 24
620.830059 262.873641 24
621.332400 263.743721 24
622.337082 265.483881 24
622.839423 266.353961 24
623.844105 268.094120 24
624.346445 268.964200 24
624.848786 269.834280 24
625.351127 270.704360 24
626.858150 273.314600 24
627.360490 274.184679 24
628.867513 276.794919 24
628.867513 276.794919 23
630.876876 276.794919 23
631.881558 276.794919 23
632.886240 276.794919 23
634.895603 276.794919 23
636.904967 276.794919 23
637.909648 276.794919 23
638.914330 276.794919 23
639.919012 276.794919 23
640.923693 276.794919 23
643.937739 276.794919 23
645.947102 276.794919 23
647.956465 276.794919 23
648.961147 276.794919 23
651.975192 276.794919 23
652.979874 276.794919 23
653.984556 276.794919 23
655.993919 276.794919 23
658.003282 276.794919 23
659.007964 276.794919 23
663.026691 276.794919 23
664.031373 276.794919 23
665.036054 276.794919 23
668.050099 276.794919 23
673.073508 276.794919 23
674.078190 276.794919 23
676.087553 276.794919 23
677.092235 276.794919 23
680.106280 276.794919 23
681.110961 276.794919 23
682.115643 276.794919 23
683.120325 276.794919 23
684.125007 276.794919 23
687.139052 276.794919 23
689.148415 276.794919 23
693.167142 276.794919 23
695.176505 276.794919 23
697.185869 276.794919 23
698.190550 276.794919 23
699.195232 276.794919 23
700.199914 276.794919 23
701.204595 276.794919 23
702.209277 276.794919 23
703.213959 276.794919 23
704.218641 276.794919 23
706.228004 276.794919 23
710.246731 276.794919 23
711.251412 276.794919 23
712.256094 276.794919 23
714.265458 276.794919 23
717.279503 276.794919 23
718.284184 276.794919 23
719.288866 276.794919 23
721.298229 276.794919 23
722.302911 276.794919 23
725.316956 276.794919 23
728.331001 276.794919 23
729.335683 276.794919 23
731.345046 276.794919 23
732.349728 276.794919 23
733.354410 276.794919 23
734.359092 276.794919 23
737.373137 276.794919 23
738.377818 276.794919 23
740.387182 276.794919 23
741.391863 276.794919 23
742.396545 276.794919 23
743.401227 276.794919 23
745.410590 276.794919 23
748.424635 276.794919 23
749.429317 276.794919 23
750.433999 276.794919 23
752.443362 276.794919 23
753.448044 276.794919 23
755.457407 276.794919 23
757.466771 276.794919 23
758.471452 276.794919 23
759.476134 276.794919 23
761.485497 276.794919 23
762.490179 276.794919 23
763.494861 276.794919 23
765.504224 276.794919 23
767.513588 276.794919 23
768.518269 276.794919 23
771.532314 276.794919 23
772.536996 276.794919 23
773.541678 276.794919 23
775.551041 276.794919 23
776.555723 276.794919 23
777.560405 276.794919 23
778.565086 276.794919 23
782.583813 276.794919 23
783.588495 276.794919 23
784.593177 276.794919 23
785.597858 276.794919 23
786.100199 277.664999 22
785.597858 278.535079 22
785.095517 279.405159 22
784.593177 280.275239 22
783.588495 282.015398 22
782.583813 283.755558 22
782.081472 284.625638 22
780.574450 287.235878 22
780.072109 288.105957 22
779.569768 288.976037 22
777.058064 293.326437 22
776.053382 295.066596 22
775.551041 295.936676 22
773.541678 299.416996 22
772.536996 301.157156 22
772.034655 302.027235 22
771.532315 302.897315 22
769.522951 306.377635 22
768.015929 308.987875 22
765.504224 313.338274 22
765.001884 314.208354 22
762.490179 318.558753 22
761.987838 319.428833 22
760.480816 322.039073 22
758.973793 324.649312 22
756.462089 328.999712 22
755.457407 330.739871 22
754.955067 331.609951 22
754.452726 332.480031 22
753.448044 334.220191 22
752.443362 335.960351 22
751.941022 336.830431 22
750.936340 338.570590 22
748.926976 342.050910 22
748.424636 342.920990 22
747.419954 344.661150 22
746.917613 345.531229 22
745.912931 347.271389 22
745.410591 348.141469 22
744.908250 349.011549 22
744.405909 349.881629 22
743.401227 351.621789 22
742.396545 353.361948 22
741.894205 354.232028 22
741.391864 355.102108 22
740.387182 356.842268 22
738.880160 359.452508 22
737.373137 362.062747 22
735.866114 364.672987 22
734.359092 367.283226 22
733.856751 368.153306 22
733.354410 369.023386 22
732.852069 369.893466 22
732.349729 370.763546 22
731.847388 371.633626 22
731.345047 372.503706 22
730.340365 374.243865 22
729.838024 375.113945 22
729.335683 375.984025 22
728.833343 376.854105 22
728.331002 377.724185 22
727.828661 378.594265 22
726.823979 380.334425 22
725.819297 382.074584 22
724.814616 383.814744 22
724.312275 384.684824 22
723.307593 386.424984 22
720.795889 390.775383 22
719.288866 393.385623 22
718.284185 395.125783 22
717.279503 396.865942 22
715.772481 399.476182 22
715.270140 400.346262 22
714.767799 401.216342 22
712.758435 404.696661 22
712.256095 405.566741 22
711.753754 406.436821 22
711.251413 407.306901 22
710.749072 408.176981 22
710.246731 409.047061 22
709.744390 409.917140 22
707.735027 413.397460 21
708.238181 414.268949 21
708.741336 415.140438 21
709.244490 416.011927 21
709.747645 416.883416 21
710.250799 417.754905 21
710.753954 418.626394 21
711.257108 419.497883 21
711.760262 420.369372 21
712.766571 422.112350 21
713.269726 422.983840 21
714.276035 424.726818 21
714.779189 425.598307 21
715.282343 426.469796 21
715.785498 427.341285 21
716.288652 428.212774 21
716.791807 429.084263 21
717.294961 429.955752 21
717.798116 430.827241 21
718.301270 431.698730 21
718.804424 432.570219 21
719.810733 434.313197 21
720.313888 435.184686 21
720.817042 436.056175 21
721.320197 436.927664 21
721.823351 437.799153 21
722.326505 438.670642 21
723.332814 440.413620 21
723.835969 441.285110 21
724.339123 442.156599 21
725.345432 443.899577 21
725.848586 444.771066 21
726.351741 445.642555 21
727.358050 447.385533 21
727.861204 448.257022 21
728.364359 449.128511 21
728.867513 450.000000 21
728.867513 450.000000 20
730.880131 450.000000 20
731.886440 450.000000 20
732.892749 450.000000 20
733.899058 450.000000 20
734.905366 450.000000 20
736.917984 450.000000 20
737.924293 450.000000 20
738.930602 450.000000 20
739.936911 450.000000 20
740.943220 450.000000 20
741.949529 450.000000 20
742.955838 450.000000 20
743.962147 450.000000 20
744.968455 450.000000 20
745.974764 450.000000 20
746.981073 450.000000 20
747.987382 450.000000 20
748.993691 450.000000 20
750.000000 450.000000 20
751.006309 450.000000 20
752.012618 450.000000 20
753.018927 450.000000 20
754.025236 450.000000 20
755.031545 450.000000 20
756.037853 450.000000 20
757.044162 450.000000 20
758.050471 450.000000 20
759.056780 450.000000 20
760.063089 450.000000 20
761.069398 450.000000 20
762.075707 450.000000 20
763.082016 450.000000 20
764.088325 450.000000 20
765.094634 450.000000 20
766.100942 450.000000 20
767.107251 450.000000 20
768.113560 450.000000 20
769.119869 450.000000 20
770.126178 450.000000 20
771.132487 450.000000 20
771.132487 450.000000 19
771.634828 449.129920 19
772.137169 448.259840 19
773.141850 446.519681 19
773.644191 445.649601 19
774.146532 444.779521 19
774.648873 443.909441 19
775.653555 442.169281 19
776.658236 440.429121 19
778.165259 437.818882 19
778.667600 436.948802 19
779.672281 435.208642 19
780.174622 434.338562 19
781.179304 432.598403 19
782.183986 430.858243 19
782.686326 429.988163 19
783.188667 429.118083 19
785.198031 425.637764 19
785.700372 424.767684 19
786.705053 423.027524 19
787.207394 422.157444 19
787.709735 421.287364 19
788.212076 420.417284 19
788.714417 419.547204 19
789.216757 418.677125 19
789.719098 417.807045 19
790.221439 416.936965 19
791.226121 415.196805 19
791.728462 414.326725 19
795.244848 408.236166 19
795.747189 407.366086 19
796.249529 406.496006 19
797.756552 403.885767 19
798.761234 402.145607 19
799.263574 401.275527 19
799.765915 400.405447 19
800.268256 399.535367 19
800.770597 398.665288 19
801.272938 397.795208 19
801.775279 396.925128 19
802.779960 395.184968 19
803.784642 393.444808 19
804.286983 392.574728 19
805.291665 390.834569 19
805.794005 389.964489 19
807.803369 386.484169 19
808.808051 384.744010 19
810.315073 382.133770 19
810.817414 381.263690 19
812.826777 377.783371 19
814.333800 375.173131 19
814.836141 374.303051 19
817.347845 369.952652 19
817.850186 369.082572 19
818.854867 367.342412 19
819.357208 366.472332 19
819.859549 365.602252 19
821.868913 362.121933 19
823.375935 359.511693 19
823.878276 358.641613 19
824.380617 357.771534 19
826.389980 354.291214 19
828.399344 350.810895 19
829.404025 349.070735 19
829.906366 348.200655 19
830.408707 347.330575 19
831.413389 345.590415 19
832.418070 343.850256 19
832.920411 342.980176 19
833.422752 342.110096 19
833.925093 341.240016 19
834.427434 340.369936 19
834.929775 339.499856 19
835.432115 338.629776 19
835.934456 337.759696 19
836.436797 336.889617 19
840.455524 329.928978 19
840.957865 329.058898 19
841.460206 328.188818 19
841.962546 327.318738 19
842.967228 325.578578 19
843.469569 324.708498 19
843.971910 323.838418 19
844.474251 322.968339 19
844.976592 322.098259 19
846.483614 319.488019 19
846.985955 318.617939 19
847.990637 316.877779 19
848.492977 316.007700 19
848.995318 315.137620 19
849.497659 314.267540 19
850.000000 313.397460 18
850.502341 314.267540 18
851.004682 315.137620 18
851.507023 316.007700 18
852.009363 316.877779 18
852.511704 317.747859 18
853.014045 318.617939 18
854.018727 320.358099 18
855.525749 322.968339 18
856.028090 323.838418 18
856.530431 324.708498 18
857.535113 326.448658 18
858.539794 328.188818 18
859.042135 329.058898 18
860.046817 330.799057 18
863.563203 336.889617 18
865.070225 339.499856 18
865.572566 340.369936 18
866.074907 341.240016 18
866.577248 342.110096 18
867.079589 342.980176 18
867.581930 343.850256 18
869.088952 346.460495 18
869.591293 347.330575 18
870.093634 348.200655 18
871.098316 349.940815 18
871.600656 350.810895 18
872.102997 351.680974 18
872.605338 352.551054 18
874.614702 356.031374 18
875.117042 356.901454 18
876.121724 358.641613 18
878.131087 362.121933 18
878.633428 362.992013 18
879.638110 364.732172 18
880.642792 366.472332 18
882.149814 369.082572 18
883.154496 370.822732 18
884.661518 373.432971 18
885.163859 374.303051 18
886.670882 376.913291 18
888.680245 380.393610 18
889.182586 381.263690 18
889.684927 382.133770 18
890.187268 383.003850 18
890.689609 383.873930 18
892.196631 386.484169 18
892.698972 387.354249 18
893.703654 389.094409 18
894.205995 389.964489 18
894.708335 390.834569 18
895.210676 391.704649 18
896.717699 394.314888 18
897.220040 395.184968 18
898.727062 397.795208 18
899.229403 398.665288 18
900.234085 400.405447 18
900.736426 401.275527 18
901.238766 402.145607 18
902.745789 404.755847 18
903.248130 405.625926 18
905.257493 409.106246 18
906.262175 410.846406 18
907.266857 412.586565 18
908.271538 414.326725 18
908.773879 415.196805 18
909.276220 416.066885 18
909.778561 416.936965 18
910.280902 417.807045 18
910.783243 418.677125 18
911.787924 420.417284 18
913.294947 423.027524 18
914.299628 424.767684 18
914.801969 425.637764 18
915.806651 427.377923 18
916.308992 428.248003 18
916.811333 429.118083 18
917.313674 429.988163 18
920.327719 435.208642 18
923.844105 441.299201 18
924.848786 443.039361 18
925.853468 444.779521 18
926.355809 445.649601 18
927.360490 447.389760 18
928.867513 450.000000 17
930.871245 450.000000 17
931.873111 450.000000 17
932.874977 450.000000 17
933.876843 450.000000 17
935.880575 450.000000 17
936.882441 450.000000 17
937.884307 450.000000 17
938.886173 450.000000 17
939.888039 450.000000 17
940.889905 450.000000 17
941.891771 450.000000 17
945.899235 450.000000 17
946.901101 450.000000 17
947.902967 450.000000 17
948.904833 450.000000 17
949.906699 450.000000 17
951.910431 450.000000 17
952.912297 450.000000 17
953.914163 450.000000 17
954.916029 450.000000 17
956.919761 450.000000 17
957.921627 450.000000 17
958.923493 450.000000 17
959.925359 450.000000 17
960.927225 450.000000 17
962.930957 450.000000 17
963.932823 450.000000 17
964.934690 450.000000 17
965.936556 450.000000 17
966.938422 450.000000 17
968.942154 450.000000 17
969.944020 450.000000 17
970.945886 450.000000 17
971.947752 450.000000 17
972.949618 450.000000 17
973.951484 450.000000 17
974.953350 450.000000 17
976.957082 450.000000 17
977.958948 450.000000 17
979.962680 450.000000 17
980.964546 450.000000 17
981.966412 450.000000 17
983.970144 450.000000 17
984.972010 450.000000 17
986.975742 450.000000 17
987.977608 450.000000 17
988.979474 450.000000 17
989.981340 450.000000 17
990.983206 450.000000 17
991.985072 450.000000 17
993.988804 450.000000 17
994.990670 450.000000 17
995.992536 450.000000 17
996.994402 450.000000 17
997.996268 450.000000 17
998.998134 450.000000 17
1000.000000 450.000000 16
1000.000000 451.000000 16
1000.000000 453.000000 16
1000.000000 454.000000 16
1000.000000 455.000000 16
1000.000000 456.000000 16
1000.000000 459.000000 16
1000.000000 460.000000 16
1000.000000 461.000000 16
1000.000000 462.000000 16
1000.000000 463.000000 16
1000.000000 464.000000 16
1000.000000 465.000000 16
1000.000000 466.000000 16
1000.000000 467.000000 16
1000.000000 468.000000 16
1000.000000 469.000000 16
1000.000000 471.000000 16
1000.000000 473.000000 16
1000.000000 474.000000 16
1000.000000 475.000000 16
1000.000000 477.000000 16
1000.000000 480.000000 16
1000.000000 481.000000 16
1000.000000 484.000000 16
1000.000000 485.000000 16
1000.000000 486.000000 16
1000.000000 488.000000 16
1000.000000 490.000000 16
1000.000000 491.000000 16
1000.000000 492.000000 16
1000.000000 494.000000 16
1000.000000 495.000000 16
1000.000000 496.000000 16
1000.000000 497.000000 16
1000.000000 498.000000 16
1000.000000 499.000000 16
1000.000000 501.000000 16
1000.000000 502.000000 16
1000.000000 504.000000 16
1000.000000 505.000000 16
1000.000000 506.000000 16
1000.000000 507.000000 16
1000.000000 510.000000 16
1000.000000 511.000000 16
1000.000000 512.000000 16
1000.000000 513.000000 16
1000.000000 515.000000 16
1000.000000 516.000000 16
1000.000000 517.000000 16
1000.000000 518.000000 16
1000.000000 519.000000 16
1000.000000 522.000000 16
1000.000000 523.000000 16
1000.000000 524.000000 16
1000.000000 525.000000 16
1000.000000 526.000000 16
1000.000000 527.000000 16
1000.000000 528.000000 16
1000.000000 529.000000 16
1000.000000 530.000000 16
1000.000000 534.000000 16
1000.000000 535.000000 16
1000.000000 536.000000 16
1000.000000 537.000000 16
1000.000000 538.000000 16
1000.000000 539.000000 16
1000.000000 540.000000 16
1000.000000 541.000000 16
1000.000000 542.000000 16
1000.000000 545.000000 16
1000.000000 546.000000 16
1000.000000 547.000000 16
1000.000000 548.000000 16
1000.000000 550.000000 16
1000.000000 550.000000 15
997.986445 550.000000 15
996.979668 550.000000 15
995.972890 550.000000 15
994.966113 550.000000 15
993.959335 550.000000 15
991.945780 550.000000 15
990.939003 550.000000 15
989.932226 550.000000 15
987.918671 550.000000 15
986.911893 550.000000 15
980.871229 550.000000 15
978.857674 550.000000 15
974.830564 550.000000 15
972.817009 550.000000 15
969.796677 550.000000 15
966.776344 550.000000 15
965.769567 550.000000 15
964.762789 550.000000 15
963.756012 550.000000 15
959.728902 550.000000 15
958.722125 550.000000 15
957.715347 550.000000 15
956.708570 550.000000 15
954.695015 550.000000 15
950.667905 550.000000 15
949.661128 550.000000 15
946.640795 550.000000 15
944.627241 550.000000 15
943.620463 550.000000 15
941.606908 550.000000 15
939.593353 550.000000 15
937.579798 550.000000 15
936.573021 550.000000 15
935.566243 550.000000 15
934.559466 550.000000 15
933.552689 550.000000 15
932.545911 550.000000 15
931.539134 550.000000 15
926.505246 550.000000 15
923.484914 550.000000 15
920.464582 550.000000 15
919.457804 550.000000 15
918.451027 550.000000 15
917.444249 550.000000 15
913.417140 550.000000 15
911.403585 550.000000 15
910.396807 550.000000 15
909.390030 550.000000 15
907.376475 550.000000 15
905.362920 550.000000 15
902.342588 550.000000 15
901.335810 550.000000 15
900.329033 550.000000 15
899.322255 550.000000 15
897.308701 550.000000 15
896.301923 550.000000 15
895.295146 550.000000 15
894.288368 550.000000 15
891.268036 550.000000 15
888.247704 550.000000 15
887.240926 550.000000 15
886.234149 550.000000 15
884.220594 550.000000 15
883.213816 550.000000 15
882.207039 550.000000 15
881.200261 550.000000 15
880.193484 550.000000 15
879.186707 550.000000 15
871.132487 550.000000 15
871.132487 550.000000 14
870.629333 549.128511 14
870.126178 548.257022 14
869.119869 546.514044 14
868.616715 545.642555 14
868.113560 544.771066 14
867.610406 543.899577 14
867.107251 543.028088 14
866.604097 542.156599 14
866.100942 541.285110 14
865.597788 540.413620 14
865.094634 539.542131 14
864.591479 538.670642 14
864.088325 537.799153 14
863.585170 536.927664 14
863.082016 536.056175 14
862.578861 535.184686 14
862.075707 534.313197 14
861.572552 533.441708 14
861.069398 532.570219 14
860.566243 531.698730 14
860.063089 530.827241 14
859.559935 529.955752 14
859.056780 529.084263 14
858.050471 527.341285 14
857.547317 526.469796 14
857.044162 525.598307 14
856.037853 523.855329 14
855.534699 522.983840 14
855.031545 522.112350 14
854.528390 521.240861 14
854.025236 520.369372 14
853.522081 519.497883 14
853.018927 518.626394 14
852.515772 517.754905 14
852.012618 516.883416 14
851.509463 516.011927 14
851.006309 515.140438 14
850.503154 514.268949 14
850.000000 513.397460 14
850.000000 513.397460 13
849.496846 514.268949 13
848.993691 515.140438 13
848.490537 516.011927 13
847.987382 516.883416 13
847.484228 517.754905 13
846.981073 518.626394 13
846.477919 519.497883 13
845.974764 520.369372 13
845.471610 521.240861 13
844.968455 522.112350 13
844.465301 522.983840 13
843.962147 523.855329 13
843.458992 524.726818 13
842.955838 525.598307 13
842.452683 526.469796 13
841.949529 527.341285 13
841.446374 528.212774 13
840.440065 529.955752 13
839.936911 530.827241 13
839.433757 531.698730 13
838.930602 532.570219 13
838.427448 533.441708 13
837.924293 534.313197 13
837.421139 535.184686 13
836.917984 536.056175 13
836.414830 536.927664 13
835.911675 537.799153 13
835.408521 538.670642 13
834.905366 539.542131 13
833.899058 541.285110 13
833.395903 542.156599 13
832.892749 543.028088 13
832.389594 543.899577 13
831.886440 544.771066 13
831.383285 545.642555 13
830.880131 546.514044 13
830.376976 547.385533 13
829.873822 548.257022 13
829.370667 549.128511 13
828.867513 550.000000 13
828.867513 550.000000 12
826.858150 550.000000 12
823.844105 550.000000 12
822.839423 550.000000 12
820.830059 550.000000 12
816.811333 550.000000 12
814.801969 550.000000 12
812.792606 550.000000 12
811.787924 550.000000 12
810.783243 550.000000 12
809.778561 550.000000 12
806.764516 550.000000 12
805.759834 550.000000 12
804.755152 550.000000 12
802.745789 550.000000 12
801.741107 550.000000 12
800.736426 550.000000 12
798.727062 550.000000 12
797.722380 550.000000 12
796.717699 550.000000 12
792.698972 550.000000 12
791.694290 550.000000 12
790.689609 550.000000 12
789.684927 550.000000 12
788.680245 550.000000 12
785.666200 550.000000 12
784.661518 550.000000 12
783.656837 550.000000 12
782.652155 550.000000 12
781.647473 550.000000 12
780.642792 550.000000 12
777.628747 550.000000 12
775.619383 550.000000 12
774.614702 550.000000 12
773.610020 550.000000 12
770.595975 550.000000 12
767.581930 550.000000 12
766.577248 550.000000 12
764.567885 550.000000 12
762.558521 550.000000 12
760.549158 550.000000 12
759.544476 550.000000 12
758.539794 550.000000 12
757.535113 550.000000 12
755.525749 550.000000 12
753.516386 550.000000 12
750.502341 550.000000 12
747.488296 550.000000 12
744.474251 550.000000 12
743.469569 550.000000 12
742.464887 550.000000 12
740.455524 550.000000 12
739.450842 550.000000 12
738.446161 550.000000 12
734.427434 550.000000 12
733.422752 550.000000 12
731.413389 550.000000 12
730.408707 550.000000 12
729.404025 550.000000 12
728.399344 550.000000 12
727.394662 550.000000 12
722.371253 550.000000 12
721.366572 550.000000 12
720.361890 550.000000 12
717.347845 550.000000 12
716.343163 550.000000 12
712.324436 550.000000 12
711.319755 550.000000 12
710.315073 550.000000 12
709.310391 550.000000 12
708.305710 550.000000 12
707.301028 550.000000 12
706.296346 550.000000 12
703.282301 550.000000 12
702.277620 550.000000 12
700.268256 550.000000 12
699.263574 550.000000 12
696.249529 550.000000 12
695.244848 550.000000 12
693.235484 550.000000 12
691.226121 550.000000 12
690.221439 550.000000 12
689.216757 550.000000 12
687.207394 550.000000 12
683.188667 550.000000 12
680.174622 550.000000 12
674.146532 550.000000 12
672.137169 550.000000 12
671.132487 550.000000 11
670.127805 548.259840 11
669.625464 547.389760 11
669.123124 546.519681 11
668.620783 545.649601 11
667.616101 543.909441 11
667.113760 543.039361 11
665.104397 539.559042 11
664.099715 537.818882 11
663.597374 536.948802 11
663.095033 536.078722 11
662.592692 535.208642 11
662.090352 534.338562 11
661.085670 532.598403 11
660.583329 531.728323 11
660.080988 530.858243 11
659.076307 529.118083 11
658.573966 528.248003 11
658.071625 527.377923 11
657.569284 526.507843 11
657.066943 525.637764 11
656.062261 523.897604 11
655.057580 522.157444 11
654.052898 520.417284 11
653.550557 519.547204 11
650.536512 514.326725 11
650.034171 513.456645 11
649.029489 511.716486 11
648.024808 509.976326 11
647.020126 508.236166 11
645.513103 505.625926 11
645.010763 504.755847 11
644.508422 503.885767 11
644.006081 503.015687 11
643.503740 502.145607 11
643.001399 501.275527 11
642.499058 500.405447 11
641.996717 499.535367 11
641.494377 498.665288 11
639.987354 496.055048 11
639.485013 495.184968 11
638.982672 494.314888 11
637.977991 492.574728 11
637.475650 491.704649 11
636.973309 490.834569 11
635.968627 489.094409 11
633.959264 485.614089 11
632.954582 483.873930 11
632.452241 483.003850 11
631.949900 482.133770 11
631.447560 481.263690 11
630.945219 480.393610 11
630.442878 479.523530 11
629.438196 477.783371 11
628.935855 476.913291 11
628.433514 476.043211 11
627.931174 475.173131 11
627.428833 474.303051 11
626.926492 473.432971 11
626.424151 472.562891 11
625.921810 471.692811 11
624.917128 469.952652 11
624.414788 469.082572 11
623.912447 468.212492 11
623.410106 467.342412 11
621.400743 463.862093 11
620.898402 462.992013 11
619.893720 461.251853 11
619.391379 460.381773 11
618.889038 459.511693 11
618.386697 458.641613 11
616.377334 455.161294 11
615.874993 454.291214 11
613.363289 449.940815 11
612.358607 448.200655 11
611.856266 447.330575 11
609.846903 443.850256 11
609.344562 442.980176 11
607.335199 439.499856 11
606.832858 438.629776 11
606.330517 437.759696 11
605.828176 436.889617 11
604.823494 435.149457 11
603.818813 433.409297 11
603.316472 432.539217 11
602.311790 430.799057 11
601.809449 429.928978 11
601.307108 429.058898 11
600.302427 427.318738 11
599.297745 425.578578 11
598.795404 424.708498 11
597.288382 422.098259 11
596.786041 421.228179 11
596.283700 420.358099 11
595.279018 418.617939 11
594.274336 416.877779 11
593.269655 415.137620 11
592.264973 413.397460 11
592.264973 413.397460 10
592.768127 412.525971 10
593.271282 411.654482 10
593.774436 410.782993 10
594.277591 409.911504 10
594.780745 409.040015 10
595.283900 408.168526 10
595.787054 407.297036 10
596.290209 406.425547 10
596.793363 405.554058 10
597.296518 404.682569 10
598.302826 402.939591 10
598.805981 402.068102 10
599.309135 401.196613 10
599.812290 400.325124 10
600.315444 399.453635 10
600.818599 398.582146 10
601.321753 397.710657 10
601.824908 396.839168 10
602.328062 395.967679 10
602.831216 395.096190 10
603.334371 394.224700 10
603.837525 393.353211 10
604.340680 392.481722 10
604.843834 391.610233 10
605.346989 390.738744 10
605.850143 389.867255 10
606.353298 388.995766 10
606.856452 388.124277 10
607.359607 387.252788 10
607.862761 386.381299 10
608.365915 385.509810 10
609.372224 383.766832 10
609.875379 382.895342 10
610.378533 382.023853 10
610.881688 381.152364 10
611.384842 380.280875 10
611.887997 379.409386 10
612.391151 378.537897 10
612.894306 377.666408 10
613.397460 376.794919 10
613.397460 376.794919 9
612.391151 376.794919 9
611.384842 376.794919 9
610.378533 376.794919 9
609.372224 376.794919 9
608.365916 376.794919 9
607.359607 376.794919 9
606.353298 376.794919 9
605.346989 376.794919 9
604.340680 376.794919 9
603.334371 376.794919 9
602.328062 376.794919 9
601.321753 376.794919 9
600.315445 376.794919 9
599.309136 376.794919 9
598.302827 376.794919 9
597.296518 376.794919 9
596.290209 376.794919 9
595.283900 376.794919 9
594.277591 376.794919 9
593.271282 376.794919 9
592.264973 376.794919 9
591.258665 376.794919 9
590.252356 376.794919 9
589.246047 376.794919 9
588.239738 376.794919 9
587.233429 376.794919 9
586.227120 376.794919 9
585.220811 376.794919 9
584.214502 376.794919 9
583.208194 376.794919 9
582.201885 376.794919 9
581.195576 376.794919 9
580.189267 376.794919 9
579.182958 376.794919 9
578.176649 376.794919 9
577.170340 376.794919 9
576.164031 376.794919 9
575.157723 376.794919 9
574.151414 376.794919 9
573.145105 376.794919 9
572.138796 376.794919 9
571.132487 376.794919 9
571.132487 376.794919 8
570.629333 375.923430 8
570.126178 375.051941 8
569.623024 374.180452 8
569.119869 373.308963 8
568.616715 372.437474 8
568.113560 371.565985 8
567.610406 370.694496 8
567.107251 369.823007 8
566.604097 368.951518 8
566.100942 368.080029 8
565.597788 367.208539 8
565.094634 366.337050 8
564.591479 365.465561 8
564.088325 364.594072 8
563.082016 362.851094 8
562.578861 361.979605 8
562.075707 361.108116 8
561.572552 360.236627 8
561.069398 359.365138 8
560.566243 358.493649 8
560.063089 357.622160 8
559.559935 356.750671 8
559.056780 355.879182 8
558.553626 355.007693 8
557.547317 353.264715 8
557.044162 352.393226 8
556.541008 351.521737 8
556.037853 350.650248 8
555.534699 349.778759 8
555.031545 348.907269 8
554.528390 348.035780 8
554.025236 347.164291 8
553.522081 346.292802 8
553.018927 345.421313 8
552.515772 344.549824 8
552.012618 343.678335 8
551.509463 342.806846 8
551.006309 341.935357 8
550.503154 341.063868 8
550.000000 340.192379 8
549.496846 341.063868 7
548.490537 342.806846 7
547.987382 343.678335 7
547.484228 344.549824 7
546.981073 345.421313 7
546.477919 346.292802 7
545.974764 347.164291 7
545.471610 348.035780 7
544.968455 348.907269 7
544.465301 349.778759 7
543.962147 350.650248 7
543.458992 351.521737 7
542.955838 352.393226 7
542.452683 353.264715 7
541.949529 354.136204 7
541.446374 355.007693 7
540.943220 355.879182 7
539.936911 357.622160 7
539.433757 358.493649 7
538.427448 360.236627 7
537.924293 361.108116 7
537.421139 361.979605 7
536.917984 362.851094 7
536.414830 363.722583 7
535.911675 364.594072 7
535.408521 365.465561 7
534.905366 366.337050 7
534.402212 367.208539 7
533.899058 368.080029 7
533.395903 368.951518 7
532.892749 369.823007 7
532.389594 370.694496 7
531.886440 371.565985 7
531.383285 372.437474 7
530.376976 374.180452 7
529.873822 375.051941 7
529.370667 375.923430 7
528.867513 376.794919 7
528.867513 376.794919 6
527.861204 376.794919 6
526.854895 376.794919 6
525.848586 376.794919 6
524.842277 376.794919 6
523.835969 376.794919 6
522.829660 376.794919 6
521.823351 376.794919 6
520.817042 376.794919 6
519.810733 376.794919 6
518.804424 376.794919 6
517.798115 376.794919 6
516.791806 376.794919 6
515.785498 376.794919 6
514.779189 376.794919 6
513.772880 376.794919 6
512.766571 376.794919 6
511.760262 376.794919 6
510.753953 376.794919 6
509.747644 376.794919 6
508.741335 376.794919 6
507.735027 376.794919 6
505.722409 376.794919 6
503.709791 376.794919 6
502.703482 376.794919 6
501.697173 376.794919 6
500.690864 376.794919 6
499.684555 376.794919 6
498.678247 376.794919 6
497.671938 376.794919 6
496.665629 376.794919 6
495.659320 376.794919 6
494.653011 376.794919 6
493.646702 376.794919 6
492.640393 376.794919 6
491.634084 376.794919 6
490.627776 376.794919 6
489.621467 376.794919 6
488.615158 376.794919 6
487.608849 376.794919 6
486.602540 376.794919 6
486.602540 376.794919 5
487.105694 377.666408 5
487.608849 378.537897 5
488.112003 379.409386 5
488.615158 380.280875 5
489.118312 381.152364 5
489.621467 382.023853 5
490.124621 382.895342 5
490.627776 383.766832 5
491.130930 384.638321 5
491.634085 385.509810 5
492.137239 386.381299 5
492.640393 387.252788 5
493.143548 388.124277 5
493.646702 388.995766 5
494.149857 389.867255 5
494.653011 390.738744 5
495.156166 391.610233 5
495.659320 392.481722 5
496.162475 393.353211 5
496.665629 394.224700 5
497.168784 395.096190 5
497.671938 395.967679 5
498.175092 396.839168 5
498.678247 397.710657 5
499.181401 398.582146 5
499.684556 399.453635 5
500.187710 400.325124 5
500.690865 401.196613 5
501.194019 402.068102 5
501.697174 402.939591 5
502.200328 403.811080 5
502.703482 404.682569 5
503.206637 405.554058 5
503.709791 406.425547 5
504.212946 407.297036 5
504.716100 408.168526 5
505.219255 409.040015 5
505.722409 409.911504 5
506.225564 410.782993 5
506.728718 411.654482 5
507.231873 412.525971 5
507.735027 413.397460 5
507.232686 414.267540 4
506.228004 416.007700 4
504.720982 418.617939 4
504.218641 419.488019 4
503.716300 420.358099 4
502.209278 422.968339 4
501.706937 423.838418 4
500.702255 425.578578 4
500.199914 426.448658 4
499.195232 428.188818 4
497.688210 430.799057 4
497.185869 431.669137 4
496.683528 432.539217 4
496.181187 433.409297 4
495.176506 435.149457 4
494.674165 436.019537 4
494.171824 436.889617 4
493.669483 437.759696 4
493.167142 438.629776 4
492.664801 439.499856 4
492.162461 440.369936 4
490.655438 442.980176 4
490.153097 443.850256 4
489.650756 444.720335 4
488.646075 446.460495 4
488.143734 447.330575 4
487.139052 449.070735 4
485.632029 451.680974 4
484.627348 453.421134 4
484.125007 454.291214 4
483.622666 455.161294 4
482.617984 456.901454 4
480.608621 460.381773 4
480.106280 461.251853 4
478.096917 464.732172 4
476.589894 467.342412 4
475.585212 469.082572 4
474.580531 470.822732 4
473.073508 473.432971 4
472.571167 474.303051 4
472.068826 475.173131 4
471.566486 476.043211 4
468.552440 481.263690 4
468.050100 482.133770 4
467.547759 483.003850 4
467.045418 483.873930 4
466.543077 484.744010 4
466.040736 485.614089 4
465.538395 486.484169 4
465.036054 487.354249 4
463.529032 489.964489 4
463.026691 490.834569 4
460.514987 495.184968 4
460.012646 496.055048 4
459.007964 497.795208 4
458.505623 498.665288 4
456.998601 501.275527 4
455.993919 503.015687 4
454.486897 505.625926 4
452.477533 509.106246 4
451.975192 509.976326 4
448.458806 516.066885 4
447.956465 516.936965 4
447.454125 517.807045 4
445.444761 521.287364 4
443.937739 523.897604 4
442.933057 525.637764 4
441.426034 528.248003 4
438.914330 532.598403 4
438.411989 533.468482 4
437.909648 534.338562 4
437.407308 535.208642 4
436.904967 536.078722 4
435.900285 537.818882 4
435.397944 538.688962 4
434.895603 539.559042 4
434.393262 540.429121 4
433.388581 542.169281 4
432.886240 543.039361 4
432.383899 543.909441 4
431.379217 545.649601 4
430.876876 546.519681 4
430.374536 547.389760 4
429.872195 548.259840 4
429.369854 549.129920 4
428.867513 550.000000 4
422.839423 550.000000 3
418.820696 550.000000 3
417.816014 550.000000 3
416.811333 550.000000 3
411.787924 550.000000 3
410.783243 550.000000 3
409.778561 550.000000 3
408.773879 550.000000 3
403.750471 550.000000 3
402.745789 550.000000 3
401.741107 550.000000 3
400.736426 550.000000 3
392.698972 550.000000 3
389.684927 550.000000 3
384.661518 550.000000 3
383.656837 550.000000 3
382.652155 550.000000 3
381.647473 550.000000 3
380.642792 550.000000 3
379.638110 550.000000 3
378.633428 550.000000 3
376.624065 550.000000 3
375.619383 550.000000 3
373.610020 550.000000 3
371.600656 550.000000 3
370.595975 550.000000 3
369.591293 550.000000 3
365.572566 550.000000 3
363.563203 550.000000 3
356.530431 550.000000 3
355.525749 550.000000 3
353.516386 550.000000 3
351.507023 550.000000 3
350.502341 550.000000 3
349.497659 550.000000 3
348.492977 550.000000 3
342.464887 550.000000 3
340.455524 550.000000 3
338.446161 550.000000 3
337.441479 550.000000 3
334.427434 550.000000 3
333.422752 550.000000 3
329.404025 550.000000 3
327.394662 550.000000 3
326.389980 550.000000 3
325.385298 550.000000 3
324.380617 550.000000 3
321.366572 550.000000 3
319.357208 550.000000 3
318.352527 550.000000 3
315.338482 550.000000 3
314.333800 550.000000 3
313.329118 550.000000 3
311.319755 550.000000 3
310.315073 550.000000 3
307.301028 550.000000 3
304.286983 550.000000 3
303.282301 550.000000 3
301.272938 550.000000 3
300.268256 550.000000 3
299.263574 550.000000 3
298.258893 550.000000 3
297.254211 550.000000 3
296.249529 550.000000 3
295.244848 550.000000 3
294.240166 550.000000 3
293.235484 550.000000 3
287.207394 550.000000 3
285.198031 550.000000 3
282.183986 550.000000 3
281.179304 550.000000 3
277.160577 550.000000 3
276.155895 550.000000 3
271.132487 550.000000 2
270.629333 549.128511 2
270.126178 548.257022 2
269.623024 547.385533 2
269.119869 546.514044 2
268.113560 544.771066 2
267.610406 543.899577 2
267.107251 543.028088 2
266.604097 542.156599 2
265.597788 540.413620 2
265.094634 539.542131 2
264.591479 538.670642 2
264.088325 537.799153 2
263.585170 536.927664 2
263.082016 536.056175 2
262.578861 535.184686 2
262.075707 534.313197 2
261.572552 533.441708 2
261.069398 532.570219 2
260.063089 530.827241 2
259.559935 529.955752 2
259.056780 529.084263 2
258.553626 528.212774 2
258.050471 527.341285 2
257.547317 526.469796 2
257.044162 525.598307 2
256.541008 524.726818 2
256.037853 523.855329 2
255.534699 522.983840 2
255.031545 522.112350 2
254.528390 521.240861 2
254.025236 520.369372 2
253.522081 519.497883 2
253.018927 518.626394 2
252.515772 517.754905 2
252.012618 516.883416 2
251.509463 516.011927 2
251.006309 515.140438 2
250.503154 514.268949 2
250.000000 513.397460 2
250.000000 513.397460 1
249.496846 514.268949 1
248.993691 515.140438 1
248.490537 516.011927 1
247.987382 516.883416 1
247.484228 517.754905 1
246.981073 518.626394 1
246.477919 519.497883 1
245.974764 520.369372 1
245.471610 521.240861 1
244.968455 522.112350 1
244.465301 522.983840 1
243.962147 523.855329 1
243.458992 524.726818 1
242.955838 525.598307 1
242.452683 526.469796 1
241.949529 527.341285 1
241.446374 528.212774 1
240.943220 529.084263 1
240.440065 529.955752 1
239.936911 530.827241 1
239.433757 531.698730 1
238.427448 533.441708 1
237.421139 535.184686 1
236.917984 536.056175 1
236.414830 536.927664 1
235.911675 537.799153 1
235.408521 538.670642 1
234.905366 539.542131 1
233.899058 541.285110 1
233.395903 542.156599 1
232.892749 543.028088 1
232.389594 543.899577 1
231.886440 544.771066 1
231.383285 545.642555 1
230.376976 547.385533 1
229.873822 548.257022 1
229.370667 549.128511 1
228.867513 550.000000 1
228.867513 550.000000 0
227.860736 550.000000 0
223.833626 550.000000 0
222.826848 550.000000 0
221.820071 550.000000 0
220.813293 550.000000 0
218.799739 550.000000 0
217.792961 550.000000 0
216.786184 550.000000 0
215.779406 550.000000 0
213.765851 550.000000 0
212.759074 550.000000 0
210.745519 550.000000 0
209.738742 550.000000 0
208.731964 550.000000 0
206.718409 550.000000 0
205.711632 550.000000 0
204.704854 550.000000 0
199.670967 550.000000 0
197.657412 550.000000 0
195.643857 550.000000 0
194.637080 550.000000 0
192.623525 550.000000 0
190.609970 550.000000 0
189.603193 550.000000 0
188.596415 550.000000 0
187.589638 550.000000 0
185.576083 550.000000 0
183.562528 550.000000 0
182.555751 550.000000 0
181.548973 550.000000 0
179.535418 550.000000 0
178.528641 550.000000 0
175.508308 550.000000 0
173.494754 550.000000 0
171.481199 550.000000 0
170.474421 550.000000 0
169.467644 550.000000 0
167.454089 550.000000 0
166.447311 550.000000 0
165.440534 550.000000 0
164.433757 550.000000 0
162.420202 550.000000 0
161.413424 550.000000 0
160.406647 550.000000 0
159.399869 550.000000 0
158.393092 550.000000 0
156.379537 550.000000 0
155.372759 550.000000 0
154.365982 550.000000 0
153.359205 550.000000 0
152.352427 550.000000 0
150.338872 550.000000 0
149.332095 550.000000 0
148.325317 550.000000 0
147.318540 550.000000 0
146.311762 550.000000 0
145.304985 550.000000 0
144.298208 550.000000 0
143.291430 550.000000 0
141.277875 550.000000 0
140.271098 550.000000 0
138.257543 550.000000 0
137.250765 550.000000 0
136.243988 550.000000 0
134.230433 550.000000 0
133.223656 550.000000 0
132.216878 550.000000 0
130.203323 550.000000 0
129.196546 550.000000 0
126.176214 550.000000 0
125.169436 550.000000 0
123.155881 550.000000 0
122.149104 550.000000 0
121.142326 550.000000 0
120.135549 550.000000 0
119.128771 550.000000 0
118.121994 550.000000 0
117.115217 550.000000 0
116.108439 550.000000 0
115.101662 550.000000 0
113.088107 550.000000 0
109.060997 550.000000 0
106.040665 550.000000 0
105.033887 550.000000 0
103.020332 550.000000 0
102.013555 550.000000 0
101.006777 550.000000 0
100.000000 550.000000 0
