1280
100.000000 450.000000 32
103.005598 450.000000 32
104.007464 450.000000 32
105.009330 450.000000 32
106.011196 450.000000 32
107.013062 450.000000 32
108.014928 450.000000 32
109.016794 450.000000 32
113.024258 450.000000 32
115.027990 450.000000 32
116.029856 450.000000 32
117.031722 450.000000 32
120.037320 450.000000 32
121.039186 450.000000 32
122.041052 450.000000 32
123.042918 450.000000 32
126.048516 450.000000 32
129.054114 450.000000 32
135.065310 450.000000 32
136.067177 450.000000 32
138.070909 450.000000 32
141.076507 450.000000 32
144.082105 450.000000 32
145.083971 450.000000 32
146.085837 450.000000 32
147.087703 450.000000 32
148.089569 450.000000 32
151.095167 450.000000 32
152.097033 450.000000 32
153.098899 450.000000 32
155.102631 450.000000 32
156.104497 450.000000 32
160.111961 450.000000 32
161.113827 450.000000 32
162.115693 450.000000 32
164.119425 450.000000 32
165.121291 450.000000 32
167.125023 450.000000 32
168.126889 450.000000 32
169.128755 450.000000 32
170.130621 450.000000 32
171.132487 450.000000 32
171.634828 449.129920 31
172.137169 448.259840 31
176.155895 441.299201 31
178.165259 437.818882 31
178.667600 436.948802 31
181.681645 431.728323 31
182.183986 430.858243 31
183.188667 429.118083 31
187.207394 422.157444 31
187.709735 421.287364 31
188.212076 420.417284 31
189.216757 418.677125 31
189.719098 417.807045 31
190.221439 416.936965 31
192.230803 413.456645 31
193.235484 411.716486 31
193.737825 410.846406 31
194.742507 409.106246 31
195.244848 408.236166 31
197.756552 403.885767 31
198.258893 403.015687 31
198.761234 402.145607 31
201.272938 397.795208 31
203.784642 393.444808 31
204.286983 392.574728 31
205.291665 390.834569 31
207.803369 386.484169 31
208.808051 384.744010 31
210.315073 382.133770 31
212.324436 378.653450 31
215.338482 373.432971 31
216.845504 370.822732 31
218.352527 368.212492 31
219.357208 366.472332 31
220.361890 364.732172 31
221.366572 362.992013 31
226.389980 354.291214 31
228.399344 350.810895 31
229.906366 348.200655 31
231.413389 345.590415 31
232.418070 343.850256 31
233.925093 341.240016 31
234.929775 339.499856 31
235.934456 337.759696 31
236.436797 336.889617 31
236.939138 336.019537 31
237.943820 334.279377 31
238.446161 333.409297 31
242.464887 326.448658 31
243.971910 323.838418 31
245.478932 321.228179 31
246.483614 319.488019 31
247.488296 317.747859 31
248.995318 315.137620 31
250.000000 313.397460 31
251.507023 316.007700 30
252.511704 317.747859 30
257.032772 325.578578 30
257.535113 326.448658 30
259.544476 329.928978 30
260.046817 330.799057 30
261.051499 332.539217 30
262.056180 334.279377 30
264.065544 337.759696 30
269.591293 347.330575 30
270.093634 348.200655 30
272.605338 352.551054 30
274.112361 355.161294 30
277.126406 360.381773 30
283.154496 370.822732 30
283.656837 371.692811 30
285.163859 374.303051 30
286.168541 376.043211 30
287.675564 378.653450 30
294.708335 390.834569 30
296.215358 393.444808 30
297.220040 395.184968 30
298.727062 397.795208 30
300.736426 401.275527 30
301.238766 402.145607 30
303.248130 405.625926 30
305.759834 409.976326 30
308.271538 414.326725 30
309.276220 416.066885 30
311.285583 419.547204 30
312.290265 421.287364 30
312.792606 422.157444 30
314.801969 425.637764 30
315.304310 426.507843 30
315.806651 427.377923 30
317.313674 429.988163 30
318.820696 432.598403 30
320.327719 435.208642 30
324.346445 442.169281 30
324.848786 443.039361 30
325.351127 443.909441 30
325.853468 444.779521 30
327.360490 447.389760 30
327.862831 448.259840 30
332.892749 450.000000 29
333.899058 450.000000 29
335.911675 450.000000 29
337.924293 450.000000 29
338.930602 450.000000 29
339.936911 450.000000 29
340.943220 450.000000 29
341.949529 450.000000 29
342.955838 450.000000 29
344.968455 450.000000 29
345.974764 450.000000 29
346.981073 450.000000 29
347.987382 450.000000 29
348.993691 450.000000 29
350.000000 450.000000 29
351.006309 450.000000 29
352.012618 450.000000 29
353.018927 450.000000 29
354.025236 450.000000 29
355.031545 450.000000 29
357.044162 450.000000 29
358.050471 450.000000 29
362.075707 450.000000 29
363.082016 450.000000 29
364.088325 450.000000 29
367.107251 450.000000 29
368.113560 450.000000 29
370.126178 450.000000 29
371.132487 450.000000 29
371.635641 449.128511 28
372.138796 448.257022 28
372.641950 447.385533 28
373.648259 445.642555 28
374.151414 444.771066 28
374.654568 443.899577 28
375.157722 443.028088 28
375.660877 442.156599 28
376.667186 440.413620 28
377.170340 439.542131 28
377.673495 438.670642 28
378.176649 437.799153 28
378.679803 436.927664 28
379.182958 436.056175 28
379.686112 435.184686 28
380.189267 434.313197 28
381.195576 432.570219 28
381.698730 431.698730 28
382.201884 430.827241 28
382.705039 429.955752 28
383.208193 429.084263 28
383.711348 428.212774 28
384.214502 427.341285 28
384.717657 426.469796 28
385.220811 425.598307 28
386.227120 423.855329 28
386.730274 422.983840 28
387.233429 422.112350 28
387.736583 421.240861 28
388.239738 420.369372 28
388.742892 419.497883 28
389.749201 417.754905 28
390.252355 416.883416 28
390.755510 416.011927 28
391.258664 415.140438 28
391.761819 414.268949 28
392.264973 413.397460 28
391.762632 412.527380 27
389.753269 409.047061 27
387.743905 405.566741 27
386.739224 403.826581 27
380.711134 393.385623 27
378.701770 389.905303 27
374.683043 382.944664 27
373.678362 381.204504 27
372.171339 378.594265 27
368.654953 372.503706 27
367.147931 369.893466 27
366.645590 369.023386 27
363.631545 363.802907 27
361.119840 359.452508 27
360.115159 357.712348 27
357.101114 352.491868 27
353.082387 345.531229 27
350.068342 340.310750 27
348.561319 337.700511 27
344.040252 329.869792 27
343.537911 328.999712 27
342.030888 326.389472 27
341.528547 325.519392 27
341.026207 324.649312 27
339.519184 322.039073 27
338.514502 320.298913 27
336.002798 315.948514 27
332.486412 309.857954 27
330.477049 306.377635 27
329.974708 305.507555 27
327.965345 302.027235 27
326.458322 299.416996 27
325.955981 298.546916 27
325.453640 297.676836 27
323.946618 295.066596 27
321.434914 290.716197 27
316.913846 282.885478 27
316.411505 282.015398 27
315.406823 280.275239 27
314.402142 278.535079 27
322.439595 276.794919 26
332.486412 276.794919 26
333.491094 276.794919 26
334.495776 276.794919 26
335.500457 276.794919 26
337.509821 276.794919 26
339.519184 276.794919 26
347.556638 276.794919 26
353.584728 276.794919 26
356.598773 276.794919 26
364.636227 276.794919 26
365.640908 276.794919 26
372.673680 276.794919 26
375.687725 276.794919 26
376.692407 276.794919 26
378.701771 276.794919 26
379.706452 276.794919 26
382.720497 276.794919 26
384.729861 276.794919 26
388.748588 276.794919 26
390.757951 276.794919 26
391.762633 276.794919 26
393.771996 276.794919 26
396.786041 276.794919 26
397.790723 276.794919 26
398.795405 276.794919 26
405.828176 276.794919 26
409.846903 276.794919 26
410.851585 276.794919 26
412.860948 276.794919 26
413.865630 276.794919 26
415.874993 276.794919 26
419.893720 276.794919 26
420.898402 276.794919 26
426.926492 276.794919 26
434.963946 276.794919 26
436.973309 276.794919 26
437.977991 276.794919 26
439.987354 276.794919 26
440.992036 276.794919 26
444.006081 276.794919 26
445.010763 276.794919 26
446.015444 276.794919 26
447.020126 276.794919 26
450.034171 276.794919 26
453.048216 276.794919 26
456.062261 276.794919 26
461.085670 276.794919 26
462.090352 276.794919 26
466.109078 276.794919 26
468.118442 276.794919 26
472.639510 274.184679 25
474.648873 270.704360 25
476.155895 268.094120 25
476.658236 267.224040 25
479.169941 262.873641 25
480.676963 260.263401 25
482.183986 257.653162 25
482.686326 256.783082 25
486.202712 250.692523 25
486.705053 249.822443 25
490.221439 243.731884 25
490.723780 242.861804 25
491.728462 241.121644 25
492.733143 239.381484 25
495.244848 235.031085 25
496.249529 233.290925 25
497.756552 230.680686 25
499.765915 227.200366 25
500.268256 226.330286 25
500.770597 225.460207 25
502.277620 222.849967 25
504.789324 218.499568 25
506.296346 215.889328 25
507.301028 214.149168 25
508.305710 212.409008 25
508.808051 211.538929 25
509.812732 209.798769 25
510.817414 208.058609 25
513.831459 202.838130 25
516.845504 197.617651 25
517.347845 196.747571 25
517.850186 195.877491 25
518.854867 194.137331 25
520.864231 190.657012 25
521.366572 189.786932 25
524.380617 184.566453 25
524.882958 183.696373 25
527.394662 179.345973 25
528.901684 176.735734 25
531.413389 172.385334 25
534.929775 166.294775 25
535.934456 164.554615 25
539.450842 158.464056 25
540.455524 156.723897 25
545.981273 147.153018 25
546.483614 146.282938 25
548.492977 142.802619 25
552.009363 143.672698 24
552.511704 144.542778 24
555.023408 148.893178 24
557.535113 153.243577 24
558.539794 154.983737 24
561.553839 160.204216 24
564.065544 164.554615 24
564.567885 165.424695 24
565.572566 167.164855 24
568.586611 172.385334 24
570.093634 174.995574 24
570.595975 175.865654 24
571.098316 176.735734 24
571.600656 177.605814 24
572.102997 178.475893 24
574.112361 181.956213 24
578.633428 189.786932 24
579.135769 190.657012 24
579.638110 191.527091 24
582.652155 196.747571 24
583.154496 197.617651 24
587.173223 204.578290 24
588.177904 206.318449 24
588.680245 207.188529 24
589.684927 208.928689 24
590.187268 209.798769 24
591.191949 211.538929 24
594.205995 216.759408 24
594.708335 217.629488 24
595.210676 218.499568 24
595.713017 219.369647 24
596.215358 220.239727 24
596.717699 221.109807 24
598.727062 224.590127 24
599.229403 225.460207 24
601.238766 228.940526 24
601.741107 229.810606 24
605.257493 235.901165 24
606.764516 238.511405 24
607.266857 239.381484 24
607.769197 240.251564 24
608.773879 241.991724 24
609.276220 242.861804 24
610.783243 245.472044 24
611.285583 246.342123 24
613.294947 249.822443 24
613.797288 250.692523 24
614.801969 252.432683 24
615.304310 253.302762 24
615.806651 254.172842 24
616.308992 255.042922 24
616.811333 255.913002 24
618.820696 259.393322 24
619.323037 260.263401 24
619.825378 261.133481 24
621.332400 263.743721 24
622.337082 265.483881 24
627.360490 274.184679 24
627.862831 275.054759 24
628.365172 275.924839 24
629.872195 276.794919 23
631.881558 276.794919 23
639.919012 276.794919 23
642.933057 276.794919 23
643.937739 276.794919 23
644.942420 276.794919 23
645.947102 276.794919 23
646.951784 276.794919 23
648.961147 276.794919 23
650.970510 276.794919 23
653.984556 276.794919 23
656.998601 276.794919 23
658.003282 276.794919 23
659.007964 276.794919 23
661.017327 276.794919 23
664.031373 276.794919 23
665.036054 276.794919 23
675.082871 276.794919 23
678.096916 276.794919 23
680.106280 276.794919 23
681.110961 276.794919 23
685.129688 276.794919 23
688.143733 276.794919 23
693.167142 276.794919 23
696.181187 276.794919 23
701.204595 276.794919 23
708.237367 276.794919 23
713.260776 276.794919 23
715.270139 276.794919 23
717.279503 276.794919 23
718.284184 276.794919 23
720.293548 276.794919 23
725.316956 276.794919 23
728.331001 276.794919 23
730.340365 276.794919 23
733.354410 276.794919 23
734.359092 276.794919 23
740.387182 276.794919 23
748.424635 276.794919 23
749.429317 276.794919 23
752.443362 276.794919 23
756.462089 276.794919 23
758.471452 276.794919 23
761.485497 276.794919 23
767.513588 276.794919 23
772.536996 276.794919 23
773.541678 276.794919 23
774.546360 276.794919 23
776.555723 276.794919 23
779.569768 276.794919 23
783.588495 276.794919 23
784.593177 276.794919 23
785.597858 276.794919 23
784.593177 280.275239 22
784.090836 281.145318 22
781.579132 285.495718 22
781.076791 286.365798 22
777.560405 292.456357 22
776.053382 295.066596 22
770.527633 304.637475 22
769.020610 307.247715 22
766.508906 311.598114 22
766.006565 312.468194 22
765.001884 314.208354 22
763.997202 315.948514 22
762.490179 318.558753 22
758.973793 324.649312 22
758.471453 325.519392 22
756.964430 328.129632 22
756.462089 328.999712 22
754.955067 331.609951 22
751.941022 336.830431 22
751.438681 337.700511 22
747.922295 343.791070 22
747.419954 344.661150 22
746.415272 346.401309 22
745.410591 348.141469 22
744.405909 349.881629 22
742.898886 352.491868 22
742.396545 353.361948 22
739.884841 357.712348 22
738.880160 359.452508 22
737.875478 361.192667 22
736.870796 362.932827 22
734.359092 367.283226 22
733.856751 368.153306 22
732.852069 369.893466 22
732.349729 370.763546 22
728.833343 376.854105 22
726.823979 380.334425 22
723.809934 385.554904 22
721.800571 389.035223 22
720.795889 390.775383 22
719.288866 393.385623 22
718.786526 394.255703 22
713.763117 402.956501 22
711.251413 407.306901 22
710.246731 409.047061 22
709.744390 409.917140 22
707.735027 413.397460 21
708.741336 415.140438 21
709.244490 416.011927 21
709.747645 416.883416 21
710.250799 417.754905 21
710.753954 418.626394 21
711.257108 419.497883 21
712.766571 422.112350 21
713.269726 422.983840 21
713.772880 423.855329 21
714.276035 424.726818 21
715.282343 426.469796 21
716.288652 428.212774 21
716.791807 429.084263 21
717.294961 429.955752 21
717.798116 430.827241 21
718.301270 431.698730 21
718.804424 432.570219 21
719.307579 433.441708 21
720.313888 435.184686 21
720.817042 436.056175 21
721.320197 436.927664 21
721.823351 437.799153 21
722.326505 438.670642 21
722.829660 439.542131 21
723.332814 440.413620 21
723.835969 441.285110 21
725.848586 444.771066 21
726.351741 445.642555 21
726.854895 446.514044 21
727.358050 447.385533 21
727.861204 448.257022 21
728.867513 450.000000 21
728.867513 450.000000 20
729.873822 450.000000 20
731.886440 450.000000 20
732.892749 450.000000 20
734.905366 450.000000 20
735.911675 450.000000 20
736.917984 450.000000 20
738.930602 450.000000 20
739.936911 450.000000 20
740.943220 450.000000 20
744.968455 450.000000 20
745.974764 450.000000 20
746.981073 450.000000 20
747.987382 450.000000 20
748.993691 450.000000 20
750.000000 450.000000 20
751.006309 450.000000 20
752.012618 450.000000 20
753.018927 450.000000 20
754.025236 450.000000 20
755.031545 450.000000 20
756.037853 450.000000 20
757.044162 450.000000 20
758.050471 450.000000 20
759.056780 450.000000 20
760.063089 450.000000 20
762.075707 450.000000 20
763.082016 450.000000 20
764.088325 450.000000 20
765.094634 450.000000 20
766.100942 450.000000 20
767.107251 450.000000 20
769.119869 450.000000 20
771.132487 450.000000 20
771.132487 450.000000 19
774.648873 443.909441 19
776.155895 441.299201 19
778.165259 437.818882 19
780.676963 433.468482 19
783.188667 429.118083 19
785.198031 425.637764 19
787.207394 422.157444 19
787.709735 421.287364 19
788.714417 419.547204 19
789.216757 418.677125 19
789.719098 417.807045 19
791.728462 414.326725 19
792.733143 412.586565 19
793.235484 411.716486 19
794.742507 409.106246 19
796.249529 406.496006 19
797.254211 404.755847 19
797.756552 403.885767 19
801.272938 397.795208 19
802.277620 396.055048 19
805.291665 390.834569 19
806.798687 388.224329 19
809.310391 383.873930 19
811.319755 380.393610 19
813.329118 376.913291 19
813.831459 376.043211 19
815.338482 373.432971 19
816.343163 371.692811 19
817.850186 369.082572 19
819.859549 365.602252 19
824.380617 357.771534 19
824.882958 356.901454 19
828.399344 350.810895 19
830.911048 346.460495 19
833.422752 342.110096 19
834.929775 339.499856 19
835.432115 338.629776 19
835.934456 337.759696 19
836.436797 336.889617 19
837.441479 335.149457 19
839.450842 331.669137 19
839.953183 330.799057 19
840.957865 329.058898 19
841.962546 327.318738 19
843.469569 324.708498 19
844.976592 322.098259 19
846.985955 318.617939 19
850.000000 313.397460 18
851.507023 316.007700 18
853.516386 319.488019 18
854.018727 320.358099 18
854.521068 321.228179 18
855.023408 322.098259 18
856.530431 324.708498 18
857.535113 326.448658 18
860.046817 330.799057 18
861.553839 333.409297 18
863.060862 336.019537 18
865.070225 339.499856 18
870.093634 348.200655 18
870.595975 349.070735 18
871.600656 350.810895 18
875.117042 356.901454 18
878.633428 362.992013 18
882.149814 369.082572 18
883.154496 370.822732 18
886.168541 376.043211 18
886.670882 376.913291 18
888.680245 380.393610 18
890.187268 383.003850 18
891.191949 384.744010 18
892.196631 386.484169 18
895.210676 391.704649 18
895.713017 392.574728 18
896.717699 394.314888 18
898.224721 396.925128 18
899.731744 399.535367 18
902.745789 404.755847 18
903.248130 405.625926 18
908.271538 414.326725 18
908.773879 415.196805 18
909.276220 416.066885 18
910.280902 417.807045 18
911.285583 419.547204 18
912.290265 421.287364 18
912.792606 422.157444 18
913.294947 423.027524 18
914.299628 424.767684 18
916.308992 428.248003 18
920.830059 436.078722 18
923.844105 441.299201 18
924.848786 443.039361 18
925.351127 443.909441 18
931.873111 450.000000 17
933.876843 450.000000 17
934.878709 450.000000 17
938.886173 450.000000 17
940.889905 450.000000 17
941.891771 450.000000 17
942.893637 450.000000 17
943.895503 450.000000 17
944.897369 450.000000 17
945.899235 450.000000 17
950.908565 450.000000 17
952.912297 450.000000 17
955.917895 450.000000 17
956.919761 450.000000 17
957.921627 450.000000 17
959.925359 450.000000 17
960.927225 450.000000 17
963.932823 450.000000 17
968.942154 450.000000 17
971.947752 450.000000 17
973.951484 450.000000 17
975.955216 450.000000 17
979.962680 450.000000 17
982.968278 450.000000 17
986.975742 450.000000 17
990.983206 450.000000 17
991.985072 450.000000 17
994.990670 450.000000 17
996.994402 450.000000 17
1000.000000 450.000000 16
1000.000000 452.000000 16
1000.000000 454.000000 16
1000.000000 455.000000 16
1000.000000 456.000000 16
1000.000000 457.000000 16
1000.000000 460.000000 16
1000.000000 461.000000 16
1000.000000 463.000000 16
1000.000000 472.000000 16
1000.000000 474.000000 16
1000.000000 475.000000 16
1000.000000 477.000000 16
1000.000000 480.000000 16
1000.000000 483.000000 16
1000.000000 489.000000 16
1000.000000 491.000000 16
1000.000000 494.000000 16
1000.000000 495.000000 16
1000.000000 497.000000 16
1000.000000 500.000000 16
1000.000000 502.000000 16
1000.000000 503.000000 16
1000.000000 504.000000 16
1000.000000 506.000000 16
1000.000000 508.000000 16
1000.000000 511.000000 16
1000.000000 512.000000 16
1000.000000 514.000000 16
1000.000000 516.000000 16
1000.000000 517.000000 16
1000.000000 522.000000 16
1000.000000 523.000000 16
1000.000000 527.000000 16
1000.000000 529.000000 16
1000.000000 532.000000 16
1000.000000 536.000000 16
1000.000000 537.000000 16
1000.000000 538.000000 16
1000.000000 539.000000 16
1000.000000 540.000000 16
1000.000000 541.000000 16
1000.000000 544.000000 16
993.959335 550.000000 15
992.952558 550.000000 15
989.932226 550.000000 15
980.871229 550.000000 15
979.864451 550.000000 15
977.850896 550.000000 15
974.830564 550.000000 15
967.783122 550.000000 15
966.776344 550.000000 15
964.762789 550.000000 15
961.742457 550.000000 15
959.728902 550.000000 15
953.688238 550.000000 15
949.661128 550.000000 15
943.620463 550.000000 15
940.600131 550.000000 15
937.579798 550.000000 15
935.566243 550.000000 15
931.539134 550.000000 15
925.498469 550.000000 15
923.484914 550.000000 15
917.444249 550.000000 15
916.437472 550.000000 15
911.403585 550.000000 15
910.396807 550.000000 15
909.390030 550.000000 15
905.362920 550.000000 15
902.342588 550.000000 15
900.329033 550.000000 15
898.315478 550.000000 15
895.295146 550.000000 15
893.281591 550.000000 15
888.247704 550.000000 15
887.240926 550.000000 15
885.227371 550.000000 15
882.207039 550.000000 15
876.166374 550.000000 15
874.152819 550.000000 15
872.139264 550.000000 15
871.132487 550.000000 15
871.132487 550.000000 14
870.629333 549.128511 14
869.623024 547.385533 14
869.119869 546.514044 14
868.616715 545.642555 14
867.610406 543.899577 14
867.107251 543.028088 14
866.604097 542.156599 14
864.088325 537.799153 14
863.585170 536.927664 14
863.082016 536.056175 14
862.075707 534.313197 14
861.572552 533.441708 14
861.069398 532.570219 14
860.566243 531.698730 14
859.559935 529.955752 14
858.553626 528.212774 14
857.044162 525.598307 14
856.541008 524.726818 14
855.534699 522.983840 14
855.031545 522.112350 14
854.528390 521.240861 14
854.025236 520.369372 14
853.522081 519.497883 14
853.018927 518.626394 14
852.515772 517.754905 14
851.006309 515.140438 14
850.503154 514.268949 14
850.000000 513.397460 14
849.496846 514.268949 13
848.993691 515.140438 13
848.490537 516.011927 13
847.987382 516.883416 13
847.484228 517.754905 13
846.981073 518.626394 13
846.477919 519.497883 13
845.974764 520.369372 13
845.471610 521.240861 13
844.968455 522.112350 13
844.465301 522.983840 13
842.452683 526.469796 13
841.446374 528.212774 13
839.936911 530.827241 13
839.433757 531.698730 13
838.930602 532.570219 13
838.427448 533.441708 13
837.924293 534.313197 13
837.421139 535.184686 13
836.917984 536.056175 13
836.414830 536.927664 13
835.911675 537.799153 13
835.408521 538.670642 13
834.905366 539.542131 13
834.402212 540.413620 13
833.899058 541.285110 13
833.395903 542.156599 13
832.892749 543.028088 13
832.389594 543.899577 13
831.886440 544.771066 13
831.383285 545.642555 13
830.376976 547.385533 13
829.873822 548.257022 13
829.370667 549.128511 13
828.867513 550.000000 13
825.853468 550.000000 12
821.834741 550.000000 12
820.830059 550.000000 12
817.816014 550.000000 12
815.806651 550.000000 12
813.797288 550.000000 12
809.778561 550.000000 12
805.759834 550.000000 12
801.741107 550.000000 12
799.731744 550.000000 12
798.727062 550.000000 12
796.717699 550.000000 12
792.698972 550.000000 12
787.675564 550.000000 12
784.661518 550.000000 12
782.652155 550.000000 12
781.647473 550.000000 12
779.638110 550.000000 12
778.633428 550.000000 12
774.614702 550.000000 12
765.572566 550.000000 12
749.497659 550.000000 12
747.488296 550.000000 12
746.483614 550.000000 12
744.474251 550.000000 12
739.450842 550.000000 12
738.446161 550.000000 12
737.441479 550.000000 12
726.389980 550.000000 12
716.343163 550.000000 12
713.329118 550.000000 12
712.324436 550.000000 12
706.296346 550.000000 12
705.291665 550.000000 12
697.254211 550.000000 12
695.244848 550.000000 12
694.240166 550.000000 12
693.235484 550.000000 12
690.221439 550.000000 12
687.207394 550.000000 12
685.198031 550.000000 12
684.193349 550.000000 12
683.188667 550.000000 12
682.183986 550.000000 12
680.174622 550.000000 12
678.165259 550.000000 12
664.602056 538.688962 11
663.095033 536.078722 11
662.592692 535.208642 11
661.588011 533.468482 11
660.583329 531.728323 11
656.062261 523.897604 11
654.052898 520.417284 11
653.048216 518.677125 11
648.527149 510.846406 11
648.024808 509.976326 11
646.517785 507.366086 11
646.015444 506.496006 11
644.006081 503.015687 11
639.987354 496.055048 11
638.480332 493.444808 11
632.452241 483.003850 11
631.949900 482.133770 11
630.442878 479.523530 11
627.428833 474.303051 11
625.921810 471.692811 11
624.414788 469.082572 11
622.907765 466.472332 11
621.903083 464.732172 11
619.893720 461.251853 11
617.382016 456.901454 11
615.874993 454.291214 11
614.870311 452.551054 11
612.860948 449.070735 11
611.353925 446.460495 11
610.349244 444.720335 11
606.832858 438.629776 11
604.823494 435.149457 11
602.814131 431.669137 11
601.809449 429.928978 11
599.800086 426.448658 11
598.795404 424.708498 11
597.790722 422.968339 11
597.288382 422.098259 11
595.781359 419.488019 11
593.269655 415.137620 11
592.264973 413.397460 11
592.264973 413.397460 10
592.768127 412.525971 10
594.277591 409.911504 10
594.780745 409.040015 10
595.283900 408.168526 10
595.787054 407.297036 10
596.290209 406.425547 10
596.793363 405.554058 10
597.296518 404.682569 10
598.302826 402.939591 10
599.309135 401.196613 10
599.812290 400.325124 10
600.818599 398.582146 10
601.321753 397.710657 10
601.824908 396.839168 10
602.328062 395.967679 10
603.334371 394.224700 10
603.837525 393.353211 10
605.346989 390.738744 10
605.850143 389.867255 10
606.353298 388.995766 10
606.856452 388.124277 10
608.365915 385.509810 10
609.875379 382.895342 10
610.378533 382.023853 10
610.881688 381.152364 10
611.384842 380.280875 10
611.887997 379.409386 10
612.894306 377.666408 10
613.397460 376.794919 10
613.397460 376.794919 9
611.384842 376.794919 9
610.378533 376.794919 9
609.372224 376.794919 9
608.365916 376.794919 9
607.359607 376.794919 9
605.346989 376.794919 9
603.334371 376.794919 9
602.328062 376.794919 9
601.321753 376.794919 9
600.315445 376.794919 9
599.309136 376.794919 9
598.302827 376.794919 9
597.296518 376.794919 9
595.283900 376.794919 9
594.277591 376.794919 9
593.271282 376.794919 9
592.264973 376.794919 9
590.252356 376.794919 9
588.239738 376.794919 9
584.214502 376.794919 9
583.208194 376.794919 9
582.201885 376.794919 9
581.195576 376.794919 9
579.182958 376.794919 9
578.176649 376.794919 9
576.164031 376.794919 9
574.151414 376.794919 9
573.145105 376.794919 9
571.132487 376.794919 9
571.132487 376.794919 8
570.126178 375.051941 8
569.623024 374.180452 8
569.119869 373.308963 8
568.616715 372.437474 8
567.610406 370.694496 8
566.604097 368.951518 8
565.597788 367.208539 8
564.591479 365.465561 8
564.088325 364.594072 8
563.585170 363.722583 8
563.082016 362.851094 8
562.578861 361.979605 8
562.075707 361.108116 8
561.572552 360.236627 8
560.063089 357.622160 8
559.559935 356.750671 8
559.056780 355.879182 8
557.044162 352.393226 8
556.541008 351.521737 8
556.037853 350.650248 8
555.534699 349.778759 8
555.031545 348.907269 8
554.528390 348.035780 8
554.025236 347.164291 8
553.522081 346.292802 8
553.018927 345.421313 8
552.515772 344.549824 8
552.012618 343.678335 8
551.509463 342.806846 8
551.006309 341.935357 8
550.000000 340.192379 8
550.000000 340.192379 7
549.496846 341.063868 7
548.490537 342.806846 7
547.987382 343.678335 7
547.484228 344.549824 7
546.981073 345.421313 7
546.477919 346.292802 7
544.968455 348.907269 7
544.465301 349.778759 7
543.458992 351.521737 7
542.955838 352.393226 7
542.452683 353.264715 7
541.949529 354.136204 7
541.446374 355.007693 7
539.936911 357.622160 7
538.930602 359.365138 7
538.427448 360.236627 7
537.421139 361.979605 7
536.414830 363.722583 7
535.911675 364.594072 7
535.408521 365.465561 7
534.905366 366.337050 7
534.402212 367.208539 7
533.899058 368.080029 7
532.892749 369.823007 7
531.383285 372.437474 7
530.880131 373.308963 7
530.376976 374.180452 7
529.873822 375.051941 7
529.370667 375.923430 7
528.867513 376.794919 7
528.867513 376.794919 6
526.854895 376.794919 6
524.842277 376.794919 6
523.835969 376.794919 6
520.817042 376.794919 6
519.810733 376.794919 6
518.804424 376.794919 6
517.798115 376.794919 6
516.791806 376.794919 6
515.785498 376.794919 6
513.772880 376.794919 6
512.766571 376.794919 6
510.753953 376.794919 6
509.747644 376.794919 6
507.735027 376.794919 6
506.728718 376.794919 6
505.722409 376.794919 6
503.709791 376.794919 6
502.703482 376.794919 6
499.684555 376.794919 6
498.678247 376.794919 6
497.671938 376.794919 6
496.665629 376.794919 6
495.659320 376.794919 6
494.653011 376.794919 6
493.646702 376.794919 6
492.640393 376.794919 6
491.634084 376.794919 6
490.627776 376.794919 6
488.615158 376.794919 6
486.602540 376.794919 6
486.602540 376.794919 5
487.105694 377.666408 5
488.112003 379.409386 5
488.615158 380.280875 5
489.118312 381.152364 5
489.621467 382.023853 5
490.627776 383.766832 5
491.130930 384.638321 5
491.634085 385.509810 5
492.137239 386.381299 5
492.640393 387.252788 5
493.143548 388.124277 5
493.646702 388.995766 5
494.149857 389.867255 5
494.653011 390.738744 5
496.162475 393.353211 5
496.665629 394.224700 5
498.175092 396.839168 5
499.181401 398.582146 5
499.684556 399.453635 5
500.187710 400.325124 5
500.690865 401.196613 5
501.194019 402.068102 5
501.697174 402.939591 5
502.200328 403.811080 5
502.703482 404.682569 5
503.206637 405.554058 5
503.709791 406.425547 5
504.212946 407.297036 5
504.716100 408.168526 5
505.219255 409.040015 5
505.722409 409.911504 5
507.231873 412.525971 5
507.735027 413.397460 5
506.730345 415.137620 4
505.725664 416.877779 4
505.223323 417.747859 4
503.213959 421.228179 4
502.711618 422.098259 4
500.199914 426.448658 4
499.697573 427.318738 4
498.692892 429.058898 4
496.181187 433.409297 4
494.674165 436.019537 4
494.171824 436.889617 4
493.669483 437.759696 4
487.641393 448.200655 4
487.139052 449.070735 4
485.632029 451.680974 4
481.613303 458.641613 4
480.106280 461.251853 4
479.603939 462.121933 4
477.594576 465.602252 4
477.092235 466.472332 4
473.073508 473.432971 4
472.571167 474.303051 4
470.059463 478.653450 4
468.050100 482.133770 4
467.547759 483.003850 4
462.524350 491.704649 4
462.022009 492.574728 4
461.017328 494.314888 4
459.007964 497.795208 4
458.003283 499.535367 4
457.500942 500.405447 4
449.463488 514.326725 4
447.956465 516.936965 4
447.454125 517.807045 4
446.449443 519.547204 4
441.928375 527.377923 4
438.914330 532.598403 4
438.411989 533.468482 4
437.909648 534.338562 4
437.407308 535.208642 4
436.402626 536.948802 4
434.393262 540.429121 4
432.383899 543.909441 4
419.825378 550.000000 3
417.816014 550.000000 3
414.801969 550.000000 3
410.783243 550.000000 3
409.778561 550.000000 3
403.750471 550.000000 3
402.745789 550.000000 3
398.727062 550.000000 3
390.689609 550.000000 3
387.675564 550.000000 3
385.666200 550.000000 3
376.624065 550.000000 3
374.614702 550.000000 3
372.605338 550.000000 3
371.600656 550.000000 3
367.581930 550.000000 3
364.567885 550.000000 3
360.549158 550.000000 3
343.469569 550.000000 3
339.450842 550.000000 3
337.441479 550.000000 3
336.436797 550.000000 3
324.380617 550.000000 3
322.371253 550.000000 3
314.333800 550.000000 3
312.324436 550.000000 3
307.301028 550.000000 3
305.291665 550.000000 3
298.258893 550.000000 3
286.202712 550.000000 3
281.179304 550.000000 3
277.160577 550.000000 3
271.132487 550.000000 3
270.629333 549.128511 2
270.126178 548.257022 2
269.623024 547.385533 2
269.119869 546.514044 2
268.616715 545.642555 2
268.113560 544.771066 2
267.610406 543.899577 2
266.604097 542.156599 2
266.100942 541.285110 2
265.597788 540.413620 2
265.094634 539.542131 2
264.088325 537.799153 2
263.585170 536.927664 2
261.572552 533.441708 2
261.069398 532.570219 2
259.559935 529.955752 2
259.056780 529.084263 2
258.553626 528.212774 2
256.541008 524.726818 2
255.031545 522.112350 2
254.528390 521.240861 2
254.025236 520.369372 2
253.522081 519.497883 2
252.012618 516.883416 2
251.006309 515.140438 2
250.503154 514.268949 2
250.000000 513.397460 1
249.496846 514.268949 1
248.993691 515.140438 1
248.490537 516.011927 1
246.981073 518.626394 1
245.471610 521.240861 1
243.962147 523.855329 1
242.955838 525.598307 1
242.452683 526.469796 1
241.949529 527.341285 1
241.446374 528.212774 1
239.433757 531.698730 1
238.930602 532.570219 1
237.924293 534.313197 1
237.421139 535.184686 1
236.917984 536.056175 1
235.911675 537.799153 1
234.905366 539.542131 1
233.899058 541.285110 1
233.395903 542.156599 1
232.389594 543.899577 1
231.383285 545.642555 1
230.880131 546.514044 1
229.873822 548.257022 1
229.370667 549.128511 1
228.867513 550.000000 1
226.853958 550.000000 0
223.833626 550.000000 0
218.799739 550.000000 0
216.786184 550.000000 0
215.779406 550.000000 0
214.772629 550.000000 0
211.752296 550.000000 0
210.745519 550.000000 0
209.738742 550.000000 0
202.691299 550.000000 0
197.657412 550.000000 0
196.650635 550.000000 0
194.637080 550.000000 0
183.562528 550.000000 0
181.548973 550.000000 0
179.535418 550.000000 0
177.521863 550.000000 0
175.508308 550.000000 0
171.481199 550.000000 0
167.454089 550.000000 0
166.447311 550.000000 0
164.433757 550.000000 0
161.413424 550.000000 0
157.386314 550.000000 0
155.372759 550.000000 0
152.352427 550.000000 0
146.311762 550.000000 0
142.284653 550.000000 0
139.264320 550.000000 0
137.250765 550.000000 0
135.237211 550.000000 0
126.176214 550.000000 0
124.162659 550.000000 0
121.142326 550.000000 0
106.040665 550.000000 0
102.013555 550.000000 0
