1170
100.000000 450.000000 8
101.000489 450.000000 8
103.001467 450.000000 8
104.001956 450.000000 8
106.002933 450.000000 8
108.003911 450.000000 8
110.004889 450.000000 8
112.005867 450.000000 8
113.006355 450.000000 8
115.007333 450.000000 8
117.008311 450.000000 8
122.010755 450.000000 8
123.011244 450.000000 8
124.011733 450.000000 8
127.013200 450.000000 8
128.013689 450.000000 8
129.014178 450.000000 8
131.015155 450.000000 8
132.015644 450.000000 8
138.018577 450.000000 8
139.019066 450.000000 8
140.019555 450.000000 8
141.020044 450.000000 8
142.020533 450.000000 8
144.021511 450.000000 8
145.022000 450.000000 8
146.022488 450.000000 8
148.023466 450.000000 8
149.023955 450.000000 8
150.024444 450.000000 8
151.024933 450.000000 8
152.025422 450.000000 8
153.025911 450.000000 8
154.026400 450.000000 8
156.027377 450.000000 8
158.028355 450.000000 8
161.029822 450.000000 8
162.030311 450.000000 8
163.030799 450.000000 8
164.031288 450.000000 8
165.031777 450.000000 8
167.032755 450.000000 8
169.033733 450.000000 8
170.034222 450.000000 8
171.034710 450.000000 8
172.035199 450.000000 8
174.036177 450.000000 8
176.037155 450.000000 8
179.038622 450.000000 8
180.039110 450.000000 8
183.040577 450.000000 8
184.041066 450.000000 8
185.041555 450.000000 8
190.043999 450.000000 8
191.044488 450.000000 8
192.044977 450.000000 8
193.045466 450.000000 8
194.045955 450.000000 8
195.046444 450.000000 8
197.047421 450.000000 8
198.047910 450.000000 8
202.049866 450.000000 8
206.051821 450.000000 8
207.052310 450.000000 8
208.052799 450.000000 8
210.053777 450.000000 8
211.054266 450.000000 8
212.054755 450.000000 8
214.055732 450.000000 8
215.056221 450.000000 8
217.057199 450.000000 8
220.058666 450.000000 8
223.060132 450.000000 8
225.061110 450.000000 8
226.061599 450.000000 8
227.062088 450.000000 8
230.063554 450.000000 8
232.064532 450.000000 8
233.065021 450.000000 8
235.065999 450.000000 8
237.066977 450.000000 8
238.067465 450.000000 8
239.067954 450.000000 8
244.070399 450.000000 8
247.071865 450.000000 8
252.074310 450.000000 8
253.074799 450.000000 8
258.077243 450.000000 8
263.079687 450.000000 8
264.080176 450.000000 8
266.081154 450.000000 8
268.082132 450.000000 8
271.083599 450.000000 8
272.084087 450.000000 8
273.084576 450.000000 8
279.087510 450.000000 8
280.087998 450.000000 8
281.088487 450.000000 8
282.088976 450.000000 8
284.089954 450.000000 8
285.090443 450.000000 8
293.094354 450.000000 8
296.095821 450.000000 8
297.096309 450.000000 8
298.096798 450.000000 8
301.098265 450.000000 8
302.098754 450.000000 8
304.099732 450.000000 8
305.100220 450.000000 8
307.101198 450.000000 8
309.102176 450.000000 8
314.104620 450.000000 8
316.105598 450.000000 8
317.106087 450.000000 8
319.107065 450.000000 8
321.108043 450.000000 8
326.110487 450.000000 8
330.112442 450.000000 8
331.112931 450.000000 8
334.114398 450.000000 8
336.115376 450.000000 8
338.116353 450.000000 8
339.116842 450.000000 8
340.117331 450.000000 8
342.118309 450.000000 8
343.118798 450.000000 8
344.119287 450.000000 8
345.119776 450.000000 8
347.120753 450.000000 8
349.121731 450.000000 8
350.122220 450.000000 8
352.123198 450.000000 8
358.126131 450.000000 8
364.129064 450.000000 8
365.129553 450.000000 8
366.130042 450.000000 8
367.130531 450.000000 8
370.131998 450.000000 8
371.132487 450.000000 7
378.146899 437.850682 7
379.148958 436.115065 7
381.153076 432.643831 7
382.155134 430.908214 7
382.656164 430.040405 7
383.157193 429.172597 7
383.658223 428.304788 7
384.159252 427.436980 7
385.161311 425.701363 7
386.163370 423.965746 7
386.664399 423.097938 7
387.666458 421.362321 7
389.670576 417.891087 7
391.173665 415.287661 7
391.674694 414.419853 7
392.676753 412.684236 7
395.181900 408.345194 7
395.682930 407.477385 7
396.183959 406.609577 7
398.689106 402.270535 7
403.198371 394.460258 7
404.701460 391.856833 7
407.707636 386.649982 7
408.709695 384.914365 7
412.216901 378.839706 7
413.218960 377.104089 7
415.223078 373.632855 7
415.724108 372.765047 7
417.227196 370.161621 7
419.231314 366.690388 7
421.736461 362.351345 7
422.738520 360.615728 7
423.239549 359.747920 7
424.241608 358.012303 7
424.742638 357.144495 7
425.243667 356.276686 7
426.245726 354.541069 7
426.746755 353.673261 7
427.247785 352.805452 7
430.754991 346.730793 7
432.258079 344.127368 7
433.761168 341.523942 7
436.266315 337.184900 7
436.767344 336.317091 7
440.775580 329.374624 7
441.276609 328.506815 7
441.777639 327.639007 7
443.781757 324.167773 7
444.282786 323.299964 7
445.284845 321.564348 7
446.286904 319.828731 7
450.295140 312.886263 7
454.804405 305.075987 7
455.305434 304.208178 7
456.808522 301.604753 7
457.309552 300.736944 7
457.810581 299.869136 7
458.311611 299.001328 7
458.812640 298.133519 7
459.814699 296.397902 7
460.315729 295.530094 7
460.816758 294.662285 7
462.319846 292.058860 7
468.833229 280.777350 7
469.835288 279.041733 7
470.837347 277.306116 7
472.340435 274.702691 7
473.843524 272.099265 7
474.344553 271.231457 7
476.348671 267.760223 7
477.350730 266.024606 7
478.853818 263.421181 7
479.354848 262.553372 7
481.358965 259.082138 7
483.363083 255.610904 7
484.365142 253.875287 7
486.369260 250.404054 7
489.375437 245.197203 7
489.876466 244.329394 7
490.878525 242.593777 7
491.880584 240.858161 7
494.886761 235.651310 7
495.387790 234.783501 7
496.890878 232.180076 7
497.391908 231.312267 7
498.393967 229.576651 7
499.396026 227.841034 7
499.897055 226.973225 7
501.400143 224.369800 7
501.901173 223.501991 7
503.905291 220.030757 7
506.410438 215.691715 7
506.911467 214.823907 7
507.913526 213.088290 7
508.915585 211.352673 7
509.917644 209.617056 7
510.418673 208.749247 7
511.420732 207.013630 7
512.923821 204.410205 7
513.424850 203.542397 7
514.426909 201.806780 7
515.428968 200.071163 7
516.431027 198.335546 7
516.932056 197.467737 7
517.433086 196.599929 7
517.934115 195.732120 7
519.938233 192.260887 7
520.439262 191.393078 7
520.940292 190.525270 7
527.453675 179.243760 7
529.457793 175.772526 7
530.459851 174.036909 7
530.960881 173.169100 7
533.967058 167.962250 7
534.468087 167.094441 7
534.969117 166.226633 7
536.973234 162.755399 7
538.977352 159.284165 7
542.985588 152.341697 7
543.987647 150.606080 7
544.488676 149.738272 7
545.490735 148.002655 7
545.991764 147.134847 7
547.494853 144.531421 7
547.995882 143.663613 7
548.496912 142.795804 7
550.000000 140.192379 7
552.505147 144.531421 6
555.010294 148.870463 6
561.022648 159.284165 6
562.024707 161.019782 6
563.026766 162.755399 6
563.527795 163.623207 6
564.028825 164.491016 6
565.030883 166.226633 6
566.032942 167.962250 6
567.035001 169.697867 6
567.536031 170.565675 6
569.039119 173.169100 6
569.540149 174.036909 6
570.041178 174.904717 6
571.043237 176.640334 6
574.049414 181.847185 6
575.051472 183.582802 6
576.554561 186.186227 6
578.558679 189.657461 6
579.059708 190.525270 6
582.065885 195.732120 6
584.070003 199.203354 6
585.072061 200.938971 6
586.575150 203.542397 6
587.076179 204.410205 6
591.084415 211.352673 6
591.585444 212.220481 6
592.086474 213.088290 6
592.587503 213.956098 6
593.088533 214.823907 6
593.589562 215.691715 6
594.090592 216.559524 6
594.591621 217.427332 6
595.593680 219.162949 6
596.595739 220.898566 6
597.597798 222.634183 6
600.102945 226.973225 6
600.603974 227.841034 6
601.606033 229.576651 6
603.109122 232.180076 6
605.614269 236.519118 6
607.117357 239.122544 6
608.620446 241.725969 6
609.622504 243.461586 6
611.626622 246.932820 6
614.632799 252.139671 6
617.638976 257.346521 6
618.140005 258.214330 6
618.641035 259.082138 6
619.142064 259.949947 6
619.643093 260.817755 6
620.645152 262.553372 6
621.146182 263.421181 6
628.661624 276.438307 6
629.663682 278.173924 6
631.166771 280.777350 6
632.168830 282.512967 6
632.669859 283.380775 6
635.676036 288.587626 6
636.678095 290.323243 6
637.179124 291.191051 6
637.680154 292.058860 6
638.682213 293.794477 6
640.686330 297.265711 6
641.688389 299.001328 6
642.189419 299.869136 6
642.690448 300.736944 6
645.696625 305.943795 6
646.698684 307.679412 6
648.201772 310.282838 6
649.704860 312.886263 6
650.205890 313.754071 6
651.207949 315.489688 6
651.708978 316.357497 6
653.212067 318.960922 6
654.214125 320.696539 6
655.717214 323.299964 6
656.218243 324.167773 6
658.723391 328.506815 6
659.224420 329.374624 6
659.725449 330.242432 6
660.226479 331.110241 6
661.729567 333.713666 6
662.731626 335.449283 6
663.232656 336.317091 6
663.733685 337.184900 6
664.234714 338.052708 6
669.245009 346.730793 6
670.748097 349.334218 6
674.255303 355.408878 6
676.760451 359.747920 6
677.762510 361.483537 6
678.263539 362.351345 6
678.764569 363.219154 6
679.766627 364.954771 6
680.768686 366.690388 6
682.772804 370.161621 6
683.273834 371.029430 6
684.275892 372.765047 6
688.785158 380.575323 6
690.288246 383.178748 6
692.292364 386.649982 6
693.294423 388.385599 6
694.296481 390.121216 6
694.797511 390.989025 6
696.300599 393.592450 6
696.801629 394.460258 6
701.310894 402.270535 6
701.811923 403.138343 6
702.813982 404.873960 6
705.820159 410.080811 6
706.321188 410.948619 6
707.323247 412.684236 6
708.325306 414.419853 6
708.826335 415.287661 6
709.327365 416.155470 6
711.832512 420.494512 6
713.335601 423.097938 6
719.347954 433.511639 6
721.352072 436.982873 6
721.853101 437.850682 6
722.354131 438.718490 6
724.859278 443.057532 6
726.362366 445.660958 6
728.867513 450.000000 5
729.868002 450.000000 5
730.868491 450.000000 5
732.869469 450.000000 5
734.870447 450.000000 5
736.871425 450.000000 5
738.872402 450.000000 5
739.872891 450.000000 5
742.874358 450.000000 5
743.874847 450.000000 5
744.875336 450.000000 5
745.875824 450.000000 5
746.876313 450.000000 5
749.877780 450.000000 5
750.878269 450.000000 5
752.879247 450.000000 5
754.880224 450.000000 5
755.880713 450.000000 5
756.881202 450.000000 5
759.882669 450.000000 5
760.883158 450.000000 5
765.885602 450.000000 5
768.887069 450.000000 5
772.889024 450.000000 5
774.890002 450.000000 5
775.890491 450.000000 5
777.891469 450.000000 5
778.891957 450.000000 5
779.892446 450.000000 5
780.892935 450.000000 5
781.893424 450.000000 5
782.893913 450.000000 5
784.894891 450.000000 5
785.895380 450.000000 5
789.897335 450.000000 5
791.898313 450.000000 5
792.898802 450.000000 5
794.899780 450.000000 5
800.902713 450.000000 5
801.903202 450.000000 5
803.904179 450.000000 5
807.906135 450.000000 5
808.906624 450.000000 5
811.908091 450.000000 5
814.909557 450.000000 5
816.910535 450.000000 5
817.911024 450.000000 5
819.912002 450.000000 5
820.912490 450.000000 5
822.913468 450.000000 5
829.916890 450.000000 5
830.917379 450.000000 5
832.918357 450.000000 5
833.918846 450.000000 5
837.920801 450.000000 5
840.922268 450.000000 5
842.923246 450.000000 5
843.923735 450.000000 5
844.924224 450.000000 5
846.925201 450.000000 5
848.926179 450.000000 5
851.927646 450.000000 5
854.929112 450.000000 5
857.930579 450.000000 5
861.932535 450.000000 5
862.933023 450.000000 5
863.933512 450.000000 5
867.935468 450.000000 5
872.937912 450.000000 5
873.938401 450.000000 5
876.939868 450.000000 5
877.940357 450.000000 5
878.940845 450.000000 5
881.942312 450.000000 5
882.942801 450.000000 5
883.943290 450.000000 5
892.947690 450.000000 5
893.948179 450.000000 5
894.948668 450.000000 5
900.951601 450.000000 5
901.952090 450.000000 5
903.953067 450.000000 5
904.953556 450.000000 5
906.954534 450.000000 5
907.955023 450.000000 5
908.955512 450.000000 5
910.956490 450.000000 5
917.959912 450.000000 5
918.960401 450.000000 5
921.961867 450.000000 5
925.963823 450.000000 5
926.964312 450.000000 5
931.966756 450.000000 5
935.968712 450.000000 5
938.970178 450.000000 5
939.970667 450.000000 5
940.971156 450.000000 5
945.973600 450.000000 5
946.974089 450.000000 5
948.975067 450.000000 5
950.976045 450.000000 5
951.976534 450.000000 5
952.977023 450.000000 5
954.978000 450.000000 5
956.978978 450.000000 5
958.979956 450.000000 5
959.980445 450.000000 5
961.981423 450.000000 5
962.981911 450.000000 5
963.982400 450.000000 5
964.982889 450.000000 5
965.983378 450.000000 5
966.983867 450.000000 5
968.984845 450.000000 5
972.986800 450.000000 5
979.990222 450.000000 5
980.990711 450.000000 5
981.991200 450.000000 5
982.991689 450.000000 5
983.992178 450.000000 5
984.992667 450.000000 5
986.993645 450.000000 5
989.995111 450.000000 5
990.995600 450.000000 5
992.996578 450.000000 5
993.997067 450.000000 5
994.997556 450.000000 5
997.999022 450.000000 5
1000.000000 450.000000 5
1000.000000 450.000000 4
1000.000000 452.000000 4
1000.000000 453.000000 4
1000.000000 454.000000 4
1000.000000 455.000000 4
1000.000000 456.000000 4
1000.000000 457.000000 4
1000.000000 458.000000 4
1000.000000 461.000000 4
1000.000000 462.000000 4
1000.000000 465.000000 4
1000.000000 466.000000 4
1000.000000 467.000000 4
1000.000000 468.000000 4
1000.000000 470.000000 4
1000.000000 471.000000 4
1000.000000 473.000000 4
1000.000000 474.000000 4
1000.000000 475.000000 4
1000.000000 476.000000 4
1000.000000 478.000000 4
1000.000000 479.000000 4
1000.000000 481.000000 4
1000.000000 482.000000 4
1000.000000 483.000000 4
1000.000000 484.000000 4
1000.000000 485.000000 4
1000.000000 486.000000 4
1000.000000 487.000000 4
1000.000000 488.000000 4
1000.000000 489.000000 4
1000.000000 490.000000 4
1000.000000 491.000000 4
1000.000000 492.000000 4
1000.000000 493.000000 4
1000.000000 494.000000 4
1000.000000 495.000000 4
1000.000000 496.000000 4
1000.000000 497.000000 4
1000.000000 498.000000 4
1000.000000 499.000000 4
1000.000000 500.000000 4
1000.000000 501.000000 4
1000.000000 502.000000 4
1000.000000 503.000000 4
1000.000000 504.000000 4
1000.000000 505.000000 4
1000.000000 508.000000 4
1000.000000 509.000000 4
1000.000000 510.000000 4
1000.000000 512.000000 4
1000.000000 513.000000 4
1000.000000 514.000000 4
1000.000000 515.000000 4
1000.000000 516.000000 4
1000.000000 517.000000 4
1000.000000 518.000000 4
1000.000000 519.000000 4
1000.000000 520.000000 4
1000.000000 521.000000 4
1000.000000 523.000000 4
1000.000000 524.000000 4
1000.000000 525.000000 4
1000.000000 526.000000 4
1000.000000 527.000000 4
1000.000000 528.000000 4
1000.000000 529.000000 4
1000.000000 530.000000 4
1000.000000 531.000000 4
1000.000000 533.000000 4
1000.000000 534.000000 4
1000.000000 536.000000 4
1000.000000 537.000000 4
1000.000000 539.000000 4
1000.000000 541.000000 4
1000.000000 542.000000 4
1000.000000 543.000000 4
1000.000000 544.000000 4
1000.000000 545.000000 4
1000.000000 546.000000 4
1000.000000 547.000000 4
1000.000000 548.000000 4
1000.000000 549.000000 4
1000.000000 550.000000 3
998.997355 550.000000 3
996.992065 550.000000 3
994.986776 550.000000 3
993.984131 550.000000 3
992.981486 550.000000 3
990.976196 550.000000 3
988.970907 550.000000 3
986.965617 550.000000 3
985.962972 550.000000 3
982.955037 550.000000 3
981.952393 550.000000 3
976.939168 550.000000 3
975.936523 550.000000 3
974.933879 550.000000 3
972.928589 550.000000 3
971.925944 550.000000 3
970.923299 550.000000 3
969.920654 550.000000 3
967.915365 550.000000 3
966.912720 550.000000 3
961.899495 550.000000 3
959.894206 550.000000 3
957.888916 550.000000 3
956.886271 550.000000 3
954.880981 550.000000 3
949.867757 550.000000 3
948.865112 550.000000 3
946.859823 550.000000 3
944.854533 550.000000 3
943.851888 550.000000 3
941.846598 550.000000 3
938.838664 550.000000 3
936.833374 550.000000 3
931.820150 550.000000 3
927.809570 550.000000 3
924.801636 550.000000 3
923.798991 550.000000 3
922.796346 550.000000 3
920.791056 550.000000 3
918.785766 550.000000 3
917.783122 550.000000 3
915.777832 550.000000 3
914.775187 550.000000 3
912.769897 550.000000 3
911.767252 550.000000 3
909.761963 550.000000 3
906.754028 550.000000 3
905.751383 550.000000 3
904.748738 550.000000 3
903.746094 550.000000 3
896.727580 550.000000 3
895.724935 550.000000 3
890.711710 550.000000 3
888.706421 550.000000 3
886.701131 550.000000 3
884.695841 550.000000 3
882.690552 550.000000 3
880.685262 550.000000 3
878.679972 550.000000 3
876.674682 550.000000 3
873.666748 550.000000 3
872.664103 550.000000 3
871.661458 550.000000 3
868.653524 550.000000 3
867.650879 550.000000 3
864.642944 550.000000 3
863.640299 550.000000 3
858.627075 550.000000 3
857.624430 550.000000 3
856.621785 550.000000 3
852.611206 550.000000 3
849.603271 550.000000 3
847.597982 550.000000 3
846.595337 550.000000 3
842.584757 550.000000 3
833.560954 550.000000 3
832.558309 550.000000 3
831.555664 550.000000 3
829.550374 550.000000 3
825.539795 550.000000 3
824.537150 550.000000 3
821.529215 550.000000 3
820.526570 550.000000 3
817.518636 550.000000 3
816.515991 550.000000 3
815.513346 550.000000 3
814.510701 550.000000 3
809.497477 550.000000 3
806.489542 550.000000 3
802.478963 550.000000 3
801.476318 550.000000 3
798.468384 550.000000 3
796.463094 550.000000 3
792.452514 550.000000 3
791.449870 550.000000 3
789.444580 550.000000 3
784.431356 550.000000 3
782.426066 550.000000 3
779.418131 550.000000 3
776.410197 550.000000 3
775.407552 550.000000 3
774.404907 550.000000 3
773.402262 550.000000 3
772.399617 550.000000 3
770.394327 550.000000 3
768.389038 550.000000 3
765.381103 550.000000 3
764.378458 550.000000 3
762.373169 550.000000 3
757.359944 550.000000 3
756.357299 550.000000 3
755.354655 550.000000 3
753.349365 550.000000 3
752.346720 550.000000 3
751.344075 550.000000 3
750.341430 550.000000 3
746.330851 550.000000 3
745.328206 550.000000 3
743.322916 550.000000 3
741.317627 550.000000 3
737.307047 550.000000 3
736.304402 550.000000 3
734.299113 550.000000 3
731.291178 550.000000 3
730.288533 550.000000 3
729.285888 550.000000 3
728.283243 550.000000 3
727.280599 550.000000 3
726.277954 550.000000 3
725.275309 550.000000 3
724.272664 550.000000 3
723.270019 550.000000 3
721.264729 550.000000 3
717.254150 550.000000 3
716.251505 550.000000 3
714.246215 550.000000 3
713.243571 550.000000 3
711.238281 550.000000 3
710.235636 550.000000 3
709.232991 550.000000 3
708.230346 550.000000 3
706.225057 550.000000 3
705.222412 550.000000 3
703.217122 550.000000 3
702.214477 550.000000 3
700.209187 550.000000 3
698.203898 550.000000 3
697.201253 550.000000 3
691.185384 550.000000 3
690.182739 550.000000 3
689.180094 550.000000 3
687.174804 550.000000 3
686.172159 550.000000 3
684.166870 550.000000 3
682.161580 550.000000 3
680.156290 550.000000 3
679.153645 550.000000 3
677.148356 550.000000 3
676.145711 550.000000 3
675.143066 550.000000 3
672.135131 550.000000 3
671.132487 550.000000 3
671.132487 550.000000 2
670.631939 549.133026 2
669.630844 547.399079 2
667.628654 543.931185 2
667.128107 543.064211 2
665.626464 540.463290 2
665.125917 539.596316 2
663.624275 536.995395 2
662.623180 535.261448 2
661.622085 533.527501 2
660.620990 531.793554 2
659.619895 530.059606 2
657.617705 526.591712 2
657.117158 525.724738 2
656.116063 523.990791 2
655.114968 522.256843 2
654.113873 520.522896 2
653.613325 519.655923 2
653.112778 518.788949 2
652.612230 517.921975 2
652.111683 517.055002 2
651.110588 515.321054 2
650.610040 514.454081 2
650.109493 513.587107 2
649.608946 512.720133 2
649.108398 511.853160 2
647.606756 509.252239 2
647.106208 508.385265 2
646.605661 507.518292 2
645.104018 504.917371 2
643.602376 502.316450 2
642.601281 500.582502 2
642.100734 499.715529 2
641.600186 498.848555 2
641.099639 497.981582 2
640.098544 496.247634 2
639.097449 494.513687 2
638.596901 493.646713 2
637.095259 491.045792 2
636.094164 489.311845 2
635.093069 487.577898 2
634.592522 486.710924 2
634.091974 485.843951 2
633.591427 484.976977 2
632.089784 482.376056 2
631.589237 481.509082 2
629.587047 478.041188 2
628.585952 476.307241 2
627.584857 474.573293 2
626.583762 472.839346 2
626.083215 471.972372 2
625.082120 470.238425 2
624.581572 469.371451 2
623.580477 467.637504 2
621.077740 463.302636 2
619.075550 459.834741 2
618.074455 458.100794 2
617.573908 457.233820 2
616.072265 454.632899 2
615.071170 452.898952 2
614.570623 452.031979 2
613.569528 450.298031 2
611.567338 446.830137 2
610.566243 445.096189 2
610.065696 444.229216 2
608.564053 441.628295 2
608.063506 440.761321 2
607.562958 439.894348 2
606.061316 437.293427 2
605.560769 436.426453 2
605.060221 435.559479 2
604.059126 433.825532 2
602.557484 431.224611 2
601.556389 429.490664 2
601.055841 428.623690 2
599.554199 426.022769 2
598.052557 423.421848 2
597.051462 421.687901 2
596.050367 419.953954 2
593.047082 414.752112 2
592.546535 413.885138 2
592.045987 413.018165 2
591.545440 412.151191 2
590.043797 409.550270 2
587.541060 405.215402 2
587.040512 404.348428 2
586.539965 403.481455 2
585.538870 401.747507 2
585.038323 400.880534 2
584.037228 399.146586 2
583.536680 398.279613 2
583.036133 397.412639 2
582.035038 395.678692 2
581.534490 394.811718 2
580.032848 392.210797 2
579.532300 391.343824 2
579.031753 390.476850 2
578.531206 389.609876 2
576.529016 386.141982 2
576.028468 385.275008 2
573.525731 380.940140 2
571.523541 377.472245 2
571.022994 376.605272 2
569.521351 374.004351 2
569.020804 373.137377 2
568.520256 372.270404 2
567.519161 370.536456 2
567.018614 369.669483 2
566.017519 367.935535 2
565.516971 367.068562 2
563.514782 363.600667 2
562.513687 361.866720 2
561.012044 359.265799 2
560.010949 357.531852 2
559.510402 356.664878 2
559.009854 355.797904 2
558.509307 354.930931 2
555.506022 349.729089 2
554.504927 347.995142 2
554.004380 347.128168 2
552.502737 344.527247 2
552.002190 343.660273 2
550.000000 340.192379 2
549.499453 341.059353 1
548.998905 341.926326 1
548.498358 342.793300 1
547.497263 344.527247 1
546.996715 345.394221 1
546.496168 346.261194 1
545.995620 347.128168 1
544.994525 348.862115 1
543.993430 350.596063 1
542.992335 352.330010 1
541.490693 354.930931 1
539.989051 357.531852 1
538.987956 359.265799 1
537.486313 361.866720 1
535.484124 365.334614 1
534.983576 366.201588 1
533.982481 367.935535 1
532.981386 369.669483 1
531.980291 371.403430 1
531.479744 372.270404 1
530.478649 374.004351 1
529.477554 375.738298 1
528.977006 376.605272 1
528.476459 377.472245 1
527.975912 378.339219 1
526.974817 380.073166 1
526.474269 380.940140 1
525.973722 381.807114 1
523.971532 385.275008 1
523.470984 386.141982 1
521.468794 389.609876 1
520.968247 390.476850 1
520.467700 391.343824 1
519.967152 392.210797 1
519.466605 393.077771 1
518.966057 393.944745 1
517.464415 396.545666 1
516.963867 397.412639 1
515.462225 400.013560 1
514.961677 400.880534 1
514.461130 401.747507 1
513.460035 403.481455 1
512.959488 404.348428 1
511.958393 406.082376 1
510.957298 407.816323 1
510.456750 408.683297 1
508.454560 412.151191 1
507.954013 413.018165 1
507.453465 413.885138 1
506.952918 414.752112 1
505.951823 416.486059 1
505.451276 417.353033 1
504.950728 418.220007 1
504.450181 419.086980 1
503.449086 420.820927 1
502.948538 421.687901 1
501.947443 423.421848 1
501.446896 424.288822 1
500.946348 425.155796 1
499.945253 426.889743 1
499.444706 427.756717 1
498.944159 428.623690 1
497.943064 430.357638 1
497.442516 431.224611 1
496.941969 432.091585 1
495.440326 434.692506 1
493.938684 437.293427 1
492.937589 439.027374 1
491.936494 440.761321 1
491.435947 441.628295 1
490.935399 442.495269 1
488.933209 445.963163 1
487.932114 447.697110 1
485.929924 451.165005 1
485.429377 452.031979 1
484.928830 452.898952 1
484.428282 453.765926 1
483.427187 455.499873 1
482.926640 456.366847 1
481.925545 458.100794 1
481.424997 458.967768 1
480.423902 460.701715 1
478.922260 463.302636 1
477.921165 465.036583 1
477.420618 465.903557 1
475.418428 469.371451 1
473.416238 472.839346 1
472.915690 473.706320 1
469.912406 478.908161 1
468.911311 480.642109 1
467.409668 483.243030 1
466.408573 484.976977 1
464.906931 487.577898 1
464.406383 488.444871 1
463.905836 489.311845 1
463.405289 490.178819 1
462.904741 491.045792 1
462.404194 491.912766 1
461.403099 493.646713 1
460.902551 494.513687 1
458.900361 497.981582 1
458.399814 498.848555 1
457.398719 500.582502 1
456.397624 502.316450 1
455.897077 503.183423 1
454.895982 504.917371 1
454.395434 505.784344 1
453.394339 507.518292 1
452.893792 508.385265 1
452.393244 509.252239 1
449.389960 514.454081 1
448.388865 516.188028 1
447.387770 517.921975 1
446.887222 518.788949 1
446.386675 519.655923 1
444.384485 523.123817 1
443.883937 523.990791 1
442.382295 526.591712 1
441.381200 528.325659 1
440.880653 529.192633 1
439.879558 530.926580 1
438.878463 532.660527 1
438.377915 533.527501 1
437.877368 534.394474 1
436.375725 536.995395 1
435.875178 537.862369 1
434.874083 539.596316 1
433.872988 541.330264 1
432.871893 543.064211 1
432.371346 543.931185 1
431.870798 544.798158 1
431.370251 545.665132 1
428.867513 550.000000 1
426.862224 550.000000 0
425.859579 550.000000 0
421.848999 550.000000 0
420.846355 550.000000 0
417.838420 550.000000 0
415.833130 550.000000 0
411.822551 550.000000 0
410.819906 550.000000 0
409.817261 550.000000 0
408.814616 550.000000 0
407.811971 550.000000 0
402.798747 550.000000 0
401.796102 550.000000 0
400.793457 550.000000 0
393.774943 550.000000 0
389.764364 550.000000 0
388.761719 550.000000 0
382.745850 550.000000 0
379.737915 550.000000 0
376.729981 550.000000 0
374.724691 550.000000 0
373.722046 550.000000 0
370.714112 550.000000 0
369.711467 550.000000 0
366.703532 550.000000 0
365.700887 550.000000 0
364.698243 550.000000 0
362.692953 550.000000 0
361.690308 550.000000 0
360.687663 550.000000 0
357.679729 550.000000 0
356.677084 550.000000 0
355.674439 550.000000 0
354.671794 550.000000 0
352.666504 550.000000 0
351.663859 550.000000 0
350.661215 550.000000 0
349.658570 550.000000 0
348.655925 550.000000 0
347.653280 550.000000 0
342.640056 550.000000 0
341.637411 550.000000 0
340.634766 550.000000 0
339.632121 550.000000 0
335.621542 550.000000 0
331.610962 550.000000 0
330.608317 550.000000 0
329.605673 550.000000 0
319.579224 550.000000 0
318.576579 550.000000 0
316.571289 550.000000 0
315.568644 550.000000 0
314.566000 550.000000 0
312.560710 550.000000 0
311.558065 550.000000 0
310.555420 550.000000 0
306.544841 550.000000 0
305.542196 550.000000 0
304.539551 550.000000 0
303.536906 550.000000 0
301.531616 550.000000 0
300.528972 550.000000 0
299.526327 550.000000 0
298.523682 550.000000 0
295.515747 550.000000 0
294.513102 550.000000 0
293.510458 550.000000 0
290.502523 550.000000 0
288.497233 550.000000 0
286.491944 550.000000 0
281.478719 550.000000 0
279.473430 550.000000 0
278.470785 550.000000 0
275.462850 550.000000 0
270.449626 550.000000 0
268.444336 550.000000 0
266.439046 550.000000 0
264.433757 550.000000 0
263.431112 550.000000 0
262.428467 550.000000 0
261.425822 550.000000 0
260.423177 550.000000 0
259.420532 550.000000 0
256.412598 550.000000 0
255.409953 550.000000 0
254.407308 550.000000 0
250.396729 550.000000 0
249.394084 550.000000 0
248.391439 550.000000 0
245.383504 550.000000 0
243.378215 550.000000 0
240.370280 550.000000 0
236.359701 550.000000 0
233.351766 550.000000 0
229.341187 550.000000 0
226.333252 550.000000 0
215.304159 550.000000 0
214.301514 550.000000 0
206.280355 550.000000 0
201.267131 550.000000 0
199.261841 550.000000 0
195.251262 550.000000 0
191.240682 550.000000 0
190.238037 550.000000 0
189.235392 550.000000 0
186.227458 550.000000 0
184.222168 550.000000 0
182.216878 550.000000 0
180.211589 550.000000 0
177.203654 550.000000 0
176.201009 550.000000 0
172.190430 550.000000 0
170.185140 550.000000 0
165.171916 550.000000 0
163.166626 550.000000 0
161.161336 550.000000 0
157.150757 550.000000 0
155.145467 550.000000 0
154.142822 550.000000 0
153.140177 550.000000 0
152.137533 550.000000 0
150.132243 550.000000 0
149.129598 550.000000 0
147.124308 550.000000 0
146.121663 550.000000 0
145.119019 550.000000 0
143.113729 550.000000 0
142.111084 550.000000 0
141.108439 550.000000 0
139.103149 550.000000 0
138.100505 550.000000 0
137.097860 550.000000 0
136.095215 550.000000 0
135.092570 550.000000 0
134.089925 550.000000 0
129.076701 550.000000 0
128.074056 550.000000 0
127.071411 550.000000 0
126.068766 550.000000 0
125.066121 550.000000 0
121.055542 550.000000 0
119.050252 550.000000 0
118.047607 550.000000 0
116.042318 550.000000 0
114.037028 550.000000 0
109.023804 550.000000 0
108.021159 550.000000 0
105.013224 550.000000 0
102.005290 550.000000 0
