1040
100.000000 450.000000 20
103.001467 450.000000 20
109.004400 450.000000 20
112.005867 450.000000 20
113.006355 450.000000 20
115.007333 450.000000 20
126.012711 450.000000 20
129.014178 450.000000 20
130.014666 450.000000 20
131.015155 450.000000 20
134.016622 450.000000 20
138.018578 450.000000 20
142.020533 450.000000 20
148.023466 450.000000 20
161.029822 450.000000 20
162.030311 450.000000 20
164.031288 450.000000 20
168.033244 450.000000 20
182.040088 450.000000 20
185.041555 450.000000 20
190.043999 450.000000 20
191.044488 450.000000 20
193.045466 450.000000 20
198.047910 450.000000 20
202.049866 450.000000 20
210.053777 450.000000 20
218.057688 450.000000 20
227.062088 450.000000 20
235.065999 450.000000 20
237.066977 450.000000 20
239.067955 450.000000 20
240.068443 450.000000 20
242.069421 450.000000 20
265.080666 450.000000 20
267.081643 450.000000 20
269.082621 450.000000 20
275.085554 450.000000 20
281.088488 450.000000 20
283.089465 450.000000 20
284.089954 450.000000 20
286.090932 450.000000 20
287.091421 450.000000 20
288.091910 450.000000 20
292.093865 450.000000 20
293.094354 450.000000 20
305.100221 450.000000 20
308.101687 450.000000 20
309.102176 450.000000 20
313.104132 450.000000 20
319.107065 450.000000 20
320.107554 450.000000 20
322.108532 450.000000 20
331.112932 450.000000 20
333.113909 450.000000 20
336.115376 450.000000 20
340.117332 450.000000 20
343.118798 450.000000 20
349.121732 450.000000 20
351.122709 450.000000 20
353.123687 450.000000 20
356.125154 450.000000 20
359.126620 450.000000 20
360.127109 450.000000 20
366.130043 450.000000 20
369.131509 450.000000 20
371.132487 450.000000 19
371.635641 449.128511 19
372.138796 448.257022 19
372.641950 447.385533 19
373.145105 446.514044 19
373.648259 445.642555 19
374.151414 444.771066 19
374.654568 443.899577 19
375.157722 443.028088 19
376.164031 441.285110 19
376.667186 440.413620 19
377.170340 439.542131 19
377.673495 438.670642 19
379.686112 435.184686 19
380.189267 434.313197 19
380.692421 433.441708 19
381.195576 432.570219 19
381.698730 431.698730 19
382.201884 430.827241 19
382.705039 429.955752 19
383.208193 429.084263 19
385.220811 425.598307 19
385.723965 424.726818 19
386.227120 423.855329 19
386.730274 422.983840 19
387.233429 422.112350 19
387.736583 421.240861 19
388.239738 420.369372 19
388.742892 419.497883 19
389.246046 418.626394 19
390.252355 416.883416 19
390.755510 416.011927 19
391.258664 415.140438 19
391.761819 414.268949 19
392.264973 413.397460 19
391.260291 411.657300 18
390.255610 409.917140 18
389.250928 408.176981 18
388.748587 407.306901 18
387.241565 404.696661 18
385.232201 401.216342 18
384.729860 400.346262 18
384.227519 399.476182 18
383.222838 397.736022 18
379.706452 391.645463 18
377.194748 387.295064 18
376.692407 386.424984 18
375.185384 383.814744 18
374.180703 382.074584 18
372.171339 378.594265 18
371.668998 377.724185 18
371.166657 376.854105 18
370.161976 375.113945 18
369.659635 374.243865 18
369.157294 373.373786 18
368.654953 372.503706 18
366.645590 369.023386 18
366.143249 368.153306 18
365.640908 367.283226 18
364.133886 364.672987 18
363.631545 363.802907 18
363.129204 362.932827 18
362.626863 362.062747 18
362.124522 361.192667 18
361.622181 360.322587 18
361.119840 359.452508 18
360.617500 358.582428 18
360.115159 357.712348 18
356.598773 351.621789 18
354.087069 347.271389 18
352.580046 344.661150 18
351.073024 342.050910 18
349.566001 339.440670 18
348.058978 336.830431 18
347.556638 335.960351 18
345.547274 332.480031 18
344.040252 329.869792 18
343.035570 328.129632 18
342.533229 327.259552 18
340.523866 323.779232 18
339.016843 321.168993 18
336.505139 316.818593 18
334.495776 313.338274 18
333.993435 312.468194 18
332.988753 310.728034 18
330.979390 307.247715 18
328.467685 302.897315 18
327.965345 302.027235 18
325.453640 297.676836 18
323.444277 294.196517 18
322.941936 293.326437 18
321.937254 291.586277 18
320.430232 288.976037 18
319.927891 288.105957 18
319.425550 287.235878 18
318.923209 286.365798 18
315.406823 280.275239 18
315.406823 276.794919 17
317.416187 276.794919 17
318.420869 276.794919 17
319.425550 276.794919 17
322.439595 276.794919 17
331.481731 276.794919 17
339.519184 276.794919 17
342.533229 276.794919 17
345.547274 276.794919 17
347.556638 276.794919 17
348.561320 276.794919 17
351.575365 276.794919 17
353.584728 276.794919 17
357.603455 276.794919 17
358.608137 276.794919 17
362.626863 276.794919 17
368.654954 276.794919 17
369.659635 276.794919 17
371.668999 276.794919 17
373.678362 276.794919 17
374.683044 276.794919 17
375.687725 276.794919 17
377.697089 276.794919 17
387.743906 276.794919 17
388.748588 276.794919 17
393.771996 276.794919 17
395.781359 276.794919 17
396.786041 276.794919 17
397.790723 276.794919 17
398.795405 276.794919 17
409.846903 276.794919 17
412.860948 276.794919 17
414.870312 276.794919 17
415.874993 276.794919 17
417.884357 276.794919 17
420.898402 276.794919 17
429.940537 276.794919 17
430.945219 276.794919 17
431.949901 276.794919 17
432.954582 276.794919 17
433.959264 276.794919 17
437.977991 276.794919 17
439.987354 276.794919 17
440.992036 276.794919 17
445.010763 276.794919 17
453.048216 276.794919 17
456.062261 276.794919 17
457.066943 276.794919 17
460.080988 276.794919 17
461.085670 276.794919 17
463.095033 276.794919 17
464.099715 276.794919 17
465.104397 276.794919 17
466.109078 276.794919 17
467.113760 276.794919 17
470.127805 276.794919 17
471.132487 276.794919 16
472.137169 275.054759 16
473.644191 272.444520 16
477.662918 265.483881 16
479.672281 262.003561 16
483.691008 255.042922 16
484.695690 253.302762 16
485.700372 251.562603 16
487.709735 248.082283 16
490.723780 242.861804 16
491.728462 241.121644 16
493.737825 237.641325 16
495.244848 235.031085 16
496.249529 233.290925 16
497.756552 230.680686 16
498.761234 228.940526 16
502.779960 221.979887 16
504.789324 218.499568 16
506.296346 215.889328 16
507.301028 214.149168 16
508.305710 212.409008 16
512.324436 205.448369 16
512.826777 204.578290 16
515.840822 199.357810 16
516.845504 197.617651 16
518.352527 195.007411 16
519.357208 193.267251 16
520.361890 191.527091 16
520.864231 190.657012 16
522.873594 187.176692 16
523.375935 186.306612 16
524.380617 184.566453 16
525.887639 181.956213 16
526.892321 180.216053 16
527.394662 179.345973 16
527.897003 178.475893 16
528.901684 176.735734 16
530.408707 174.125494 16
530.911048 173.255414 16
531.413389 172.385334 16
534.427434 167.164855 16
534.929775 166.294775 16
536.436797 163.684536 16
539.450842 158.464056 16
540.957865 155.853817 16
541.460206 154.983737 16
543.469569 151.503417 16
547.488296 144.542778 16
548.995318 141.932539 16
549.497659 141.062459 16
550.000000 140.192379 15
553.516386 146.282938 15
556.028090 150.633337 15
556.530431 151.503417 15
558.539794 154.983737 15
560.046817 157.593976 15
562.558521 161.944376 15
563.060862 162.814456 15
563.563203 163.684536 15
564.065544 164.554615 15
565.572566 167.164855 15
566.074907 168.034935 15
567.079589 169.775095 15
567.581930 170.645175 15
568.084270 171.515254 15
569.591293 174.125494 15
571.600656 177.605814 15
572.605338 179.345973 15
574.112361 181.956213 15
579.135769 190.657012 15
579.638110 191.527091 15
581.145133 194.137331 15
581.647473 195.007411 15
582.149814 195.877491 15
585.666200 201.968050 15
586.670882 203.708210 15
587.173223 204.578290 15
590.187268 209.798769 15
590.689609 210.668849 15
592.196631 213.279088 15
593.201313 215.019248 15
594.708335 217.629488 15
595.210676 218.499568 15
599.229403 225.460207 15
600.234085 227.200366 15
601.238766 228.940526 15
602.243448 230.680686 15
604.755152 235.031085 15
605.759834 236.771245 15
606.262175 237.641325 15
606.764516 238.511405 15
607.769197 240.251564 15
609.276220 242.861804 15
610.783243 245.472044 15
614.801969 252.432683 15
615.304310 253.302762 15
616.308992 255.042922 15
617.816014 257.653162 15
619.825378 261.133481 15
624.848786 269.834280 15
625.351127 270.704360 15
628.365172 275.924839 15
628.867513 276.794919 15
630.876876 276.794919 14
633.890922 276.794919 14
635.900285 276.794919 14
636.904967 276.794919 14
637.909648 276.794919 14
638.914330 276.794919 14
640.923693 276.794919 14
641.928375 276.794919 14
644.942420 276.794919 14
648.961147 276.794919 14
649.965829 276.794919 14
650.970510 276.794919 14
652.979874 276.794919 14
654.989237 276.794919 14
655.993919 276.794919 14
658.003282 276.794919 14
659.007964 276.794919 14
660.012646 276.794919 14
662.022009 276.794919 14
663.026691 276.794919 14
665.036054 276.794919 14
666.040736 276.794919 14
667.045418 276.794919 14
669.054781 276.794919 14
671.064144 276.794919 14
674.078190 276.794919 14
676.087553 276.794919 14
678.096916 276.794919 14
684.125007 276.794919 14
685.129688 276.794919 14
686.134370 276.794919 14
687.139052 276.794919 14
695.176505 276.794919 14
700.199914 276.794919 14
702.209277 276.794919 14
706.228004 276.794919 14
707.232686 276.794919 14
710.246731 276.794919 14
715.270139 276.794919 14
717.279503 276.794919 14
721.298229 276.794919 14
725.316956 276.794919 14
727.326320 276.794919 14
730.340365 276.794919 14
734.359092 276.794919 14
738.377818 276.794919 14
739.382500 276.794919 14
746.415272 276.794919 14
747.419954 276.794919 14
750.433999 276.794919 14
751.438680 276.794919 14
756.462089 276.794919 14
763.494861 276.794919 14
764.499543 276.794919 14
768.518269 276.794919 14
771.532314 276.794919 14
773.541678 276.794919 14
776.555723 276.794919 14
777.560405 276.794919 14
779.569768 276.794919 14
781.579131 276.794919 14
785.597858 276.794919 14
786.602540 276.794919 14
786.602540 276.794919 13
786.100199 277.664999 13
783.086154 282.885478 13
782.583813 283.755558 13
781.579132 285.495718 13
781.076791 286.365798 13
780.574450 287.235878 13
779.569768 288.976037 13
779.067427 289.846117 13
775.048701 296.806756 13
774.546360 297.676836 13
772.536996 301.157156 13
771.029974 303.767395 13
769.522951 306.377635 13
769.020610 307.247715 13
768.518270 308.117795 13
768.015929 308.987875 13
767.513588 309.857954 13
767.011247 310.728034 13
766.508906 311.598114 13
764.499543 315.078434 13
763.494861 316.818593 13
760.983157 321.168993 13
760.480816 322.039073 13
759.978475 322.909153 13
759.476134 323.779232 13
758.471453 325.519392 13
755.457407 330.739871 13
752.945703 335.090271 13
751.941022 336.830431 13
750.936340 338.570590 13
748.424636 342.920990 13
747.922295 343.791070 13
747.419954 344.661150 13
737.875478 361.192667 13
737.373137 362.062747 13
736.870796 362.932827 13
736.368455 363.802907 13
734.861433 366.413147 13
733.856751 368.153306 13
731.847388 371.633626 13
731.345047 372.503706 13
727.326320 379.464345 13
725.316957 382.944664 13
724.814616 383.814744 13
720.293548 391.645463 13
718.786526 394.255703 13
716.777162 397.736022 13
715.772481 399.476182 13
714.265458 402.086422 13
712.758435 404.696661 13
709.744390 409.917140 13
709.242050 410.787220 13
707.735027 413.397460 12
708.238181 414.268949 12
708.741336 415.140438 12
709.244490 416.011927 12
709.747645 416.883416 12
710.753954 418.626394 12
711.257108 419.497883 12
712.263417 421.240861 12
712.766571 422.112350 12
713.269726 422.983840 12
713.772880 423.855329 12
714.276035 424.726818 12
714.779189 425.598307 12
715.282343 426.469796 12
715.785498 427.341285 12
716.288652 428.212774 12
716.791807 429.084263 12
717.798116 430.827241 12
718.301270 431.698730 12
718.804424 432.570219 12
719.307579 433.441708 12
720.313888 435.184686 12
720.817042 436.056175 12
721.320197 436.927664 12
721.823351 437.799153 12
722.326505 438.670642 12
722.829660 439.542131 12
723.332814 440.413620 12
724.339123 442.156599 12
725.345432 443.899577 12
725.848586 444.771066 12
726.351741 445.642555 12
727.861204 448.257022 12
728.364359 449.128511 12
728.867513 450.000000 12
731.868980 450.000000 11
735.870935 450.000000 11
745.875824 450.000000 11
756.881202 450.000000 11
758.882179 450.000000 11
760.883157 450.000000 11
764.885113 450.000000 11
766.886091 450.000000 11
773.889513 450.000000 11
776.890979 450.000000 11
777.891468 450.000000 11
778.891957 450.000000 11
781.893424 450.000000 11
784.894890 450.000000 11
785.895379 450.000000 11
794.899779 450.000000 11
798.901735 450.000000 11
799.902224 450.000000 11
801.903201 450.000000 11
805.905157 450.000000 11
807.906135 450.000000 11
810.907601 450.000000 11
813.909068 450.000000 11
814.909557 450.000000 11
817.911023 450.000000 11
819.912001 450.000000 11
828.916401 450.000000 11
833.918846 450.000000 11
838.921290 450.000000 11
843.923734 450.000000 11
855.929601 450.000000 11
860.932045 450.000000 11
862.933023 450.000000 11
866.934979 450.000000 11
869.936445 450.000000 11
872.937912 450.000000 11
877.940356 450.000000 11
879.941334 450.000000 11
880.941823 450.000000 11
883.943290 450.000000 11
889.946223 450.000000 11
897.950134 450.000000 11
898.950623 450.000000 11
899.951112 450.000000 11
901.952090 450.000000 11
906.954534 450.000000 11
913.957956 450.000000 11
922.962356 450.000000 11
924.963334 450.000000 11
925.963823 450.000000 11
951.976534 450.000000 11
955.978489 450.000000 11
962.981911 450.000000 11
975.988267 450.000000 11
986.993645 450.000000 11
988.994622 450.000000 11
990.995600 450.000000 11
991.996089 450.000000 11
993.997067 450.000000 11
1000.000000 452.000000 10
1000.000000 453.000000 10
1000.000000 454.000000 10
1000.000000 455.000000 10
1000.000000 457.000000 10
1000.000000 465.000000 10
1000.000000 466.000000 10
1000.000000 467.000000 10
1000.000000 470.000000 10
1000.000000 473.000000 10
1000.000000 477.000000 10
1000.000000 481.000000 10
1000.000000 482.000000 10
1000.000000 485.000000 10
1000.000000 486.000000 10
1000.000000 487.000000 10
1000.000000 492.000000 10
1000.000000 494.000000 10
1000.000000 496.000000 10
1000.000000 498.000000 10
1000.000000 499.000000 10
1000.000000 500.000000 10
1000.000000 502.000000 10
1000.000000 505.000000 10
1000.000000 508.000000 10
1000.000000 510.000000 10
1000.000000 511.000000 10
1000.000000 515.000000 10
1000.000000 518.000000 10
1000.000000 519.000000 10
1000.000000 520.000000 10
1000.000000 522.000000 10
1000.000000 524.000000 10
1000.000000 527.000000 10
1000.000000 528.000000 10
1000.000000 529.000000 10
1000.000000 530.000000 10
1000.000000 531.000000 10
1000.000000 532.000000 10
1000.000000 533.000000 10
1000.000000 534.000000 10
1000.000000 535.000000 10
1000.000000 537.000000 10
1000.000000 538.000000 10
1000.000000 540.000000 10
1000.000000 541.000000 10
1000.000000 544.000000 10
1000.000000 545.000000 10
1000.000000 547.000000 10
997.994710 550.000000 9
994.986776 550.000000 9
991.978841 550.000000 9
989.973551 550.000000 9
988.970907 550.000000 9
979.947103 550.000000 9
976.939168 550.000000 9
975.936523 550.000000 9
955.883626 550.000000 9
954.880981 550.000000 9
952.875692 550.000000 9
951.873047 550.000000 9
948.865112 550.000000 9
944.854533 550.000000 9
943.851888 550.000000 9
933.825439 550.000000 9
927.809570 550.000000 9
921.793701 550.000000 9
915.777832 550.000000 9
911.767253 550.000000 9
907.756673 550.000000 9
906.754028 550.000000 9
900.738159 550.000000 9
896.727580 550.000000 9
890.711711 550.000000 9
886.701131 550.000000 9
877.677327 550.000000 9
875.672038 550.000000 9
874.669393 550.000000 9
873.666748 550.000000 9
870.658813 550.000000 9
866.648234 550.000000 9
864.642944 550.000000 9
858.627075 550.000000 9
856.621785 550.000000 9
855.619141 550.000000 9
848.600627 550.000000 9
842.584757 550.000000 9
837.571533 550.000000 9
836.568888 550.000000 9
832.558309 550.000000 9
813.508057 550.000000 9
811.502767 550.000000 9
810.500122 550.000000 9
799.471029 550.000000 9
794.457804 550.000000 9
781.423421 550.000000 9
776.410197 550.000000 9
775.407552 550.000000 9
773.402262 550.000000 9
772.399618 550.000000 9
769.391683 550.000000 9
767.386393 550.000000 9
758.362590 550.000000 9
754.352010 550.000000 9
752.346720 550.000000 9
750.341431 550.000000 9
748.336141 550.000000 9
742.320272 550.000000 9
740.314982 550.000000 9
735.301758 550.000000 9
720.262085 550.000000 9
719.259440 550.000000 9
717.254150 550.000000 9
706.225057 550.000000 9
700.209188 550.000000 9
694.193319 550.000000 9
693.190674 550.000000 9
690.182739 550.000000 9
680.156291 550.000000 9
676.145711 550.000000 9
674.140422 550.000000 9
671.132487 550.000000 8
669.625464 547.389760 8
668.620783 545.649601 8
668.118442 544.779521 8
663.095033 536.078722 8
659.076307 529.118083 8
658.071625 527.377923 8
657.066943 525.637764 8
655.559921 523.027524 8
654.555239 521.287364 8
653.550557 519.547204 8
653.048216 518.677125 8
652.545875 517.807045 8
649.531830 512.586565 8
648.024808 509.976326 8
647.522467 509.106246 8
646.517785 507.366086 8
646.015444 506.496006 8
645.010763 504.755847 8
643.503740 502.145607 8
642.499058 500.405447 8
641.494377 498.665288 8
640.489695 496.925128 8
638.982672 494.314888 8
638.480332 493.444808 8
637.977991 492.574728 8
637.475650 491.704649 8
635.466286 488.224329 8
634.963946 487.354249 8
632.452241 483.003850 8
631.949900 482.133770 8
629.438196 477.783371 8
627.931174 475.173131 8
626.926492 473.432971 8
626.424151 472.562891 8
620.898402 462.992013 8
617.884357 457.771534 8
615.874993 454.291214 8
614.367971 451.680974 8
609.846903 443.850256 8
609.344562 442.980176 8
603.818813 433.409297 8
602.814131 431.669137 8
601.809449 429.928978 8
600.804768 428.188818 8
599.800086 426.448658 8
598.795404 424.708498 8
598.293063 423.838418 8
595.781359 419.488019 8
593.771996 416.007700 8
592.767314 414.267540 8
592.264973 413.397460 7
592.768127 412.525971 7
593.271282 411.654482 7
593.774436 410.782993 7
594.277591 409.911504 7
595.283900 408.168526 7
595.787054 407.297036 7
596.290209 406.425547 7
597.296518 404.682569 7
597.799672 403.811080 7
598.302826 402.939591 7
598.805981 402.068102 7
599.812290 400.325124 7
600.315444 399.453635 7
600.818599 398.582146 7
601.321753 397.710657 7
601.824908 396.839168 7
602.328062 395.967679 7
602.831216 395.096190 7
604.340680 392.481722 7
604.843834 391.610233 7
605.346989 390.738744 7
606.353298 388.995766 7
606.856452 388.124277 7
607.862761 386.381299 7
608.365915 385.509810 7
608.869070 384.638321 7
609.372224 383.766832 7
609.875379 382.895342 7
610.378533 382.023853 7
610.881688 381.152364 7
611.384842 380.280875 7
611.887997 379.409386 7
612.894306 377.666408 7
613.397460 376.794919 7
612.391151 376.794919 6
611.384842 376.794919 6
610.378533 376.794919 6
609.372224 376.794919 6
607.359607 376.794919 6
606.353298 376.794919 6
605.346989 376.794919 6
604.340680 376.794919 6
603.334371 376.794919 6
602.328062 376.794919 6
600.315445 376.794919 6
599.309136 376.794919 6
598.302827 376.794919 6
597.296518 376.794919 6
596.290209 376.794919 6
595.283900 376.794919 6
593.271282 376.794919 6
592.264973 376.794919 6
591.258665 376.794919 6
589.246047 376.794919 6
587.233429 376.794919 6
585.220811 376.794919 6
584.214502 376.794919 6
581.195576 376.794919 6
579.182958 376.794919 6
578.176649 376.794919 6
577.170340 376.794919 6
576.164031 376.794919 6
575.157723 376.794919 6
574.151414 376.794919 6
572.138796 376.794919 6
571.132487 376.794919 5
570.629333 375.923430 5
570.126178 375.051941 5
569.623024 374.180452 5
569.119869 373.308963 5
568.616715 372.437474 5
568.113560 371.565985 5
567.610406 370.694496 5
567.107251 369.823007 5
566.604097 368.951518 5
566.100942 368.080029 5
565.597788 367.208539 5
565.094634 366.337050 5
564.591479 365.465561 5
564.088325 364.594072 5
563.585170 363.722583 5
562.578861 361.979605 5
562.075707 361.108116 5
561.572552 360.236627 5
561.069398 359.365138 5
560.566243 358.493649 5
560.063089 357.622160 5
559.559935 356.750671 5
559.056780 355.879182 5
558.553626 355.007693 5
558.050471 354.136204 5
556.541008 351.521737 5
556.037853 350.650248 5
555.534699 349.778759 5
555.031545 348.907269 5
554.528390 348.035780 5
554.025236 347.164291 5
553.522081 346.292802 5
553.018927 345.421313 5
552.012618 343.678335 5
551.509463 342.806846 5
551.006309 341.935357 5
550.503154 341.063868 5
550.000000 340.192379 5
550.000000 340.192379 4
549.496846 341.063868 4
548.490537 342.806846 4
547.484228 344.549824 4
546.981073 345.421313 4
546.477919 346.292802 4
545.974764 347.164291 4
545.471610 348.035780 4
544.968455 348.907269 4
543.962147 350.650248 4
543.458992 351.521737 4
542.955838 352.393226 4
542.452683 353.264715 4
541.949529 354.136204 4
540.440065 356.750671 4
539.936911 357.622160 4
538.930602 359.365138 4
537.924293 361.108116 4
537.421139 361.979605 4
536.917984 362.851094 4
536.414830 363.722583 4
535.911675 364.594072 4
535.408521 365.465561 4
534.905366 366.337050 4
533.899058 368.080029 4
533.395903 368.951518 4
532.892749 369.823007 4
532.389594 370.694496 4
531.886440 371.565985 4
531.383285 372.437474 4
530.880131 373.308963 4
530.376976 374.180452 4
529.873822 375.051941 4
529.370667 375.923430 4
528.867513 376.794919 3
526.854895 376.794919 3
525.848586 376.794919 3
524.842277 376.794919 3
523.835969 376.794919 3
522.829660 376.794919 3
521.823351 376.794919 3
519.810733 376.794919 3
518.804424 376.794919 3
517.798115 376.794919 3
516.791806 376.794919 3
514.779189 376.794919 3
513.772880 376.794919 3
512.766571 376.794919 3
511.760262 376.794919 3
509.747644 376.794919 3
508.741335 376.794919 3
506.728718 376.794919 3
505.722409 376.794919 3
504.716100 376.794919 3
503.709791 376.794919 3
502.703482 376.794919 3
501.697173 376.794919 3
500.690864 376.794919 3
499.684555 376.794919 3
498.678247 376.794919 3
497.671938 376.794919 3
496.665629 376.794919 3
495.659320 376.794919 3
494.653011 376.794919 3
493.646702 376.794919 3
492.640393 376.794919 3
491.634084 376.794919 3
490.627776 376.794919 3
489.621467 376.794919 3
488.615158 376.794919 3
487.608849 376.794919 3
486.602540 376.794919 3
488.112003 379.409386 2
489.118312 381.152364 2
489.621467 382.023853 2
490.627776 383.766832 2
491.130930 384.638321 2
492.137239 386.381299 2
492.640393 387.252788 2
493.143548 388.124277 2
493.646702 388.995766 2
494.149857 389.867255 2
494.653011 390.738744 2
495.659320 392.481722 2
496.162475 393.353211 2
496.665629 394.224700 2
498.175092 396.839168 2
498.678247 397.710657 2
499.181401 398.582146 2
499.684556 399.453635 2
500.187710 400.325124 2
500.690865 401.196613 2
501.194019 402.068102 2
501.697174 402.939591 2
502.703482 404.682569 2
503.709791 406.425547 2
504.212946 407.297036 2
504.716100 408.168526 2
505.219255 409.040015 2
505.722409 409.911504 2
506.225564 410.782993 2
506.728718 411.654482 2
507.231873 412.525971 2
507.735027 413.397460 2
505.223323 417.747859 1
504.720982 418.617939 1
502.711618 422.098259 1
502.209278 422.968339 1
500.702255 425.578578 1
500.199914 426.448658 1
498.190551 429.928978 1
496.683528 432.539217 1
494.674165 436.019537 1
494.171824 436.889617 1
493.669483 437.759696 1
492.664801 439.499856 1
490.655438 442.980176 1
489.650756 444.720335 1
488.143734 447.330575 1
487.641393 448.200655 1
486.134370 450.810895 1
485.129689 452.551054 1
482.617984 456.901454 1
481.110962 459.511693 1
480.608621 460.381773 1
479.101598 462.992013 1
478.096917 464.732172 1
476.087553 468.212492 1
473.575849 472.562891 1
471.566486 476.043211 1
468.552440 481.263690 1
466.543077 484.744010 1
465.538395 486.484169 1
462.524350 491.704649 1
461.017328 494.314888 1
459.510305 496.925128 1
458.003283 499.535367 1
456.998601 501.275527 1
456.496260 502.145607 1
454.989237 504.755847 1
454.486897 505.625926 1
453.482215 507.366086 1
452.477533 509.106246 1
451.472851 510.846406 1
450.970511 511.716486 1
449.965829 513.456645 1
449.463488 514.326725 1
446.951784 518.677125 1
446.449443 519.547204 1
445.947102 520.417284 1
445.444761 521.287364 1
443.937739 523.897604 1
441.426034 528.248003 1
439.416671 531.728323 1
437.407308 535.208642 1
436.402626 536.948802 1
435.900285 537.818882 1
434.895603 539.559042 1
432.383899 543.909441 1
430.374536 547.389760 1
419.843709 550.000000 0
418.841064 550.000000 0
409.817261 550.000000 0
407.811971 550.000000 0
404.804036 550.000000 0
398.788167 550.000000 0
394.777588 550.000000 0
391.769653 550.000000 0
380.740560 550.000000 0
379.737915 550.000000 0
378.735270 550.000000 0
376.729980 550.000000 0
375.727336 550.000000 0
367.706177 550.000000 0
365.700887 550.000000 0
362.692952 550.000000 0
355.674438 550.000000 0
347.653280 550.000000 0
344.645345 550.000000 0
342.640055 550.000000 0
335.621541 550.000000 0
329.605672 550.000000 0
328.603027 550.000000 0
312.560710 550.000000 0
310.555420 550.000000 0
306.544840 550.000000 0
305.542196 550.000000 0
304.539551 550.000000 0
297.521037 550.000000 0
295.515747 550.000000 0
285.489298 550.000000 0
282.481364 550.000000 0
273.457560 550.000000 0
264.433756 550.000000 0
259.420532 550.000000 0
256.412598 550.000000 0
252.402018 550.000000 0
250.396729 550.000000 0
249.394084 550.000000 0
243.378215 550.000000 0
242.375570 550.000000 0
240.370280 550.000000 0
237.362345 550.000000 0
228.338542 550.000000 0
225.330607 550.000000 0
222.322673 550.000000 0
221.320028 550.000000 0
218.312093 550.000000 0
207.283000 550.000000 0
204.275065 550.000000 0
199.261841 550.000000 0
193.245972 550.000000 0
191.240682 550.000000 0
189.235392 550.000000 0
187.230103 550.000000 0
186.227458 550.000000 0
183.219523 550.000000 0
177.203654 550.000000 0
164.169271 550.000000 0
159.156047 550.000000 0
156.148112 550.000000 0
146.121663 550.000000 0
137.097860 550.000000 0
129.076701 550.000000 0
125.066121 550.000000 0
124.063477 550.000000 0
114.037028 550.000000 0
111.029093 550.000000 0
107.018514 550.000000 0
105.013224 550.000000 0
101.002645 550.000000 0
100.000000 550.000000 0
