1070
102.000978 450.000000 8
104.001956 450.000000 8
105.002444 450.000000 8
107.003422 450.000000 8
109.004400 450.000000 8
110.004889 450.000000 8
112.005867 450.000000 8
113.006355 450.000000 8
116.007822 450.000000 8
117.008311 450.000000 8
118.008800 450.000000 8
119.009289 450.000000 8
121.010266 450.000000 8
122.010755 450.000000 8
123.011244 450.000000 8
124.011733 450.000000 8
125.012222 450.000000 8
127.013200 450.000000 8
129.014178 450.000000 8
130.014666 450.000000 8
132.015644 450.000000 8
133.016133 450.000000 8
136.017600 450.000000 8
140.019555 450.000000 8
144.021511 450.000000 8
145.022000 450.000000 8
147.022977 450.000000 8
148.023466 450.000000 8
152.025422 450.000000 8
154.026400 450.000000 8
158.028355 450.000000 8
160.029333 450.000000 8
161.029822 450.000000 8
162.030311 450.000000 8
163.030799 450.000000 8
178.038133 450.000000 8
179.038622 450.000000 8
180.039110 450.000000 8
183.040577 450.000000 8
185.041555 450.000000 8
186.042044 450.000000 8
187.042533 450.000000 8
188.043021 450.000000 8
190.043999 450.000000 8
191.044488 450.000000 8
193.045466 450.000000 8
195.046444 450.000000 8
196.046933 450.000000 8
199.048399 450.000000 8
200.048888 450.000000 8
203.050355 450.000000 8
204.050844 450.000000 8
207.052310 450.000000 8
208.052799 450.000000 8
211.054266 450.000000 8
215.056221 450.000000 8
217.057199 450.000000 8
218.057688 450.000000 8
219.058177 450.000000 8
225.061110 450.000000 8
227.062088 450.000000 8
228.062577 450.000000 8
229.063066 450.000000 8
231.064043 450.000000 8
232.064532 450.000000 8
234.065510 450.000000 8
237.066977 450.000000 8
240.068443 450.000000 8
243.069910 450.000000 8
244.070399 450.000000 8
247.071865 450.000000 8
248.072354 450.000000 8
249.072843 450.000000 8
254.075288 450.000000 8
256.076265 450.000000 8
261.078710 450.000000 8
262.079199 450.000000 8
263.079687 450.000000 8
264.080176 450.000000 8
265.080665 450.000000 8
266.081154 450.000000 8
267.081643 450.000000 8
269.082621 450.000000 8
271.083599 450.000000 8
272.084087 450.000000 8
277.086532 450.000000 8
278.087021 450.000000 8
279.087510 450.000000 8
280.087998 450.000000 8
282.088976 450.000000 8
283.089465 450.000000 8
293.094354 450.000000 8
294.094843 450.000000 8
296.095821 450.000000 8
297.096309 450.000000 8
298.096798 450.000000 8
302.098754 450.000000 8
304.099732 450.000000 8
305.100220 450.000000 8
308.101687 450.000000 8
309.102176 450.000000 8
310.102665 450.000000 8
315.105109 450.000000 8
317.106087 450.000000 8
319.107065 450.000000 8
320.107554 450.000000 8
322.108531 450.000000 8
323.109020 450.000000 8
324.109509 450.000000 8
325.109998 450.000000 8
330.112442 450.000000 8
335.114887 450.000000 8
338.116353 450.000000 8
339.116842 450.000000 8
341.117820 450.000000 8
344.119287 450.000000 8
347.120753 450.000000 8
348.121242 450.000000 8
350.122220 450.000000 8
354.124176 450.000000 8
360.127109 450.000000 8
361.127598 450.000000 8
365.129553 450.000000 8
366.130042 450.000000 8
367.130531 450.000000 8
376.142781 441.321915 7
377.645869 438.718490 7
378.146899 437.850682 7
379.148958 436.115065 7
381.654105 431.776022 7
384.159252 427.436980 7
385.662341 424.833555 7
387.165429 422.230129 7
388.167488 420.494512 7
391.173665 415.287661 7
392.175723 413.552045 7
398.188077 403.138343 7
399.190136 401.402726 7
400.693224 398.799301 7
401.194254 397.931492 7
402.697342 395.328067 7
404.701460 391.856833 7
405.202489 390.989025 7
405.703519 390.121216 7
406.705577 388.385599 7
409.210725 384.046557 7
409.711754 383.178748 7
412.717931 377.971898 7
413.218960 377.104089 7
414.221019 375.368472 7
417.728225 369.293813 7
422.237490 361.483537 7
422.738520 360.615728 7
423.740579 358.880111 7
424.742638 357.144495 7
425.243667 356.276686 7
425.744697 355.408878 7
426.746755 353.673261 7
429.251903 349.334218 7
431.757050 344.995176 7
432.258079 344.127368 7
434.262197 340.656134 7
436.767344 336.317091 7
437.268374 335.449283 7
437.769403 334.581474 7
440.274551 330.242432 7
440.775580 329.374624 7
441.777639 327.639007 7
444.282786 323.299964 7
444.783816 322.432156 7
446.286904 319.828731 7
446.787933 318.960922 7
448.291022 316.357497 7
450.796169 312.018454 7
451.297198 311.150646 7
451.798228 310.282838 7
452.800287 308.547221 7
453.301316 307.679412 7
453.802346 306.811604 7
454.303375 305.943795 7
459.313670 297.265711 7
459.814699 296.397902 7
462.820876 291.191051 7
463.321905 290.323243 7
466.328082 285.116392 7
469.835288 279.041733 7
472.340435 274.702691 7
472.841465 273.834882 7
476.348671 267.760223 7
477.350730 266.024606 7
477.851759 265.156797 7
478.352789 264.288989 7
481.358965 259.082138 7
482.361024 257.346521 7
486.870289 249.536245 7
487.371319 248.668437 7
487.872348 247.800628 7
488.874407 246.065011 7
492.381613 239.990352 7
492.882643 239.122544 7
493.884702 237.386927 7
494.385731 236.519118 7
495.387790 234.783501 7
498.393967 229.576651 7
499.897055 226.973225 7
503.404261 220.898566 7
506.410438 215.691715 7
507.412497 213.956098 7
507.913526 213.088290 7
510.418673 208.749247 7
510.919703 207.881439 7
511.420732 207.013630 7
512.422791 205.278014 7
513.424850 203.542397 7
516.932056 197.467737 7
517.433086 196.599929 7
517.934115 195.732120 7
518.435145 194.864312 7
518.936174 193.996504 7
519.437204 193.128695 7
520.439262 191.393078 7
521.441321 189.657461 7
522.443380 187.921844 7
523.946469 185.318419 7
524.948528 183.582802 7
525.950586 181.847185 7
526.952645 180.111568 7
527.954704 178.375951 7
528.455734 177.508143 7
531.962940 171.433484 7
532.463969 170.565675 7
533.466028 168.830058 7
534.969117 166.226633 7
537.474264 161.887590 7
537.975293 161.019782 7
539.979411 157.548548 7
542.484558 153.209506 7
544.488676 149.738272 7
545.490735 148.002655 7
546.492794 146.267038 7
548.997941 141.927996 7
549.498971 141.060187 7
551.002059 141.927996 6
551.503088 142.795804 6
552.505147 144.531421 6
553.507206 146.267038 6
554.509265 148.002655 6
556.513383 151.473889 6
557.014412 152.341697 6
558.517501 154.945123 6
559.018530 155.812931 6
560.020589 157.548548 6
561.523677 160.151974 6
562.024707 161.019782 6
563.026766 162.755399 6
563.527795 163.623207 6
564.028825 164.491016 6
564.529854 165.358824 6
567.536031 170.565675 6
569.039119 173.169100 6
569.540149 174.036909 6
570.041178 174.904717 6
571.544266 177.508143 6
574.049414 181.847185 6
578.057649 188.789653 6
578.558679 189.657461 6
580.061767 192.260887 6
581.063826 193.996504 6
581.564855 194.864312 6
583.067944 197.467737 6
584.571032 200.071163 6
585.072061 200.938971 6
591.585444 212.220481 6
593.088533 214.823907 6
593.589562 215.691715 6
594.090592 216.559524 6
596.595739 220.898566 6
597.096768 221.766374 6
598.098827 223.501991 6
598.599857 224.369800 6
602.608092 231.312267 6
605.614269 236.519118 6
606.115298 237.386927 6
608.119416 240.858161 6
609.121475 242.593777 6
612.127652 247.800628 6
612.628681 248.668437 6
613.630740 250.404054 6
615.634858 253.875287 6
616.135887 254.743096 6
619.142064 259.949947 6
619.643093 260.817755 6
620.144123 261.685564 6
621.146182 263.421181 6
621.647211 264.288989 6
622.649270 266.024606 6
625.154417 270.363648 6
626.657506 272.967074 6
627.659565 274.702691 6
628.160594 275.570499 6
631.166771 280.777350 6
634.172948 285.984201 6
634.673977 286.852009 6
636.678095 290.323243 6
637.179124 291.191051 6
638.181183 292.926668 6
639.183242 294.662285 6
642.189419 299.869136 6
642.690448 300.736944 6
643.692507 302.472561 6
644.694566 304.208178 6
645.696625 305.943795 6
646.197654 306.811604 6
646.698684 307.679412 6
647.199713 308.547221 6
648.702802 311.150646 6
651.207949 315.489688 6
651.708978 316.357497 6
652.711037 318.093114 6
655.717214 323.299964 6
657.721332 326.771198 6
658.222361 327.639007 6
660.727508 331.978049 6
662.230597 334.581474 6
665.236773 339.788325 6
666.238832 341.523942 6
667.240891 343.259559 6
669.746038 347.598601 6
670.748097 349.334218 6
671.249127 350.202027 6
671.750156 351.069835 6
672.251186 351.937644 6
674.756333 356.276686 6
675.758392 358.012303 6
680.768686 366.690388 6
682.271775 369.293813 6
684.776922 373.632855 6
685.277951 374.500664 6
686.280010 376.236281 6
687.282069 377.971898 6
688.284128 379.707515 6
688.785158 380.575323 6
690.789275 384.046557 6
691.290305 384.914365 6
691.791334 385.782174 6
693.795452 389.253408 6
694.296481 390.121216 6
694.797511 390.989025 6
695.799570 392.724641 6
698.805746 397.931492 6
700.308835 400.534918 6
701.811923 403.138343 6
703.315012 405.741768 6
704.818100 408.345194 6
707.824277 413.552045 6
708.826335 415.287661 6
709.327365 416.155470 6
712.333542 421.362321 6
716.341777 428.304788 6
718.345895 431.776022 6
719.848983 434.379448 6
721.352072 436.982873 6
722.354131 438.718490 6
723.356190 440.454107 6
724.859278 443.057532 6
726.362366 445.660958 6
727.364425 447.396575 6
728.867513 450.000000 5
729.868002 450.000000 5
730.868491 450.000000 5
731.868980 450.000000 5
735.870936 450.000000 5
738.872402 450.000000 5
740.873380 450.000000 5
741.873869 450.000000 5
742.874358 450.000000 5
747.876802 450.000000 5
748.877291 450.000000 5
749.877780 450.000000 5
752.879247 450.000000 5
755.880713 450.000000 5
756.881202 450.000000 5
757.881691 450.000000 5
759.882669 450.000000 5
761.883647 450.000000 5
771.888535 450.000000 5
772.889024 450.000000 5
775.890491 450.000000 5
777.891469 450.000000 5
778.891957 450.000000 5
779.892446 450.000000 5
781.893424 450.000000 5
782.893913 450.000000 5
784.894891 450.000000 5
785.895380 450.000000 5
786.895869 450.000000 5
788.896846 450.000000 5
793.899291 450.000000 5
795.900268 450.000000 5
798.901735 450.000000 5
804.904668 450.000000 5
805.905157 450.000000 5
808.906624 450.000000 5
810.907602 450.000000 5
813.909068 450.000000 5
816.910535 450.000000 5
817.911024 450.000000 5
823.913957 450.000000 5
825.914935 450.000000 5
830.917379 450.000000 5
831.917868 450.000000 5
832.918357 450.000000 5
833.918846 450.000000 5
835.919824 450.000000 5
836.920313 450.000000 5
841.922757 450.000000 5
843.923735 450.000000 5
844.924224 450.000000 5
846.925201 450.000000 5
847.925690 450.000000 5
848.926179 450.000000 5
851.927646 450.000000 5
852.928135 450.000000 5
859.931557 450.000000 5
860.932046 450.000000 5
861.932535 450.000000 5
862.933023 450.000000 5
863.933512 450.000000 5
867.935468 450.000000 5
869.936446 450.000000 5
873.938401 450.000000 5
874.938890 450.000000 5
876.939868 450.000000 5
878.940845 450.000000 5
879.941334 450.000000 5
880.941823 450.000000 5
884.943779 450.000000 5
885.944268 450.000000 5
889.946223 450.000000 5
890.946712 450.000000 5
891.947201 450.000000 5
892.947690 450.000000 5
893.948179 450.000000 5
896.949645 450.000000 5
897.950134 450.000000 5
903.953067 450.000000 5
904.953556 450.000000 5
905.954045 450.000000 5
906.954534 450.000000 5
907.955023 450.000000 5
909.956001 450.000000 5
910.956490 450.000000 5
911.956979 450.000000 5
912.957467 450.000000 5
917.959912 450.000000 5
920.961378 450.000000 5
921.961867 450.000000 5
924.963334 450.000000 5
926.964312 450.000000 5
928.965290 450.000000 5
931.966756 450.000000 5
935.968712 450.000000 5
936.969201 450.000000 5
937.969689 450.000000 5
940.971156 450.000000 5
941.971645 450.000000 5
945.973600 450.000000 5
951.976534 450.000000 5
954.978000 450.000000 5
955.978489 450.000000 5
957.979467 450.000000 5
960.980934 450.000000 5
961.981423 450.000000 5
962.981911 450.000000 5
964.982889 450.000000 5
966.983867 450.000000 5
968.984845 450.000000 5
971.986311 450.000000 5
973.987289 450.000000 5
974.987778 450.000000 5
978.989734 450.000000 5
979.990222 450.000000 5
984.992667 450.000000 5
986.993645 450.000000 5
987.994133 450.000000 5
990.995600 450.000000 5
993.997067 450.000000 5
994.997556 450.000000 5
995.998044 450.000000 5
996.998533 450.000000 5
998.999511 450.000000 5
1000.000000 450.000000 4
1000.000000 451.000000 4
1000.000000 452.000000 4
1000.000000 453.000000 4
1000.000000 454.000000 4
1000.000000 455.000000 4
1000.000000 456.000000 4
1000.000000 457.000000 4
1000.000000 458.000000 4
1000.000000 460.000000 4
1000.000000 461.000000 4
1000.000000 462.000000 4
1000.000000 463.000000 4
1000.000000 464.000000 4
1000.000000 466.000000 4
1000.000000 467.000000 4
1000.000000 468.000000 4
1000.000000 469.000000 4
1000.000000 470.000000 4
1000.000000 471.000000 4
1000.000000 473.000000 4
1000.000000 474.000000 4
1000.000000 475.000000 4
1000.000000 476.000000 4
1000.000000 477.000000 4
1000.000000 478.000000 4
1000.000000 479.000000 4
1000.000000 480.000000 4
1000.000000 482.000000 4
1000.000000 484.000000 4
1000.000000 485.000000 4
1000.000000 486.000000 4
1000.000000 487.000000 4
1000.000000 488.000000 4
1000.000000 489.000000 4
1000.000000 490.000000 4
1000.000000 491.000000 4
1000.000000 492.000000 4
1000.000000 493.000000 4
1000.000000 496.000000 4
1000.000000 497.000000 4
1000.000000 499.000000 4
1000.000000 500.000000 4
1000.000000 501.000000 4
1000.000000 504.000000 4
1000.000000 507.000000 4
1000.000000 510.000000 4
1000.000000 511.000000 4
1000.000000 512.000000 4
1000.000000 513.000000 4
1000.000000 514.000000 4
1000.000000 515.000000 4
1000.000000 518.000000 4
1000.000000 519.000000 4
1000.000000 520.000000 4
1000.000000 522.000000 4
1000.000000 523.000000 4
1000.000000 524.000000 4
1000.000000 525.000000 4
1000.000000 526.000000 4
1000.000000 527.000000 4
1000.000000 528.000000 4
1000.000000 529.000000 4
1000.000000 530.000000 4
1000.000000 531.000000 4
1000.000000 532.000000 4
1000.000000 533.000000 4
1000.000000 534.000000 4
1000.000000 535.000000 4
1000.000000 537.000000 4
1000.000000 538.000000 4
1000.000000 539.000000 4
1000.000000 540.000000 4
1000.000000 541.000000 4
1000.000000 543.000000 4
1000.000000 544.000000 4
1000.000000 545.000000 4
1000.000000 546.000000 4
1000.000000 547.000000 4
1000.000000 549.000000 4
998.997355 550.000000 3
994.986776 550.000000 3
992.981486 550.000000 3
991.978841 550.000000 3
989.973551 550.000000 3
988.970907 550.000000 3
984.960327 550.000000 3
983.957682 550.000000 3
982.955037 550.000000 3
976.939168 550.000000 3
974.933879 550.000000 3
973.931234 550.000000 3
971.925944 550.000000 3
970.923299 550.000000 3
962.902140 550.000000 3
960.896851 550.000000 3
959.894206 550.000000 3
952.875692 550.000000 3
951.873047 550.000000 3
948.865112 550.000000 3
946.859823 550.000000 3
940.843953 550.000000 3
937.836019 550.000000 3
936.833374 550.000000 3
935.830729 550.000000 3
931.820150 550.000000 3
930.817505 550.000000 3
924.801636 550.000000 3
923.798991 550.000000 3
919.788411 550.000000 3
918.785766 550.000000 3
915.777832 550.000000 3
913.772542 550.000000 3
912.769897 550.000000 3
911.767252 550.000000 3
907.756673 550.000000 3
906.754028 550.000000 3
905.751383 550.000000 3
897.730224 550.000000 3
894.722290 550.000000 3
893.719645 550.000000 3
888.706421 550.000000 3
885.698486 550.000000 3
878.679972 550.000000 3
876.674682 550.000000 3
871.661458 550.000000 3
868.653524 550.000000 3
867.650879 550.000000 3
866.648234 550.000000 3
865.645589 550.000000 3
863.640299 550.000000 3
860.632365 550.000000 3
857.624430 550.000000 3
856.621785 550.000000 3
854.616496 550.000000 3
848.600626 550.000000 3
844.590047 550.000000 3
834.563598 550.000000 3
833.560954 550.000000 3
832.558309 550.000000 3
829.550374 550.000000 3
827.545084 550.000000 3
825.539795 550.000000 3
822.531860 550.000000 3
820.526570 550.000000 3
817.518636 550.000000 3
813.508056 550.000000 3
812.505412 550.000000 3
810.500122 550.000000 3
809.497477 550.000000 3
806.489542 550.000000 3
805.486898 550.000000 3
804.484253 550.000000 3
797.465739 550.000000 3
795.460449 550.000000 3
794.457804 550.000000 3
793.455159 550.000000 3
779.418131 550.000000 3
778.415486 550.000000 3
774.404907 550.000000 3
772.399617 550.000000 3
771.396972 550.000000 3
769.391683 550.000000 3
768.389038 550.000000 3
767.386393 550.000000 3
763.375813 550.000000 3
750.341430 550.000000 3
748.336141 550.000000 3
746.330851 550.000000 3
743.322916 550.000000 3
741.317627 550.000000 3
740.314982 550.000000 3
739.312337 550.000000 3
738.309692 550.000000 3
735.301757 550.000000 3
734.299113 550.000000 3
733.296468 550.000000 3
729.285888 550.000000 3
725.275309 550.000000 3
723.270019 550.000000 3
722.267374 550.000000 3
718.256795 550.000000 3
717.254150 550.000000 3
714.246215 550.000000 3
713.243571 550.000000 3
711.238281 550.000000 3
708.230346 550.000000 3
704.219767 550.000000 3
697.201253 550.000000 3
692.188029 550.000000 3
689.180094 550.000000 3
688.177449 550.000000 3
684.166870 550.000000 3
681.158935 550.000000 3
674.140421 550.000000 3
671.132487 550.000000 3
670.631939 549.133026 2
670.131392 548.266053 2
667.628654 543.931185 2
666.627559 542.197237 2
665.626464 540.463290 2
665.125917 539.596316 2
664.124822 537.862369 2
662.623180 535.261448 2
660.120442 530.926580 2
659.619895 530.059606 2
658.618800 528.325659 2
658.118252 527.458685 2
657.617705 526.591712 2
656.616610 524.857764 2
655.114968 522.256843 2
654.614420 521.389870 2
653.613325 519.655923 2
653.112778 518.788949 2
652.612230 517.921975 2
650.610040 514.454081 2
649.108398 511.853160 2
647.606756 509.252239 2
647.106208 508.385265 2
645.104018 504.917371 2
644.603471 504.050397 2
644.102923 503.183423 2
643.602376 502.316450 2
643.101828 501.449476 2
641.600186 498.848555 2
641.099639 497.981582 2
640.098544 496.247634 2
639.597996 495.380661 2
638.096354 492.779740 2
637.095259 491.045792 2
636.094164 489.311845 2
635.593617 488.444871 2
635.093069 487.577898 2
634.592522 486.710924 2
634.091974 485.843951 2
633.591427 484.976977 2
632.590332 483.243030 2
631.589237 481.509082 2
631.088689 480.642109 2
630.087594 478.908161 2
629.587047 478.041188 2
629.086499 477.174214 2
628.585952 476.307241 2
627.084310 473.706320 2
626.583762 472.839346 2
624.581572 469.371451 2
622.579382 465.903557 2
622.078835 465.036583 2
621.578288 464.169610 2
620.577193 462.435662 2
619.075550 459.834741 2
618.575003 458.967768 2
616.072265 454.632899 2
613.569528 450.298031 2
613.068981 449.431058 2
611.066791 445.963163 2
610.065696 444.229216 2
609.565148 443.362242 2
609.064601 442.495269 2
608.564053 441.628295 2
607.562958 439.894348 2
606.561864 438.160400 2
605.560769 436.426453 2
604.059126 433.825532 2
603.558579 432.958558 2
602.557484 431.224611 2
601.556389 429.490664 2
601.055841 428.623690 2
599.053652 425.155796 2
598.553104 424.288822 2
597.552009 422.554875 2
596.550914 420.820927 2
595.549819 419.086980 2
595.049272 418.220007 2
594.048177 416.486059 2
593.547629 415.619086 2
593.047082 414.752112 2
592.546535 413.885138 2
591.044892 411.284217 2
590.043797 409.550270 2
589.543250 408.683297 2
588.041607 406.082376 2
587.541060 405.215402 2
587.040512 404.348428 2
586.539965 403.481455 2
586.039417 402.614481 2
585.538870 401.747507 2
584.537775 400.013560 2
584.037228 399.146586 2
583.036133 397.412639 2
582.535585 396.545666 2
582.035038 395.678692 2
580.533395 393.077771 2
580.032848 392.210797 2
579.532300 391.343824 2
579.031753 390.476850 2
578.531206 389.609876 2
578.030658 388.742903 2
575.027373 383.541061 2
572.524636 379.206193 2
572.024088 378.339219 2
571.022994 376.605272 2
570.021899 374.871325 2
569.020804 373.137377 2
568.520256 372.270404 2
567.519161 370.536456 2
566.518066 368.802509 2
566.017519 367.935535 2
565.516971 367.068562 2
564.015329 364.467641 2
563.514782 363.600667 2
562.513687 361.866720 2
561.512592 360.132773 2
561.012044 359.265799 2
560.511497 358.398825 2
559.510402 356.664878 2
559.009854 355.797904 2
558.509307 354.930931 2
556.507117 351.463036 2
556.006570 350.596063 2
554.004380 347.128168 2
553.503832 346.261194 2
552.002190 343.660273 2
551.501642 342.793300 2
550.500547 341.059353 2
550.000000 340.192379 2
550.000000 340.192379 1
548.498358 342.793300 1
547.997810 343.660273 1
545.995620 347.128168 1
545.495073 347.995142 1
544.994525 348.862115 1
544.493978 349.729089 1
542.491788 353.196983 1
540.990146 355.797904 1
540.489598 356.664878 1
539.989051 357.531852 1
539.488503 358.398825 1
537.986861 360.999746 1
537.486313 361.866720 1
534.983576 366.201588 1
534.483029 367.068562 1
533.982481 367.935535 1
533.481934 368.802509 1
532.981386 369.669483 1
531.980291 371.403430 1
528.977006 376.605272 1
526.974817 380.073166 1
526.474269 380.940140 1
524.972627 383.541061 1
523.971532 385.275008 1
523.470984 386.141982 1
522.469889 387.875929 1
521.969342 388.742903 1
521.468794 389.609876 1
520.467700 391.343824 1
518.465510 394.811718 1
517.964962 395.678692 1
516.463320 398.279613 1
515.962772 399.146586 1
515.462225 400.013560 1
514.461130 401.747507 1
511.457845 406.949349 1
508.454560 412.151191 1
507.954013 413.018165 1
506.952918 414.752112 1
504.950728 418.220007 1
501.947443 423.421848 1
500.445801 426.022769 1
497.943064 430.357638 1
496.941969 432.091585 1
494.439231 436.426453 1
493.938684 437.293427 1
492.937589 439.027374 1
491.435947 441.628295 1
490.434852 443.362242 1
485.929924 451.165005 1
484.928830 452.898952 1
483.927735 454.632899 1
483.427187 455.499873 1
482.926640 456.366847 1
482.426092 457.233820 1
481.925545 458.100794 1
480.924450 459.834741 1
480.423902 460.701715 1
479.923355 461.568689 1
479.422807 462.435662 1
478.922260 463.302636 1
478.421712 464.169610 1
477.921165 465.036583 1
477.420618 465.903557 1
476.419523 467.637504 1
474.917880 470.238425 1
474.417333 471.105399 1
472.415143 474.573293 1
471.414048 476.307241 1
470.913501 477.174214 1
469.411858 479.775135 1
468.911311 480.642109 1
468.410763 481.509082 1
467.910216 482.376056 1
467.409668 483.243030 1
466.408573 484.976977 1
464.406383 488.444871 1
463.405289 490.178819 1
460.902551 494.513687 1
459.400909 497.114608 1
458.399814 498.848555 1
457.398719 500.582502 1
455.396529 504.050397 1
454.395434 505.784344 1
453.894887 506.651318 1
453.394339 507.518292 1
452.893792 508.385265 1
451.892697 510.119213 1
451.392149 510.986186 1
449.890507 513.587107 1
448.889412 515.321054 1
447.888317 517.055002 1
446.887222 518.788949 1
446.386675 519.655923 1
445.385580 521.389870 1
443.383390 524.857764 1
442.882842 525.724738 1
441.881748 527.458685 1
441.381200 528.325659 1
440.380105 530.059606 1
439.879558 530.926580 1
439.379010 531.793554 1
438.878463 532.660527 1
438.377915 533.527501 1
436.375725 536.995395 1
434.373536 540.463290 1
433.872988 541.330264 1
432.371346 543.931185 1
431.370251 545.665132 1
430.869703 546.532105 1
430.369156 547.399079 1
429.868608 548.266053 1
428.867513 550.000000 1
427.864869 550.000000 0
426.862224 550.000000 0
416.835775 550.000000 0
415.833130 550.000000 0
410.819906 550.000000 0
409.817261 550.000000 0
407.811971 550.000000 0
405.806682 550.000000 0
404.804037 550.000000 0
403.801392 550.000000 0
402.798747 550.000000 0
399.790813 550.000000 0
398.788168 550.000000 0
397.785523 550.000000 0
396.782878 550.000000 0
393.774943 550.000000 0
388.761719 550.000000 0
386.756429 550.000000 0
385.753785 550.000000 0
384.751140 550.000000 0
383.748495 550.000000 0
382.745850 550.000000 0
381.743205 550.000000 0
380.740560 550.000000 0
379.737915 550.000000 0
377.732626 550.000000 0
371.716757 550.000000 0
369.711467 550.000000 0
365.700887 550.000000 0
361.690308 550.000000 0
360.687663 550.000000 0
357.679729 550.000000 0
356.677084 550.000000 0
355.674439 550.000000 0
354.671794 550.000000 0
350.661215 550.000000 0
347.653280 550.000000 0
343.642701 550.000000 0
340.634766 550.000000 0
339.632121 550.000000 0
336.624187 550.000000 0
334.618897 550.000000 0
332.613607 550.000000 0
331.610962 550.000000 0
328.603028 550.000000 0
326.597738 550.000000 0
325.595093 550.000000 0
323.589803 550.000000 0
318.576579 550.000000 0
312.560710 550.000000 0
311.558065 550.000000 0
305.542196 550.000000 0
302.534261 550.000000 0
301.531616 550.000000 0
297.521037 550.000000 0
292.507813 550.000000 0
287.494588 550.000000 0
284.486654 550.000000 0
282.481364 550.000000 0
281.478719 550.000000 0
280.476074 550.000000 0
275.462850 550.000000 0
274.460205 550.000000 0
273.457560 550.000000 0
271.452271 550.000000 0
270.449626 550.000000 0
269.446981 550.000000 0
268.444336 550.000000 0
267.441691 550.000000 0
266.439046 550.000000 0
265.436402 550.000000 0
262.428467 550.000000 0
258.417888 550.000000 0
254.407308 550.000000 0
253.404663 550.000000 0
251.399374 550.000000 0
249.394084 550.000000 0
248.391439 550.000000 0
246.386149 550.000000 0
245.383504 550.000000 0
244.380860 550.000000 0
241.372925 550.000000 0
238.364990 550.000000 0
235.357056 550.000000 0
230.343832 550.000000 0
227.335897 550.000000 0
226.333252 550.000000 0
223.325318 550.000000 0
217.309448 550.000000 0
206.280355 550.000000 0
205.277710 550.000000 0
202.269776 550.000000 0
201.267131 550.000000 0
199.261841 550.000000 0
198.259196 550.000000 0
197.256551 550.000000 0
195.251262 550.000000 0
188.232748 550.000000 0
187.230103 550.000000 0
183.219523 550.000000 0
180.211589 550.000000 0
179.208944 550.000000 0
178.206299 550.000000 0
176.201009 550.000000 0
167.177205 550.000000 0
166.174561 550.000000 0
163.166626 550.000000 0
161.161336 550.000000 0
159.156047 550.000000 0
157.150757 550.000000 0
156.148112 550.000000 0
153.140177 550.000000 0
150.132243 550.000000 0
149.129598 550.000000 0
148.126953 550.000000 0
146.121663 550.000000 0
143.113729 550.000000 0
142.111084 550.000000 0
141.108439 550.000000 0
140.105794 550.000000 0
138.100505 550.000000 0
135.092570 550.000000 0
133.087280 550.000000 0
132.084635 550.000000 0
129.076701 550.000000 0
128.074056 550.000000 0
127.071411 550.000000 0
123.060832 550.000000 0
117.044963 550.000000 0
116.042318 550.000000 0
115.039673 550.000000 0
114.037028 550.000000 0
113.034383 550.000000 0
112.031738 550.000000 0
111.029093 550.000000 0
107.018514 550.000000 0
105.013224 550.000000 0
104.010579 550.000000 0
101.002645 550.000000 0
