1680
103.001467 450.000000 20
104.001956 450.000000 20
107.003422 450.000000 20
108.003911 450.000000 20
109.004400 450.000000 20
110.004889 450.000000 20
111.005378 450.000000 20
112.005867 450.000000 20
113.006355 450.000000 20
114.006844 450.000000 20
115.007333 450.000000 20
118.008800 450.000000 20
119.009289 450.000000 20
121.010267 450.000000 20
128.013689 450.000000 20
130.014666 450.000000 20
135.017111 450.000000 20
136.017600 450.000000 20
138.018578 450.000000 20
139.019066 450.000000 20
142.020533 450.000000 20
144.021511 450.000000 20
145.022000 450.000000 20
148.023466 450.000000 20
150.024444 450.000000 20
153.025911 450.000000 20
155.026889 450.000000 20
157.027866 450.000000 20
158.028355 450.000000 20
160.029333 450.000000 20
162.030311 450.000000 20
168.033244 450.000000 20
169.033733 450.000000 20
171.034711 450.000000 20
172.035199 450.000000 20
173.035688 450.000000 20
175.036666 450.000000 20
180.039111 450.000000 20
182.040088 450.000000 20
185.041555 450.000000 20
186.042044 450.000000 20
187.042533 450.000000 20
193.045466 450.000000 20
194.045955 450.000000 20
197.047422 450.000000 20
202.049866 450.000000 20
203.050355 450.000000 20
205.051333 450.000000 20
208.052799 450.000000 20
210.053777 450.000000 20
214.055733 450.000000 20
216.056710 450.000000 20
217.057199 450.000000 20
226.061599 450.000000 20
229.063066 450.000000 20
232.064532 450.000000 20
235.065999 450.000000 20
238.067466 450.000000 20
240.068443 450.000000 20
243.069910 450.000000 20
249.072843 450.000000 20
252.074310 450.000000 20
254.075288 450.000000 20
257.076754 450.000000 20
260.078221 450.000000 20
267.081643 450.000000 20
268.082132 450.000000 20
282.088977 450.000000 20
284.089954 450.000000 20
286.090932 450.000000 20
288.091910 450.000000 20
289.092399 450.000000 20
293.094354 450.000000 20
298.096799 450.000000 20
300.097776 450.000000 20
301.098265 450.000000 20
302.098754 450.000000 20
303.099243 450.000000 20
307.101199 450.000000 20
309.102176 450.000000 20
312.103643 450.000000 20
314.104621 450.000000 20
315.105110 450.000000 20
319.107065 450.000000 20
320.107554 450.000000 20
321.108043 450.000000 20
324.109510 450.000000 20
326.110487 450.000000 20
328.111465 450.000000 20
330.112443 450.000000 20
336.115376 450.000000 20
338.116354 450.000000 20
339.116843 450.000000 20
340.117332 450.000000 20
342.118309 450.000000 20
343.118798 450.000000 20
344.119287 450.000000 20
346.120265 450.000000 20
352.123198 450.000000 20
353.123687 450.000000 20
355.124665 450.000000 20
358.126132 450.000000 20
359.126620 450.000000 20
361.127598 450.000000 20
367.130531 450.000000 20
368.131020 450.000000 20
371.132487 450.000000 19
371.635641 449.128511 19
372.138796 448.257022 19
372.641950 447.385533 19
373.145105 446.514044 19
373.648259 445.642555 19
374.151414 444.771066 19
374.654568 443.899577 19
375.157722 443.028088 19
375.660877 442.156599 19
376.164031 441.285110 19
376.667186 440.413620 19
377.170340 439.542131 19
377.673495 438.670642 19
378.176649 437.799153 19
378.679803 436.927664 19
379.182958 436.056175 19
379.686112 435.184686 19
380.189267 434.313197 19
380.692421 433.441708 19
381.698730 431.698730 19
382.201884 430.827241 19
382.705039 429.955752 19
383.208193 429.084263 19
383.711348 428.212774 19
384.214502 427.341285 19
385.220811 425.598307 19
385.723965 424.726818 19
386.227120 423.855329 19
386.730274 422.983840 19
387.233429 422.112350 19
387.736583 421.240861 19
388.239738 420.369372 19
388.742892 419.497883 19
389.246046 418.626394 19
389.749201 417.754905 19
390.252355 416.883416 19
390.755510 416.011927 19
391.258664 415.140438 19
391.761819 414.268949 19
392.264973 413.397460 19
391.762632 412.527380 18
391.260291 411.657300 18
390.757950 410.787220 18
390.255610 409.917140 18
389.753269 409.047061 18
387.743905 405.566741 18
387.241565 404.696661 18
386.236883 402.956501 18
385.734542 402.086422 18
385.232201 401.216342 18
384.729860 400.346262 18
384.227519 399.476182 18
383.725179 398.606102 18
383.222838 397.736022 18
382.720497 396.865942 18
380.208793 392.515543 18
378.199429 389.035223 18
377.194748 387.295064 18
376.190066 385.554904 18
375.185384 383.814744 18
374.683043 382.944664 18
373.678362 381.204504 18
372.673680 379.464345 18
372.171339 378.594265 18
371.166657 376.854105 18
370.664317 375.984025 18
369.659635 374.243865 18
368.152612 371.633626 18
367.650271 370.763546 18
367.147931 369.893466 18
366.645590 369.023386 18
365.640908 367.283226 18
365.138567 366.413147 18
364.133886 364.672987 18
363.631545 363.802907 18
362.626863 362.062747 18
360.617500 358.582428 18
359.612818 356.842268 18
358.105795 354.232028 18
357.603455 353.361948 18
356.598773 351.621789 18
354.589409 348.141469 18
354.087069 347.271389 18
352.580046 344.661150 18
352.077705 343.791070 18
351.575364 342.920990 18
350.570683 341.180830 18
350.068342 340.310750 18
349.566001 339.440670 18
348.561319 337.700511 18
347.054297 335.090271 18
346.551956 334.220191 18
345.044933 331.609951 18
344.542593 330.739871 18
344.040252 329.869792 18
343.537911 328.999712 18
343.035570 328.129632 18
342.533229 327.259552 18
341.528547 325.519392 18
341.026207 324.649312 18
340.021525 322.909153 18
339.519184 322.039073 18
339.016843 321.168993 18
338.514502 320.298913 18
337.007480 317.688673 18
336.505139 316.818593 18
334.495776 313.338274 18
333.491094 311.598114 18
332.988753 310.728034 18
332.486412 309.857954 18
331.984071 308.987875 18
331.481730 308.117795 18
330.979390 307.247715 18
329.472367 304.637475 18
328.970026 303.767395 18
328.467685 302.897315 18
327.965345 302.027235 18
327.463004 301.157156 18
325.955981 298.546916 18
324.951299 296.806756 18
324.448959 295.936676 18
323.946618 295.066596 18
323.444277 294.196517 18
322.941936 293.326437 18
322.439595 292.456357 18
321.937254 291.586277 18
321.434914 290.716197 18
320.430232 288.976037 18
319.927891 288.105957 18
318.420868 285.495718 18
317.918528 284.625638 18
317.416187 283.755558 18
316.913846 282.885478 18
316.411505 282.015398 18
315.909164 281.145318 18
315.406823 280.275239 18
314.402142 278.535079 18
313.397460 276.794919 17
314.402142 276.794919 17
316.411505 276.794919 17
318.420869 276.794919 17
320.430232 276.794919 17
321.434914 276.794919 17
322.439595 276.794919 17
324.448959 276.794919 17
326.458322 276.794919 17
328.467686 276.794919 17
329.472367 276.794919 17
331.481731 276.794919 17
333.491094 276.794919 17
334.495776 276.794919 17
335.500457 276.794919 17
336.505139 276.794919 17
338.514503 276.794919 17
339.519184 276.794919 17
340.523866 276.794919 17
341.528548 276.794919 17
342.533229 276.794919 17
344.542593 276.794919 17
347.556638 276.794919 17
349.566001 276.794919 17
350.570683 276.794919 17
351.575365 276.794919 17
352.580046 276.794919 17
353.584728 276.794919 17
356.598773 276.794919 17
358.608137 276.794919 17
363.631545 276.794919 17
364.636227 276.794919 17
365.640908 276.794919 17
366.645590 276.794919 17
367.650272 276.794919 17
368.654954 276.794919 17
369.659635 276.794919 17
370.664317 276.794919 17
371.668999 276.794919 17
373.678362 276.794919 17
375.687725 276.794919 17
377.697089 276.794919 17
381.715816 276.794919 17
382.720497 276.794919 17
383.725179 276.794919 17
385.734542 276.794919 17
386.739224 276.794919 17
389.753269 276.794919 17
391.762633 276.794919 17
392.767314 276.794919 17
393.771996 276.794919 17
396.786041 276.794919 17
397.790723 276.794919 17
399.800086 276.794919 17
400.804768 276.794919 17
402.814131 276.794919 17
403.818813 276.794919 17
404.823495 276.794919 17
408.842222 276.794919 17
411.856267 276.794919 17
412.860948 276.794919 17
414.870312 276.794919 17
415.874993 276.794919 17
417.884357 276.794919 17
418.889039 276.794919 17
419.893720 276.794919 17
420.898402 276.794919 17
421.903084 276.794919 17
422.907765 276.794919 17
423.912447 276.794919 17
424.917129 276.794919 17
427.931174 276.794919 17
428.935856 276.794919 17
429.940537 276.794919 17
431.949901 276.794919 17
432.954582 276.794919 17
433.959264 276.794919 17
435.968627 276.794919 17
436.973309 276.794919 17
438.982673 276.794919 17
440.992036 276.794919 17
441.996718 276.794919 17
443.001399 276.794919 17
444.006081 276.794919 17
445.010763 276.794919 17
448.024808 276.794919 17
449.029490 276.794919 17
450.034171 276.794919 17
451.038853 276.794919 17
452.043535 276.794919 17
454.052898 276.794919 17
455.057580 276.794919 17
456.062261 276.794919 17
457.066943 276.794919 17
460.080988 276.794919 17
461.085670 276.794919 17
462.090352 276.794919 17
463.095033 276.794919 17
464.099715 276.794919 17
465.104397 276.794919 17
469.123124 276.794919 17
470.127805 276.794919 17
471.132487 276.794919 17
472.639510 274.184679 16
473.141850 273.314600 16
473.644191 272.444520 16
474.146532 271.574440 16
474.648873 270.704360 16
475.151214 269.834280 16
475.653555 268.964200 16
476.155895 268.094120 16
476.658236 267.224040 16
477.160577 266.353961 16
477.662918 265.483881 16
478.165259 264.613801 16
478.667600 263.743721 16
479.169941 262.873641 16
479.672281 262.003561 16
480.174622 261.133481 16
480.676963 260.263401 16
483.188667 255.913002 16
483.691008 255.042922 16
484.193349 254.172842 16
484.695690 253.302762 16
485.198031 252.432683 16
485.700372 251.562603 16
486.202712 250.692523 16
487.207394 248.952363 16
488.714417 246.342123 16
490.723780 242.861804 16
491.226121 241.991724 16
491.728462 241.121644 16
492.230803 240.251564 16
493.235484 238.511405 16
493.737825 237.641325 16
494.240166 236.771245 16
495.244848 235.031085 16
497.756552 230.680686 16
498.258893 229.810606 16
498.761234 228.940526 16
499.263574 228.070446 16
500.770597 225.460207 16
501.272938 224.590127 16
503.282301 221.109807 16
503.784642 220.239727 16
504.789324 218.499568 16
506.798687 215.019248 16
508.808051 211.538929 16
509.310391 210.668849 16
509.812732 209.798769 16
512.324436 205.448369 16
512.826777 204.578290 16
513.329118 203.708210 16
513.831459 202.838130 16
514.333800 201.968050 16
514.836141 201.097970 16
516.343163 198.487730 16
517.850186 195.877491 16
518.352527 195.007411 16
518.854867 194.137331 16
519.357208 193.267251 16
519.859549 192.397171 16
520.361890 191.527091 16
522.371253 188.046772 16
522.873594 187.176692 16
523.878276 185.436532 16
524.380617 184.566453 16
525.887639 181.956213 16
526.389980 181.086133 16
527.897003 178.475893 16
528.399344 177.605814 16
529.404025 175.865654 16
531.915730 171.515254 16
532.418070 170.645175 16
532.920411 169.775095 16
533.422752 168.905015 16
533.925093 168.034935 16
535.934456 164.554615 16
536.436797 163.684536 16
536.939138 162.814456 16
537.441479 161.944376 16
537.943820 161.074296 16
538.948501 159.334136 16
539.450842 158.464056 16
540.455524 156.723897 16
540.957865 155.853817 16
541.460206 154.983737 16
541.962546 154.113657 16
542.464887 153.243577 16
546.483614 146.282938 16
546.985955 145.412858 16
547.990637 143.672698 16
548.492977 142.802619 16
548.995318 141.932539 16
550.000000 140.192379 16
550.000000 140.192379 15
551.004682 141.932539 15
551.507023 142.802619 15
552.511704 144.542778 15
553.014045 145.412858 15
554.018727 147.153018 15
554.521068 148.023098 15
555.023408 148.893178 15
555.525749 149.763258 15
556.530431 151.503417 15
557.032772 152.373497 15
558.539794 154.983737 15
559.042135 155.853817 15
559.544476 156.723897 15
560.046817 157.593976 15
560.549158 158.464056 15
562.056180 161.074296 15
563.060862 162.814456 15
563.563203 163.684536 15
564.065544 164.554615 15
564.567885 165.424695 15
565.070225 166.294775 15
565.572566 167.164855 15
566.074907 168.034935 15
567.079589 169.775095 15
567.581930 170.645175 15
568.084270 171.515254 15
568.586611 172.385334 15
569.591293 174.125494 15
570.093634 174.995574 15
570.595975 175.865654 15
571.600656 177.605814 15
573.107679 180.216053 15
574.112361 181.956213 15
574.614702 182.826293 15
575.117042 183.696373 15
575.619383 184.566453 15
576.121724 185.436532 15
576.624065 186.306612 15
577.628747 188.046772 15
578.633428 189.786932 15
579.135769 190.657012 15
579.638110 191.527091 15
580.140451 192.397171 15
580.642792 193.267251 15
581.145133 194.137331 15
581.647473 195.007411 15
582.149814 195.877491 15
582.652155 196.747571 15
584.661518 200.227890 15
585.666200 201.968050 15
586.168541 202.838130 15
586.670882 203.708210 15
587.675564 205.448369 15
588.177904 206.318449 15
590.187268 209.798769 15
591.191949 211.538929 15
591.694290 212.409008 15
592.196631 213.279088 15
592.698972 214.149168 15
593.201313 215.019248 15
594.708335 217.629488 15
595.713017 219.369647 15
597.220040 221.979887 15
598.727062 224.590127 15
599.229403 225.460207 15
599.731744 226.330286 15
600.234085 227.200366 15
601.238766 228.940526 15
601.741107 229.810606 15
602.243448 230.680686 15
603.248130 232.420845 15
604.252811 234.161005 15
605.257493 235.901165 15
605.759834 236.771245 15
606.262175 237.641325 15
606.764516 238.511405 15
607.769197 240.251564 15
608.271538 241.121644 15
609.276220 242.861804 15
610.783243 245.472044 15
611.285583 246.342123 15
611.787924 247.212203 15
612.290265 248.082283 15
612.792606 248.952363 15
613.797288 250.692523 15
614.801969 252.432683 15
615.304310 253.302762 15
615.806651 254.172842 15
616.308992 255.042922 15
617.313674 256.783082 15
617.816014 257.653162 15
618.318355 258.523242 15
620.327719 262.003561 15
620.830059 262.873641 15
621.332400 263.743721 15
621.834741 264.613801 15
622.839423 266.353961 15
623.844105 268.094120 15
625.351127 270.704360 15
626.355809 272.444520 15
626.858150 273.314600 15
627.360490 274.184679 15
627.862831 275.054759 15
629.872195 276.794919 14
630.876876 276.794919 14
631.881558 276.794919 14
632.886240 276.794919 14
634.895603 276.794919 14
635.900285 276.794919 14
636.904967 276.794919 14
637.909648 276.794919 14
638.914330 276.794919 14
639.919012 276.794919 14
640.923693 276.794919 14
643.937739 276.794919 14
644.942420 276.794919 14
645.947102 276.794919 14
646.951784 276.794919 14
647.956465 276.794919 14
649.965829 276.794919 14
650.970510 276.794919 14
652.979874 276.794919 14
653.984556 276.794919 14
660.012646 276.794919 14
661.017327 276.794919 14
662.022009 276.794919 14
663.026691 276.794919 14
664.031373 276.794919 14
665.036054 276.794919 14
666.040736 276.794919 14
669.054781 276.794919 14
672.068826 276.794919 14
673.073508 276.794919 14
674.078190 276.794919 14
675.082871 276.794919 14
676.087553 276.794919 14
677.092235 276.794919 14
678.096916 276.794919 14
679.101598 276.794919 14
681.110961 276.794919 14
682.115643 276.794919 14
683.120325 276.794919 14
684.125007 276.794919 14
686.134370 276.794919 14
687.139052 276.794919 14
688.143733 276.794919 14
689.148415 276.794919 14
694.171824 276.794919 14
695.176505 276.794919 14
698.190550 276.794919 14
699.195232 276.794919 14
700.199914 276.794919 14
701.204595 276.794919 14
702.209277 276.794919 14
703.213959 276.794919 14
704.218641 276.794919 14
705.223322 276.794919 14
708.237367 276.794919 14
710.246731 276.794919 14
711.251412 276.794919 14
714.265458 276.794919 14
715.270139 276.794919 14
716.274821 276.794919 14
717.279503 276.794919 14
718.284184 276.794919 14
720.293548 276.794919 14
721.298229 276.794919 14
722.302911 276.794919 14
723.307593 276.794919 14
724.312275 276.794919 14
726.321638 276.794919 14
727.326320 276.794919 14
728.331001 276.794919 14
729.335683 276.794919 14
732.349728 276.794919 14
734.359092 276.794919 14
737.373137 276.794919 14
738.377818 276.794919 14
740.387182 276.794919 14
742.396545 276.794919 14
745.410590 276.794919 14
746.415272 276.794919 14
747.419954 276.794919 14
748.424635 276.794919 14
750.433999 276.794919 14
752.443362 276.794919 14
755.457407 276.794919 14
756.462089 276.794919 14
758.471452 276.794919 14
759.476134 276.794919 14
760.480816 276.794919 14
761.485497 276.794919 14
762.490179 276.794919 14
763.494861 276.794919 14
764.499543 276.794919 14
767.513588 276.794919 14
769.522951 276.794919 14
770.527633 276.794919 14
771.532314 276.794919 14
772.536996 276.794919 14
775.551041 276.794919 14
776.555723 276.794919 14
778.565086 276.794919 14
779.569768 276.794919 14
782.583813 276.794919 14
785.597858 276.794919 14
786.602540 276.794919 13
786.100199 277.664999 13
785.597858 278.535079 13
785.095517 279.405159 13
784.090836 281.145318 13
783.588495 282.015398 13
782.583813 283.755558 13
782.081472 284.625638 13
781.579132 285.495718 13
781.076791 286.365798 13
779.569768 288.976037 13
779.067427 289.846117 13
778.565086 290.716197 13
778.062746 291.586277 13
776.555723 294.196517 13
775.551041 295.936676 13
775.048701 296.806756 13
774.546360 297.676836 13
773.541678 299.416996 13
772.536996 301.157156 13
772.034655 302.027235 13
771.532315 302.897315 13
771.029974 303.767395 13
770.527633 304.637475 13
770.025292 305.507555 13
769.522951 306.377635 13
768.518270 308.117795 13
768.015929 308.987875 13
767.513588 309.857954 13
766.508906 311.598114 13
766.006565 312.468194 13
765.504224 313.338274 13
763.997202 315.948514 13
762.992520 317.688673 13
762.490179 318.558753 13
761.485498 320.298913 13
760.983157 321.168993 13
760.480816 322.039073 13
759.978475 322.909153 13
759.476134 323.779232 13
758.973793 324.649312 13
758.471453 325.519392 13
756.964430 328.129632 13
756.462089 328.999712 13
755.959748 329.869792 13
755.457407 330.739871 13
754.955067 331.609951 13
753.950385 333.350111 13
752.945703 335.090271 13
752.443362 335.960351 13
749.429317 341.180830 13
748.926976 342.050910 13
747.922295 343.791070 13
746.415272 346.401309 13
745.912931 347.271389 13
744.908250 349.011549 13
743.903568 350.751709 13
743.401227 351.621789 13
742.396545 353.361948 13
741.894205 354.232028 13
740.387182 356.842268 13
739.884841 357.712348 13
739.382500 358.582428 13
738.377819 360.322587 13
737.373137 362.062747 13
736.870796 362.932827 13
735.866114 364.672987 13
735.363774 365.543067 13
734.861433 366.413147 13
734.359092 367.283226 13
733.354410 369.023386 13
732.852069 369.893466 13
731.345047 372.503706 13
730.340365 374.243865 13
728.833343 376.854105 13
728.331002 377.724185 13
726.823979 380.334425 13
726.321638 381.204504 13
725.316957 382.944664 13
724.814616 383.814744 13
723.809934 385.554904 13
722.805252 387.295064 13
722.302912 388.165144 13
721.800571 389.035223 13
720.293548 391.645463 13
719.791207 392.515543 13
719.288866 393.385623 13
718.786526 394.255703 13
718.284185 395.125783 13
716.274821 398.606102 13
715.772481 399.476182 13
715.270140 400.346262 13
714.767799 401.216342 13
714.265458 402.086422 13
713.763117 402.956501 13
712.256095 405.566741 13
711.753754 406.436821 13
711.251413 407.306901 13
710.749072 408.176981 13
710.246731 409.047061 13
709.242050 410.787220 13
707.735027 413.397460 13
707.735027 413.397460 12
708.238181 414.268949 12
708.741336 415.140438 12
709.244490 416.011927 12
709.747645 416.883416 12
710.250799 417.754905 12
710.753954 418.626394 12
711.257108 419.497883 12
711.760262 420.369372 12
712.263417 421.240861 12
712.766571 422.112350 12
713.269726 422.983840 12
713.772880 423.855329 12
714.276035 424.726818 12
714.779189 425.598307 12
715.282343 426.469796 12
715.785498 427.341285 12
716.288652 428.212774 12
716.791807 429.084263 12
717.294961 429.955752 12
717.798116 430.827241 12
718.301270 431.698730 12
718.804424 432.570219 12
719.307579 433.441708 12
719.810733 434.313197 12
720.313888 435.184686 12
720.817042 436.056175 12
721.320197 436.927664 12
722.326505 438.670642 12
722.829660 439.542131 12
723.332814 440.413620 12
723.835969 441.285110 12
724.339123 442.156599 12
724.842278 443.028088 12
725.345432 443.899577 12
725.848586 444.771066 12
726.351741 445.642555 12
726.854895 446.514044 12
727.358050 447.385533 12
727.861204 448.257022 12
728.364359 449.128511 12
728.867513 450.000000 12
729.868002 450.000000 11
730.868491 450.000000 11
733.869957 450.000000 11
734.870446 450.000000 11
735.870935 450.000000 11
741.873868 450.000000 11
742.874357 450.000000 11
744.875335 450.000000 11
745.875824 450.000000 11
747.876802 450.000000 11
750.878268 450.000000 11
752.879246 450.000000 11
753.879735 450.000000 11
754.880224 450.000000 11
755.880713 450.000000 11
760.883157 450.000000 11
766.886091 450.000000 11
767.886579 450.000000 11
768.887068 450.000000 11
771.888535 450.000000 11
773.889513 450.000000 11
775.890490 450.000000 11
776.890979 450.000000 11
777.891468 450.000000 11
778.891957 450.000000 11
780.892935 450.000000 11
784.894890 450.000000 11
786.895868 450.000000 11
787.896357 450.000000 11
789.897335 450.000000 11
792.898801 450.000000 11
793.899290 450.000000 11
794.899779 450.000000 11
795.900268 450.000000 11
799.902224 450.000000 11
803.904179 450.000000 11
804.904668 450.000000 11
805.905157 450.000000 11
807.906135 450.000000 11
808.906624 450.000000 11
812.908579 450.000000 11
815.910046 450.000000 11
819.912001 450.000000 11
822.913468 450.000000 11
828.916401 450.000000 11
832.918357 450.000000 11
836.920312 450.000000 11
843.923734 450.000000 11
844.924223 450.000000 11
846.925201 450.000000 11
847.925690 450.000000 11
855.929601 450.000000 11
859.931557 450.000000 11
862.933023 450.000000 11
864.934001 450.000000 11
866.934979 450.000000 11
867.935468 450.000000 11
868.935956 450.000000 11
871.937423 450.000000 11
872.937912 450.000000 11
874.938890 450.000000 11
876.939868 450.000000 11
878.940845 450.000000 11
880.941823 450.000000 11
881.942312 450.000000 11
883.943290 450.000000 11
884.943779 450.000000 11
885.944267 450.000000 11
887.945245 450.000000 11
890.946712 450.000000 11
894.948667 450.000000 11
898.950623 450.000000 11
901.952090 450.000000 11
904.953556 450.000000 11
906.954534 450.000000 11
908.955512 450.000000 11
909.956001 450.000000 11
910.956490 450.000000 11
912.957467 450.000000 11
914.958445 450.000000 11
915.958934 450.000000 11
917.959912 450.000000 11
918.960401 450.000000 11
919.960889 450.000000 11
924.963334 450.000000 11
925.963823 450.000000 11
927.964801 450.000000 11
928.965289 450.000000 11
929.965778 450.000000 11
932.967245 450.000000 11
933.967734 450.000000 11
935.968712 450.000000 11
938.970178 450.000000 11
939.970667 450.000000 11
942.972134 450.000000 11
944.973111 450.000000 11
946.974089 450.000000 11
949.975556 450.000000 11
950.976045 450.000000 11
951.976534 450.000000 11
954.978000 450.000000 11
955.978489 450.000000 11
957.979467 450.000000 11
961.981422 450.000000 11
963.982400 450.000000 11
964.982889 450.000000 11
965.983378 450.000000 11
969.985334 450.000000 11
971.986311 450.000000 11
974.987778 450.000000 11
975.988267 450.000000 11
976.988756 450.000000 11
982.991689 450.000000 11
983.992178 450.000000 11
984.992667 450.000000 11
985.993156 450.000000 11
986.993645 450.000000 11
987.994133 450.000000 11
989.995111 450.000000 11
991.996089 450.000000 11
994.997556 450.000000 11
998.999511 450.000000 11
1000.000000 450.000000 11
1000.000000 450.000000 10
1000.000000 451.000000 10
1000.000000 453.000000 10
1000.000000 458.000000 10
1000.000000 459.000000 10
1000.000000 460.000000 10
1000.000000 461.000000 10
1000.000000 462.000000 10
1000.000000 463.000000 10
1000.000000 467.000000 10
1000.000000 469.000000 10
1000.000000 470.000000 10
1000.000000 472.000000 10
1000.000000 473.000000 10
1000.000000 474.000000 10
1000.000000 475.000000 10
1000.000000 476.000000 10
1000.000000 477.000000 10
1000.000000 478.000000 10
1000.000000 480.000000 10
1000.000000 481.000000 10
1000.000000 484.000000 10
1000.000000 485.000000 10
1000.000000 486.000000 10
1000.000000 487.000000 10
1000.000000 488.000000 10
1000.000000 491.000000 10
1000.000000 492.000000 10
1000.000000 493.000000 10
1000.000000 494.000000 10
1000.000000 495.000000 10
1000.000000 498.000000 10
1000.000000 499.000000 10
1000.000000 500.000000 10
1000.000000 501.000000 10
1000.000000 502.000000 10
1000.000000 503.000000 10
1000.000000 504.000000 10
1000.000000 505.000000 10
1000.000000 506.000000 10
1000.000000 507.000000 10
1000.000000 509.000000 10
1000.000000 511.000000 10
1000.000000 512.000000 10
1000.000000 513.000000 10
1000.000000 514.000000 10
1000.000000 516.000000 10
1000.000000 517.000000 10
1000.000000 518.000000 10
1000.000000 520.000000 10
1000.000000 521.000000 10
1000.000000 522.000000 10
1000.000000 525.000000 10
1000.000000 527.000000 10
1000.000000 528.000000 10
1000.000000 529.000000 10
1000.000000 530.000000 10
1000.000000 531.000000 10
1000.000000 533.000000 10
1000.000000 534.000000 10
1000.000000 536.000000 10
1000.000000 537.000000 10
1000.000000 538.000000 10
1000.000000 539.000000 10
1000.000000 540.000000 10
1000.000000 542.000000 10
1000.000000 543.000000 10
1000.000000 544.000000 10
1000.000000 545.000000 10
1000.000000 547.000000 10
1000.000000 549.000000 10
1000.000000 550.000000 10
998.997355 550.000000 9
997.994710 550.000000 9
993.984131 550.000000 9
991.978841 550.000000 9
988.970907 550.000000 9
986.965617 550.000000 9
985.962972 550.000000 9
984.960327 550.000000 9
980.949748 550.000000 9
976.939168 550.000000 9
975.936523 550.000000 9
974.933879 550.000000 9
973.931234 550.000000 9
970.923299 550.000000 9
968.918009 550.000000 9
966.912720 550.000000 9
961.899495 550.000000 9
958.891561 550.000000 9
955.883626 550.000000 9
945.857178 550.000000 9
944.854533 550.000000 9
939.841309 550.000000 9
938.838664 550.000000 9
937.836019 550.000000 9
935.830729 550.000000 9
934.828084 550.000000 9
933.825439 550.000000 9
931.820150 550.000000 9
930.817505 550.000000 9
927.809570 550.000000 9
925.804281 550.000000 9
921.793701 550.000000 9
918.785767 550.000000 9
917.783122 550.000000 9
916.780477 550.000000 9
915.777832 550.000000 9
913.772542 550.000000 9
911.767253 550.000000 9
910.764608 550.000000 9
905.751383 550.000000 9
904.748739 550.000000 9
900.738159 550.000000 9
898.732869 550.000000 9
896.727580 550.000000 9
895.724935 550.000000 9
894.722290 550.000000 9
892.717000 550.000000 9
891.714355 550.000000 9
886.701131 550.000000 9
882.690552 550.000000 9
880.685262 550.000000 9
879.682617 550.000000 9
877.677327 550.000000 9
875.672038 550.000000 9
874.669393 550.000000 9
873.666748 550.000000 9
871.661458 550.000000 9
869.656169 550.000000 9
868.653524 550.000000 9
865.645589 550.000000 9
864.642944 550.000000 9
862.637655 550.000000 9
860.632365 550.000000 9
856.621785 550.000000 9
851.608561 550.000000 9
848.600627 550.000000 9
840.579468 550.000000 9
837.571533 550.000000 9
834.563599 550.000000 9
830.553019 550.000000 9
829.550374 550.000000 9
826.542440 550.000000 9
823.534505 550.000000 9
820.526571 550.000000 9
819.523926 550.000000 9
818.521281 550.000000 9
814.510702 550.000000 9
811.502767 550.000000 9
810.500122 550.000000 9
807.492188 550.000000 9
806.489543 550.000000 9
803.481608 550.000000 9
802.478963 550.000000 9
799.471029 550.000000 9
798.468384 550.000000 9
794.457804 550.000000 9
792.452515 550.000000 9
791.449870 550.000000 9
790.447225 550.000000 9
780.420776 550.000000 9
774.404907 550.000000 9
773.402262 550.000000 9
771.396973 550.000000 9
770.394328 550.000000 9
765.381104 550.000000 9
760.367879 550.000000 9
759.365234 550.000000 9
758.362590 550.000000 9
756.357300 550.000000 9
749.338786 550.000000 9
747.333496 550.000000 9
741.317627 550.000000 9
740.314982 550.000000 9
739.312337 550.000000 9
738.309692 550.000000 9
735.301758 550.000000 9
733.296468 550.000000 9
731.291178 550.000000 9
729.285889 550.000000 9
722.267375 550.000000 9
721.264730 550.000000 9
720.262085 550.000000 9
716.251506 550.000000 9
712.240926 550.000000 9
711.238281 550.000000 9
710.235636 550.000000 9
709.232992 550.000000 9
708.230347 550.000000 9
702.214478 550.000000 9
701.211833 550.000000 9
698.203898 550.000000 9
694.193319 550.000000 9
693.190674 550.000000 9
692.188029 550.000000 9
691.185384 550.000000 9
686.172160 550.000000 9
681.158936 550.000000 9
678.151001 550.000000 9
674.140422 550.000000 9
672.135132 550.000000 9
671.132487 550.000000 9
671.132487 550.000000 8
669.625464 547.389760 8
669.123124 546.519681 8
668.620783 545.649601 8
668.118442 544.779521 8
667.616101 543.909441 8
667.113760 543.039361 8
666.109078 541.299201 8
665.606738 540.429121 8
664.602056 538.688962 8
664.099715 537.818882 8
663.597374 536.948802 8
663.095033 536.078722 8
662.592692 535.208642 8
661.588011 533.468482 8
661.085670 532.598403 8
660.583329 531.728323 8
660.080988 530.858243 8
659.578647 529.988163 8
659.076307 529.118083 8
658.071625 527.377923 8
657.066943 525.637764 8
656.062261 523.897604 8
655.559921 523.027524 8
654.555239 521.287364 8
653.048216 518.677125 8
652.545875 517.807045 8
651.038853 515.196805 8
650.536512 514.326725 8
650.034171 513.456645 8
649.029489 511.716486 8
645.513103 505.625926 8
645.010763 504.755847 8
644.508422 503.885767 8
644.006081 503.015687 8
643.001399 501.275527 8
642.499058 500.405447 8
641.996717 499.535367 8
640.992036 497.795208 8
640.489695 496.925128 8
639.987354 496.055048 8
637.977991 492.574728 8
637.475650 491.704649 8
636.973309 490.834569 8
635.466286 488.224329 8
633.959264 485.614089 8
632.452241 483.003850 8
630.945219 480.393610 8
629.940537 478.653450 8
628.935855 476.913291 8
628.433514 476.043211 8
627.931174 475.173131 8
627.428833 474.303051 8
625.419469 470.822732 8
624.917128 469.952652 8
624.414788 469.082572 8
623.410106 467.342412 8
622.405424 465.602252 8
621.400743 463.862093 8
620.396061 462.121933 8
619.893720 461.251853 8
617.382016 456.901454 8
615.874993 454.291214 8
614.367971 451.680974 8
613.363289 449.940815 8
612.860948 449.070735 8
611.353925 446.460495 8
610.851585 445.590415 8
610.349244 444.720335 8
608.842221 442.110096 8
607.335199 439.499856 8
606.832858 438.629776 8
606.330517 437.759696 8
605.325835 436.019537 8
604.321153 434.279377 8
603.818813 433.409297 8
602.814131 431.669137 8
601.809449 429.928978 8
601.307108 429.058898 8
600.804768 428.188818 8
600.302427 427.318738 8
599.800086 426.448658 8
599.297745 425.578578 8
598.795404 424.708498 8
597.288382 422.098259 8
596.283700 420.358099 8
595.781359 419.488019 8
595.279018 418.617939 8
594.776677 417.747859 8
594.274336 416.877779 8
593.771996 416.007700 8
593.269655 415.137620 8
592.264973 413.397460 8
592.264973 413.397460 7
592.768127 412.525971 7
593.271282 411.654482 7
593.774436 410.782993 7
594.277591 409.911504 7
594.780745 409.040015 7
595.283900 408.168526 7
595.787054 407.297036 7
596.290209 406.425547 7
596.793363 405.554058 7
597.296518 404.682569 7
597.799672 403.811080 7
598.302826 402.939591 7
598.805981 402.068102 7
599.309135 401.196613 7
599.812290 400.325124 7
600.818599 398.582146 7
601.321753 397.710657 7
601.824908 396.839168 7
602.328062 395.967679 7
602.831216 395.096190 7
603.334371 394.224700 7
603.837525 393.353211 7
604.340680 392.481722 7
604.843834 391.610233 7
605.346989 390.738744 7
605.850143 389.867255 7
606.353298 388.995766 7
606.856452 388.124277 7
607.359607 387.252788 7
607.862761 386.381299 7
608.365915 385.509810 7
608.869070 384.638321 7
609.372224 383.766832 7
609.875379 382.895342 7
610.378533 382.023853 7
610.881688 381.152364 7
611.384842 380.280875 7
611.887997 379.409386 7
612.391151 378.537897 7
612.894306 377.666408 7
613.397460 376.794919 7
613.397460 376.794919 6
612.391151 376.794919 6
611.384842 376.794919 6
610.378533 376.794919 6
609.372224 376.794919 6
607.359607 376.794919 6
606.353298 376.794919 6
605.346989 376.794919 6
604.340680 376.794919 6
603.334371 376.794919 6
602.328062 376.794919 6
601.321753 376.794919 6
600.315445 376.794919 6
599.309136 376.794919 6
598.302827 376.794919 6
597.296518 376.794919 6
596.290209 376.794919 6
595.283900 376.794919 6
594.277591 376.794919 6
593.271282 376.794919 6
592.264973 376.794919 6
591.258665 376.794919 6
590.252356 376.794919 6
589.246047 376.794919 6
588.239738 376.794919 6
587.233429 376.794919 6
586.227120 376.794919 6
585.220811 376.794919 6
584.214502 376.794919 6
583.208194 376.794919 6
582.201885 376.794919 6
581.195576 376.794919 6
580.189267 376.794919 6
579.182958 376.794919 6
578.176649 376.794919 6
577.170340 376.794919 6
576.164031 376.794919 6
575.157723 376.794919 6
574.151414 376.794919 6
573.145105 376.794919 6
572.138796 376.794919 6
571.132487 376.794919 6
571.132487 376.794919 5
570.629333 375.923430 5
569.623024 374.180452 5
569.119869 373.308963 5
568.616715 372.437474 5
568.113560 371.565985 5
567.610406 370.694496 5
567.107251 369.823007 5
566.604097 368.951518 5
566.100942 368.080029 5
565.597788 367.208539 5
565.094634 366.337050 5
564.591479 365.465561 5
564.088325 364.594072 5
563.585170 363.722583 5
563.082016 362.851094 5
562.578861 361.979605 5
562.075707 361.108116 5
561.572552 360.236627 5
561.069398 359.365138 5
560.566243 358.493649 5
560.063089 357.622160 5
559.559935 356.750671 5
559.056780 355.879182 5
558.553626 355.007693 5
558.050471 354.136204 5
557.044162 352.393226 5
556.541008 351.521737 5
556.037853 350.650248 5
555.534699 349.778759 5
555.031545 348.907269 5
554.528390 348.035780 5
554.025236 347.164291 5
553.522081 346.292802 5
553.018927 345.421313 5
552.515772 344.549824 5
552.012618 343.678335 5
551.509463 342.806846 5
551.006309 341.935357 5
550.503154 341.063868 5
550.000000 340.192379 5
550.000000 340.192379 4
549.496846 341.063868 4
548.993691 341.935357 4
548.490537 342.806846 4
547.987382 343.678335 4
547.484228 344.549824 4
546.981073 345.421313 4
546.477919 346.292802 4
545.974764 347.164291 4
545.471610 348.035780 4
544.968455 348.907269 4
544.465301 349.778759 4
543.962147 350.650248 4
543.458992 351.521737 4
542.955838 352.393226 4
542.452683 353.264715 4
541.949529 354.136204 4
541.446374 355.007693 4
540.943220 355.879182 4
540.440065 356.750671 4
539.936911 357.622160 4
539.433757 358.493649 4
538.930602 359.365138 4
538.427448 360.236627 4
537.924293 361.108116 4
537.421139 361.979605 4
536.917984 362.851094 4
536.414830 363.722583 4
535.911675 364.594072 4
535.408521 365.465561 4
534.905366 366.337050 4
534.402212 367.208539 4
533.899058 368.080029 4
533.395903 368.951518 4
532.892749 369.823007 4
532.389594 370.694496 4
531.886440 371.565985 4
531.383285 372.437474 4
530.880131 373.308963 4
530.376976 374.180452 4
529.873822 375.051941 4
529.370667 375.923430 4
528.867513 376.794919 4
528.867513 376.794919 3
527.861204 376.794919 3
526.854895 376.794919 3
525.848586 376.794919 3
524.842277 376.794919 3
523.835969 376.794919 3
522.829660 376.794919 3
521.823351 376.794919 3
520.817042 376.794919 3
519.810733 376.794919 3
518.804424 376.794919 3
517.798115 376.794919 3
516.791806 376.794919 3
515.785498 376.794919 3
514.779189 376.794919 3
513.772880 376.794919 3
512.766571 376.794919 3
511.760262 376.794919 3
510.753953 376.794919 3
509.747644 376.794919 3
508.741335 376.794919 3
507.735027 376.794919 3
506.728718 376.794919 3
505.722409 376.794919 3
504.716100 376.794919 3
503.709791 376.794919 3
502.703482 376.794919 3
501.697173 376.794919 3
500.690864 376.794919 3
499.684555 376.794919 3
498.678247 376.794919 3
497.671938 376.794919 3
496.665629 376.794919 3
495.659320 376.794919 3
494.653011 376.794919 3
493.646702 376.794919 3
492.640393 376.794919 3
491.634084 376.794919 3
490.627776 376.794919 3
489.621467 376.794919 3
488.615158 376.794919 3
487.608849 376.794919 3
486.602540 376.794919 3
486.602540 376.794919 2
487.105694 377.666408 2
487.608849 378.537897 2
488.112003 379.409386 2
488.615158 380.280875 2
489.118312 381.152364 2
489.621467 382.023853 2
490.124621 382.895342 2
490.627776 383.766832 2
491.130930 384.638321 2
491.634085 385.509810 2
492.137239 386.381299 2
492.640393 387.252788 2
493.143548 388.124277 2
493.646702 388.995766 2
494.149857 389.867255 2
494.653011 390.738744 2
495.156166 391.610233 2
495.659320 392.481722 2
496.162475 393.353211 2
496.665629 394.224700 2
497.168784 395.096190 2
497.671938 395.967679 2
498.175092 396.839168 2
498.678247 397.710657 2
499.181401 398.582146 2
499.684556 399.453635 2
500.187710 400.325124 2
500.690865 401.196613 2
501.194019 402.068102 2
501.697174 402.939591 2
502.200328 403.811080 2
502.703482 404.682569 2
503.206637 405.554058 2
503.709791 406.425547 2
504.212946 407.297036 2
504.716100 408.168526 2
505.219255 409.040015 2
506.225564 410.782993 2
506.728718 411.654482 2
507.231873 412.525971 2
507.735027 413.397460 2
505.223323 417.747859 1
503.716300 420.358099 1
503.213959 421.228179 1
502.711618 422.098259 1
502.209278 422.968339 1
501.706937 423.838418 1
501.204596 424.708498 1
500.702255 425.578578 1
500.199914 426.448658 1
497.688210 430.799057 1
496.683528 432.539217 1
495.176506 435.149457 1
494.171824 436.889617 1
493.669483 437.759696 1
493.167142 438.629776 1
492.162461 440.369936 1
491.660120 441.240016 1
491.157779 442.110096 1
490.153097 443.850256 1
489.650756 444.720335 1
488.646075 446.460495 1
488.143734 447.330575 1
485.632029 451.680974 1
485.129689 452.551054 1
484.627348 453.421134 1
484.125007 454.291214 1
483.622666 455.161294 1
483.120325 456.031374 1
482.617984 456.901454 1
481.613303 458.641613 1
480.608621 460.381773 1
480.106280 461.251853 1
479.603939 462.121933 1
479.101598 462.992013 1
478.599257 463.862093 1
478.096917 464.732172 1
476.589894 467.342412 1
475.585212 469.082572 1
474.580531 470.822732 1
473.073508 473.432971 1
471.064145 476.913291 1
470.561804 477.783371 1
470.059463 478.653450 1
469.054781 480.393610 1
468.552440 481.263690 1
468.050100 482.133770 1
467.547759 483.003850 1
467.045418 483.873930 1
466.543077 484.744010 1
465.538395 486.484169 1
465.036054 487.354249 1
463.529032 489.964489 1
463.026691 490.834569 1
462.524350 491.704649 1
462.022009 492.574728 1
461.519668 493.444808 1
460.012646 496.055048 1
459.510305 496.925128 1
458.505623 498.665288 1
458.003283 499.535367 1
456.998601 501.275527 1
456.496260 502.145607 1
455.993919 503.015687 1
454.989237 504.755847 1
454.486897 505.625926 1
453.984556 506.496006 1
453.482215 507.366086 1
452.979874 508.236166 1
452.477533 509.106246 1
451.975192 509.976326 1
450.970511 511.716486 1
449.965829 513.456645 1
449.463488 514.326725 1
447.956465 516.936965 1
447.454125 517.807045 1
446.951784 518.677125 1
445.947102 520.417284 1
443.937739 523.897604 1
443.435398 524.767684 1
442.430716 526.507843 1
441.928375 527.377923 1
441.426034 528.248003 1
439.919012 530.858243 1
439.416671 531.728323 1
438.914330 532.598403 1
438.411989 533.468482 1
437.909648 534.338562 1
437.407308 535.208642 1
436.904967 536.078722 1
435.900285 537.818882 1
435.397944 538.688962 1
431.379217 545.649601 1
430.374536 547.389760 1
429.872195 548.259840 1
428.867513 550.000000 1
428.867513 550.000000 0
427.864868 550.000000 0
425.859578 550.000000 0
424.856934 550.000000 0
420.846354 550.000000 0
419.843709 550.000000 0
418.841064 550.000000 0
417.838420 550.000000 0
409.817261 550.000000 0
408.814616 550.000000 0
407.811971 550.000000 0
405.806681 550.000000 0
403.801392 550.000000 0
402.798747 550.000000 0
401.796102 550.000000 0
400.793457 550.000000 0
398.788167 550.000000 0
397.785522 550.000000 0
396.782878 550.000000 0
395.780233 550.000000 0
393.774943 550.000000 0
392.772298 550.000000 0
387.759074 550.000000 0
386.756429 550.000000 0
382.745850 550.000000 0
381.743205 550.000000 0
379.737915 550.000000 0
376.729980 550.000000 0
374.724691 550.000000 0
372.719401 550.000000 0
370.714111 550.000000 0
368.708822 550.000000 0
367.706177 550.000000 0
366.703532 550.000000 0
363.695597 550.000000 0
359.685018 550.000000 0
358.682373 550.000000 0
352.666504 550.000000 0
351.663859 550.000000 0
349.658569 550.000000 0
342.640055 550.000000 0
340.634766 550.000000 0
336.624186 550.000000 0
334.618896 550.000000 0
332.613607 550.000000 0
327.600382 550.000000 0
326.597738 550.000000 0
325.595093 550.000000 0
323.589803 550.000000 0
318.576579 550.000000 0
316.571289 550.000000 0
315.568644 550.000000 0
308.550130 550.000000 0
307.547485 550.000000 0
306.544840 550.000000 0
302.534261 550.000000 0
301.531616 550.000000 0
299.526326 550.000000 0
296.518392 550.000000 0
294.513102 550.000000 0
289.499878 550.000000 0
287.494588 550.000000 0
285.489298 550.000000 0
281.478719 550.000000 0
278.470784 550.000000 0
277.468140 550.000000 0
269.446981 550.000000 0
263.431112 550.000000 0
262.428467 550.000000 0
261.425822 550.000000 0
259.420532 550.000000 0
257.415243 550.000000 0
248.391439 550.000000 0
245.383504 550.000000 0
242.375570 550.000000 0
240.370280 550.000000 0
238.364990 550.000000 0
232.349121 550.000000 0
230.343831 550.000000 0
227.335897 550.000000 0
223.325317 550.000000 0
222.322673 550.000000 0
221.320028 550.000000 0
217.309448 550.000000 0
216.306803 550.000000 0
215.304159 550.000000 0
211.293579 550.000000 0
207.283000 550.000000 0
203.272420 550.000000 0
202.269775 550.000000 0
199.261841 550.000000 0
198.259196 550.000000 0
192.243327 550.000000 0
191.240682 550.000000 0
190.238037 550.000000 0
188.232747 550.000000 0
183.219523 550.000000 0
178.206299 550.000000 0
176.201009 550.000000 0
175.198364 550.000000 0
169.182495 550.000000 0
168.179850 550.000000 0
166.174561 550.000000 0
163.166626 550.000000 0
156.148112 550.000000 0
154.142822 550.000000 0
153.140177 550.000000 0
151.134888 550.000000 0
150.132243 550.000000 0
145.119019 550.000000 0
143.113729 550.000000 0
141.108439 550.000000 0
138.100505 550.000000 0
136.095215 550.000000 0
129.076701 550.000000 0
123.060832 550.000000 0
122.058187 550.000000 0
121.055542 550.000000 0
114.037028 550.000000 0
106.015869 550.000000 0
105.013224 550.000000 0
101.002645 550.000000 0
100.000000 550.000000 0
