740
107.003422 450.000000
108.003911 450.000000
121.010267 450.000000
134.016622 450.000000
135.017111 450.000000
138.018578 450.000000
141.020044 450.000000
152.025422 450.000000
155.026889 450.000000
156.027377 450.000000
167.032755 450.000000
179.038622 450.000000
182.040088 450.000000
188.043022 450.000000
208.052799 450.000000
212.054755 450.000000
217.057199 450.000000
231.064044 450.000000
232.064532 450.000000
233.065021 450.000000
275.085554 450.000000
279.087510 450.000000
283.089465 450.000000
286.090932 450.000000
290.092888 450.000000
297.096310 450.000000
303.099243 450.000000
306.100710 450.000000
312.103643 450.000000
321.108043 450.000000
323.109021 450.000000
328.111465 450.000000
333.113909 450.000000
336.115376 450.000000
340.117332 450.000000
344.119287 450.000000
352.123198 450.000000
355.124665 450.000000
371.635641 449.128511
372.138796 448.257022
373.145105 446.514044
374.151414 444.771066
375.157722 443.028088
375.660877 442.156599
376.667186 440.413620
377.170340 439.542131
377.673495 438.670642
378.679803 436.927664
379.686112 435.184686
380.189267 434.313197
380.692421 433.441708
381.195576 432.570219
382.201884 430.827241
383.711348 428.212774
384.717657 426.469796
385.220811 425.598307
385.723965 424.726818
387.233429 422.112350
387.736583 421.240861
388.239738 420.369372
389.749201 417.754905
390.252355 416.883416
390.755510 416.011927
391.761819 414.268949
392.264973 413.397460
391.762632 412.527380
388.748587 407.306901
388.246246 406.436821
384.729860 400.346262
384.227519 399.476182
378.701770 389.905303
378.199429 389.035223
377.697088 388.165144
373.678362 381.204504
371.166657 376.854105
366.143249 368.153306
365.640908 367.283226
365.138567 366.413147
361.622181 360.322587
360.617500 358.582428
359.612818 356.842268
358.608136 355.102108
356.096432 350.751709
354.589409 348.141469
353.584728 346.401309
348.561319 337.700511
346.049615 333.350111
341.528547 325.519392
340.523866 323.779232
340.021525 322.909153
339.519184 322.039073
336.002798 315.948514
334.998116 314.208354
334.495776 313.338274
330.477049 306.377635
327.463004 301.157156
326.458322 299.416996
324.951299 296.806756
318.420868 285.495718
317.918528 284.625638
316.411505 282.015398
315.406823 280.275239
313.899801 277.664999
313.397460 276.794919
315.406823 276.794919
316.411505 276.794919
318.420869 276.794919
323.444277 276.794919
326.458322 276.794919
341.528548 276.794919
346.551956 276.794919
348.561320 276.794919
350.570683 276.794919
351.575365 276.794919
360.617500 276.794919
365.640908 276.794919
368.654954 276.794919
379.706452 276.794919
382.720497 276.794919
385.734542 276.794919
386.739224 276.794919
388.748588 276.794919
394.776678 276.794919
401.809450 276.794919
403.818813 276.794919
404.823495 276.794919
405.828176 276.794919
414.870312 276.794919
415.874993 276.794919
419.893720 276.794919
424.917129 276.794919
425.921810 276.794919
427.931174 276.794919
428.935856 276.794919
431.949901 276.794919
433.959264 276.794919
437.977991 276.794919
440.992036 276.794919
445.010763 276.794919
448.024808 276.794919
451.038853 276.794919
454.052898 276.794919
457.066943 276.794919
459.076307 276.794919
463.095033 276.794919
469.123124 276.794919
471.634828 275.924839
473.141850 273.314600
474.648873 270.704360
475.653555 268.964200
476.658236 267.224040
478.667600 263.743721
479.672281 262.003561
483.188667 255.913002
486.705053 249.822443
487.207394 248.952363
487.709735 248.082283
488.212076 247.212203
488.714417 246.342123
492.733143 239.381484
493.235484 238.511405
494.742507 235.901165
497.756552 230.680686
498.258893 229.810606
501.272938 224.590127
502.779960 221.979887
503.282301 221.109807
506.798687 215.019248
507.301028 214.149168
507.803369 213.279088
511.319755 207.188529
512.826777 204.578290
515.840822 199.357810
517.850186 195.877491
521.868913 188.916852
522.371253 188.046772
526.389980 181.086133
528.399344 177.605814
529.906366 174.995574
533.422752 168.905015
538.446161 160.204216
542.464887 153.243577
543.971910 150.633337
544.976592 148.893178
546.483614 146.282938
547.488296 144.542778
549.497659 141.062459
551.507023 142.802619
553.516386 146.282938
556.530431 151.503417
557.032772 152.373497
558.037454 154.113657
559.042135 155.853817
560.549158 158.464056
561.051499 159.334136
567.581930 170.645175
568.084270 171.515254
570.093634 174.995574
570.595975 175.865654
576.121724 185.436532
581.145133 194.137331
587.173223 204.578290
588.680245 207.188529
591.694290 212.409008
593.201313 215.019248
593.703654 215.889328
594.205995 216.759408
594.708335 217.629488
596.215358 220.239727
596.717699 221.109807
598.224721 223.720047
598.727062 224.590127
603.248130 232.420845
606.262175 237.641325
607.266857 239.381484
608.271538 241.121644
609.276220 242.861804
610.783243 245.472044
611.285583 246.342123
615.806651 254.172842
617.313674 256.783082
617.816014 257.653162
619.825378 261.133481
623.844105 268.094120
628.867513 276.794919
629.872195 276.794919
630.876876 276.794919
633.890922 276.794919
641.928375 276.794919
647.956465 276.794919
651.975192 276.794919
656.998601 276.794919
664.031373 276.794919
669.054781 276.794919
672.068826 276.794919
673.073508 276.794919
676.087553 276.794919
678.096916 276.794919
679.101598 276.794919
680.106280 276.794919
681.110961 276.794919
689.148415 276.794919
690.153097 276.794919
694.171824 276.794919
698.190550 276.794919
700.199914 276.794919
701.204595 276.794919
703.213959 276.794919
707.232686 276.794919
719.288866 276.794919
730.340365 276.794919
737.373137 276.794919
740.387182 276.794919
742.396545 276.794919
744.405909 276.794919
745.410590 276.794919
750.433999 276.794919
754.452726 276.794919
756.462089 276.794919
762.490179 276.794919
767.513588 276.794919
771.532314 276.794919
772.536996 276.794919
778.565086 276.794919
781.579131 276.794919
784.593177 276.794919
785.597858 276.794919
783.588495 282.015398
782.081472 284.625638
779.067427 289.846117
778.565086 290.716197
774.546360 297.676836
773.541678 299.416996
771.029974 303.767395
770.527633 304.637475
768.518270 308.117795
767.513588 309.857954
765.504224 313.338274
763.997202 315.948514
763.494861 316.818593
762.992520 317.688673
758.471453 325.519392
757.969112 326.389472
753.448044 334.220191
752.443362 335.960351
748.926976 342.050910
744.405909 349.881629
742.898886 352.491868
740.387182 356.842268
739.382500 358.582428
737.373137 362.062747
736.368455 363.802907
734.359092 367.283226
733.856751 368.153306
731.847388 371.633626
729.838024 375.113945
728.331002 377.724185
726.823979 380.334425
726.321638 381.204504
725.316957 382.944664
724.814616 383.814744
720.293548 391.645463
719.791207 392.515543
718.284185 395.125783
717.279503 396.865942
712.758435 404.696661
712.256095 405.566741
711.753754 406.436821
710.749072 408.176981
708.238181 414.268949
710.250799 417.754905
710.753954 418.626394
711.257108 419.497883
711.760262 420.369372
712.766571 422.112350
713.269726 422.983840
714.276035 424.726818
714.779189 425.598307
715.282343 426.469796
716.288652 428.212774
716.791807 429.084263
717.294961 429.955752
717.798116 430.827241
718.301270 431.698730
719.307579 433.441708
720.817042 436.056175
721.320197 436.927664
721.823351 437.799153
722.326505 438.670642
722.829660 439.542131
723.332814 440.413620
723.835969 441.285110
724.842278 443.028088
725.345432 443.899577
725.848586 444.771066
727.358050 447.385533
727.861204 448.257022
728.364359 449.128511
728.867513 450.000000
728.867513 450.000000
730.868491 450.000000
737.871913 450.000000
743.874846 450.000000
751.878757 450.000000
756.881202 450.000000
765.885602 450.000000
770.888046 450.000000
775.890490 450.000000
787.896357 450.000000
788.896846 450.000000
793.899290 450.000000
796.900757 450.000000
797.901246 450.000000
803.904179 450.000000
808.906624 450.000000
811.908090 450.000000
830.917379 450.000000
834.919334 450.000000
838.921290 450.000000
845.924712 450.000000
852.928134 450.000000
864.934001 450.000000
866.934979 450.000000
870.936934 450.000000
874.938890 450.000000
885.944267 450.000000
901.952090 450.000000
909.956001 450.000000
921.961867 450.000000
929.965778 450.000000
932.967245 450.000000
933.967734 450.000000
934.968223 450.000000
953.977511 450.000000
955.978489 450.000000
957.979467 450.000000
976.988756 450.000000
982.991689 450.000000
983.992178 450.000000
990.995600 450.000000
992.996578 450.000000
1000.000000 450.000000
1000.000000 453.000000
1000.000000 455.000000
1000.000000 458.000000
1000.000000 459.000000
1000.000000 461.000000
1000.000000 462.000000
1000.000000 464.000000
1000.000000 467.000000
1000.000000 469.000000
1000.000000 472.000000
1000.000000 473.000000
1000.000000 476.000000
1000.000000 477.000000
1000.000000 478.000000
1000.000000 479.000000
1000.000000 480.000000
1000.000000 485.000000
1000.000000 495.000000
1000.000000 496.000000
1000.000000 497.000000
1000.000000 501.000000
1000.000000 502.000000
1000.000000 504.000000
1000.000000 505.000000
1000.000000 506.000000
1000.000000 508.000000
1000.000000 511.000000
1000.000000 513.000000
1000.000000 514.000000
1000.000000 518.000000
1000.000000 524.000000
1000.000000 526.000000
1000.000000 534.000000
1000.000000 535.000000
1000.000000 538.000000
1000.000000 543.000000
1000.000000 545.000000
1000.000000 547.000000
1000.000000 548.000000
1000.000000 550.000000
990.976196 550.000000
987.968262 550.000000
979.947103 550.000000
978.944458 550.000000
976.939168 550.000000
964.907430 550.000000
963.904785 550.000000
961.899495 550.000000
949.867757 550.000000
947.862467 550.000000
945.857178 550.000000
944.854533 550.000000
942.849243 550.000000
925.804281 550.000000
921.793701 550.000000
916.780477 550.000000
915.777832 550.000000
914.775187 550.000000
913.772542 550.000000
884.695841 550.000000
883.693197 550.000000
882.690552 550.000000
879.682617 550.000000
862.637655 550.000000
861.635010 550.000000
850.605916 550.000000
849.603271 550.000000
846.595337 550.000000
826.542440 550.000000
822.531860 550.000000
820.526571 550.000000
817.518636 550.000000
807.492188 550.000000
784.431356 550.000000
782.426066 550.000000
763.375814 550.000000
744.325562 550.000000
738.309692 550.000000
736.304403 550.000000
733.296468 550.000000
729.285889 550.000000
707.227702 550.000000
691.185384 550.000000
686.172160 550.000000
685.169515 550.000000
679.153646 550.000000
677.148356 550.000000
675.143066 550.000000
668.620783 545.649601
666.109078 541.299201
664.099715 537.818882
662.090352 534.338562
661.588011 533.468482
659.578647 529.988163
658.573966 528.248003
654.052898 520.417284
652.545875 517.807045
649.531830 512.586565
646.517785 507.366086
645.513103 505.625926
643.503740 502.145607
642.499058 500.405447
640.992036 497.795208
639.485013 495.184968
638.982672 494.314888
638.480332 493.444808
635.968627 489.094409
631.447560 481.263690
630.442878 479.523530
628.935855 476.913291
626.424151 472.562891
625.419469 470.822732
624.414788 469.082572
623.410106 467.342412
619.893720 461.251853
614.367971 451.680974
613.865630 450.810895
612.358607 448.200655
610.851585 445.590415
605.828176 436.889617
603.316472 432.539217
599.297745 425.578578
598.795404 424.708498
598.293063 423.838418
595.781359 419.488019
594.274336 416.877779
592.264973 413.397460
592.264973 413.397460
592.768127 412.525971
593.271282 411.654482
593.774436 410.782993
594.277591 409.911504
595.283900 408.168526
595.787054 407.297036
596.793363 405.554058
597.296518 404.682569
598.805981 402.068102
599.309135 401.196613
599.812290 400.325124
600.818599 398.582146
601.321753 397.710657
602.328062 395.967679
603.334371 394.224700
603.837525 393.353211
604.843834 391.610233
605.850143 389.867255
606.353298 388.995766
607.359607 387.252788
608.365915 385.509810
609.372224 383.766832
609.875379 382.895342
610.378533 382.023853
610.881688 381.152364
611.384842 380.280875
612.391151 378.537897
613.397460 376.794919
613.397460 376.794919
610.378533 376.794919
609.372224 376.794919
608.365916 376.794919
607.359607 376.794919
606.353298 376.794919
605.346989 376.794919
604.340680 376.794919
603.334371 376.794919
602.328062 376.794919
600.315445 376.794919
599.309136 376.794919
597.296518 376.794919
593.271282 376.794919
592.264973 376.794919
590.252356 376.794919
589.246047 376.794919
587.233429 376.794919
585.220811 376.794919
584.214502 376.794919
583.208194 376.794919
580.189267 376.794919
579.182958 376.794919
578.176649 376.794919
575.157723 376.794919
571.132487 376.794919
571.132487 376.794919
570.629333 375.923430
569.623024 374.180452
568.113560 371.565985
567.107251 369.823007
566.100942 368.080029
565.597788 367.208539
565.094634 366.337050
563.585170 363.722583
562.075707 361.108116
560.063089 357.622160
559.056780 355.879182
558.553626 355.007693
556.541008 351.521737
556.037853 350.650248
555.534699 349.778759
555.031545 348.907269
554.528390 348.035780
554.025236 347.164291
553.018927 345.421313
552.012618 343.678335
551.509463 342.806846
550.503154 341.063868
550.000000 340.192379
550.000000 340.192379
549.496846 341.063868
548.490537 342.806846
547.987382 343.678335
546.981073 345.421313
545.974764 347.164291
544.465301 349.778759
541.949529 354.136204
539.936911 357.622160
539.433757 358.493649
538.930602 359.365138
538.427448 360.236627
537.924293 361.108116
537.421139 361.979605
536.917984 362.851094
534.905366 366.337050
533.899058 368.080029
533.395903 368.951518
532.892749 369.823007
532.389594 370.694496
531.383285 372.437474
530.880131 373.308963
529.370667 375.923430
528.867513 376.794919
528.867513 376.794919
525.848586 376.794919
523.835969 376.794919
521.823351 376.794919
520.817042 376.794919
519.810733 376.794919
517.798115 376.794919
515.785498 376.794919
513.772880 376.794919
510.753953 376.794919
508.741335 376.794919
507.735027 376.794919
506.728718 376.794919
505.722409 376.794919
502.703482 376.794919
500.690864 376.794919
498.678247 376.794919
495.659320 376.794919
494.653011 376.794919
493.646702 376.794919
491.634084 376.794919
490.627776 376.794919
489.621467 376.794919
487.608849 376.794919
486.602540 376.794919
487.105694 377.666408
487.608849 378.537897
489.118312 381.152364
489.621467 382.023853
490.124621 382.895342
492.137239 386.381299
492.640393 387.252788
493.143548 388.124277
493.646702 388.995766
494.149857 389.867255
494.653011 390.738744
495.156166 391.610233
496.162475 393.353211
497.168784 395.096190
499.181401 398.582146
499.684556 399.453635
500.187710 400.325124
502.200328 403.811080
503.709791 406.425547
504.212946 407.297036
505.219255 409.040015
505.722409 409.911504
506.225564 410.782993
507.231873 412.525971
507.735027 413.397460
505.725664 416.877779
504.218641 419.488019
503.213959 421.228179
497.185869 431.669137
496.181187 433.409297
495.176506 435.149457
492.162461 440.369936
488.143734 447.330575
487.641393 448.200655
483.622666 455.161294
483.120325 456.031374
482.617984 456.901454
481.613303 458.641613
480.608621 460.381773
480.106280 461.251853
478.096917 464.732172
477.594576 465.602252
476.087553 468.212492
472.571167 474.303051
469.054781 480.393610
465.538395 486.484169
465.036054 487.354249
462.022009 492.574728
461.519668 493.444808
461.017328 494.314888
460.012646 496.055048
459.510305 496.925128
458.003283 499.535367
457.500942 500.405447
456.496260 502.145607
455.993919 503.015687
452.979874 508.236166
450.970511 511.716486
448.458806 516.066885
441.928375 527.377923
434.895603 539.559042
431.881558 544.779521
431.379217 545.649601
423.854289 550.000000
409.817261 550.000000
403.801392 550.000000
389.764364 550.000000
387.759074 550.000000
380.740560 550.000000
371.716756 550.000000
364.698242 550.000000
351.663859 550.000000
348.655924 550.000000
347.653280 550.000000
344.645345 550.000000
339.632121 550.000000
338.629476 550.000000
333.616252 550.000000
331.610962 550.000000
302.534261 550.000000
300.528971 550.000000
277.468140 550.000000
259.420532 550.000000
258.417887 550.000000
256.412598 550.000000
251.399373 550.000000
250.396729 550.000000
249.394084 550.000000
248.391439 550.000000
237.362345 550.000000
215.304159 550.000000
209.288289 550.000000
208.285645 550.000000
203.272420 550.000000
202.269775 550.000000
200.264486 550.000000
161.161336 550.000000
157.150757 550.000000
147.124308 550.000000
136.095215 550.000000
122.058187 550.000000
109.023804 550.000000
100.000000 550.000000
