1230
102.000978 450.000000
103.001467 450.000000
104.001956 450.000000
105.002444 450.000000
107.003422 450.000000
108.003911 450.000000
109.004400 450.000000
111.005378 450.000000
115.007333 450.000000
117.008311 450.000000
118.008800 450.000000
121.010266 450.000000
122.010755 450.000000
129.014178 450.000000
130.014666 450.000000
131.015155 450.000000
132.015644 450.000000
133.016133 450.000000
137.018089 450.000000
140.019555 450.000000
142.020533 450.000000
143.021022 450.000000
145.022000 450.000000
146.022488 450.000000
147.022977 450.000000
149.023955 450.000000
150.024444 450.000000
152.025422 450.000000
154.026400 450.000000
155.026888 450.000000
156.027377 450.000000
158.028355 450.000000
159.028844 450.000000
160.029333 450.000000
162.030311 450.000000
163.030799 450.000000
166.032266 450.000000
168.033244 450.000000
169.033733 450.000000
170.034222 450.000000
171.034710 450.000000
173.035688 450.000000
175.036666 450.000000
177.037644 450.000000
178.038133 450.000000
180.039110 450.000000
181.039599 450.000000
183.040577 450.000000
184.041066 450.000000
185.041555 450.000000
186.042044 450.000000
189.043510 450.000000
190.043999 450.000000
193.045466 450.000000
195.046444 450.000000
196.046933 450.000000
198.047910 450.000000
209.053288 450.000000
210.053777 450.000000
216.056710 450.000000
222.059643 450.000000
224.060621 450.000000
225.061110 450.000000
233.065021 450.000000
234.065510 450.000000
236.066488 450.000000
244.070399 450.000000
245.070888 450.000000
246.071377 450.000000
247.071865 450.000000
248.072354 450.000000
251.073821 450.000000
253.074799 450.000000
254.075288 450.000000
255.075776 450.000000
256.076265 450.000000
258.077243 450.000000
259.077732 450.000000
262.079199 450.000000
263.079687 450.000000
266.081154 450.000000
267.081643 450.000000
272.084087 450.000000
274.085065 450.000000
276.086043 450.000000
278.087021 450.000000
282.088976 450.000000
286.090932 450.000000
287.091421 450.000000
288.091909 450.000000
290.092887 450.000000
294.094843 450.000000
295.095332 450.000000
298.096798 450.000000
299.097287 450.000000
301.098265 450.000000
302.098754 450.000000
303.099243 450.000000
304.099732 450.000000
308.101687 450.000000
309.102176 450.000000
313.104131 450.000000
314.104620 450.000000
315.105109 450.000000
318.106576 450.000000
319.107065 450.000000
322.108531 450.000000
324.109509 450.000000
325.109998 450.000000
327.110976 450.000000
330.112442 450.000000
331.112931 450.000000
332.113420 450.000000
333.113909 450.000000
338.116353 450.000000
340.117331 450.000000
341.117820 450.000000
343.118798 450.000000
346.120265 450.000000
347.120753 450.000000
348.121242 450.000000
349.121731 450.000000
351.122709 450.000000
352.123198 450.000000
353.123687 450.000000
354.124176 450.000000
355.124664 450.000000
358.126131 450.000000
359.126620 450.000000
360.127109 450.000000
362.128087 450.000000
365.129553 450.000000
367.130531 450.000000
372.635575 447.396575
374.639693 443.925341
375.140722 443.057532
375.641752 442.189724
376.643810 440.454107
377.645869 438.718490
380.652046 433.511639
383.157193 429.172597
384.159252 427.436980
386.163370 423.965746
386.664399 423.097938
387.165429 422.230129
387.666458 421.362321
388.167488 420.494512
388.668517 419.626704
389.670576 417.891087
390.672635 416.155470
393.177782 411.816428
393.678812 410.948619
395.682930 407.477385
396.183959 406.609577
396.684988 405.741768
397.186018 404.873960
397.687047 404.006151
399.190136 401.402726
400.693224 398.799301
401.695283 397.063684
402.697342 395.328067
404.200430 392.724641
404.701460 391.856833
405.202489 390.989025
405.703519 390.121216
406.204548 389.253408
407.206607 387.517791
410.713813 381.443131
411.214842 380.575323
411.715872 379.707515
413.218960 377.104089
414.221019 375.368472
415.223078 373.632855
415.724108 372.765047
417.227196 370.161621
419.732343 365.822579
420.233373 364.954771
421.235431 363.219154
421.736461 362.351345
422.237490 361.483537
422.738520 360.615728
425.744697 355.408878
426.245726 354.541069
427.748814 351.937644
428.249844 351.069835
428.750873 350.202027
429.251903 349.334218
431.256020 345.862984
434.262197 340.656134
435.765286 338.052708
436.266315 337.184900
437.769403 334.581474
438.270433 333.713666
438.771462 332.845858
440.274551 330.242432
440.775580 329.374624
441.777639 327.639007
442.278668 326.771198
442.779698 325.903390
443.280727 325.035581
446.787933 318.960922
447.288963 318.093114
448.291022 316.357497
449.293081 314.621880
451.297198 311.150646
452.299257 309.415029
452.800287 308.547221
454.303375 305.943795
455.305434 304.208178
456.808522 301.604753
458.812640 298.133519
459.313670 297.265711
459.814699 296.397902
461.818817 292.926668
463.822935 289.455434
464.323964 288.587626
464.824994 287.719818
465.827052 285.984201
467.330141 283.380775
468.332200 281.645158
469.334259 279.909541
470.336318 278.173924
471.338376 276.438307
472.340435 274.702691
472.841465 273.834882
473.342494 272.967074
474.344553 271.231457
475.847641 268.628031
478.352789 264.288989
479.855877 261.685564
482.862054 256.478713
483.363083 255.610904
484.866172 253.007479
488.874407 246.065011
489.375437 245.197203
489.876466 244.329394
491.379554 241.725969
493.383672 238.254735
493.884702 237.386927
494.886761 235.651310
496.389849 233.047884
499.396026 227.841034
500.398085 226.105417
501.901173 223.501991
504.406320 219.162949
504.907350 218.295140
507.913526 213.088290
508.414556 212.220481
508.915585 211.352673
509.416615 210.484864
509.917644 209.617056
510.418673 208.749247
511.420732 207.013630
511.921762 206.145822
512.422791 205.278014
512.923821 204.410205
514.426909 201.806780
514.927939 200.938971
515.428968 200.071163
515.929997 199.203354
516.431027 198.335546
516.932056 197.467737
518.936174 193.996504
520.439262 191.393078
521.441321 189.657461
523.445439 186.186227
526.952645 180.111568
527.954704 178.375951
529.457793 175.772526
531.962940 171.433484
532.463969 170.565675
534.468087 167.094441
535.470146 165.358824
535.971175 164.491016
536.472205 163.623207
536.973234 162.755399
538.977352 159.284165
539.979411 157.548548
540.981470 155.812931
541.482499 154.945123
542.484558 153.209506
544.488676 149.738272
544.989706 148.870463
545.490735 148.002655
546.492794 146.267038
547.494853 144.531421
547.995882 143.663613
550.000000 140.192379
551.002059 141.927996
551.503088 142.795804
552.004118 143.663613
554.008236 147.134847
555.010294 148.870463
555.511324 149.738272
556.012353 150.606080
558.517501 154.945123
559.018530 155.812931
559.519560 156.680740
561.022648 159.284165
563.026766 162.755399
564.028825 164.491016
565.030883 166.226633
567.035001 169.697867
567.536031 170.565675
568.037060 171.433484
569.039119 173.169100
571.544266 177.508143
572.045296 178.375951
573.548384 180.979377
574.049414 181.847185
576.554561 186.186227
578.057649 188.789653
584.070003 199.203354
585.072061 200.938971
586.074120 202.674588
586.575150 203.542397
587.577209 205.278014
588.078238 206.145822
590.082356 209.617056
591.084415 211.352673
592.086474 213.088290
593.589562 215.691715
594.090592 216.559524
595.092650 218.295140
595.593680 219.162949
597.597798 222.634183
598.098827 223.501991
599.601915 226.105417
601.105004 228.708842
601.606033 229.576651
602.107063 230.444459
602.608092 231.312267
604.111181 233.915693
604.612210 234.783501
605.113239 235.651310
608.119416 240.858161
608.620446 241.725969
609.121475 242.593777
609.622504 243.461586
612.127652 247.800628
613.129711 249.536245
615.133828 253.007479
619.643093 260.817755
620.144123 261.685564
620.645152 262.553372
622.148241 265.156797
622.649270 266.024606
623.150300 266.892414
623.651329 267.760223
624.152359 268.628031
626.156476 272.099265
627.659565 274.702691
628.661624 276.438307
629.663682 278.173924
630.665741 279.909541
631.166771 280.777350
631.667800 281.645158
632.168830 282.512967
633.170889 284.248584
635.676036 288.587626
636.678095 290.323243
637.179124 291.191051
637.680154 292.058860
638.682213 293.794477
640.185301 296.397902
640.686330 297.265711
641.688389 299.001328
642.189419 299.869136
643.191478 301.604753
644.193536 303.340370
645.195595 305.075987
646.197654 306.811604
647.700743 309.415029
649.704860 312.886263
650.205890 313.754071
651.207949 315.489688
652.210008 317.225305
654.214125 320.696539
654.715155 321.564348
655.216184 322.432156
656.719273 325.035581
658.723391 328.506815
659.725449 330.242432
661.228538 332.845858
666.238832 341.523942
666.739862 342.391751
667.240891 343.259559
668.743980 345.862984
669.746038 347.598601
670.247068 348.466410
671.249127 350.202027
673.253245 353.673261
674.255303 355.408878
675.257362 357.144495
675.758392 358.012303
676.259421 358.880111
676.760451 359.747920
677.762510 361.483537
678.764569 363.219154
680.267657 365.822579
680.768686 366.690388
682.271775 369.293813
683.774863 371.897238
684.275892 372.765047
685.277951 374.500664
686.280010 376.236281
686.781040 377.104089
687.282069 377.971898
687.783099 378.839706
688.284128 379.707515
689.286187 381.443131
690.288246 383.178748
691.290305 384.914365
692.292364 386.649982
693.294423 388.385599
694.296481 390.121216
694.797511 390.989025
698.304717 397.063684
699.306776 398.799301
699.807805 399.667109
700.809864 401.402726
702.813982 404.873960
703.816041 406.609577
704.818100 408.345194
705.319129 409.213002
707.323247 412.684236
707.824277 413.552045
709.327365 416.155470
709.828394 417.023278
710.329424 417.891087
711.832512 420.494512
715.840748 427.436980
716.842807 429.172597
719.848983 434.379448
720.350013 435.247256
722.354131 438.718490
724.358248 442.189724
724.859278 443.057532
726.362366 445.660958
726.863396 446.528766
727.364425 447.396575
727.865455 448.264383
728.867513 450.000000
728.867513 450.000000
729.868002 450.000000
731.868980 450.000000
732.869469 450.000000
739.872891 450.000000
740.873380 450.000000
742.874358 450.000000
743.874847 450.000000
744.875336 450.000000
746.876313 450.000000
749.877780 450.000000
750.878269 450.000000
751.878758 450.000000
753.879735 450.000000
757.881691 450.000000
758.882180 450.000000
759.882669 450.000000
765.885602 450.000000
767.886580 450.000000
773.889513 450.000000
776.890980 450.000000
780.892935 450.000000
781.893424 450.000000
784.894891 450.000000
787.896357 450.000000
790.897824 450.000000
793.899291 450.000000
796.900757 450.000000
797.901246 450.000000
798.901735 450.000000
799.902224 450.000000
800.902713 450.000000
801.903202 450.000000
803.904179 450.000000
805.905157 450.000000
806.905646 450.000000
808.906624 450.000000
811.908091 450.000000
812.908579 450.000000
816.910535 450.000000
817.911024 450.000000
818.911513 450.000000
819.912002 450.000000
821.912979 450.000000
823.913957 450.000000
824.914446 450.000000
825.914935 450.000000
827.915913 450.000000
829.916890 450.000000
831.917868 450.000000
832.918357 450.000000
835.919824 450.000000
836.920313 450.000000
837.920801 450.000000
838.921290 450.000000
839.921779 450.000000
840.922268 450.000000
842.923246 450.000000
845.924712 450.000000
847.925690 450.000000
850.927157 450.000000
852.928135 450.000000
853.928623 450.000000
854.929112 450.000000
859.931557 450.000000
864.934001 450.000000
866.934979 450.000000
870.936934 450.000000
871.937423 450.000000
874.938890 450.000000
876.939868 450.000000
877.940357 450.000000
878.940845 450.000000
881.942312 450.000000
883.943290 450.000000
885.944268 450.000000
886.944757 450.000000
889.946223 450.000000
890.946712 450.000000
892.947690 450.000000
893.948179 450.000000
894.948668 450.000000
896.949645 450.000000
897.950134 450.000000
898.950623 450.000000
900.951601 450.000000
902.952579 450.000000
904.953556 450.000000
905.954045 450.000000
907.955023 450.000000
908.955512 450.000000
909.956001 450.000000
910.956490 450.000000
912.957467 450.000000
914.958445 450.000000
915.958934 450.000000
916.959423 450.000000
919.960890 450.000000
924.963334 450.000000
929.965778 450.000000
930.966267 450.000000
931.966756 450.000000
932.967245 450.000000
933.967734 450.000000
934.968223 450.000000
936.969201 450.000000
945.973600 450.000000
947.974578 450.000000
948.975067 450.000000
950.976045 450.000000
951.976534 450.000000
953.977512 450.000000
955.978489 450.000000
956.978978 450.000000
958.979956 450.000000
963.982400 450.000000
966.983867 450.000000
969.985334 450.000000
971.986311 450.000000
972.986800 450.000000
976.988756 450.000000
977.989245 450.000000
978.989734 450.000000
982.991689 450.000000
983.992178 450.000000
984.992667 450.000000
986.993645 450.000000
993.997067 450.000000
994.997556 450.000000
996.998533 450.000000
1000.000000 450.000000
1000.000000 450.000000
1000.000000 451.000000
1000.000000 452.000000
1000.000000 453.000000
1000.000000 454.000000
1000.000000 455.000000
1000.000000 456.000000
1000.000000 457.000000
1000.000000 458.000000
1000.000000 459.000000
1000.000000 460.000000
1000.000000 461.000000
1000.000000 462.000000
1000.000000 463.000000
1000.000000 465.000000
1000.000000 466.000000
1000.000000 467.000000
1000.000000 468.000000
1000.000000 469.000000
1000.000000 470.000000
1000.000000 472.000000
1000.000000 473.000000
1000.000000 474.000000
1000.000000 475.000000
1000.000000 476.000000
1000.000000 477.000000
1000.000000 478.000000
1000.000000 479.000000
1000.000000 480.000000
1000.000000 481.000000
1000.000000 482.000000
1000.000000 483.000000
1000.000000 485.000000
1000.000000 486.000000
1000.000000 487.000000
1000.000000 488.000000
1000.000000 489.000000
1000.000000 490.000000
1000.000000 491.000000
1000.000000 492.000000
1000.000000 493.000000
1000.000000 495.000000
1000.000000 496.000000
1000.000000 497.000000
1000.000000 498.000000
1000.000000 499.000000
1000.000000 500.000000
1000.000000 501.000000
1000.000000 502.000000
1000.000000 505.000000
1000.000000 507.000000
1000.000000 508.000000
1000.000000 509.000000
1000.000000 511.000000
1000.000000 512.000000
1000.000000 513.000000
1000.000000 514.000000
1000.000000 516.000000
1000.000000 517.000000
1000.000000 518.000000
1000.000000 519.000000
1000.000000 520.000000
1000.000000 521.000000
1000.000000 522.000000
1000.000000 523.000000
1000.000000 524.000000
1000.000000 525.000000
1000.000000 526.000000
1000.000000 527.000000
1000.000000 528.000000
1000.000000 529.000000
1000.000000 530.000000
1000.000000 531.000000
1000.000000 532.000000
1000.000000 534.000000
1000.000000 535.000000
1000.000000 536.000000
1000.000000 537.000000
1000.000000 538.000000
1000.000000 539.000000
1000.000000 540.000000
1000.000000 541.000000
1000.000000 542.000000
1000.000000 543.000000
1000.000000 544.000000
1000.000000 545.000000
1000.000000 546.000000
1000.000000 547.000000
1000.000000 548.000000
1000.000000 549.000000
1000.000000 550.000000
998.997355 550.000000
996.992065 550.000000
995.989421 550.000000
993.984131 550.000000
992.981486 550.000000
991.978841 550.000000
990.976196 550.000000
989.973551 550.000000
987.968262 550.000000
986.965617 550.000000
985.962972 550.000000
983.957682 550.000000
980.949748 550.000000
977.941813 550.000000
976.939168 550.000000
975.936523 550.000000
973.931234 550.000000
970.923299 550.000000
966.912720 550.000000
963.904785 550.000000
960.896851 550.000000
959.894206 550.000000
956.886271 550.000000
954.880981 550.000000
953.878337 550.000000
948.865112 550.000000
941.846598 550.000000
938.838664 550.000000
936.833374 550.000000
935.830729 550.000000
931.820150 550.000000
927.809570 550.000000
925.804280 550.000000
924.801636 550.000000
920.791056 550.000000
918.785766 550.000000
917.783122 550.000000
916.780477 550.000000
914.775187 550.000000
913.772542 550.000000
908.759318 550.000000
904.748738 550.000000
903.746094 550.000000
901.740804 550.000000
899.735514 550.000000
898.732869 550.000000
895.724935 550.000000
889.709066 550.000000
888.706421 550.000000
880.685262 550.000000
878.679972 550.000000
877.677327 550.000000
873.666748 550.000000
872.664103 550.000000
871.661458 550.000000
870.658813 550.000000
868.653524 550.000000
867.650879 550.000000
865.645589 550.000000
863.640299 550.000000
861.635010 550.000000
857.624430 550.000000
853.613851 550.000000
851.608561 550.000000
850.605916 550.000000
848.600626 550.000000
844.590047 550.000000
841.582112 550.000000
834.563598 550.000000
832.558309 550.000000
830.553019 550.000000
827.545084 550.000000
826.542440 550.000000
825.539795 550.000000
821.529215 550.000000
820.526570 550.000000
818.521281 550.000000
817.518636 550.000000
815.513346 550.000000
814.510701 550.000000
811.502767 550.000000
804.484253 550.000000
801.476318 550.000000
796.463094 550.000000
794.457804 550.000000
793.455159 550.000000
792.452514 550.000000
790.447225 550.000000
787.439290 550.000000
785.434000 550.000000
783.428711 550.000000
779.418131 550.000000
774.404907 550.000000
772.399617 550.000000
770.394327 550.000000
768.389038 550.000000
767.386393 550.000000
766.383748 550.000000
764.378458 550.000000
762.373169 550.000000
761.370524 550.000000
758.362589 550.000000
757.359944 550.000000
754.352010 550.000000
753.349365 550.000000
751.344075 550.000000
750.341430 550.000000
749.338785 550.000000
748.336141 550.000000
746.330851 550.000000
745.328206 550.000000
744.325561 550.000000
743.322916 550.000000
741.317627 550.000000
739.312337 550.000000
737.307047 550.000000
736.304402 550.000000
731.291178 550.000000
729.285888 550.000000
728.283243 550.000000
727.280599 550.000000
726.277954 550.000000
724.272664 550.000000
722.267374 550.000000
721.264729 550.000000
719.259440 550.000000
718.256795 550.000000
716.251505 550.000000
714.246215 550.000000
706.225057 550.000000
701.211832 550.000000
698.203898 550.000000
697.201253 550.000000
696.198608 550.000000
693.190673 550.000000
691.185384 550.000000
689.180094 550.000000
688.177449 550.000000
685.169515 550.000000
684.166870 550.000000
681.158935 550.000000
679.153645 550.000000
678.151001 550.000000
675.143066 550.000000
673.137776 550.000000
671.132487 550.000000
671.132487 550.000000
670.631939 549.133026
669.630844 547.399079
668.629749 545.665132
668.129202 544.798158
667.628654 543.931185
666.627559 542.197237
666.127012 541.330264
665.626464 540.463290
665.125917 539.596316
664.124822 537.862369
663.624275 536.995395
663.123727 536.128422
662.623180 535.261448
661.622085 533.527501
661.121537 532.660527
660.120442 530.926580
659.619895 530.059606
659.119347 529.192633
657.617705 526.591712
657.117158 525.724738
656.616610 524.857764
656.116063 523.990791
655.615515 523.123817
654.614420 521.389870
652.612230 517.921975
651.110588 515.321054
650.610040 514.454081
650.109493 513.587107
649.608946 512.720133
648.607851 510.986186
647.106208 508.385265
646.605661 507.518292
645.604566 505.784344
645.104018 504.917371
644.603471 504.050397
643.602376 502.316450
642.601281 500.582502
642.100734 499.715529
641.600186 498.848555
641.099639 497.981582
640.098544 496.247634
639.097449 494.513687
638.596901 493.646713
637.595806 491.912766
637.095259 491.045792
636.594711 490.178819
635.593617 488.444871
634.091974 485.843951
633.591427 484.976977
631.589237 481.509082
631.088689 480.642109
630.588142 479.775135
629.587047 478.041188
629.086499 477.174214
628.585952 476.307241
628.085405 475.440267
627.584857 474.573293
627.084310 473.706320
626.583762 472.839346
625.082120 470.238425
624.081025 468.504478
623.580477 467.637504
620.076645 461.568689
619.576098 460.701715
618.074455 458.100794
617.573908 457.233820
616.572813 455.499873
616.072265 454.632899
615.571718 453.765926
615.071170 452.898952
613.569528 450.298031
613.068981 449.431058
612.067886 447.697110
611.567338 446.830137
609.565148 443.362242
608.564053 441.628295
608.063506 440.761321
607.062411 439.027374
606.561864 438.160400
604.559674 434.692506
603.058031 432.091585
602.557484 431.224611
602.056936 430.357638
600.054747 426.889743
598.553104 424.288822
597.552009 422.554875
596.550914 420.820927
595.549819 419.086980
595.049272 418.220007
593.547629 415.619086
591.545440 412.151191
591.044892 411.284217
590.544345 410.417244
589.543250 408.683297
588.542155 406.949349
587.541060 405.215402
587.040512 404.348428
586.039417 402.614481
584.537775 400.013560
582.535585 396.545666
582.035038 395.678692
581.534490 394.811718
580.533395 393.077771
579.031753 390.476850
578.030658 388.742903
577.530111 387.875929
576.529016 386.141982
576.028468 385.275008
575.027373 383.541061
574.526826 382.674087
573.525731 380.940140
573.025183 380.073166
572.524636 379.206193
572.024088 378.339219
571.523541 377.472245
571.022994 376.605272
570.522446 375.738298
570.021899 374.871325
569.521351 374.004351
569.020804 373.137377
568.520256 372.270404
568.019709 371.403430
567.519161 370.536456
567.018614 369.669483
566.518066 368.802509
566.017519 367.935535
565.016424 366.201588
564.515876 365.334614
564.015329 364.467641
559.510402 356.664878
559.009854 355.797904
558.509307 354.930931
557.007665 352.330010
555.005475 348.862115
554.004380 347.128168
553.003285 345.394221
552.502737 344.527247
551.501642 342.793300
551.001095 341.926326
550.000000 340.192379
549.499453 341.059353
548.998905 341.926326
548.498358 342.793300
545.995620 347.128168
543.993430 350.596063
542.491788 353.196983
541.991241 354.063957
540.990146 355.797904
538.987956 359.265799
538.487408 360.132773
537.986861 360.999746
537.486313 361.866720
536.985766 362.733694
536.485218 363.600667
534.483029 367.068562
533.982481 367.935535
533.481934 368.802509
532.981386 369.669483
532.480839 370.536456
531.980291 371.403430
531.479744 372.270404
527.975912 378.339219
527.475364 379.206193
526.474269 380.940140
524.972627 383.541061
524.472079 384.408035
523.971532 385.275008
522.469889 387.875929
521.969342 388.742903
521.468794 389.609876
520.968247 390.476850
519.466605 393.077771
518.966057 393.944745
518.465510 394.811718
514.961677 400.880534
514.461130 401.747507
513.460035 403.481455
512.959488 404.348428
511.958393 406.082376
511.457845 406.949349
510.957298 407.816323
510.456750 408.683297
509.956203 409.550270
509.455655 410.417244
508.955108 411.284217
508.454560 412.151191
505.951823 416.486059
505.451276 417.353033
504.950728 418.220007
503.949633 419.953954
503.449086 420.820927
502.447991 422.554875
501.947443 423.421848
499.945253 426.889743
499.444706 427.756717
498.944159 428.623690
497.442516 431.224611
496.941969 432.091585
496.441421 432.958558
495.440326 434.692506
494.939779 435.559479
494.439231 436.426453
493.438136 438.160400
492.937589 439.027374
492.437042 439.894348
491.936494 440.761321
490.434852 443.362242
488.933209 445.963163
488.432662 446.830137
487.431567 448.564084
486.931019 449.431058
485.429377 452.031979
484.928830 452.898952
484.428282 453.765926
483.927735 454.632899
482.926640 456.366847
482.426092 457.233820
481.424997 458.967768
480.423902 460.701715
479.923355 461.568689
478.922260 463.302636
478.421712 464.169610
477.921165 465.036583
475.418428 469.371451
474.417333 471.105399
473.916785 471.972372
472.915690 473.706320
472.415143 474.573293
471.914595 475.440267
471.414048 476.307241
470.412953 478.041188
469.912406 478.908161
468.911311 480.642109
468.410763 481.509082
467.910216 482.376056
465.407478 486.710924
462.904741 491.045792
460.402004 495.380661
459.400909 497.114608
458.900361 497.981582
458.399814 498.848555
457.398719 500.582502
455.897077 503.183423
455.396529 504.050397
454.395434 505.784344
453.894887 506.651318
451.392149 510.986186
450.891602 511.853160
449.890507 513.587107
449.389960 514.454081
448.388865 516.188028
445.886127 520.522896
445.385580 521.389870
444.885032 522.256843
442.882842 525.724738
442.382295 526.591712
441.381200 528.325659
439.879558 530.926580
439.379010 531.793554
438.878463 532.660527
435.875178 537.862369
435.374631 538.729343
434.874083 539.596316
433.872988 541.330264
433.372441 542.197237
431.370251 545.665132
429.868608 548.266053
429.368061 549.133026
428.867513 550.000000
427.864869 550.000000
426.862224 550.000000
425.859579 550.000000
424.856934 550.000000
423.854289 550.000000
419.843710 550.000000
418.841065 550.000000
417.838420 550.000000
416.835775 550.000000
412.825196 550.000000
410.819906 550.000000
408.814616 550.000000
402.798747 550.000000
401.796102 550.000000
399.790813 550.000000
398.788168 550.000000
394.777588 550.000000
393.774943 550.000000
392.772299 550.000000
389.764364 550.000000
386.756429 550.000000
385.753785 550.000000
384.751140 550.000000
382.745850 550.000000
380.740560 550.000000
379.737915 550.000000
376.729981 550.000000
372.719401 550.000000
371.716757 550.000000
365.700887 550.000000
364.698243 550.000000
363.695598 550.000000
361.690308 550.000000
356.677084 550.000000
354.671794 550.000000
353.669149 550.000000
352.666504 550.000000
350.661215 550.000000
349.658570 550.000000
348.655925 550.000000
347.653280 550.000000
346.650635 550.000000
345.647990 550.000000
344.645345 550.000000
343.642701 550.000000
338.629476 550.000000
337.626831 550.000000
335.621542 550.000000
332.613607 550.000000
331.610962 550.000000
329.605673 550.000000
328.603028 550.000000
327.600383 550.000000
325.595093 550.000000
316.571289 550.000000
315.568644 550.000000
314.566000 550.000000
307.547486 550.000000
306.544841 550.000000
304.539551 550.000000
302.534261 550.000000
301.531616 550.000000
299.526327 550.000000
298.523682 550.000000
296.518392 550.000000
293.510458 550.000000
291.505168 550.000000
289.499878 550.000000
287.494588 550.000000
284.486654 550.000000
283.484009 550.000000
281.478719 550.000000
277.468140 550.000000
271.452271 550.000000
270.449626 550.000000
265.436402 550.000000
261.425822 550.000000
258.417888 550.000000
254.407308 550.000000
253.404663 550.000000
251.399374 550.000000
250.396729 550.000000
249.394084 550.000000
248.391439 550.000000
247.388794 550.000000
245.383504 550.000000
243.378215 550.000000
241.372925 550.000000
240.370280 550.000000
238.364990 550.000000
233.351766 550.000000
222.322673 550.000000
220.317383 550.000000
216.306804 550.000000
215.304159 550.000000
213.298869 550.000000
209.288290 550.000000
206.280355 550.000000
205.277710 550.000000
203.272420 550.000000
201.267131 550.000000
198.259196 550.000000
196.253906 550.000000
195.251262 550.000000
194.248617 550.000000
193.245972 550.000000
191.240682 550.000000
190.238037 550.000000
189.235392 550.000000
188.232748 550.000000
186.227458 550.000000
181.214234 550.000000
178.206299 550.000000
177.203654 550.000000
176.201009 550.000000
173.193075 550.000000
171.187785 550.000000
166.174561 550.000000
165.171916 550.000000
164.169271 550.000000
162.163981 550.000000
157.150757 550.000000
154.142822 550.000000
153.140177 550.000000
152.137533 550.000000
151.134888 550.000000
149.129598 550.000000
148.126953 550.000000
147.124308 550.000000
144.116374 550.000000
143.113729 550.000000
142.111084 550.000000
141.108439 550.000000
140.105794 550.000000
135.092570 550.000000
134.089925 550.000000
133.087280 550.000000
131.081991 550.000000
130.079346 550.000000
122.058187 550.000000
121.055542 550.000000
118.047607 550.000000
116.042318 550.000000
115.039673 550.000000
113.034383 550.000000
111.029093 550.000000
110.026449 550.000000
109.023804 550.000000
102.005290 550.000000
