1250
100.000000 450.000000
101.001866 450.000000
104.007464 450.000000
106.011196 450.000000
107.013062 450.000000
108.014928 450.000000
112.022392 450.000000
114.026124 450.000000
115.027990 450.000000
117.031722 450.000000
120.037320 450.000000
122.041052 450.000000
123.042918 450.000000
124.044784 450.000000
125.046650 450.000000
127.050382 450.000000
129.054114 450.000000
131.057846 450.000000
132.059712 450.000000
133.061578 450.000000
134.063444 450.000000
135.065310 450.000000
140.074641 450.000000
141.076507 450.000000
142.078373 450.000000
144.082105 450.000000
145.083971 450.000000
149.091435 450.000000
150.093301 450.000000
153.098899 450.000000
154.100765 450.000000
155.102631 450.000000
157.106363 450.000000
161.113827 450.000000
164.119425 450.000000
165.121291 450.000000
166.123157 450.000000
168.126889 450.000000
169.128755 450.000000
171.132487 450.000000
171.132487 450.000000
173.141850 446.519681
173.644191 445.649601
175.151214 443.039361
175.653555 442.169281
176.155895 441.299201
177.662918 438.688962
179.169941 436.078722
179.672281 435.208642
180.174622 434.338562
180.676963 433.468482
182.686326 429.988163
187.207394 422.157444
187.709735 421.287364
188.212076 420.417284
188.714417 419.547204
192.230803 413.456645
193.737825 410.846406
196.249529 406.496006
198.258893 403.015687
199.765915 400.405447
200.268256 399.535367
200.770597 398.665288
201.272938 397.795208
205.291665 390.834569
205.794005 389.964489
206.296346 389.094409
210.315073 382.133770
211.319755 380.393610
212.324436 378.653450
213.831459 376.043211
214.836141 374.303051
219.357208 366.472332
219.859549 365.602252
220.864231 363.862093
225.385298 356.031374
225.887639 355.161294
226.389980 354.291214
227.394662 352.551054
229.906366 348.200655
232.418070 343.850256
233.925093 341.240016
234.929775 339.499856
235.432115 338.629776
235.934456 337.759696
236.939138 336.019537
238.446161 333.409297
238.948501 332.539217
244.976592 322.098259
246.483614 319.488019
250.000000 313.397460
251.004682 315.137620
251.507023 316.007700
252.511704 317.747859
258.037454 327.318738
259.544476 329.928978
261.553839 333.409297
262.558521 335.149457
263.563203 336.889617
270.595975 349.070735
271.098316 349.940815
273.610020 354.291214
275.117042 356.901454
275.619383 357.771534
276.121724 358.641613
286.168541 376.043211
288.680245 380.393610
289.182586 381.263690
289.684927 382.133770
290.187268 383.003850
294.205995 389.964489
295.210676 391.704649
296.717699 394.314888
301.238766 402.145607
303.248130 405.625926
304.755152 408.236166
309.276220 416.066885
310.280902 417.807045
310.783243 418.677125
313.294947 423.027524
313.797288 423.897604
314.801969 425.637764
315.304310 426.507843
322.839423 439.559042
326.858150 446.519681
327.360490 447.389760
328.867513 450.000000
328.867513 450.000000
329.873822 450.000000
330.880131 450.000000
331.886440 450.000000
332.892749 450.000000
335.911675 450.000000
338.930602 450.000000
339.936911 450.000000
340.943220 450.000000
342.955838 450.000000
346.981073 450.000000
347.987382 450.000000
351.006309 450.000000
352.012618 450.000000
353.018927 450.000000
354.025236 450.000000
355.031545 450.000000
356.037853 450.000000
357.044162 450.000000
358.050471 450.000000
360.063089 450.000000
361.069398 450.000000
362.075707 450.000000
363.082016 450.000000
365.094634 450.000000
366.100942 450.000000
367.107251 450.000000
369.119869 450.000000
370.126178 450.000000
371.132487 450.000000
371.635641 449.128511
372.138796 448.257022
372.641950 447.385533
373.145105 446.514044
373.648259 445.642555
374.151414 444.771066
374.654568 443.899577
375.157722 443.028088
375.660877 442.156599
376.164031 441.285110
377.673495 438.670642
378.176649 437.799153
379.686112 435.184686
380.189267 434.313197
381.195576 432.570219
381.698730 431.698730
382.705039 429.955752
383.208193 429.084263
384.214502 427.341285
384.717657 426.469796
385.723965 424.726818
386.227120 423.855329
386.730274 422.983840
387.233429 422.112350
388.239738 420.369372
388.742892 419.497883
389.246046 418.626394
390.252355 416.883416
390.755510 416.011927
391.761819 414.268949
392.264973 413.397460
390.255610 409.917140
389.250928 408.176981
388.748587 407.306901
387.241565 404.696661
386.739224 403.826581
384.729860 400.346262
383.725179 398.606102
383.222838 397.736022
382.720497 396.865942
380.208793 392.515543
377.697088 388.165144
376.692407 386.424984
374.683043 382.944664
373.176021 380.334425
371.166657 376.854105
367.147931 369.893466
366.143249 368.153306
361.119840 359.452508
359.612818 356.842268
355.091750 349.011549
353.082387 345.531229
352.580046 344.661150
347.556638 335.960351
345.547274 332.480031
342.533229 327.259552
341.528547 325.519392
340.523866 323.779232
340.021525 322.909153
338.012162 319.428833
337.007480 317.688673
335.500457 315.078434
334.998116 314.208354
332.486412 309.857954
331.481730 308.117795
329.472367 304.637475
327.463004 301.157156
325.955981 298.546916
324.951299 296.806756
323.444277 294.196517
322.439595 292.456357
319.927891 288.105957
315.406823 276.794919
316.411505 276.794919
318.420869 276.794919
321.434914 276.794919
323.444277 276.794919
325.453640 276.794919
330.477049 276.794919
331.481731 276.794919
332.486412 276.794919
333.491094 276.794919
338.514503 276.794919
339.519184 276.794919
343.537911 276.794919
347.556638 276.794919
351.575365 276.794919
354.589410 276.794919
356.598773 276.794919
365.640908 276.794919
373.678362 276.794919
374.683044 276.794919
380.711134 276.794919
381.715816 276.794919
387.743906 276.794919
388.748588 276.794919
393.771996 276.794919
395.781359 276.794919
396.786041 276.794919
397.790723 276.794919
401.809450 276.794919
403.818813 276.794919
411.856267 276.794919
412.860948 276.794919
417.884357 276.794919
424.917129 276.794919
425.921810 276.794919
431.949901 276.794919
435.968627 276.794919
439.987354 276.794919
446.015444 276.794919
447.020126 276.794919
448.024808 276.794919
451.038853 276.794919
460.080988 276.794919
461.085670 276.794919
466.109078 276.794919
469.123124 276.794919
471.132487 276.794919
472.137169 275.054759
476.658236 267.224040
479.169941 262.873641
479.672281 262.003561
480.174622 261.133481
481.681645 258.523242
482.183986 257.653162
483.188667 255.913002
486.202712 250.692523
487.709735 248.082283
492.733143 239.381484
494.240166 236.771245
495.747189 234.161005
496.249529 233.290925
496.751870 232.420845
497.254211 231.550766
500.268256 226.330286
505.291665 217.629488
507.803369 213.279088
509.812732 209.798769
512.826777 204.578290
514.836141 201.097970
521.366572 189.786932
523.375935 186.306612
524.882958 183.696373
525.385298 182.826293
529.404025 175.865654
530.911048 173.255414
531.413389 172.385334
532.920411 169.775095
536.939138 162.814456
540.957865 155.853817
541.962546 154.113657
542.464887 153.243577
542.967228 152.373497
543.971910 150.633337
544.976592 148.893178
546.985955 145.412858
547.488296 144.542778
550.502341 141.062459
551.004682 141.932539
554.521068 148.023098
556.028090 150.633337
557.032772 152.373497
557.535113 153.243577
558.037454 154.113657
561.553839 160.204216
562.056180 161.074296
563.060862 162.814456
564.065544 164.554615
565.572566 167.164855
570.093634 174.995574
570.595975 175.865654
572.102997 178.475893
572.605338 179.345973
574.112361 181.956213
576.624065 186.306612
578.633428 189.786932
581.145133 194.137331
581.647473 195.007411
582.652155 196.747571
583.154496 197.617651
584.661518 200.227890
586.670882 203.708210
589.182586 208.058609
590.187268 209.798769
599.731744 226.330286
601.238766 228.940526
602.243448 230.680686
604.252811 234.161005
604.755152 235.031085
606.764516 238.511405
607.266857 239.381484
607.769197 240.251564
608.773879 241.991724
612.290265 248.082283
615.304310 253.302762
615.806651 254.172842
616.308992 255.042922
618.820696 259.393322
623.341764 267.224040
624.346445 268.964200
625.351127 270.704360
628.867513 276.794919
634.895603 276.794919
637.909648 276.794919
639.919012 276.794919
641.928375 276.794919
642.933057 276.794919
646.951784 276.794919
648.961147 276.794919
659.007964 276.794919
663.026691 276.794919
664.031373 276.794919
667.045418 276.794919
675.082871 276.794919
678.096916 276.794919
681.110961 276.794919
683.120325 276.794919
688.143733 276.794919
695.176505 276.794919
699.195232 276.794919
703.213959 276.794919
707.232686 276.794919
708.237367 276.794919
709.242049 276.794919
716.274821 276.794919
718.284184 276.794919
722.302911 276.794919
724.312275 276.794919
726.321638 276.794919
728.331001 276.794919
733.354410 276.794919
735.363773 276.794919
747.419954 276.794919
748.424635 276.794919
749.429317 276.794919
753.448044 276.794919
756.462089 276.794919
759.476134 276.794919
766.508906 276.794919
775.551041 276.794919
778.565086 276.794919
780.574450 276.794919
782.583813 276.794919
784.593177 276.794919
785.597858 276.794919
785.597858 278.535079
783.588495 282.015398
777.560405 292.456357
776.053382 295.066596
774.546360 297.676836
771.029974 303.767395
770.527633 304.637475
768.518270 308.117795
763.494861 316.818593
762.992520 317.688673
762.490179 318.558753
760.983157 321.168993
759.476134 323.779232
758.973793 324.649312
755.457407 330.739871
754.955067 331.609951
749.429317 341.180830
748.926976 342.050910
747.419954 344.661150
745.912931 347.271389
745.410591 348.141469
744.405909 349.881629
742.898886 352.491868
737.373137 362.062747
735.363774 365.543067
734.359092 367.283226
733.354410 369.023386
732.852069 369.893466
722.805252 387.295064
722.302912 388.165144
720.795889 390.775383
719.791207 392.515543
719.288866 393.385623
718.284185 395.125783
716.777162 397.736022
716.274821 398.606102
714.265458 402.086422
713.763117 402.956501
711.251413 407.306901
710.246731 409.047061
709.242050 410.787220
707.735027 413.397460
707.735027 413.397460
708.741336 415.140438
709.244490 416.011927
709.747645 416.883416
710.250799 417.754905
710.753954 418.626394
711.760262 420.369372
712.263417 421.240861
712.766571 422.112350
713.269726 422.983840
713.772880 423.855329
714.276035 424.726818
715.282343 426.469796
715.785498 427.341285
716.288652 428.212774
716.791807 429.084263
717.294961 429.955752
718.301270 431.698730
718.804424 432.570219
719.307579 433.441708
719.810733 434.313197
720.313888 435.184686
721.320197 436.927664
722.326505 438.670642
722.829660 439.542131
723.835969 441.285110
724.339123 442.156599
725.345432 443.899577
725.848586 444.771066
726.351741 445.642555
728.364359 449.128511
728.867513 450.000000
731.886440 450.000000
732.892749 450.000000
733.899058 450.000000
734.905366 450.000000
735.911675 450.000000
736.917984 450.000000
737.924293 450.000000
738.930602 450.000000
739.936911 450.000000
740.943220 450.000000
741.949529 450.000000
742.955838 450.000000
744.968455 450.000000
745.974764 450.000000
746.981073 450.000000
747.987382 450.000000
748.993691 450.000000
750.000000 450.000000
751.006309 450.000000
752.012618 450.000000
753.018927 450.000000
754.025236 450.000000
755.031545 450.000000
756.037853 450.000000
757.044162 450.000000
758.050471 450.000000
761.069398 450.000000
763.082016 450.000000
764.088325 450.000000
766.100942 450.000000
768.113560 450.000000
769.119869 450.000000
770.126178 450.000000
774.648873 443.909441
775.653555 442.169281
776.155895 441.299201
777.160577 439.559042
778.165259 437.818882
778.667600 436.948802
780.174622 434.338562
780.676963 433.468482
782.686326 429.988163
784.695690 426.507843
785.198031 425.637764
787.207394 422.157444
790.723780 416.066885
791.226121 415.196805
791.728462 414.326725
792.733143 412.586565
794.742507 409.106246
796.751870 405.625926
801.775279 396.925128
802.277620 396.055048
802.779960 395.184968
803.784642 393.444808
804.789324 391.704649
806.798687 388.224329
807.301028 387.354249
807.803369 386.484169
808.305710 385.614089
808.808051 384.744010
812.826777 377.783371
814.333800 375.173131
814.836141 374.303051
815.338482 373.432971
816.343163 371.692811
816.845504 370.822732
820.361890 364.732172
820.864231 363.862093
822.371253 361.251853
825.385298 356.031374
829.404025 349.070735
829.906366 348.200655
835.934456 337.759696
839.450842 331.669137
841.962546 327.318738
844.976592 322.098259
845.478932 321.228179
847.488296 317.747859
852.009363 316.877779
860.549158 331.669137
861.553839 333.409297
863.060862 336.019537
865.070225 339.499856
865.572566 340.369936
866.577248 342.110096
867.079589 342.980176
868.084270 344.720335
869.088952 346.460495
869.591293 347.330575
873.107679 353.421134
874.614702 356.031374
875.117042 356.901454
875.619383 357.771534
878.633428 362.992013
880.642792 366.472332
881.145133 367.342412
885.666200 375.173131
886.168541 376.043211
886.670882 376.913291
887.675564 378.653450
891.191949 384.744010
893.201313 388.224329
894.205995 389.964489
895.210676 391.704649
903.248130 405.625926
904.252811 407.366086
906.764516 411.716486
908.271538 414.326725
911.787924 420.417284
912.792606 422.157444
913.797288 423.897604
914.801969 425.637764
916.308992 428.248003
919.825378 434.338562
920.327719 435.208642
921.834741 437.818882
923.341764 440.429121
925.853468 444.779521
927.360490 447.389760
927.862831 448.259840
929.869379 450.000000
930.871245 450.000000
931.873111 450.000000
934.878709 450.000000
935.880575 450.000000
937.884307 450.000000
938.886173 450.000000
940.889905 450.000000
943.895503 450.000000
947.902967 450.000000
948.904833 450.000000
949.906699 450.000000
950.908565 450.000000
951.910431 450.000000
952.912297 450.000000
953.914163 450.000000
954.916029 450.000000
956.919761 450.000000
957.921627 450.000000
960.927225 450.000000
963.932823 450.000000
964.934690 450.000000
965.936556 450.000000
966.938422 450.000000
969.944020 450.000000
970.945886 450.000000
971.947752 450.000000
975.955216 450.000000
978.960814 450.000000
979.962680 450.000000
980.964546 450.000000
981.966412 450.000000
982.968278 450.000000
983.970144 450.000000
985.973876 450.000000
986.975742 450.000000
987.977608 450.000000
988.979474 450.000000
990.983206 450.000000
995.992536 450.000000
997.996268 450.000000
1000.000000 450.000000
1000.000000 452.000000
1000.000000 459.000000
1000.000000 461.000000
1000.000000 466.000000
1000.000000 469.000000
1000.000000 470.000000
1000.000000 475.000000
1000.000000 486.000000
1000.000000 490.000000
1000.000000 492.000000
1000.000000 496.000000
1000.000000 497.000000
1000.000000 498.000000
1000.000000 499.000000
1000.000000 501.000000
1000.000000 502.000000
1000.000000 503.000000
1000.000000 506.000000
1000.000000 507.000000
1000.000000 509.000000
1000.000000 510.000000
1000.000000 512.000000
1000.000000 516.000000
1000.000000 518.000000
1000.000000 521.000000
1000.000000 523.000000
1000.000000 524.000000
1000.000000 528.000000
1000.000000 529.000000
1000.000000 532.000000
1000.000000 533.000000
1000.000000 534.000000
1000.000000 536.000000
1000.000000 538.000000
1000.000000 539.000000
1000.000000 540.000000
1000.000000 547.000000
1000.000000 548.000000
1000.000000 549.000000
994.966113 550.000000
993.959335 550.000000
992.952558 550.000000
989.932226 550.000000
986.911893 550.000000
985.905116 550.000000
983.891561 550.000000
982.884783 550.000000
970.803454 550.000000
969.796677 550.000000
967.783122 550.000000
965.769567 550.000000
959.728902 550.000000
956.708570 550.000000
954.695015 550.000000
952.681460 550.000000
950.667905 550.000000
948.654350 550.000000
947.647573 550.000000
941.606908 550.000000
940.600131 550.000000
931.539134 550.000000
927.512024 550.000000
926.505246 550.000000
920.464582 550.000000
911.403585 550.000000
908.383252 550.000000
903.349365 550.000000
902.342588 550.000000
900.329033 550.000000
896.301923 550.000000
895.295146 550.000000
892.274813 550.000000
887.240926 550.000000
886.234149 550.000000
878.179929 550.000000
877.173152 550.000000
872.139264 550.000000
870.629333 549.128511
869.623024 547.385533
869.119869 546.514044
868.616715 545.642555
868.113560 544.771066
867.610406 543.899577
867.107251 543.028088
866.604097 542.156599
866.100942 541.285110
865.597788 540.413620
864.591479 538.670642
864.088325 537.799153
863.585170 536.927664
863.082016 536.056175
862.578861 535.184686
862.075707 534.313197
861.572552 533.441708
860.063089 530.827241
859.056780 529.084263
858.553626 528.212774
857.044162 525.598307
856.037853 523.855329
855.031545 522.112350
853.522081 519.497883
853.018927 518.626394
852.012618 516.883416
851.006309 515.140438
850.503154 514.268949
850.000000 513.397460
850.000000 513.397460
849.496846 514.268949
848.993691 515.140438
848.490537 516.011927
847.987382 516.883416
846.981073 518.626394
845.974764 520.369372
845.471610 521.240861
844.968455 522.112350
844.465301 522.983840
843.962147 523.855329
843.458992 524.726818
842.955838 525.598307
841.949529 527.341285
841.446374 528.212774
840.943220 529.084263
840.440065 529.955752
839.936911 530.827241
839.433757 531.698730
837.421139 535.184686
836.917984 536.056175
836.414830 536.927664
835.911675 537.799153
835.408521 538.670642
834.402212 540.413620
833.395903 542.156599
832.892749 543.028088
832.389594 543.899577
831.383285 545.642555
830.376976 547.385533
829.873822 548.257022
829.370667 549.128511
828.867513 550.000000
826.858150 550.000000
819.825378 550.000000
816.811333 550.000000
814.801969 550.000000
810.783243 550.000000
803.750471 550.000000
800.736426 550.000000
798.727062 550.000000
794.708335 550.000000
784.661518 550.000000
783.656837 550.000000
778.633428 550.000000
775.619383 550.000000
773.610020 550.000000
770.595975 550.000000
769.591293 550.000000
763.563203 550.000000
762.558521 550.000000
756.530431 550.000000
752.511704 550.000000
749.497659 550.000000
744.474251 550.000000
740.455524 550.000000
739.450842 550.000000
736.436797 550.000000
725.385298 550.000000
723.375935 550.000000
718.352527 550.000000
716.343163 550.000000
714.333800 550.000000
713.329118 550.000000
710.315073 550.000000
709.310391 550.000000
702.277620 550.000000
692.230803 550.000000
689.216757 550.000000
682.183986 550.000000
681.179304 550.000000
680.174622 550.000000
679.169941 550.000000
675.151214 550.000000
672.137169 550.000000
671.132487 550.000000
669.123124 546.519681
666.611419 542.169281
666.109078 541.299201
662.090352 534.338562
661.085670 532.598403
658.573966 528.248003
658.071625 527.377923
656.564602 524.767684
656.062261 523.897604
655.057580 522.157444
653.048216 518.677125
652.043535 516.936965
650.536512 514.326725
648.024808 509.976326
646.015444 506.496006
645.513103 505.625926
645.010763 504.755847
643.001399 501.275527
642.499058 500.405447
641.996717 499.535367
640.992036 497.795208
640.489695 496.925128
639.987354 496.055048
637.977991 492.574728
635.466286 488.224329
634.461605 486.484169
633.959264 485.614089
632.954582 483.873930
628.935855 476.913291
625.921810 471.692811
620.898402 462.992013
619.391379 460.381773
615.874993 454.291214
613.363289 449.940815
612.860948 449.070735
609.846903 443.850256
609.344562 442.980176
604.321153 434.279377
603.316472 432.539217
601.307108 429.058898
599.297745 425.578578
594.776677 417.747859
594.274336 416.877779
593.771996 416.007700
592.264973 413.397460
592.768127 412.525971
593.774436 410.782993
594.277591 409.911504
596.290209 406.425547
596.793363 405.554058
598.302826 402.939591
599.812290 400.325124
600.315444 399.453635
601.824908 396.839168
602.328062 395.967679
602.831216 395.096190
603.334371 394.224700
603.837525 393.353211
604.843834 391.610233
605.346989 390.738744
605.850143 389.867255
606.353298 388.995766
606.856452 388.124277
607.359607 387.252788
607.862761 386.381299
608.365915 385.509810
608.869070 384.638321
609.372224 383.766832
609.875379 382.895342
610.378533 382.023853
610.881688 381.152364
611.384842 380.280875
611.887997 379.409386
612.894306 377.666408
613.397460 376.794919
611.384842 376.794919
608.365916 376.794919
607.359607 376.794919
606.353298 376.794919
605.346989 376.794919
604.340680 376.794919
603.334371 376.794919
601.321753 376.794919
600.315445 376.794919
598.302827 376.794919
597.296518 376.794919
595.283900 376.794919
594.277591 376.794919
593.271282 376.794919
592.264973 376.794919
591.258665 376.794919
590.252356 376.794919
589.246047 376.794919
588.239738 376.794919
587.233429 376.794919
585.220811 376.794919
583.208194 376.794919
582.201885 376.794919
581.195576 376.794919
579.182958 376.794919
577.170340 376.794919
576.164031 376.794919
575.157723 376.794919
574.151414 376.794919
571.132487 376.794919
570.629333 375.923430
569.119869 373.308963
567.107251 369.823007
566.604097 368.951518
566.100942 368.080029
565.094634 366.337050
564.591479 365.465561
564.088325 364.594072
563.585170 363.722583
563.082016 362.851094
562.578861 361.979605
562.075707 361.108116
561.572552 360.236627
560.063089 357.622160
559.559935 356.750671
558.553626 355.007693
558.050471 354.136204
557.547317 353.264715
557.044162 352.393226
556.037853 350.650248
555.534699 349.778759
555.031545 348.907269
554.025236 347.164291
553.018927 345.421313
551.509463 342.806846
551.006309 341.935357
550.000000 340.192379
550.000000 340.192379
549.496846 341.063868
548.490537 342.806846
547.987382 343.678335
547.484228 344.549824
546.981073 345.421313
546.477919 346.292802
545.471610 348.035780
544.968455 348.907269
544.465301 349.778759
543.962147 350.650248
543.458992 351.521737
542.452683 353.264715
541.949529 354.136204
541.446374 355.007693
540.943220 355.879182
540.440065 356.750671
539.936911 357.622160
539.433757 358.493649
538.930602 359.365138
538.427448 360.236627
536.917984 362.851094
536.414830 363.722583
534.905366 366.337050
533.899058 368.080029
533.395903 368.951518
532.389594 370.694496
531.886440 371.565985
531.383285 372.437474
530.880131 373.308963
529.873822 375.051941
528.867513 376.794919
528.867513 376.794919
527.861204 376.794919
526.854895 376.794919
525.848586 376.794919
523.835969 376.794919
522.829660 376.794919
521.823351 376.794919
520.817042 376.794919
519.810733 376.794919
518.804424 376.794919
517.798115 376.794919
516.791806 376.794919
515.785498 376.794919
513.772880 376.794919
512.766571 376.794919
511.760262 376.794919
510.753953 376.794919
509.747644 376.794919
505.722409 376.794919
504.716100 376.794919
503.709791 376.794919
502.703482 376.794919
500.690864 376.794919
499.684555 376.794919
498.678247 376.794919
495.659320 376.794919
494.653011 376.794919
493.646702 376.794919
492.640393 376.794919
490.627776 376.794919
489.621467 376.794919
487.608849 376.794919
486.602540 376.794919
487.608849 378.537897
488.112003 379.409386
489.118312 381.152364
489.621467 382.023853
490.124621 382.895342
490.627776 383.766832
491.130930 384.638321
491.634085 385.509810
492.137239 386.381299
492.640393 387.252788
493.143548 388.124277
495.659320 392.481722
497.168784 395.096190
497.671938 395.967679
498.175092 396.839168
498.678247 397.710657
499.181401 398.582146
499.684556 399.453635
500.187710 400.325124
500.690865 401.196613
501.194019 402.068102
501.697174 402.939591
502.200328 403.811080
502.703482 404.682569
503.709791 406.425547
504.716100 408.168526
506.225564 410.782993
506.728718 411.654482
507.231873 412.525971
507.735027 413.397460
503.716300 420.358099
502.711618 422.098259
497.688210 430.799057
497.185869 431.669137
496.181187 433.409297
493.167142 438.629776
491.660120 441.240016
491.157779 442.110096
489.650756 444.720335
488.143734 447.330575
487.139052 449.070735
482.617984 456.901454
481.613303 458.641613
481.110962 459.511693
480.608621 460.381773
480.106280 461.251853
479.603939 462.121933
479.101598 462.992013
475.585212 469.082572
471.064145 476.913291
470.561804 477.783371
468.552440 481.263690
467.045418 483.873930
466.543077 484.744010
465.538395 486.484169
462.524350 491.704649
458.505623 498.665288
457.500942 500.405447
455.993919 503.015687
455.491578 503.885767
453.984556 506.496006
452.477533 509.106246
450.468170 512.586565
449.965829 513.456645
449.463488 514.326725
448.458806 516.066885
439.919012 530.858243
439.416671 531.728323
437.909648 534.338562
435.900285 537.818882
434.895603 539.559042
433.388581 542.169281
432.383899 543.909441
431.881558 544.779521
429.369854 549.129920
418.820696 550.000000
412.792606 550.000000
411.787924 550.000000
410.783243 550.000000
407.769197 550.000000
400.736426 550.000000
397.722380 550.000000
390.689609 550.000000
389.684927 550.000000
386.670882 550.000000
383.656837 550.000000
382.652155 550.000000
381.647473 550.000000
372.605338 550.000000
368.586611 550.000000
366.577248 550.000000
363.563203 550.000000
362.558521 550.000000
355.525749 550.000000
347.488296 550.000000
339.450842 550.000000
337.441479 550.000000
334.427434 550.000000
333.422752 550.000000
331.413389 550.000000
330.408707 550.000000
328.399344 550.000000
327.394662 550.000000
322.371253 550.000000
321.366572 550.000000
319.357208 550.000000
316.343163 550.000000
315.338482 550.000000
309.310391 550.000000
307.301028 550.000000
306.296346 550.000000
304.286983 550.000000
302.277620 550.000000
300.268256 550.000000
298.258893 550.000000
293.235484 550.000000
291.226121 550.000000
287.207394 550.000000
286.202712 550.000000
279.169941 550.000000
277.160577 550.000000
276.155895 550.000000
271.132487 550.000000
271.132487 550.000000
270.629333 549.128511
270.126178 548.257022
269.623024 547.385533
269.119869 546.514044
267.610406 543.899577
266.604097 542.156599
266.100942 541.285110
265.597788 540.413620
265.094634 539.542131
264.591479 538.670642
264.088325 537.799153
263.585170 536.927664
263.082016 536.056175
262.075707 534.313197
261.572552 533.441708
261.069398 532.570219
260.063089 530.827241
259.559935 529.955752
259.056780 529.084263
258.050471 527.341285
257.044162 525.598307
256.541008 524.726818
256.037853 523.855329
254.528390 521.240861
253.522081 519.497883
252.515772 517.754905
252.012618 516.883416
251.006309 515.140438
250.503154 514.268949
250.000000 513.397460
249.496846 514.268949
248.993691 515.140438
248.490537 516.011927
247.987382 516.883416
247.484228 517.754905
246.981073 518.626394
246.477919 519.497883
244.968455 522.112350
244.465301 522.983840
243.458992 524.726818
241.949529 527.341285
240.943220 529.084263
240.440065 529.955752
239.936911 530.827241
239.433757 531.698730
238.427448 533.441708
236.414830 536.927664
235.408521 538.670642
234.905366 539.542131
234.402212 540.413620
233.899058 541.285110
232.892749 543.028088
232.389594 543.899577
231.383285 545.642555
230.376976 547.385533
229.873822 548.257022
229.370667 549.128511
227.860736 550.000000
223.833626 550.000000
221.820071 550.000000
218.799739 550.000000
217.792961 550.000000
216.786184 550.000000
215.779406 550.000000
214.772629 550.000000
213.765851 550.000000
212.759074 550.000000
206.718409 550.000000
204.704854 550.000000
201.684522 550.000000
197.657412 550.000000
194.637080 550.000000
190.609970 550.000000
189.603193 550.000000
187.589638 550.000000
186.582860 550.000000
184.569305 550.000000
183.562528 550.000000
180.542196 550.000000
174.501531 550.000000
173.494754 550.000000
170.474421 550.000000
169.467644 550.000000
168.460866 550.000000
163.426979 550.000000
160.406647 550.000000
159.399869 550.000000
158.393092 550.000000
148.325317 550.000000
144.298208 550.000000
143.291430 550.000000
141.277875 550.000000
140.271098 550.000000
138.257543 550.000000
137.250765 550.000000
133.223656 550.000000
131.210101 550.000000
130.203323 550.000000
128.189768 550.000000
125.169436 550.000000
112.081329 550.000000
110.067774 550.000000
106.040665 550.000000
105.033887 550.000000
104.027110 550.000000
102.013555 550.000000
100.000000 550.000000
