1330
101.000489 450.000000
109.004400 450.000000
114.006844 450.000000
117.008311 450.000000
121.010267 450.000000
123.011244 450.000000
130.014666 450.000000
132.015644 450.000000
141.020044 450.000000
142.020533 450.000000
143.021022 450.000000
147.022977 450.000000
148.023466 450.000000
150.024444 450.000000
153.025911 450.000000
154.026400 450.000000
156.027377 450.000000
159.028844 450.000000
161.029822 450.000000
165.031777 450.000000
167.032755 450.000000
169.033733 450.000000
172.035199 450.000000
178.038133 450.000000
184.041066 450.000000
190.043999 450.000000
195.046444 450.000000
196.046933 450.000000
200.048888 450.000000
201.049377 450.000000
207.052310 450.000000
210.053777 450.000000
212.054755 450.000000
216.056710 450.000000
219.058177 450.000000
220.058666 450.000000
222.059644 450.000000
224.060621 450.000000
227.062088 450.000000
231.064044 450.000000
237.066977 450.000000
242.069421 450.000000
245.070888 450.000000
250.073332 450.000000
252.074310 450.000000
257.076754 450.000000
259.077732 450.000000
262.079199 450.000000
263.079688 450.000000
264.080177 450.000000
275.085554 450.000000
278.087021 450.000000
282.088977 450.000000
285.090443 450.000000
287.091421 450.000000
294.094843 450.000000
295.095332 450.000000
299.097288 450.000000
300.097776 450.000000
301.098265 450.000000
303.099243 450.000000
310.102665 450.000000
314.104621 450.000000
315.105110 450.000000
316.105598 450.000000
323.109021 450.000000
326.110487 450.000000
327.110976 450.000000
328.111465 450.000000
329.111954 450.000000
334.114398 450.000000
336.115376 450.000000
337.115865 450.000000
343.118798 450.000000
345.119776 450.000000
346.120265 450.000000
351.122709 450.000000
353.123687 450.000000
354.124176 450.000000
359.126620 450.000000
365.129554 450.000000
366.130043 450.000000
368.131020 450.000000
371.132487 450.000000
371.132487 450.000000
371.635641 449.128511
372.138796 448.257022
372.641950 447.385533
373.145105 446.514044
373.648259 445.642555
374.151414 444.771066
374.654568 443.899577
375.157722 443.028088
375.660877 442.156599
376.164031 441.285110
376.667186 440.413620
377.170340 439.542131
377.673495 438.670642
378.176649 437.799153
378.679803 436.927664
379.182958 436.056175
379.686112 435.184686
380.692421 433.441708
381.195576 432.570219
381.698730 431.698730
382.201884 430.827241
382.705039 429.955752
383.208193 429.084263
383.711348 428.212774
384.214502 427.341285
384.717657 426.469796
385.220811 425.598307
385.723965 424.726818
386.227120 423.855329
386.730274 422.983840
387.233429 422.112350
387.736583 421.240861
388.239738 420.369372
388.742892 419.497883
389.246046 418.626394
389.749201 417.754905
390.252355 416.883416
390.755510 416.011927
391.258664 415.140438
391.761819 414.268949
392.264973 413.397460
391.260291 411.657300
390.757950 410.787220
390.255610 409.917140
389.250928 408.176981
388.748587 407.306901
387.743905 405.566741
386.236883 402.956501
385.232201 401.216342
384.729860 400.346262
384.227519 399.476182
382.720497 396.865942
380.711134 393.385623
380.208793 392.515543
379.706452 391.645463
379.204111 390.775383
378.199429 389.035223
377.697088 388.165144
377.194748 387.295064
376.692407 386.424984
374.683043 382.944664
372.673680 379.464345
372.171339 378.594265
371.668998 377.724185
370.664317 375.984025
369.659635 374.243865
369.157294 373.373786
368.654953 372.503706
367.147931 369.893466
366.645590 369.023386
366.143249 368.153306
365.138567 366.413147
364.636226 365.543067
364.133886 364.672987
363.129204 362.932827
362.124522 361.192667
361.119840 359.452508
360.115159 357.712348
359.110477 355.972188
358.608136 355.102108
357.603455 353.361948
357.101114 352.491868
356.096432 350.751709
354.589409 348.141469
353.584728 346.401309
352.077705 343.791070
351.575364 342.920990
351.073024 342.050910
350.068342 340.310750
349.063660 338.570590
348.561319 337.700511
347.556638 335.960351
346.551956 334.220191
345.044933 331.609951
344.542593 330.739871
343.537911 328.999712
343.035570 328.129632
341.528547 325.519392
341.026207 324.649312
340.021525 322.909153
339.016843 321.168993
338.514502 320.298913
337.007480 317.688673
334.495776 313.338274
333.993435 312.468194
332.486412 309.857954
331.481730 308.117795
330.477049 306.377635
329.472367 304.637475
328.970026 303.767395
328.467685 302.897315
327.965345 302.027235
327.463004 301.157156
326.458322 299.416996
325.453640 297.676836
324.951299 296.806756
323.946618 295.066596
321.937254 291.586277
321.434914 290.716197
320.430232 288.976037
319.927891 288.105957
319.425550 287.235878
317.918528 284.625638
317.416187 283.755558
313.397460 276.794919
313.397460 276.794919
316.411505 276.794919
317.416187 276.794919
321.434914 276.794919
322.439595 276.794919
323.444277 276.794919
324.448959 276.794919
325.453640 276.794919
326.458322 276.794919
327.463004 276.794919
328.467686 276.794919
332.486412 276.794919
335.500457 276.794919
337.509821 276.794919
339.519184 276.794919
347.556638 276.794919
349.566001 276.794919
355.594091 276.794919
357.603455 276.794919
358.608137 276.794919
360.617500 276.794919
361.622182 276.794919
363.631545 276.794919
364.636227 276.794919
366.645590 276.794919
368.654954 276.794919
370.664317 276.794919
371.668999 276.794919
372.673680 276.794919
374.683044 276.794919
375.687725 276.794919
376.692407 276.794919
377.697089 276.794919
378.701771 276.794919
381.715816 276.794919
382.720497 276.794919
383.725179 276.794919
386.739224 276.794919
389.753269 276.794919
390.757951 276.794919
392.767314 276.794919
393.771996 276.794919
396.786041 276.794919
398.795405 276.794919
400.804768 276.794919
401.809450 276.794919
403.818813 276.794919
405.828176 276.794919
409.846903 276.794919
410.851585 276.794919
416.879675 276.794919
417.884357 276.794919
418.889039 276.794919
420.898402 276.794919
421.903084 276.794919
422.907765 276.794919
423.912447 276.794919
424.917129 276.794919
427.931174 276.794919
428.935856 276.794919
429.940537 276.794919
430.945219 276.794919
431.949901 276.794919
432.954582 276.794919
433.959264 276.794919
434.963946 276.794919
435.968627 276.794919
443.001399 276.794919
450.034171 276.794919
452.043535 276.794919
454.052898 276.794919
456.062261 276.794919
459.076307 276.794919
461.085670 276.794919
462.090352 276.794919
463.095033 276.794919
464.099715 276.794919
470.127805 276.794919
474.146532 271.574440
474.648873 270.704360
476.658236 267.224040
477.662918 265.483881
478.165259 264.613801
478.667600 263.743721
479.672281 262.003561
480.174622 261.133481
481.179304 259.393322
484.193349 254.172842
485.700372 251.562603
486.202712 250.692523
488.714417 246.342123
491.226121 241.991724
492.733143 239.381484
493.235484 238.511405
495.244848 235.031085
496.249529 233.290925
497.254211 231.550766
498.761234 228.940526
500.268256 226.330286
501.775279 223.720047
503.784642 220.239727
504.286983 219.369647
504.789324 218.499568
506.798687 215.019248
507.301028 214.149168
508.808051 211.538929
510.315073 208.928689
511.822096 206.318449
513.329118 203.708210
513.831459 202.838130
514.836141 201.097970
515.840822 199.357810
517.347845 196.747571
519.357208 193.267251
519.859549 192.397171
520.864231 190.657012
521.868913 188.916852
523.878276 185.436532
524.380617 184.566453
524.882958 183.696373
525.385298 182.826293
526.892321 180.216053
527.394662 179.345973
528.399344 177.605814
529.404025 175.865654
532.920411 169.775095
533.925093 168.034935
536.436797 163.684536
537.943820 161.074296
538.446161 160.204216
539.450842 158.464056
539.953183 157.593976
540.455524 156.723897
542.464887 153.243577
542.967228 152.373497
543.469569 151.503417
543.971910 150.633337
544.976592 148.893178
545.478932 148.023098
545.981273 147.153018
547.990637 143.672698
548.995318 141.932539
550.000000 140.192379
550.502341 141.062459
552.009363 143.672698
553.014045 145.412858
553.516386 146.282938
555.525749 149.763258
556.530431 151.503417
558.037454 154.113657
559.042135 155.853817
559.544476 156.723897
560.046817 157.593976
561.051499 159.334136
562.558521 161.944376
563.563203 163.684536
564.065544 164.554615
564.567885 165.424695
565.070225 166.294775
565.572566 167.164855
567.581930 170.645175
569.591293 174.125494
570.093634 174.995574
573.107679 180.216053
575.117042 183.696373
576.121724 185.436532
576.624065 186.306612
577.628747 188.046772
580.140451 192.397171
580.642792 193.267251
581.145133 194.137331
581.647473 195.007411
582.149814 195.877491
582.652155 196.747571
583.154496 197.617651
584.159178 199.357810
585.666200 201.968050
586.168541 202.838130
586.670882 203.708210
588.680245 207.188529
590.689609 210.668849
593.703654 215.889328
594.708335 217.629488
596.215358 220.239727
597.220040 221.979887
597.722380 222.849967
598.224721 223.720047
599.229403 225.460207
599.731744 226.330286
600.736426 228.070446
601.238766 228.940526
602.243448 230.680686
603.750471 233.290925
604.252811 234.161005
605.257493 235.901165
606.764516 238.511405
607.266857 239.381484
608.271538 241.121644
609.276220 242.861804
609.778561 243.731884
610.280902 244.601964
611.285583 246.342123
611.787924 247.212203
612.290265 248.082283
614.801969 252.432683
615.806651 254.172842
616.308992 255.042922
617.313674 256.783082
617.816014 257.653162
619.825378 261.133481
620.327719 262.003561
620.830059 262.873641
621.332400 263.743721
621.834741 264.613801
622.337082 265.483881
623.341764 267.224040
623.844105 268.094120
624.848786 269.834280
625.351127 270.704360
626.355809 272.444520
627.862831 275.054759
628.365172 275.924839
628.867513 276.794919
629.872195 276.794919
630.876876 276.794919
633.890922 276.794919
635.900285 276.794919
636.904967 276.794919
637.909648 276.794919
638.914330 276.794919
639.919012 276.794919
643.937739 276.794919
645.947102 276.794919
648.961147 276.794919
649.965829 276.794919
650.970510 276.794919
653.984556 276.794919
654.989237 276.794919
658.003282 276.794919
662.022009 276.794919
666.040736 276.794919
668.050099 276.794919
669.054781 276.794919
670.059463 276.794919
675.082871 276.794919
677.092235 276.794919
678.096916 276.794919
679.101598 276.794919
681.110961 276.794919
682.115643 276.794919
685.129688 276.794919
687.139052 276.794919
688.143733 276.794919
690.153097 276.794919
692.162460 276.794919
696.181187 276.794919
698.190550 276.794919
702.209277 276.794919
704.218641 276.794919
706.228004 276.794919
707.232686 276.794919
710.246731 276.794919
712.256094 276.794919
713.260776 276.794919
714.265458 276.794919
719.288866 276.794919
722.302911 276.794919
723.307593 276.794919
726.321638 276.794919
727.326320 276.794919
728.331001 276.794919
733.354410 276.794919
734.359092 276.794919
735.363773 276.794919
736.368455 276.794919
738.377818 276.794919
743.401227 276.794919
744.405909 276.794919
745.410590 276.794919
748.424635 276.794919
750.433999 276.794919
751.438680 276.794919
755.457407 276.794919
757.466771 276.794919
759.476134 276.794919
760.480816 276.794919
761.485497 276.794919
764.499543 276.794919
765.504224 276.794919
766.508906 276.794919
768.518269 276.794919
769.522951 276.794919
770.527633 276.794919
772.536996 276.794919
775.551041 276.794919
776.555723 276.794919
777.560405 276.794919
778.565086 276.794919
779.569768 276.794919
780.574450 276.794919
781.579131 276.794919
783.086154 282.885478
777.560405 292.456357
777.058064 293.326437
776.053382 295.066596
775.048701 296.806756
774.044019 298.546916
772.034655 302.027235
771.532315 302.897315
770.527633 304.637475
770.025292 305.507555
769.522951 306.377635
769.020610 307.247715
767.011247 310.728034
766.006565 312.468194
763.997202 315.948514
763.494861 316.818593
762.490179 318.558753
760.983157 321.168993
759.476134 323.779232
757.969112 326.389472
757.466771 327.259552
755.959748 329.869792
755.457407 330.739871
754.955067 331.609951
754.452726 332.480031
753.950385 333.350111
752.443362 335.960351
748.926976 342.050910
747.922295 343.791070
747.419954 344.661150
744.908250 349.011549
744.405909 349.881629
742.898886 352.491868
740.889523 355.972188
740.387182 356.842268
739.884841 357.712348
739.382500 358.582428
738.880160 359.452508
737.875478 361.192667
735.363774 365.543067
734.861433 366.413147
734.359092 367.283226
733.856751 368.153306
733.354410 369.023386
732.852069 369.893466
731.345047 372.503706
730.842706 373.373786
730.340365 374.243865
729.838024 375.113945
728.331002 377.724185
727.326320 379.464345
725.316957 382.944664
724.312275 384.684824
723.307593 386.424984
722.805252 387.295064
722.302912 388.165144
721.800571 389.035223
719.288866 393.385623
717.781844 395.995862
716.274821 398.606102
715.772481 399.476182
714.767799 401.216342
712.758435 404.696661
712.256095 405.566741
711.753754 406.436821
711.251413 407.306901
709.744390 409.917140
708.739709 411.657300
708.238181 414.268949
708.741336 415.140438
709.244490 416.011927
709.747645 416.883416
710.250799 417.754905
710.753954 418.626394
711.257108 419.497883
711.760262 420.369372
712.263417 421.240861
712.766571 422.112350
713.269726 422.983840
713.772880 423.855329
714.276035 424.726818
714.779189 425.598307
715.785498 427.341285
716.288652 428.212774
716.791807 429.084263
717.294961 429.955752
717.798116 430.827241
718.301270 431.698730
718.804424 432.570219
719.307579 433.441708
719.810733 434.313197
720.313888 435.184686
720.817042 436.056175
721.320197 436.927664
721.823351 437.799153
722.326505 438.670642
722.829660 439.542131
723.332814 440.413620
723.835969 441.285110
724.339123 442.156599
724.842278 443.028088
725.345432 443.899577
726.351741 445.642555
726.854895 446.514044
727.358050 447.385533
728.364359 449.128511
728.867513 450.000000
729.868002 450.000000
734.870446 450.000000
741.873868 450.000000
742.874357 450.000000
746.876313 450.000000
749.877780 450.000000
752.879246 450.000000
754.880224 450.000000
756.881202 450.000000
758.882179 450.000000
759.882668 450.000000
760.883157 450.000000
762.884135 450.000000
767.886579 450.000000
770.888046 450.000000
775.890490 450.000000
780.892935 450.000000
783.894402 450.000000
784.894890 450.000000
786.895868 450.000000
788.896846 450.000000
789.897335 450.000000
790.897824 450.000000
796.900757 450.000000
800.902712 450.000000
801.903201 450.000000
803.904179 450.000000
804.904668 450.000000
805.905157 450.000000
806.905646 450.000000
809.907112 450.000000
814.909557 450.000000
819.912001 450.000000
822.913468 450.000000
823.913957 450.000000
825.914935 450.000000
826.915423 450.000000
827.915912 450.000000
829.916890 450.000000
833.918846 450.000000
836.920312 450.000000
839.921779 450.000000
840.922268 450.000000
844.924223 450.000000
848.926179 450.000000
849.926668 450.000000
853.928623 450.000000
855.929601 450.000000
860.932045 450.000000
863.933512 450.000000
864.934001 450.000000
867.935468 450.000000
870.936934 450.000000
874.938890 450.000000
878.940845 450.000000
881.942312 450.000000
882.942801 450.000000
883.943290 450.000000
895.949156 450.000000
897.950134 450.000000
898.950623 450.000000
901.952090 450.000000
906.954534 450.000000
907.955023 450.000000
912.957467 450.000000
920.961378 450.000000
921.961867 450.000000
922.962356 450.000000
923.962845 450.000000
924.963334 450.000000
928.965289 450.000000
929.965778 450.000000
934.968223 450.000000
940.971156 450.000000
944.973111 450.000000
950.976045 450.000000
952.977023 450.000000
954.978000 450.000000
955.978489 450.000000
956.978978 450.000000
957.979467 450.000000
959.980445 450.000000
967.984356 450.000000
973.987289 450.000000
978.989733 450.000000
979.990222 450.000000
985.993156 450.000000
992.996578 450.000000
995.998044 450.000000
996.998533 450.000000
1000.000000 450.000000
1000.000000 450.000000
1000.000000 452.000000
1000.000000 453.000000
1000.000000 454.000000
1000.000000 455.000000
1000.000000 456.000000
1000.000000 457.000000
1000.000000 458.000000
1000.000000 461.000000
1000.000000 462.000000
1000.000000 463.000000
1000.000000 464.000000
1000.000000 467.000000
1000.000000 468.000000
1000.000000 469.000000
1000.000000 470.000000
1000.000000 471.000000
1000.000000 472.000000
1000.000000 473.000000
1000.000000 475.000000
1000.000000 476.000000
1000.000000 478.000000
1000.000000 480.000000
1000.000000 481.000000
1000.000000 482.000000
1000.000000 485.000000
1000.000000 486.000000
1000.000000 487.000000
1000.000000 490.000000
1000.000000 491.000000
1000.000000 494.000000
1000.000000 495.000000
1000.000000 496.000000
1000.000000 498.000000
1000.000000 499.000000
1000.000000 500.000000
1000.000000 503.000000
1000.000000 505.000000
1000.000000 506.000000
1000.000000 508.000000
1000.000000 511.000000
1000.000000 512.000000
1000.000000 513.000000
1000.000000 516.000000
1000.000000 517.000000
1000.000000 518.000000
1000.000000 519.000000
1000.000000 520.000000
1000.000000 521.000000
1000.000000 522.000000
1000.000000 523.000000
1000.000000 524.000000
1000.000000 525.000000
1000.000000 529.000000
1000.000000 530.000000
1000.000000 531.000000
1000.000000 534.000000
1000.000000 536.000000
1000.000000 537.000000
1000.000000 538.000000
1000.000000 540.000000
1000.000000 541.000000
1000.000000 542.000000
1000.000000 543.000000
1000.000000 546.000000
1000.000000 548.000000
1000.000000 550.000000
997.994710 550.000000
992.981486 550.000000
990.976196 550.000000
989.973551 550.000000
987.968262 550.000000
986.965617 550.000000
982.955037 550.000000
971.925944 550.000000
969.920654 550.000000
961.899495 550.000000
958.891561 550.000000
955.883626 550.000000
950.870402 550.000000
940.843953 550.000000
938.838664 550.000000
931.820150 550.000000
928.812215 550.000000
922.796346 550.000000
921.793701 550.000000
920.791056 550.000000
919.788411 550.000000
917.783122 550.000000
915.777832 550.000000
914.775187 550.000000
907.756673 550.000000
906.754028 550.000000
905.751383 550.000000
903.746094 550.000000
899.735514 550.000000
891.714355 550.000000
887.703776 550.000000
886.701131 550.000000
885.698486 550.000000
884.695841 550.000000
876.674683 550.000000
870.658813 550.000000
857.624430 550.000000
856.621785 550.000000
855.619141 550.000000
854.616496 550.000000
844.590047 550.000000
842.584757 550.000000
837.571533 550.000000
829.550374 550.000000
827.545085 550.000000
826.542440 550.000000
824.537150 550.000000
819.523926 550.000000
812.505412 550.000000
809.497477 550.000000
808.494832 550.000000
805.486898 550.000000
802.478963 550.000000
796.463094 550.000000
795.460449 550.000000
792.452515 550.000000
778.415487 550.000000
777.412842 550.000000
776.410197 550.000000
766.383748 550.000000
764.378459 550.000000
763.375814 550.000000
761.370524 550.000000
754.352010 550.000000
753.349365 550.000000
752.346720 550.000000
749.338786 550.000000
747.333496 550.000000
746.330851 550.000000
745.328206 550.000000
740.314982 550.000000
739.312337 550.000000
737.307048 550.000000
733.296468 550.000000
729.285889 550.000000
728.283244 550.000000
724.272664 550.000000
717.254150 550.000000
711.238281 550.000000
710.235636 550.000000
709.232992 550.000000
708.230347 550.000000
701.211833 550.000000
699.206543 550.000000
698.203898 550.000000
697.201253 550.000000
696.198608 550.000000
693.190674 550.000000
687.174805 550.000000
684.166870 550.000000
675.143066 550.000000
669.625464 547.389760
669.123124 546.519681
668.620783 545.649601
668.118442 544.779521
665.606738 540.429121
665.104397 539.559042
664.602056 538.688962
664.099715 537.818882
662.592692 535.208642
661.588011 533.468482
661.085670 532.598403
659.578647 529.988163
659.076307 529.118083
658.071625 527.377923
656.564602 524.767684
656.062261 523.897604
655.559921 523.027524
655.057580 522.157444
654.052898 520.417284
652.043535 516.936965
651.541194 516.066885
651.038853 515.196805
650.536512 514.326725
650.034171 513.456645
649.029489 511.716486
648.527149 510.846406
647.020126 508.236166
645.513103 505.625926
644.508422 503.885767
643.503740 502.145607
640.992036 497.795208
639.987354 496.055048
639.485013 495.184968
637.977991 492.574728
637.475650 491.704649
634.963946 487.354249
634.461605 486.484169
629.438196 477.783371
628.935855 476.913291
628.433514 476.043211
626.926492 473.432971
625.419469 470.822732
624.917128 469.952652
624.414788 469.082572
622.907765 466.472332
621.400743 463.862093
620.396061 462.121933
619.893720 461.251853
619.391379 460.381773
618.386697 458.641613
617.884357 457.771534
615.874993 454.291214
615.372652 453.421134
613.363289 449.940815
612.860948 449.070735
612.358607 448.200655
609.344562 442.980176
608.842221 442.110096
608.339880 441.240016
607.335199 439.499856
606.832858 438.629776
606.330517 437.759696
605.828176 436.889617
605.325835 436.019537
604.321153 434.279377
603.316472 432.539217
602.814131 431.669137
601.307108 429.058898
600.302427 427.318738
599.800086 426.448658
599.297745 425.578578
598.795404 424.708498
597.790722 422.968339
597.288382 422.098259
596.786041 421.228179
593.771996 416.007700
592.264973 413.397460
592.768127 412.525971
593.271282 411.654482
593.774436 410.782993
594.277591 409.911504
594.780745 409.040015
595.283900 408.168526
595.787054 407.297036
596.290209 406.425547
596.793363 405.554058
597.296518 404.682569
597.799672 403.811080
598.302826 402.939591
598.805981 402.068102
599.309135 401.196613
599.812290 400.325124
600.315444 399.453635
600.818599 398.582146
601.321753 397.710657
601.824908 396.839168
602.328062 395.967679
602.831216 395.096190
603.334371 394.224700
603.837525 393.353211
604.340680 392.481722
605.346989 390.738744
605.850143 389.867255
606.353298 388.995766
606.856452 388.124277
607.359607 387.252788
607.862761 386.381299
608.365915 385.509810
608.869070 384.638321
609.875379 382.895342
610.378533 382.023853
611.384842 380.280875
611.887997 379.409386
612.391151 378.537897
612.894306 377.666408
613.397460 376.794919
613.397460 376.794919
612.391151 376.794919
611.384842 376.794919
610.378533 376.794919
609.372224 376.794919
608.365916 376.794919
607.359607 376.794919
606.353298 376.794919
605.346989 376.794919
604.340680 376.794919
603.334371 376.794919
602.328062 376.794919
601.321753 376.794919
600.315445 376.794919
599.309136 376.794919
598.302827 376.794919
597.296518 376.794919
596.290209 376.794919
595.283900 376.794919
594.277591 376.794919
592.264973 376.794919
591.258665 376.794919
590.252356 376.794919
589.246047 376.794919
588.239738 376.794919
587.233429 376.794919
586.227120 376.794919
585.220811 376.794919
584.214502 376.794919
583.208194 376.794919
582.201885 376.794919
581.195576 376.794919
580.189267 376.794919
579.182958 376.794919
578.176649 376.794919
577.170340 376.794919
576.164031 376.794919
575.157723 376.794919
574.151414 376.794919
573.145105 376.794919
572.138796 376.794919
571.132487 376.794919
571.132487 376.794919
570.126178 375.051941
569.623024 374.180452
569.119869 373.308963
568.616715 372.437474
567.107251 369.823007
566.604097 368.951518
566.100942 368.080029
565.597788 367.208539
565.094634 366.337050
564.591479 365.465561
564.088325 364.594072
563.585170 363.722583
563.082016 362.851094
562.578861 361.979605
562.075707 361.108116
561.572552 360.236627
561.069398 359.365138
560.566243 358.493649
560.063089 357.622160
559.559935 356.750671
559.056780 355.879182
558.553626 355.007693
558.050471 354.136204
557.547317 353.264715
557.044162 352.393226
556.541008 351.521737
556.037853 350.650248
555.534699 349.778759
555.031545 348.907269
554.528390 348.035780
554.025236 347.164291
553.522081 346.292802
553.018927 345.421313
552.515772 344.549824
552.012618 343.678335
551.509463 342.806846
550.503154 341.063868
550.000000 340.192379
550.000000 340.192379
548.993691 341.935357
548.490537 342.806846
547.987382 343.678335
547.484228 344.549824
546.981073 345.421313
546.477919 346.292802
545.974764 347.164291
545.471610 348.035780
544.968455 348.907269
544.465301 349.778759
543.962147 350.650248
543.458992 351.521737
542.955838 352.393226
542.452683 353.264715
541.949529 354.136204
541.446374 355.007693
540.943220 355.879182
539.936911 357.622160
539.433757 358.493649
538.930602 359.365138
537.924293 361.108116
537.421139 361.979605
536.917984 362.851094
535.408521 365.465561
534.905366 366.337050
534.402212 367.208539
533.395903 368.951518
532.892749 369.823007
532.389594 370.694496
531.886440 371.565985
531.383285 372.437474
530.376976 374.180452
529.873822 375.051941
529.370667 375.923430
528.867513 376.794919
528.867513 376.794919
526.854895 376.794919
525.848586 376.794919
523.835969 376.794919
522.829660 376.794919
521.823351 376.794919
519.810733 376.794919
518.804424 376.794919
517.798115 376.794919
516.791806 376.794919
515.785498 376.794919
514.779189 376.794919
513.772880 376.794919
512.766571 376.794919
511.760262 376.794919
510.753953 376.794919
509.747644 376.794919
508.741335 376.794919
507.735027 376.794919
506.728718 376.794919
505.722409 376.794919
504.716100 376.794919
503.709791 376.794919
502.703482 376.794919
501.697173 376.794919
500.690864 376.794919
499.684555 376.794919
498.678247 376.794919
497.671938 376.794919
496.665629 376.794919
495.659320 376.794919
494.653011 376.794919
493.646702 376.794919
491.634084 376.794919
490.627776 376.794919
489.621467 376.794919
488.615158 376.794919
487.608849 376.794919
486.602540 376.794919
486.602540 376.794919
487.608849 378.537897
488.112003 379.409386
488.615158 380.280875
489.118312 381.152364
489.621467 382.023853
490.124621 382.895342
490.627776 383.766832
491.130930 384.638321
491.634085 385.509810
492.137239 386.381299
492.640393 387.252788
493.646702 388.995766
494.149857 389.867255
494.653011 390.738744
495.156166 391.610233
495.659320 392.481722
496.162475 393.353211
496.665629 394.224700
497.168784 395.096190
497.671938 395.967679
498.175092 396.839168
499.181401 398.582146
499.684556 399.453635
500.187710 400.325124
500.690865 401.196613
501.194019 402.068102
501.697174 402.939591
502.200328 403.811080
502.703482 404.682569
503.206637 405.554058
503.709791 406.425547
504.212946 407.297036
505.219255 409.040015
505.722409 409.911504
506.225564 410.782993
506.728718 411.654482
507.231873 412.525971
507.735027 413.397460
507.232686 414.267540
506.228004 416.007700
504.218641 419.488019
502.711618 422.098259
502.209278 422.968339
501.204596 424.708498
500.702255 425.578578
499.697573 427.318738
497.185869 431.669137
496.181187 433.409297
495.176506 435.149457
494.171824 436.889617
493.669483 437.759696
492.664801 439.499856
491.157779 442.110096
490.655438 442.980176
489.650756 444.720335
488.646075 446.460495
488.143734 447.330575
487.139052 449.070735
486.636711 449.940815
486.134370 450.810895
484.627348 453.421134
484.125007 454.291214
483.120325 456.031374
482.617984 456.901454
481.613303 458.641613
479.603939 462.121933
478.599257 463.862093
477.594576 465.602252
474.078190 471.692811
472.068826 475.173131
471.566486 476.043211
470.561804 477.783371
470.059463 478.653450
468.050100 482.133770
466.543077 484.744010
466.040736 485.614089
465.538395 486.484169
465.036054 487.354249
463.026691 490.834569
461.017328 494.314888
460.514987 495.184968
460.012646 496.055048
458.505623 498.665288
457.500942 500.405447
456.998601 501.275527
455.993919 503.015687
453.984556 506.496006
453.482215 507.366086
452.979874 508.236166
450.970511 511.716486
450.468170 512.586565
448.961147 515.196805
446.449443 519.547204
444.942420 522.157444
443.435398 524.767684
442.430716 526.507843
440.421353 529.988163
439.919012 530.858243
438.411989 533.468482
436.904967 536.078722
436.402626 536.948802
434.393262 540.429121
431.379217 545.649601
430.374536 547.389760
429.369854 549.129920
428.867513 550.000000
426.862223 550.000000
423.854289 550.000000
421.848999 550.000000
413.827840 550.000000
409.817261 550.000000
406.809326 550.000000
404.804036 550.000000
401.796102 550.000000
393.774943 550.000000
386.756429 550.000000
380.740560 550.000000
379.737915 550.000000
377.732625 550.000000
376.729980 550.000000
365.700887 550.000000
363.695597 550.000000
352.666504 550.000000
351.663859 550.000000
340.634766 550.000000
337.626831 550.000000
334.618896 550.000000
333.616252 550.000000
326.597738 550.000000
323.589803 550.000000
307.547485 550.000000
306.544840 550.000000
305.542196 550.000000
298.523682 550.000000
297.521037 550.000000
287.494588 550.000000
285.489298 550.000000
284.486654 550.000000
275.462850 550.000000
271.452270 550.000000
266.439046 550.000000
263.431112 550.000000
261.425822 550.000000
259.420532 550.000000
258.417887 550.000000
255.409953 550.000000
252.402018 550.000000
249.394084 550.000000
242.375570 550.000000
239.367635 550.000000
238.364990 550.000000
237.362345 550.000000
235.357056 550.000000
231.346476 550.000000
230.343831 550.000000
228.338542 550.000000
226.333252 550.000000
225.330607 550.000000
223.325317 550.000000
222.322673 550.000000
219.314738 550.000000
215.304159 550.000000
209.288289 550.000000
205.277710 550.000000
202.269775 550.000000
195.251261 550.000000
189.235392 550.000000
179.208944 550.000000
176.201009 550.000000
173.193075 550.000000
170.185140 550.000000
162.163981 550.000000
161.161336 550.000000
160.158691 550.000000
159.156047 550.000000
158.153402 550.000000
157.150757 550.000000
153.140177 550.000000
152.137533 550.000000
151.134888 550.000000
147.124308 550.000000
138.100505 550.000000
135.092570 550.000000
133.087280 550.000000
129.076701 550.000000
127.071411 550.000000
110.026449 550.000000
109.023804 550.000000
101.002645 550.000000
100.000000 550.000000
