2070
100.000000 450.000000
102.003732 450.000000
103.005598 450.000000
104.007464 450.000000
106.011196 450.000000
107.013062 450.000000
108.014928 450.000000
109.016794 450.000000
110.018660 450.000000
112.022392 450.000000
113.024258 450.000000
114.026124 450.000000
115.027990 450.000000
116.029856 450.000000
117.031722 450.000000
118.033588 450.000000
119.035454 450.000000
120.037320 450.000000
121.039186 450.000000
122.041052 450.000000
123.042918 450.000000
124.044784 450.000000
125.046650 450.000000
126.048516 450.000000
127.050382 450.000000
128.052248 450.000000
129.054114 450.000000
130.055980 450.000000
131.057846 450.000000
132.059712 450.000000
133.061578 450.000000
136.067177 450.000000
137.069043 450.000000
139.072775 450.000000
140.074641 450.000000
141.076507 450.000000
142.078373 450.000000
143.080239 450.000000
144.082105 450.000000
146.085837 450.000000
147.087703 450.000000
148.089569 450.000000
149.091435 450.000000
150.093301 450.000000
151.095167 450.000000
152.097033 450.000000
154.100765 450.000000
155.102631 450.000000
156.104497 450.000000
159.110095 450.000000
160.111961 450.000000
161.113827 450.000000
163.117559 450.000000
164.119425 450.000000
165.121291 450.000000
166.123157 450.000000
167.125023 450.000000
168.126889 450.000000
169.128755 450.000000
171.132487 450.000000
171.132487 450.000000
172.137169 448.259840
172.639510 447.389760
173.644191 445.649601
175.151214 443.039361
175.653555 442.169281
177.160577 439.559042
179.169941 436.078722
179.672281 435.208642
180.676963 433.468482
181.179304 432.598403
181.681645 431.728323
182.183986 430.858243
184.695690 426.507843
185.198031 425.637764
186.202712 423.897604
186.705053 423.027524
187.207394 422.157444
188.212076 420.417284
192.230803 413.456645
193.737825 410.846406
194.240166 409.976326
196.751870 405.625926
197.254211 404.755847
198.761234 402.145607
199.263574 401.275527
199.765915 400.405447
200.268256 399.535367
200.770597 398.665288
201.272938 397.795208
201.775279 396.925128
202.779960 395.184968
203.282301 394.314888
204.789324 391.704649
205.794005 389.964489
206.296346 389.094409
207.301028 387.354249
208.305710 385.614089
208.808051 384.744010
209.310391 383.873930
210.315073 382.133770
210.817414 381.263690
212.324436 378.653450
212.826777 377.783371
213.831459 376.043211
214.333800 375.173131
214.836141 374.303051
215.338482 373.432971
215.840822 372.562891
216.343163 371.692811
216.845504 370.822732
217.347845 369.952652
218.352527 368.212492
219.357208 366.472332
220.864231 363.862093
222.873594 360.381773
223.878276 358.641613
225.887639 355.161294
227.394662 352.551054
228.399344 350.810895
228.901684 349.940815
229.906366 348.200655
230.408707 347.330575
231.413389 345.590415
231.915730 344.720335
232.418070 343.850256
232.920411 342.980176
233.422752 342.110096
233.925093 341.240016
234.427434 340.369936
234.929775 339.499856
235.432115 338.629776
237.441479 335.149457
238.948501 332.539217
239.953183 330.799057
241.962546 327.318738
242.464887 326.448658
243.469569 324.708498
245.478932 321.228179
245.981273 320.358099
246.985955 318.617939
247.990637 316.877779
248.995318 315.137620
249.497659 314.267540
250.000000 313.397460
250.000000 313.397460
250.502341 314.267540
251.004682 315.137620
252.009363 316.877779
253.014045 318.617939
253.516386 319.488019
255.023408 322.098259
256.028090 323.838418
259.042135 329.058898
260.046817 330.799057
260.549158 331.669137
261.051499 332.539217
262.558521 335.149457
263.060862 336.019537
263.563203 336.889617
264.065544 337.759696
264.567885 338.629776
265.070225 339.499856
266.074907 341.240016
268.084270 344.720335
268.586611 345.590415
270.595975 349.070735
271.098316 349.940815
271.600656 350.810895
272.605338 352.551054
273.107679 353.421134
274.614702 356.031374
275.619383 357.771534
276.624065 359.511693
277.126406 360.381773
277.628747 361.251853
278.131087 362.121933
280.642792 366.472332
281.145133 367.342412
282.149814 369.082572
285.666200 375.173131
287.173223 377.783371
287.675564 378.653450
290.187268 383.003850
291.191949 384.744010
292.196631 386.484169
292.698972 387.354249
293.201313 388.224329
294.708335 390.834569
295.210676 391.704649
295.713017 392.574728
296.215358 393.444808
296.717699 394.314888
297.722380 396.055048
298.727062 397.795208
299.229403 398.665288
299.731744 399.535367
301.238766 402.145607
302.243448 403.885767
302.745789 404.755847
303.248130 405.625926
304.252811 407.366086
305.257493 409.106246
306.262175 410.846406
307.769197 413.456645
308.271538 414.326725
309.276220 416.066885
309.778561 416.936965
311.285583 419.547204
312.290265 421.287364
312.792606 422.157444
314.299628 424.767684
314.801969 425.637764
315.304310 426.507843
315.806651 427.377923
317.816014 430.858243
318.820696 432.598403
322.337082 438.688962
322.839423 439.559042
323.341764 440.429121
323.844105 441.299201
327.360490 447.389760
328.867513 450.000000
328.867513 450.000000
329.873822 450.000000
330.880131 450.000000
331.886440 450.000000
332.892749 450.000000
333.899058 450.000000
334.905366 450.000000
335.911675 450.000000
336.917984 450.000000
338.930602 450.000000
339.936911 450.000000
340.943220 450.000000
341.949529 450.000000
342.955838 450.000000
343.962147 450.000000
344.968455 450.000000
345.974764 450.000000
346.981073 450.000000
347.987382 450.000000
348.993691 450.000000
350.000000 450.000000
351.006309 450.000000
352.012618 450.000000
353.018927 450.000000
354.025236 450.000000
355.031545 450.000000
356.037853 450.000000
357.044162 450.000000
358.050471 450.000000
359.056780 450.000000
360.063089 450.000000
361.069398 450.000000
362.075707 450.000000
363.082016 450.000000
364.088325 450.000000
365.094634 450.000000
366.100942 450.000000
367.107251 450.000000
368.113560 450.000000
369.119869 450.000000
370.126178 450.000000
371.132487 450.000000
371.132487 450.000000
371.635641 449.128511
372.138796 448.257022
372.641950 447.385533
373.145105 446.514044
373.648259 445.642555
374.151414 444.771066
374.654568 443.899577
375.157722 443.028088
375.660877 442.156599
376.164031 441.285110
376.667186 440.413620
377.170340 439.542131
377.673495 438.670642
378.176649 437.799153
378.679803 436.927664
379.182958 436.056175
379.686112 435.184686
380.189267 434.313197
380.692421 433.441708
381.195576 432.570219
381.698730 431.698730
382.201884 430.827241
383.208193 429.084263
383.711348 428.212774
384.717657 426.469796
385.220811 425.598307
385.723965 424.726818
386.227120 423.855329
386.730274 422.983840
387.233429 422.112350
387.736583 421.240861
388.239738 420.369372
388.742892 419.497883
389.246046 418.626394
389.749201 417.754905
390.755510 416.011927
391.258664 415.140438
391.761819 414.268949
392.264973 413.397460
390.757950 410.787220
390.255610 409.917140
389.753269 409.047061
388.748587 407.306901
388.246246 406.436821
387.743905 405.566741
386.739224 403.826581
385.734542 402.086422
384.227519 399.476182
383.222838 397.736022
379.204111 390.775383
378.701770 389.905303
378.199429 389.035223
377.697088 388.165144
377.194748 387.295064
376.692407 386.424984
375.185384 383.814744
374.683043 382.944664
373.678362 381.204504
373.176021 380.334425
372.673680 379.464345
372.171339 378.594265
370.664317 375.984025
368.654953 372.503706
368.152612 371.633626
367.650271 370.763546
367.147931 369.893466
366.143249 368.153306
365.138567 366.413147
364.636226 365.543067
363.631545 363.802907
363.129204 362.932827
362.626863 362.062747
361.622181 360.322587
361.119840 359.452508
360.617500 358.582428
360.115159 357.712348
359.612818 356.842268
358.105795 354.232028
357.603455 353.361948
355.594091 349.881629
355.091750 349.011549
354.589409 348.141469
352.077705 343.791070
351.575364 342.920990
350.570683 341.180830
348.561319 337.700511
347.054297 335.090271
346.551956 334.220191
346.049615 333.350111
345.547274 332.480031
344.542593 330.739871
343.537911 328.999712
341.026207 324.649312
339.519184 322.039073
339.016843 321.168993
338.514502 320.298913
337.509821 318.558753
337.007480 317.688673
336.505139 316.818593
336.002798 315.948514
335.500457 315.078434
334.998116 314.208354
334.495776 313.338274
333.491094 311.598114
332.988753 310.728034
331.984071 308.987875
330.979390 307.247715
330.477049 306.377635
329.974708 305.507555
329.472367 304.637475
325.453640 297.676836
323.946618 295.066596
323.444277 294.196517
322.941936 293.326437
322.439595 292.456357
321.937254 291.586277
320.932573 289.846117
318.923209 286.365798
315.909164 281.145318
315.406823 280.275239
314.904483 279.405159
314.402142 278.535079
313.899801 277.664999
313.397460 276.794919
316.411505 276.794919
317.416187 276.794919
319.425550 276.794919
320.430232 276.794919
321.434914 276.794919
322.439595 276.794919
326.458322 276.794919
327.463004 276.794919
328.467686 276.794919
329.472367 276.794919
334.495776 276.794919
336.505139 276.794919
339.519184 276.794919
342.533229 276.794919
344.542593 276.794919
349.566001 276.794919
350.570683 276.794919
352.580046 276.794919
353.584728 276.794919
354.589410 276.794919
355.594091 276.794919
356.598773 276.794919
358.608137 276.794919
361.622182 276.794919
363.631545 276.794919
366.645590 276.794919
367.650272 276.794919
368.654954 276.794919
369.659635 276.794919
371.668999 276.794919
372.673680 276.794919
375.687725 276.794919
376.692407 276.794919
377.697089 276.794919
379.706452 276.794919
381.715816 276.794919
386.739224 276.794919
389.753269 276.794919
390.757951 276.794919
394.776678 276.794919
395.781359 276.794919
398.795405 276.794919
399.800086 276.794919
400.804768 276.794919
401.809450 276.794919
403.818813 276.794919
404.823495 276.794919
405.828176 276.794919
406.832858 276.794919
407.837540 276.794919
409.846903 276.794919
410.851585 276.794919
412.860948 276.794919
414.870312 276.794919
416.879675 276.794919
417.884357 276.794919
418.889039 276.794919
423.912447 276.794919
424.917129 276.794919
426.926492 276.794919
427.931174 276.794919
430.945219 276.794919
432.954582 276.794919
437.977991 276.794919
439.987354 276.794919
440.992036 276.794919
444.006081 276.794919
446.015444 276.794919
447.020126 276.794919
448.024808 276.794919
453.048216 276.794919
454.052898 276.794919
455.057580 276.794919
462.090352 276.794919
463.095033 276.794919
465.104397 276.794919
466.109078 276.794919
467.113760 276.794919
471.634828 275.924839
472.639510 274.184679
473.141850 273.314600
474.648873 270.704360
476.155895 268.094120
477.160577 266.353961
477.662918 265.483881
478.165259 264.613801
479.169941 262.873641
479.672281 262.003561
480.676963 260.263401
481.179304 259.393322
482.183986 257.653162
482.686326 256.783082
484.193349 254.172842
485.198031 252.432683
486.705053 249.822443
487.207394 248.952363
488.212076 247.212203
489.216757 245.472044
489.719098 244.601964
490.723780 242.861804
491.226121 241.991724
491.728462 241.121644
492.230803 240.251564
492.733143 239.381484
493.235484 238.511405
494.240166 236.771245
494.742507 235.901165
496.249529 233.290925
496.751870 232.420845
497.756552 230.680686
498.761234 228.940526
499.263574 228.070446
499.765915 227.200366
500.770597 225.460207
501.775279 223.720047
502.277620 222.849967
502.779960 221.979887
503.282301 221.109807
503.784642 220.239727
504.286983 219.369647
504.789324 218.499568
506.296346 215.889328
507.803369 213.279088
508.808051 211.538929
509.812732 209.798769
510.315073 208.928689
511.319755 207.188529
512.324436 205.448369
513.329118 203.708210
514.333800 201.968050
514.836141 201.097970
515.338482 200.227890
515.840822 199.357810
516.343163 198.487730
516.845504 197.617651
517.347845 196.747571
517.850186 195.877491
518.352527 195.007411
519.357208 193.267251
519.859549 192.397171
520.361890 191.527091
520.864231 190.657012
522.371253 188.046772
523.375935 186.306612
524.380617 184.566453
525.385298 182.826293
525.887639 181.956213
526.892321 180.216053
527.394662 179.345973
527.897003 178.475893
528.399344 177.605814
529.404025 175.865654
530.408707 174.125494
532.920411 169.775095
533.422752 168.905015
533.925093 168.034935
534.427434 167.164855
535.934456 164.554615
537.441479 161.944376
538.446161 160.204216
540.957865 155.853817
541.460206 154.983737
542.464887 153.243577
543.971910 150.633337
544.474251 149.763258
545.478932 148.023098
546.483614 146.282938
547.488296 144.542778
547.990637 143.672698
548.492977 142.802619
548.995318 141.932539
549.497659 141.062459
550.000000 140.192379
552.009363 143.672698
552.511704 144.542778
556.028090 150.633337
556.530431 151.503417
557.032772 152.373497
557.535113 153.243577
558.037454 154.113657
559.042135 155.853817
559.544476 156.723897
561.051499 159.334136
561.553839 160.204216
562.056180 161.074296
562.558521 161.944376
563.060862 162.814456
564.567885 165.424695
565.572566 167.164855
566.074907 168.034935
567.079589 169.775095
567.581930 170.645175
568.084270 171.515254
569.088952 173.255414
570.093634 174.995574
573.610020 181.086133
574.112361 181.956213
575.619383 184.566453
576.624065 186.306612
579.135769 190.657012
580.140451 192.397171
580.642792 193.267251
581.145133 194.137331
583.154496 197.617651
583.656837 198.487730
584.661518 200.227890
585.163859 201.097970
587.173223 204.578290
587.675564 205.448369
589.182586 208.058609
589.684927 208.928689
590.187268 209.798769
591.191949 211.538929
591.694290 212.409008
592.698972 214.149168
593.201313 215.019248
594.205995 216.759408
595.210676 218.499568
600.234085 227.200366
600.736426 228.070446
601.238766 228.940526
601.741107 229.810606
602.243448 230.680686
604.252811 234.161005
605.257493 235.901165
605.759834 236.771245
606.764516 238.511405
607.266857 239.381484
608.271538 241.121644
608.773879 241.991724
609.778561 243.731884
611.285583 246.342123
611.787924 247.212203
612.290265 248.082283
613.294947 249.822443
613.797288 250.692523
614.801969 252.432683
615.304310 253.302762
615.806651 254.172842
616.308992 255.042922
616.811333 255.913002
618.820696 259.393322
619.323037 260.263401
620.830059 262.873641
621.332400 263.743721
621.834741 264.613801
622.337082 265.483881
622.839423 266.353961
623.341764 267.224040
626.355809 272.444520
627.360490 274.184679
628.867513 276.794919
628.867513 276.794919
629.872195 276.794919
630.876876 276.794919
632.886240 276.794919
633.890922 276.794919
634.895603 276.794919
635.900285 276.794919
639.919012 276.794919
640.923693 276.794919
641.928375 276.794919
642.933057 276.794919
644.942420 276.794919
646.951784 276.794919
647.956465 276.794919
653.984556 276.794919
655.993919 276.794919
656.998601 276.794919
659.007964 276.794919
662.022009 276.794919
663.026691 276.794919
664.031373 276.794919
665.036054 276.794919
666.040736 276.794919
667.045418 276.794919
670.059463 276.794919
674.078190 276.794919
675.082871 276.794919
677.092235 276.794919
680.106280 276.794919
683.120325 276.794919
686.134370 276.794919
687.139052 276.794919
689.148415 276.794919
690.153097 276.794919
691.157778 276.794919
693.167142 276.794919
694.171824 276.794919
695.176505 276.794919
697.185869 276.794919
700.199914 276.794919
701.204595 276.794919
702.209277 276.794919
704.218641 276.794919
705.223322 276.794919
706.228004 276.794919
711.251412 276.794919
712.256094 276.794919
713.260776 276.794919
719.288866 276.794919
720.293548 276.794919
721.298229 276.794919
722.302911 276.794919
724.312275 276.794919
725.316956 276.794919
726.321638 276.794919
727.326320 276.794919
728.331001 276.794919
729.335683 276.794919
730.340365 276.794919
731.345046 276.794919
732.349728 276.794919
735.363773 276.794919
736.368455 276.794919
737.373137 276.794919
738.377818 276.794919
739.382500 276.794919
741.391863 276.794919
743.401227 276.794919
744.405909 276.794919
745.410590 276.794919
746.415272 276.794919
748.424635 276.794919
749.429317 276.794919
751.438680 276.794919
753.448044 276.794919
754.452726 276.794919
756.462089 276.794919
757.466771 276.794919
758.471452 276.794919
759.476134 276.794919
760.480816 276.794919
762.490179 276.794919
765.504224 276.794919
766.508906 276.794919
769.522951 276.794919
773.541678 276.794919
774.546360 276.794919
776.555723 276.794919
777.560405 276.794919
778.565086 276.794919
779.569768 276.794919
780.574450 276.794919
782.583813 276.794919
786.602540 276.794919
786.602540 276.794919
785.597858 278.535079
783.588495 282.015398
783.086154 282.885478
780.574450 287.235878
778.565086 290.716197
778.062746 291.586277
774.546360 297.676836
772.536996 301.157156
772.034655 302.027235
771.532315 302.897315
770.527633 304.637475
770.025292 305.507555
769.020610 307.247715
768.518270 308.117795
768.015929 308.987875
767.513588 309.857954
767.011247 310.728034
766.508906 311.598114
765.504224 313.338274
765.001884 314.208354
763.997202 315.948514
763.494861 316.818593
762.992520 317.688673
762.490179 318.558753
761.987838 319.428833
760.480816 322.039073
759.476134 323.779232
758.973793 324.649312
757.466771 327.259552
755.959748 329.869792
754.452726 332.480031
753.448044 334.220191
751.941022 336.830431
750.936340 338.570590
750.433999 339.440670
749.931658 340.310750
747.419954 344.661150
746.917613 345.531229
746.415272 346.401309
745.912931 347.271389
745.410591 348.141469
744.908250 349.011549
742.898886 352.491868
741.894205 354.232028
741.391864 355.102108
740.889523 355.972188
738.377819 360.322587
737.875478 361.192667
735.866114 364.672987
731.847388 371.633626
730.842706 373.373786
730.340365 374.243865
729.335683 375.984025
728.331002 377.724185
727.326320 379.464345
724.814616 383.814744
724.312275 384.684824
723.307593 386.424984
722.302912 388.165144
721.800571 389.035223
721.298230 389.905303
720.795889 390.775383
720.293548 391.645463
718.284185 395.125783
717.781844 395.995862
717.279503 396.865942
715.772481 399.476182
715.270140 400.346262
714.767799 401.216342
713.763117 402.956501
713.260776 403.826581
712.758435 404.696661
711.753754 406.436821
711.251413 407.306901
710.749072 408.176981
710.246731 409.047061
709.744390 409.917140
708.739709 411.657300
708.237368 412.527380
707.735027 413.397460
707.735027 413.397460
708.238181 414.268949
708.741336 415.140438
709.244490 416.011927
709.747645 416.883416
710.250799 417.754905
710.753954 418.626394
711.257108 419.497883
712.766571 422.112350
713.269726 422.983840
713.772880 423.855329
714.276035 424.726818
714.779189 425.598307
715.282343 426.469796
715.785498 427.341285
716.288652 428.212774
716.791807 429.084263
717.294961 429.955752
717.798116 430.827241
718.301270 431.698730
718.804424 432.570219
719.307579 433.441708
719.810733 434.313197
720.313888 435.184686
720.817042 436.056175
721.320197 436.927664
721.823351 437.799153
722.326505 438.670642
723.332814 440.413620
723.835969 441.285110
724.339123 442.156599
724.842278 443.028088
725.345432 443.899577
725.848586 444.771066
726.351741 445.642555
726.854895 446.514044
727.358050 447.385533
727.861204 448.257022
728.364359 449.128511
728.867513 450.000000
728.867513 450.000000
729.873822 450.000000
730.880131 450.000000
731.886440 450.000000
732.892749 450.000000
733.899058 450.000000
734.905366 450.000000
736.917984 450.000000
737.924293 450.000000
738.930602 450.000000
739.936911 450.000000
740.943220 450.000000
741.949529 450.000000
742.955838 450.000000
743.962147 450.000000
744.968455 450.000000
745.974764 450.000000
746.981073 450.000000
747.987382 450.000000
748.993691 450.000000
750.000000 450.000000
751.006309 450.000000
752.012618 450.000000
753.018927 450.000000
754.025236 450.000000
755.031545 450.000000
756.037853 450.000000
757.044162 450.000000
758.050471 450.000000
759.056780 450.000000
760.063089 450.000000
761.069398 450.000000
762.075707 450.000000
763.082016 450.000000
764.088325 450.000000
765.094634 450.000000
766.100942 450.000000
767.107251 450.000000
768.113560 450.000000
769.119869 450.000000
770.126178 450.000000
771.132487 450.000000
771.634828 449.129920
772.639510 447.389760
773.141850 446.519681
773.644191 445.649601
774.146532 444.779521
774.648873 443.909441
775.151214 443.039361
776.658236 440.429121
777.160577 439.559042
777.662918 438.688962
778.165259 437.818882
778.667600 436.948802
779.169941 436.078722
779.672281 435.208642
780.676963 433.468482
782.686326 429.988163
784.193349 427.377923
784.695690 426.507843
785.700372 424.767684
786.202712 423.897604
788.714417 419.547204
789.719098 417.807045
791.728462 414.326725
792.230803 413.456645
793.737825 410.846406
794.240166 409.976326
794.742507 409.106246
795.244848 408.236166
797.254211 404.755847
798.258893 403.015687
799.263574 401.275527
799.765915 400.405447
800.770597 398.665288
801.272938 397.795208
801.775279 396.925128
806.296346 389.094409
806.798687 388.224329
809.310391 383.873930
809.812732 383.003850
810.817414 381.263690
812.324436 378.653450
812.826777 377.783371
813.831459 376.043211
814.333800 375.173131
815.338482 373.432971
818.352527 368.212492
818.854867 367.342412
820.361890 364.732172
820.864231 363.862093
821.366572 362.992013
822.371253 361.251853
822.873594 360.381773
824.380617 357.771534
824.882958 356.901454
825.385298 356.031374
826.892321 353.421134
827.897003 351.680974
829.404025 349.070735
830.408707 347.330575
831.413389 345.590415
831.915730 344.720335
832.418070 343.850256
832.920411 342.980176
833.925093 341.240016
834.427434 340.369936
834.929775 339.499856
836.939138 336.019537
837.441479 335.149457
837.943820 334.279377
838.446161 333.409297
839.450842 331.669137
839.953183 330.799057
840.455524 329.928978
841.962546 327.318738
842.464887 326.448658
843.469569 324.708498
843.971910 323.838418
844.976592 322.098259
845.478932 321.228179
845.981273 320.358099
846.483614 319.488019
847.990637 316.877779
848.995318 315.137620
849.497659 314.267540
850.000000 313.397460
850.000000 313.397460
851.507023 316.007700
852.009363 316.877779
853.516386 319.488019
854.018727 320.358099
855.525749 322.968339
856.028090 323.838418
856.530431 324.708498
857.032772 325.578578
857.535113 326.448658
858.037454 327.318738
858.539794 328.188818
859.042135 329.058898
860.046817 330.799057
860.549158 331.669137
861.051499 332.539217
862.056180 334.279377
862.558521 335.149457
863.563203 336.889617
864.567885 338.629776
865.572566 340.369936
866.074907 341.240016
869.088952 346.460495
869.591293 347.330575
870.595975 349.070735
871.098316 349.940815
873.107679 353.421134
874.614702 356.031374
875.619383 357.771534
876.121724 358.641613
877.126406 360.381773
877.628747 361.251853
878.131087 362.121933
878.633428 362.992013
879.135769 363.862093
879.638110 364.732172
880.140451 365.602252
881.145133 367.342412
881.647473 368.212492
882.149814 369.082572
882.652155 369.952652
883.154496 370.822732
886.168541 376.043211
886.670882 376.913291
888.177904 379.523530
889.182586 381.263690
892.698972 387.354249
893.201313 388.224329
894.708335 390.834569
895.210676 391.704649
896.215358 393.444808
896.717699 394.314888
897.220040 395.184968
897.722380 396.055048
899.229403 398.665288
899.731744 399.535367
900.234085 400.405447
901.741107 403.015687
902.243448 403.885767
903.248130 405.625926
903.750471 406.496006
904.252811 407.366086
904.755152 408.236166
905.759834 409.976326
907.266857 412.586565
907.769197 413.456645
909.276220 416.066885
910.280902 417.807045
912.290265 421.287364
912.792606 422.157444
913.294947 423.027524
914.299628 424.767684
914.801969 425.637764
915.304310 426.507843
917.313674 429.988163
919.323037 433.468482
920.327719 435.208642
920.830059 436.078722
924.346445 442.169281
928.365172 449.129920
928.867513 450.000000
928.867513 450.000000
930.871245 450.000000
931.873111 450.000000
932.874977 450.000000
933.876843 450.000000
934.878709 450.000000
935.880575 450.000000
936.882441 450.000000
937.884307 450.000000
938.886173 450.000000
939.888039 450.000000
940.889905 450.000000
941.891771 450.000000
942.893637 450.000000
944.897369 450.000000
945.899235 450.000000
946.901101 450.000000
948.904833 450.000000
949.906699 450.000000
950.908565 450.000000
951.910431 450.000000
953.914163 450.000000
954.916029 450.000000
955.917895 450.000000
956.919761 450.000000
957.921627 450.000000
959.925359 450.000000
960.927225 450.000000
961.929091 450.000000
962.930957 450.000000
963.932823 450.000000
965.936556 450.000000
966.938422 450.000000
967.940288 450.000000
968.942154 450.000000
969.944020 450.000000
970.945886 450.000000
973.951484 450.000000
974.953350 450.000000
975.955216 450.000000
976.957082 450.000000
977.958948 450.000000
979.962680 450.000000
981.966412 450.000000
986.975742 450.000000
987.977608 450.000000
988.979474 450.000000
989.981340 450.000000
990.983206 450.000000
991.985072 450.000000
993.988804 450.000000
994.990670 450.000000
995.992536 450.000000
996.994402 450.000000
997.996268 450.000000
998.998134 450.000000
1000.000000 450.000000
1000.000000 451.000000
1000.000000 452.000000
1000.000000 453.000000
1000.000000 455.000000
1000.000000 456.000000
1000.000000 458.000000
1000.000000 459.000000
1000.000000 460.000000
1000.000000 461.000000
1000.000000 462.000000
1000.000000 463.000000
1000.000000 467.000000
1000.000000 468.000000
1000.000000 469.000000
1000.000000 470.000000
1000.000000 472.000000
1000.000000 473.000000
1000.000000 476.000000
1000.000000 478.000000
1000.000000 480.000000
1000.000000 482.000000
1000.000000 483.000000
1000.000000 484.000000
1000.000000 485.000000
1000.000000 486.000000
1000.000000 487.000000
1000.000000 488.000000
1000.000000 489.000000
1000.000000 491.000000
1000.000000 492.000000
1000.000000 493.000000
1000.000000 494.000000
1000.000000 495.000000
1000.000000 496.000000
1000.000000 499.000000
1000.000000 500.000000
1000.000000 501.000000
1000.000000 502.000000
1000.000000 505.000000
1000.000000 506.000000
1000.000000 507.000000
1000.000000 509.000000
1000.000000 511.000000
1000.000000 512.000000
1000.000000 513.000000
1000.000000 514.000000
1000.000000 515.000000
1000.000000 516.000000
1000.000000 517.000000
1000.000000 518.000000
1000.000000 519.000000
1000.000000 520.000000
1000.000000 521.000000
1000.000000 522.000000
1000.000000 523.000000
1000.000000 524.000000
1000.000000 525.000000
1000.000000 526.000000
1000.000000 527.000000
1000.000000 530.000000
1000.000000 531.000000
1000.000000 532.000000
1000.000000 533.000000
1000.000000 534.000000
1000.000000 535.000000
1000.000000 536.000000
1000.000000 538.000000
1000.000000 539.000000
1000.000000 540.000000
1000.000000 541.000000
1000.000000 542.000000
1000.000000 543.000000
1000.000000 544.000000
1000.000000 545.000000
1000.000000 546.000000
1000.000000 548.000000
1000.000000 549.000000
1000.000000 550.000000
1000.000000 550.000000
998.993223 550.000000
997.986445 550.000000
994.966113 550.000000
992.952558 550.000000
991.945780 550.000000
990.939003 550.000000
988.925448 550.000000
987.918671 550.000000
986.911893 550.000000
985.905116 550.000000
984.898338 550.000000
982.884783 550.000000
980.871229 550.000000
979.864451 550.000000
978.857674 550.000000
977.850896 550.000000
976.844119 550.000000
974.830564 550.000000
972.817009 550.000000
971.810232 550.000000
968.789899 550.000000
967.783122 550.000000
966.776344 550.000000
965.769567 550.000000
963.756012 550.000000
962.749235 550.000000
961.742457 550.000000
960.735680 550.000000
958.722125 550.000000
955.701792 550.000000
954.695015 550.000000
952.681460 550.000000
948.654350 550.000000
946.640795 550.000000
944.627241 550.000000
943.620463 550.000000
941.606908 550.000000
940.600131 550.000000
939.593353 550.000000
937.579798 550.000000
936.573021 550.000000
935.566243 550.000000
930.532356 550.000000
928.518801 550.000000
927.512024 550.000000
926.505246 550.000000
925.498469 550.000000
924.491692 550.000000
921.471359 550.000000
917.444249 550.000000
916.437472 550.000000
915.430695 550.000000
914.423917 550.000000
912.410362 550.000000
910.396807 550.000000
909.390030 550.000000
908.383252 550.000000
907.376475 550.000000
906.369698 550.000000
905.362920 550.000000
904.356143 550.000000
900.329033 550.000000
899.322255 550.000000
893.281591 550.000000
892.274813 550.000000
890.261258 550.000000
889.254481 550.000000
881.200261 550.000000
879.186707 550.000000
878.179929 550.000000
876.166374 550.000000
873.146042 550.000000
872.139264 550.000000
871.132487 550.000000
871.132487 550.000000
870.629333 549.128511
870.126178 548.257022
869.623024 547.385533
868.616715 545.642555
868.113560 544.771066
867.610406 543.899577
867.107251 543.028088
866.604097 542.156599
865.094634 539.542131
864.591479 538.670642
863.585170 536.927664
863.082016 536.056175
862.578861 535.184686
862.075707 534.313197
861.572552 533.441708
861.069398 532.570219
860.566243 531.698730
860.063089 530.827241
859.559935 529.955752
859.056780 529.084263
858.050471 527.341285
857.547317 526.469796
857.044162 525.598307
856.541008 524.726818
856.037853 523.855329
855.534699 522.983840
855.031545 522.112350
854.528390 521.240861
854.025236 520.369372
853.522081 519.497883
853.018927 518.626394
852.012618 516.883416
851.509463 516.011927
851.006309 515.140438
850.503154 514.268949
850.000000 513.397460
850.000000 513.397460
849.496846 514.268949
848.993691 515.140438
848.490537 516.011927
847.987382 516.883416
847.484228 517.754905
846.981073 518.626394
846.477919 519.497883
845.974764 520.369372
845.471610 521.240861
844.968455 522.112350
844.465301 522.983840
843.962147 523.855329
843.458992 524.726818
842.452683 526.469796
841.949529 527.341285
841.446374 528.212774
840.943220 529.084263
840.440065 529.955752
839.936911 530.827241
839.433757 531.698730
838.930602 532.570219
838.427448 533.441708
837.421139 535.184686
836.917984 536.056175
836.414830 536.927664
835.911675 537.799153
835.408521 538.670642
834.905366 539.542131
834.402212 540.413620
833.899058 541.285110
833.395903 542.156599
832.892749 543.028088
832.389594 543.899577
831.886440 544.771066
831.383285 545.642555
830.880131 546.514044
830.376976 547.385533
829.873822 548.257022
829.370667 549.128511
828.867513 550.000000
824.848786 550.000000
822.839423 550.000000
821.834741 550.000000
817.816014 550.000000
816.811333 550.000000
815.806651 550.000000
812.792606 550.000000
809.778561 550.000000
808.773879 550.000000
807.769197 550.000000
806.764516 550.000000
805.759834 550.000000
804.755152 550.000000
803.750471 550.000000
801.741107 550.000000
800.736426 550.000000
798.727062 550.000000
796.717699 550.000000
795.713017 550.000000
794.708335 550.000000
792.698972 550.000000
790.689609 550.000000
789.684927 550.000000
785.666200 550.000000
783.656837 550.000000
781.647473 550.000000
780.642792 550.000000
777.628747 550.000000
775.619383 550.000000
771.600656 550.000000
770.595975 550.000000
765.572566 550.000000
759.544476 550.000000
755.525749 550.000000
754.521068 550.000000
753.516386 550.000000
751.507023 550.000000
750.502341 550.000000
749.497659 550.000000
746.483614 550.000000
745.478932 550.000000
744.474251 550.000000
743.469569 550.000000
741.460206 550.000000
739.450842 550.000000
738.446161 550.000000
736.436797 550.000000
734.427434 550.000000
733.422752 550.000000
732.418070 550.000000
729.404025 550.000000
728.399344 550.000000
727.394662 550.000000
724.380617 550.000000
716.343163 550.000000
715.338482 550.000000
714.333800 550.000000
713.329118 550.000000
707.301028 550.000000
705.291665 550.000000
701.272938 550.000000
700.268256 550.000000
698.258893 550.000000
696.249529 550.000000
695.244848 550.000000
693.235484 550.000000
691.226121 550.000000
688.212076 550.000000
687.207394 550.000000
685.198031 550.000000
684.193349 550.000000
683.188667 550.000000
681.179304 550.000000
679.169941 550.000000
676.155895 550.000000
675.151214 550.000000
674.146532 550.000000
672.137169 550.000000
670.630146 549.129920
670.127805 548.259840
669.123124 546.519681
668.620783 545.649601
668.118442 544.779521
667.616101 543.909441
666.611419 542.169281
665.104397 539.559042
664.602056 538.688962
663.597374 536.948802
662.592692 535.208642
662.090352 534.338562
661.085670 532.598403
660.080988 530.858243
659.578647 529.988163
659.076307 529.118083
658.573966 528.248003
658.071625 527.377923
656.062261 523.897604
655.559921 523.027524
654.555239 521.287364
653.048216 518.677125
652.545875 517.807045
651.541194 516.066885
651.038853 515.196805
650.034171 513.456645
649.531830 512.586565
647.522467 509.106246
645.513103 505.625926
645.010763 504.755847
643.503740 502.145607
640.489695 496.925128
639.987354 496.055048
639.485013 495.184968
636.470968 489.964489
635.466286 488.224329
633.456923 484.744010
631.949900 482.133770
631.447560 481.263690
630.945219 480.393610
630.442878 479.523530
629.940537 478.653450
629.438196 477.783371
628.935855 476.913291
628.433514 476.043211
626.424151 472.562891
624.917128 469.952652
622.907765 466.472332
621.903083 464.732172
619.893720 461.251853
619.391379 460.381773
618.889038 459.511693
618.386697 458.641613
617.382016 456.901454
615.874993 454.291214
614.870311 452.551054
614.367971 451.680974
613.865630 450.810895
612.860948 449.070735
612.358607 448.200655
611.856266 447.330575
611.353925 446.460495
610.851585 445.590415
609.846903 443.850256
609.344562 442.980176
608.842221 442.110096
607.335199 439.499856
606.330517 437.759696
605.325835 436.019537
604.823494 435.149457
604.321153 434.279377
603.818813 433.409297
603.316472 432.539217
601.307108 429.058898
599.800086 426.448658
598.795404 424.708498
597.288382 422.098259
596.786041 421.228179
596.283700 420.358099
595.781359 419.488019
595.279018 418.617939
594.776677 417.747859
593.771996 416.007700
592.264973 413.397460
592.768127 412.525971
593.271282 411.654482
593.774436 410.782993
594.277591 409.911504
594.780745 409.040015
595.283900 408.168526
595.787054 407.297036
596.290209 406.425547
596.793363 405.554058
597.296518 404.682569
598.302826 402.939591
598.805981 402.068102
599.309135 401.196613
599.812290 400.325124
600.315444 399.453635
600.818599 398.582146
601.321753 397.710657
601.824908 396.839168
602.328062 395.967679
602.831216 395.096190
603.837525 393.353211
604.340680 392.481722
604.843834 391.610233
605.346989 390.738744
605.850143 389.867255
606.856452 388.124277
607.359607 387.252788
607.862761 386.381299
608.365915 385.509810
608.869070 384.638321
609.372224 383.766832
609.875379 382.895342
610.378533 382.023853
610.881688 381.152364
611.384842 380.280875
611.887997 379.409386
612.391151 378.537897
612.894306 377.666408
613.397460 376.794919
613.397460 376.794919
612.391151 376.794919
611.384842 376.794919
610.378533 376.794919
609.372224 376.794919
607.359607 376.794919
605.346989 376.794919
604.340680 376.794919
603.334371 376.794919
602.328062 376.794919
601.321753 376.794919
600.315445 376.794919
599.309136 376.794919
598.302827 376.794919
597.296518 376.794919
596.290209 376.794919
594.277591 376.794919
593.271282 376.794919
592.264973 376.794919
591.258665 376.794919
590.252356 376.794919
589.246047 376.794919
588.239738 376.794919
587.233429 376.794919
584.214502 376.794919
582.201885 376.794919
581.195576 376.794919
580.189267 376.794919
579.182958 376.794919
578.176649 376.794919
577.170340 376.794919
576.164031 376.794919
575.157723 376.794919
574.151414 376.794919
573.145105 376.794919
572.138796 376.794919
571.132487 376.794919
571.132487 376.794919
570.629333 375.923430
570.126178 375.051941
569.623024 374.180452
569.119869 373.308963
568.616715 372.437474
568.113560 371.565985
567.107251 369.823007
566.604097 368.951518
566.100942 368.080029
565.597788 367.208539
565.094634 366.337050
564.591479 365.465561
564.088325 364.594072
563.585170 363.722583
563.082016 362.851094
562.578861 361.979605
562.075707 361.108116
561.572552 360.236627
561.069398 359.365138
560.566243 358.493649
560.063089 357.622160
559.559935 356.750671
559.056780 355.879182
558.553626 355.007693
558.050471 354.136204
557.547317 353.264715
557.044162 352.393226
556.541008 351.521737
556.037853 350.650248
555.534699 349.778759
555.031545 348.907269
554.528390 348.035780
554.025236 347.164291
553.522081 346.292802
553.018927 345.421313
552.515772 344.549824
552.012618 343.678335
551.509463 342.806846
551.006309 341.935357
550.503154 341.063868
550.000000 340.192379
550.000000 340.192379
549.496846 341.063868
548.993691 341.935357
548.490537 342.806846
547.987382 343.678335
547.484228 344.549824
546.981073 345.421313
546.477919 346.292802
545.974764 347.164291
545.471610 348.035780
544.968455 348.907269
544.465301 349.778759
543.962147 350.650248
543.458992 351.521737
542.955838 352.393226
542.452683 353.264715
541.949529 354.136204
541.446374 355.007693
540.943220 355.879182
540.440065 356.750671
539.936911 357.622160
539.433757 358.493649
538.930602 359.365138
538.427448 360.236627
537.924293 361.108116
537.421139 361.979605
536.917984 362.851094
536.414830 363.722583
535.911675 364.594072
535.408521 365.465561
534.905366 366.337050
534.402212 367.208539
533.899058 368.080029
533.395903 368.951518
532.892749 369.823007
532.389594 370.694496
531.886440 371.565985
531.383285 372.437474
530.880131 373.308963
530.376976 374.180452
529.873822 375.051941
529.370667 375.923430
528.867513 376.794919
528.867513 376.794919
527.861204 376.794919
526.854895 376.794919
525.848586 376.794919
524.842277 376.794919
523.835969 376.794919
522.829660 376.794919
521.823351 376.794919
520.817042 376.794919
518.804424 376.794919
517.798115 376.794919
516.791806 376.794919
515.785498 376.794919
514.779189 376.794919
513.772880 376.794919
512.766571 376.794919
511.760262 376.794919
510.753953 376.794919
509.747644 376.794919
508.741335 376.794919
507.735027 376.794919
506.728718 376.794919
505.722409 376.794919
503.709791 376.794919
502.703482 376.794919
500.690864 376.794919
499.684555 376.794919
498.678247 376.794919
497.671938 376.794919
496.665629 376.794919
495.659320 376.794919
494.653011 376.794919
493.646702 376.794919
492.640393 376.794919
491.634084 376.794919
490.627776 376.794919
488.615158 376.794919
487.608849 376.794919
486.602540 376.794919
486.602540 376.794919
487.105694 377.666408
487.608849 378.537897
488.112003 379.409386
489.118312 381.152364
489.621467 382.023853
490.627776 383.766832
491.130930 384.638321
491.634085 385.509810
492.137239 386.381299
493.143548 388.124277
493.646702 388.995766
494.149857 389.867255
494.653011 390.738744
495.156166 391.610233
495.659320 392.481722
496.162475 393.353211
496.665629 394.224700
497.168784 395.096190
497.671938 395.967679
498.175092 396.839168
499.181401 398.582146
499.684556 399.453635
500.187710 400.325124
500.690865 401.196613
501.194019 402.068102
501.697174 402.939591
502.200328 403.811080
502.703482 404.682569
503.206637 405.554058
504.212946 407.297036
504.716100 408.168526
505.219255 409.040015
505.722409 409.911504
506.225564 410.782993
506.728718 411.654482
507.231873 412.525971
507.735027 413.397460
507.735027 413.397460
506.228004 416.007700
505.223323 417.747859
504.720982 418.617939
504.218641 419.488019
503.716300 420.358099
503.213959 421.228179
502.711618 422.098259
501.706937 423.838418
501.204596 424.708498
500.199914 426.448658
499.697573 427.318738
499.195232 428.188818
498.692892 429.058898
498.190551 429.928978
497.688210 430.799057
497.185869 431.669137
496.683528 432.539217
493.669483 437.759696
493.167142 438.629776
492.664801 439.499856
492.162461 440.369936
491.660120 441.240016
491.157779 442.110096
490.655438 442.980176
489.148415 445.590415
487.139052 449.070735
486.636711 449.940815
484.627348 453.421134
482.617984 456.901454
480.608621 460.381773
480.106280 461.251853
478.599257 463.862093
478.096917 464.732172
477.594576 465.602252
476.087553 468.212492
474.078190 471.692811
473.575849 472.562891
470.561804 477.783371
470.059463 478.653450
469.557122 479.523530
469.054781 480.393610
468.552440 481.263690
468.050100 482.133770
467.045418 483.873930
466.543077 484.744010
466.040736 485.614089
465.538395 486.484169
462.524350 491.704649
462.022009 492.574728
461.519668 493.444808
461.017328 494.314888
460.514987 495.184968
459.007964 497.795208
456.998601 501.275527
454.486897 505.625926
452.979874 508.236166
452.477533 509.106246
451.975192 509.976326
450.970511 511.716486
450.468170 512.586565
449.965829 513.456645
447.956465 516.936965
446.951784 518.677125
446.449443 519.547204
445.947102 520.417284
444.942420 522.157444
444.440079 523.027524
442.933057 525.637764
442.430716 526.507843
440.421353 529.988163
439.416671 531.728323
438.914330 532.598403
437.909648 534.338562
437.407308 535.208642
436.904967 536.078722
435.397944 538.688962
434.393262 540.429121
433.890922 541.299201
433.388581 542.169281
432.886240 543.039361
432.383899 543.909441
430.374536 547.389760
429.872195 548.259840
429.369854 549.129920
428.867513 550.000000
427.862831 550.000000
426.858150 550.000000
424.848786 550.000000
422.839423 550.000000
421.834741 550.000000
420.830059 550.000000
416.811333 550.000000
413.797288 550.000000
408.773879 550.000000
405.759834 550.000000
403.750471 550.000000
400.736426 550.000000
399.731744 550.000000
395.713017 550.000000
393.703654 550.000000
388.680245 550.000000
383.656837 550.000000
382.652155 550.000000
381.647473 550.000000
378.633428 550.000000
375.619383 550.000000
372.605338 550.000000
370.595975 550.000000
367.581930 550.000000
366.577248 550.000000
363.563203 550.000000
362.558521 550.000000
360.549158 550.000000
357.535113 550.000000
353.516386 550.000000
350.502341 550.000000
349.497659 550.000000
344.474251 550.000000
342.464887 550.000000
339.450842 550.000000
337.441479 550.000000
334.427434 550.000000
331.413389 550.000000
330.408707 550.000000
329.404025 550.000000
328.399344 550.000000
325.385298 550.000000
323.375935 550.000000
321.366572 550.000000
320.361890 550.000000
319.357208 550.000000
318.352527 550.000000
314.333800 550.000000
312.324436 550.000000
311.319755 550.000000
310.315073 550.000000
307.301028 550.000000
306.296346 550.000000
303.282301 550.000000
300.268256 550.000000
294.240166 550.000000
293.235484 550.000000
291.226121 550.000000
290.221439 550.000000
289.216757 550.000000
288.212076 550.000000
287.207394 550.000000
284.193349 550.000000
283.188667 550.000000
281.179304 550.000000
280.174622 550.000000
278.165259 550.000000
274.146532 550.000000
273.141850 550.000000
271.132487 550.000000
271.132487 550.000000
270.629333 549.128511
270.126178 548.257022
269.119869 546.514044
268.616715 545.642555
268.113560 544.771066
267.610406 543.899577
266.604097 542.156599
266.100942 541.285110
265.597788 540.413620
265.094634 539.542131
264.591479 538.670642
264.088325 537.799153
263.585170 536.927664
262.578861 535.184686
262.075707 534.313197
261.572552 533.441708
261.069398 532.570219
260.566244 531.698730
260.063089 530.827241
259.559935 529.955752
259.056780 529.084263
258.553626 528.212774
258.050471 527.341285
257.547317 526.469796
257.044162 525.598307
256.541008 524.726818
256.037853 523.855329
255.534699 522.983840
255.031545 522.112350
254.528390 521.240861
254.025236 520.369372
253.522081 519.497883
253.018927 518.626394
252.515772 517.754905
252.012618 516.883416
251.509463 516.011927
251.006309 515.140438
250.503154 514.268949
250.000000 513.397460
250.000000 513.397460
249.496846 514.268949
248.993691 515.140438
248.490537 516.011927
247.987382 516.883416
247.484228 517.754905
246.981073 518.626394
246.477919 519.497883
245.974764 520.369372
245.471610 521.240861
244.465301 522.983840
243.962147 523.855329
243.458992 524.726818
242.955838 525.598307
242.452683 526.469796
241.949529 527.341285
241.446374 528.212774
240.943220 529.084263
240.440065 529.955752
239.936911 530.827241
239.433757 531.698730
238.930602 532.570219
238.427448 533.441708
237.924293 534.313197
237.421139 535.184686
236.917984 536.056175
235.911675 537.799153
235.408521 538.670642
234.905366 539.542131
234.402212 540.413620
233.899058 541.285110
233.395903 542.156599
232.892749 543.028088
232.389594 543.899577
231.886440 544.771066
231.383285 545.642555
230.880131 546.514044
230.376976 547.385533
229.873822 548.257022
229.370667 549.128511
228.867513 550.000000
227.860736 550.000000
226.853958 550.000000
225.847181 550.000000
224.840403 550.000000
223.833626 550.000000
221.820071 550.000000
216.786184 550.000000
215.779406 550.000000
213.765851 550.000000
212.759074 550.000000
211.752296 550.000000
208.731964 550.000000
203.698077 550.000000
200.677745 550.000000
199.670967 550.000000
197.657412 550.000000
196.650635 550.000000
195.643857 550.000000
194.637080 550.000000
193.630302 550.000000
192.623525 550.000000
189.603193 550.000000
188.596415 550.000000
187.589638 550.000000
186.582860 550.000000
185.576083 550.000000
182.555751 550.000000
180.542196 550.000000
179.535418 550.000000
178.528641 550.000000
177.521863 550.000000
175.508308 550.000000
174.501531 550.000000
173.494754 550.000000
172.487976 550.000000
171.481199 550.000000
170.474421 550.000000
169.467644 550.000000
167.454089 550.000000
166.447311 550.000000
165.440534 550.000000
164.433757 550.000000
162.420202 550.000000
161.413424 550.000000
158.393092 550.000000
157.386314 550.000000
155.372759 550.000000
154.365982 550.000000
153.359205 550.000000
151.345650 550.000000
148.325317 550.000000
147.318540 550.000000
145.304985 550.000000
144.298208 550.000000
141.277875 550.000000
139.264320 550.000000
138.257543 550.000000
137.250765 550.000000
136.243988 550.000000
133.223656 550.000000
132.216878 550.000000
131.210101 550.000000
130.203323 550.000000
129.196546 550.000000
128.189768 550.000000
123.155881 550.000000
121.142326 550.000000
120.135549 550.000000
119.128771 550.000000
118.121994 550.000000
117.115217 550.000000
116.108439 550.000000
115.101662 550.000000
113.088107 550.000000
110.067774 550.000000
108.054220 550.000000
107.047442 550.000000
105.033887 550.000000
103.020332 550.000000
101.006777 550.000000
