740
103.005598 450.000000
109.016794 450.000000
110.018660 450.000000
116.029856 450.000000
119.035454 450.000000
120.037320 450.000000
122.041052 450.000000
126.048516 450.000000
127.050382 450.000000
133.061578 450.000000
135.065310 450.000000
136.067177 450.000000
140.074641 450.000000
143.080239 450.000000
146.085837 450.000000
151.095167 450.000000
152.097033 450.000000
153.098899 450.000000
158.108229 450.000000
161.113827 450.000000
163.117559 450.000000
166.123157 450.000000
168.126889 450.000000
173.141850 446.519681
174.648873 443.909441
179.672281 435.208642
181.681645 431.728323
184.695690 426.507843
185.198031 425.637764
188.714417 419.547204
191.226121 415.196805
192.230803 413.456645
192.733143 412.586565
194.240166 409.976326
201.775279 396.925128
204.286983 392.574728
205.291665 390.834569
207.301028 387.354249
211.319755 380.393610
215.338482 373.432971
218.352527 368.212492
219.357208 366.472332
220.361890 364.732172
222.371253 361.251853
223.878276 358.641613
226.389980 354.291214
228.399344 350.810895
228.901684 349.940815
229.906366 348.200655
230.408707 347.330575
232.418070 343.850256
233.422752 342.110096
234.427434 340.369936
235.934456 337.759696
237.441479 335.149457
238.948501 332.539217
243.469569 324.708498
253.516386 319.488019
254.521068 321.228179
256.530431 324.708498
257.535113 326.448658
260.549158 331.669137
261.553839 333.409297
267.079589 342.980176
282.149814 369.082572
286.168541 376.043211
288.177904 379.523530
292.196631 386.484169
292.698972 387.354249
295.210676 391.704649
298.224721 396.925128
301.238766 402.145607
304.252811 407.366086
305.257493 409.106246
310.783243 418.677125
311.285583 419.547204
316.308992 428.248003
321.834741 437.818882
327.862831 448.259840
328.867513 450.000000
329.873822 450.000000
336.917984 450.000000
337.924293 450.000000
338.930602 450.000000
340.943220 450.000000
341.949529 450.000000
342.955838 450.000000
344.968455 450.000000
348.993691 450.000000
350.000000 450.000000
351.006309 450.000000
352.012618 450.000000
357.044162 450.000000
359.056780 450.000000
361.069398 450.000000
367.107251 450.000000
370.126178 450.000000
371.132487 450.000000
371.635641 449.128511
373.648259 445.642555
375.660877 442.156599
376.667186 440.413620
378.176649 437.799153
379.686112 435.184686
381.195576 432.570219
381.698730 431.698730
382.201884 430.827241
382.705039 429.955752
383.208193 429.084263
383.711348 428.212774
386.227120 423.855329
387.233429 422.112350
387.736583 421.240861
390.252355 416.883416
391.761819 414.268949
387.743905 405.566741
385.232201 401.216342
383.725179 398.606102
382.720497 396.865942
381.715815 395.125783
378.199429 389.035223
377.697088 388.165144
372.171339 378.594265
367.650271 370.763546
365.138567 366.413147
364.133886 364.672987
363.129204 362.932827
360.115159 357.712348
359.612818 356.842268
358.105795 354.232028
350.570683 341.180830
348.058978 336.830431
347.054297 335.090271
342.533229 327.259552
341.026207 324.649312
330.979390 307.247715
327.965345 302.027235
321.937254 291.586277
317.918528 284.625638
317.416187 283.755558
316.913846 282.885478
315.909164 281.145318
314.402142 276.794919
330.477049 276.794919
336.505139 276.794919
341.528548 276.794919
353.584728 276.794919
356.598773 276.794919
357.603455 276.794919
361.622182 276.794919
366.645590 276.794919
383.725179 276.794919
394.776678 276.794919
395.781359 276.794919
400.804768 276.794919
405.828176 276.794919
406.832858 276.794919
420.898402 276.794919
435.968627 276.794919
436.973309 276.794919
454.052898 276.794919
457.066943 276.794919
464.099715 276.794919
467.113760 276.794919
476.155895 268.094120
483.188667 255.913002
483.691008 255.042922
485.198031 252.432683
492.230803 240.251564
492.733143 239.381484
493.737825 237.641325
495.244848 235.031085
496.751870 232.420845
499.263574 228.070446
499.765915 227.200366
501.775279 223.720047
502.277620 222.849967
504.286983 219.369647
506.798687 215.019248
510.315073 208.928689
510.817414 208.058609
511.319755 207.188529
513.329118 203.708210
519.859549 192.397171
521.366572 189.786932
521.868913 188.916852
522.873594 187.176692
523.375935 186.306612
527.897003 178.475893
529.404025 175.865654
533.422752 168.905015
534.427434 167.164855
535.432115 165.424695
536.939138 162.814456
537.943820 161.074296
540.455524 156.723897
542.967228 152.373497
544.474251 149.763258
545.981273 147.153018
553.516386 146.282938
554.018727 147.153018
558.539794 154.983737
559.544476 156.723897
560.046817 157.593976
562.056180 161.074296
565.070225 166.294775
568.586611 172.385334
570.595975 175.865654
575.619383 184.566453
576.121724 185.436532
579.135769 190.657012
581.647473 195.007411
582.149814 195.877491
585.666200 201.968050
590.187268 209.798769
590.689609 210.668849
592.196631 213.279088
593.201313 215.019248
598.727062 224.590127
604.755152 235.031085
605.759834 236.771245
607.769197 240.251564
616.308992 255.042922
617.816014 257.653162
619.323037 260.263401
621.332400 263.743721
621.834741 264.613801
626.858150 273.314600
627.360490 274.184679
642.933057 276.794919
653.984556 276.794919
655.993919 276.794919
673.073508 276.794919
683.120325 276.794919
685.129688 276.794919
687.139052 276.794919
697.185869 276.794919
700.199914 276.794919
703.213959 276.794919
704.218641 276.794919
705.223322 276.794919
709.242049 276.794919
713.260776 276.794919
721.298229 276.794919
727.326320 276.794919
737.373137 276.794919
754.452726 276.794919
761.485497 276.794919
770.527633 276.794919
786.100199 277.664999
784.593177 280.275239
775.551041 295.936676
774.044019 298.546916
769.522951 306.377635
767.513588 309.857954
765.504224 313.338274
765.001884 314.208354
758.973793 324.649312
750.433999 339.440670
749.931658 340.310750
748.424636 342.920990
740.889523 355.972188
739.382500 358.582428
731.345047 372.503706
721.800571 389.035223
720.795889 390.775383
717.781844 395.995862
713.763117 402.956501
713.260776 403.826581
712.758435 404.696661
711.753754 406.436821
709.244490 416.011927
710.753954 418.626394
711.760262 420.369372
712.766571 422.112350
714.276035 424.726818
714.779189 425.598307
715.282343 426.469796
715.785498 427.341285
716.288652 428.212774
716.791807 429.084263
717.294961 429.955752
717.798116 430.827241
718.804424 432.570219
719.307579 433.441708
720.817042 436.056175
721.823351 437.799153
722.326505 438.670642
722.829660 439.542131
723.332814 440.413620
723.835969 441.285110
724.339123 442.156599
725.848586 444.771066
726.854895 446.514044
728.867513 450.000000
731.886440 450.000000
733.899058 450.000000
734.905366 450.000000
736.917984 450.000000
739.936911 450.000000
740.943220 450.000000
741.949529 450.000000
745.974764 450.000000
747.987382 450.000000
748.993691 450.000000
750.000000 450.000000
752.012618 450.000000
754.025236 450.000000
755.031545 450.000000
757.044162 450.000000
759.056780 450.000000
760.063089 450.000000
764.088325 450.000000
766.100942 450.000000
767.107251 450.000000
770.126178 450.000000
772.639510 447.389760
773.644191 445.649601
775.653555 442.169281
779.672281 435.208642
781.179304 432.598403
782.686326 429.988163
786.202712 423.897604
790.723780 416.066885
791.226121 415.196805
792.733143 412.586565
793.235484 411.716486
802.779960 395.184968
806.296346 389.094409
809.812732 383.003850
811.822096 379.523530
813.329118 376.913291
816.845504 370.822732
817.347845 369.952652
822.371253 361.251853
824.882958 356.901454
826.892321 353.421134
828.399344 350.810895
831.413389 345.590415
832.418070 343.850256
835.432115 338.629776
839.953183 330.799057
840.957865 329.058898
854.018727 320.358099
858.037454 327.318738
859.544476 329.928978
864.065544 337.759696
864.567885 338.629776
868.586611 345.590415
873.610020 354.291214
878.633428 362.992013
885.666200 375.173131
888.680245 380.393610
893.201313 388.224329
895.210676 391.704649
895.713017 392.574728
903.248130 405.625926
907.266857 412.586565
913.294947 423.027524
917.313674 429.988163
921.834741 437.818882
925.351127 443.909441
929.869379 450.000000
931.873111 450.000000
935.880575 450.000000
936.882441 450.000000
937.884307 450.000000
939.888039 450.000000
942.893637 450.000000
943.895503 450.000000
946.901101 450.000000
947.902967 450.000000
949.906699 450.000000
957.921627 450.000000
958.923493 450.000000
961.929091 450.000000
963.932823 450.000000
965.936556 450.000000
977.958948 450.000000
988.979474 450.000000
989.981340 450.000000
997.996268 450.000000
1000.000000 453.000000
1000.000000 454.000000
1000.000000 461.000000
1000.000000 463.000000
1000.000000 465.000000
1000.000000 467.000000
1000.000000 468.000000
1000.000000 472.000000
1000.000000 475.000000
1000.000000 478.000000
1000.000000 486.000000
1000.000000 487.000000
1000.000000 494.000000
1000.000000 496.000000
1000.000000 500.000000
1000.000000 504.000000
1000.000000 505.000000
1000.000000 507.000000
1000.000000 509.000000
1000.000000 519.000000
1000.000000 521.000000
1000.000000 523.000000
1000.000000 535.000000
1000.000000 542.000000
1000.000000 545.000000
990.939003 550.000000
983.891561 550.000000
982.884783 550.000000
977.850896 550.000000
971.810232 550.000000
956.708570 550.000000
951.674683 550.000000
950.667905 550.000000
948.654350 550.000000
938.586576 550.000000
937.579798 550.000000
930.532356 550.000000
928.518801 550.000000
916.437472 550.000000
914.423917 550.000000
908.383252 550.000000
896.301923 550.000000
886.234149 550.000000
885.227371 550.000000
882.207039 550.000000
875.159597 550.000000
868.616715 545.642555
867.610406 543.899577
866.604097 542.156599
865.597788 540.413620
862.578861 535.184686
862.075707 534.313197
861.572552 533.441708
860.566243 531.698730
860.063089 530.827241
859.559935 529.955752
858.553626 528.212774
856.541008 524.726818
856.037853 523.855329
855.534699 522.983840
854.528390 521.240861
853.018927 518.626394
852.012618 516.883416
851.509463 516.011927
851.006309 515.140438
850.000000 513.397460
848.993691 515.140438
848.490537 516.011927
844.968455 522.112350
842.955838 525.598307
842.452683 526.469796
841.446374 528.212774
840.943220 529.084263
839.936911 530.827241
839.433757 531.698730
835.911675 537.799153
834.905366 539.542131
834.402212 540.413620
833.899058 541.285110
832.892749 543.028088
832.389594 543.899577
831.886440 544.771066
831.383285 545.642555
830.376976 547.385533
818.820696 550.000000
816.811333 550.000000
802.745789 550.000000
801.741107 550.000000
799.731744 550.000000
795.713017 550.000000
793.703654 550.000000
791.694290 550.000000
783.656837 550.000000
777.628747 550.000000
776.624065 550.000000
773.610020 550.000000
772.605338 550.000000
770.595975 550.000000
765.572566 550.000000
764.567885 550.000000
754.521068 550.000000
753.516386 550.000000
748.492977 550.000000
744.474251 550.000000
729.404025 550.000000
728.399344 550.000000
727.394662 550.000000
715.338482 550.000000
710.315073 550.000000
709.310391 550.000000
705.291665 550.000000
701.272938 550.000000
698.258893 550.000000
688.212076 550.000000
680.174622 550.000000
671.132487 550.000000
666.611419 542.169281
665.606738 540.429121
663.597374 536.948802
662.090352 534.338562
656.062261 523.897604
652.043535 516.936965
651.541194 516.066885
648.527149 510.846406
639.987354 496.055048
639.485013 495.184968
635.968627 489.094409
633.456923 484.744010
631.949900 482.133770
630.442878 479.523530
628.935855 476.913291
628.433514 476.043211
627.931174 475.173131
625.921810 471.692811
617.884357 457.771534
606.330517 437.759696
602.814131 431.669137
598.293063 423.838418
596.786041 421.228179
592.264973 413.397460
593.774436 410.782993
594.277591 409.911504
595.283900 408.168526
598.805981 402.068102
600.315444 399.453635
600.818599 398.582146
602.831216 395.096190
603.334371 394.224700
603.837525 393.353211
605.346989 390.738744
606.353298 388.995766
606.856452 388.124277
607.862761 386.381299
608.365915 385.509810
608.869070 384.638321
609.875379 382.895342
611.887997 379.409386
612.391151 378.537897
612.894306 377.666408
613.397460 376.794919
613.397460 376.794919
610.378533 376.794919
606.353298 376.794919
604.340680 376.794919
603.334371 376.794919
602.328062 376.794919
598.302827 376.794919
596.290209 376.794919
594.277591 376.794919
591.258665 376.794919
588.239738 376.794919
586.227120 376.794919
585.220811 376.794919
584.214502 376.794919
582.201885 376.794919
579.182958 376.794919
576.164031 376.794919
574.151414 376.794919
570.126178 375.051941
569.119869 373.308963
568.616715 372.437474
568.113560 371.565985
565.597788 367.208539
564.088325 364.594072
561.572552 360.236627
560.063089 357.622160
558.050471 354.136204
557.547317 353.264715
557.044162 352.393226
556.541008 351.521737
555.534699 349.778759
555.031545 348.907269
554.528390 348.035780
554.025236 347.164291
553.018927 345.421313
552.012618 343.678335
549.496846 341.063868
548.993691 341.935357
548.490537 342.806846
547.484228 344.549824
546.477919 346.292802
545.471610 348.035780
544.968455 348.907269
543.962147 350.650248
542.955838 352.393226
542.452683 353.264715
541.949529 354.136204
540.440065 356.750671
539.936911 357.622160
538.930602 359.365138
538.427448 360.236627
535.911675 364.594072
534.905366 366.337050
534.402212 367.208539
533.899058 368.080029
533.395903 368.951518
532.892749 369.823007
531.886440 371.565985
531.383285 372.437474
530.880131 373.308963
529.370667 375.923430
528.867513 376.794919
527.861204 376.794919
524.842277 376.794919
523.835969 376.794919
513.772880 376.794919
512.766571 376.794919
509.747644 376.794919
508.741335 376.794919
507.735027 376.794919
506.728718 376.794919
501.697173 376.794919
498.678247 376.794919
497.671938 376.794919
495.659320 376.794919
494.653011 376.794919
493.646702 376.794919
492.640393 376.794919
486.602540 376.794919
487.608849 378.537897
490.124621 382.895342
492.137239 386.381299
493.143548 388.124277
493.646702 388.995766
494.149857 389.867255
494.653011 390.738744
495.156166 391.610233
495.659320 392.481722
496.162475 393.353211
496.665629 394.224700
497.168784 395.096190
498.678247 397.710657
499.181401 398.582146
500.187710 400.325124
503.206637 405.554058
505.722409 409.911504
506.728718 411.654482
507.735027 413.397460
501.204596 424.708498
496.683528 432.539217
489.148415 445.590415
488.646075 446.460495
485.129689 452.551054
483.120325 456.031374
482.617984 456.901454
481.613303 458.641613
480.608621 460.381773
475.082872 469.952652
471.064145 476.913291
464.031373 489.094409
463.529032 489.964489
462.524350 491.704649
459.510305 496.925128
455.491578 503.885767
447.956465 516.936965
447.454125 517.807045
444.440079 523.027524
438.411989 533.468482
436.904967 536.078722
433.890922 541.299201
432.383899 543.909441
431.881558 544.779521
430.876876 546.519681
429.369854 549.129920
428.867513 550.000000
424.848786 550.000000
421.834741 550.000000
387.675564 550.000000
377.628747 550.000000
368.586611 550.000000
353.516386 550.000000
348.492977 550.000000
337.441479 550.000000
332.418070 550.000000
328.399344 550.000000
325.385298 550.000000
309.310391 550.000000
307.301028 550.000000
301.272938 550.000000
299.263574 550.000000
297.254211 550.000000
282.183986 550.000000
281.179304 550.000000
273.141850 550.000000
270.629333 549.128511
270.126178 548.257022
269.119869 546.514044
268.616715 545.642555
266.604097 542.156599
266.100942 541.285110
265.597788 540.413620
265.094634 539.542131
264.591479 538.670642
263.585170 536.927664
261.069398 532.570219
259.559935 529.955752
259.056780 529.084263
256.541008 524.726818
254.528390 521.240861
254.025236 520.369372
253.522081 519.497883
248.993691 515.140438
248.490537 516.011927
247.484228 517.754905
246.477919 519.497883
245.974764 520.369372
243.458992 524.726818
242.955838 525.598307
241.446374 528.212774
235.911675 537.799153
235.408521 538.670642
234.905366 539.542131
233.395903 542.156599
231.383285 545.642555
230.880131 546.514044
230.376976 547.385533
229.873822 548.257022
228.867513 550.000000
222.826848 550.000000
218.799739 550.000000
213.765851 550.000000
210.745519 550.000000
195.643857 550.000000
194.637080 550.000000
193.630302 550.000000
192.623525 550.000000
191.616748 550.000000
183.562528 550.000000
179.535418 550.000000
166.447311 550.000000
142.284653 550.000000
141.277875 550.000000
130.203323 550.000000
128.189768 550.000000
127.182991 550.000000
124.162659 550.000000
108.054220 550.000000
100.000000 550.000000
