1020
100.000000 450.000000
102.000978 450.000000
108.003911 450.000000
111.005378 450.000000
113.006355 450.000000
115.007333 450.000000
120.009778 450.000000
121.010267 450.000000
123.011244 450.000000
129.014178 450.000000
131.015155 450.000000
136.017600 450.000000
140.019555 450.000000
144.021511 450.000000
146.022489 450.000000
150.024444 450.000000
151.024933 450.000000
154.026400 450.000000
156.027377 450.000000
158.028355 450.000000
160.029333 450.000000
162.030311 450.000000
164.031288 450.000000
179.038622 450.000000
195.046444 450.000000
197.047422 450.000000
204.050844 450.000000
208.052799 450.000000
212.054755 450.000000
214.055733 450.000000
218.057688 450.000000
222.059644 450.000000
227.062088 450.000000
229.063066 450.000000
232.064532 450.000000
236.066488 450.000000
241.068932 450.000000
242.069421 450.000000
251.073821 450.000000
256.076266 450.000000
257.076754 450.000000
258.077243 450.000000
264.080177 450.000000
274.085065 450.000000
278.087021 450.000000
281.088488 450.000000
287.091421 450.000000
291.093376 450.000000
294.094843 450.000000
295.095332 450.000000
298.096799 450.000000
302.098754 450.000000
307.101199 450.000000
312.103643 450.000000
316.105598 450.000000
321.108043 450.000000
322.108532 450.000000
323.109021 450.000000
327.110976 450.000000
329.111954 450.000000
330.112443 450.000000
331.112932 450.000000
338.116354 450.000000
340.117332 450.000000
343.118798 450.000000
344.119287 450.000000
349.121732 450.000000
351.122709 450.000000
352.123198 450.000000
353.123687 450.000000
356.125154 450.000000
363.128576 450.000000
365.129554 450.000000
368.131020 450.000000
372.138796 448.257022
372.641950 447.385533
373.145105 446.514044
374.151414 444.771066
374.654568 443.899577
375.157722 443.028088
375.660877 442.156599
376.164031 441.285110
376.667186 440.413620
377.170340 439.542131
377.673495 438.670642
378.176649 437.799153
378.679803 436.927664
379.686112 435.184686
380.189267 434.313197
380.692421 433.441708
381.195576 432.570219
381.698730 431.698730
382.201884 430.827241
382.705039 429.955752
383.711348 428.212774
384.214502 427.341285
384.717657 426.469796
385.220811 425.598307
385.723965 424.726818
386.227120 423.855329
386.730274 422.983840
387.233429 422.112350
387.736583 421.240861
389.246046 418.626394
389.749201 417.754905
391.258664 415.140438
391.762632 412.527380
388.748587 407.306901
384.227519 399.476182
383.725179 398.606102
379.706452 391.645463
378.701770 389.905303
374.180703 382.074584
372.673680 379.464345
370.664317 375.984025
369.659635 374.243865
369.157294 373.373786
368.152612 371.633626
367.650271 370.763546
367.147931 369.893466
366.143249 368.153306
364.133886 364.672987
363.631545 363.802907
362.124522 361.192667
359.612818 356.842268
357.603455 353.361948
356.096432 350.751709
354.087069 347.271389
353.584728 346.401309
353.082387 345.531229
352.077705 343.791070
347.556638 335.960351
345.547274 332.480031
345.044933 331.609951
340.523866 323.779232
333.993435 312.468194
332.988753 310.728034
332.486412 309.857954
331.481730 308.117795
330.979390 307.247715
329.974708 305.507555
327.965345 302.027235
326.458322 299.416996
325.453640 297.676836
324.951299 296.806756
323.946618 295.066596
323.444277 294.196517
322.941936 293.326437
321.434914 290.716197
319.425550 287.235878
318.420868 285.495718
317.918528 284.625638
317.416187 283.755558
316.913846 282.885478
315.406823 280.275239
314.904483 279.405159
314.402142 278.535079
313.397460 276.794919
314.402142 276.794919
316.411505 276.794919
318.420869 276.794919
321.434914 276.794919
324.448959 276.794919
328.467686 276.794919
333.491094 276.794919
335.500457 276.794919
340.523866 276.794919
342.533229 276.794919
350.570683 276.794919
356.598773 276.794919
358.608137 276.794919
359.612818 276.794919
362.626863 276.794919
363.631545 276.794919
366.645590 276.794919
367.650272 276.794919
372.673680 276.794919
374.683044 276.794919
376.692407 276.794919
377.697089 276.794919
378.701771 276.794919
380.711134 276.794919
383.725179 276.794919
385.734542 276.794919
386.739224 276.794919
387.743906 276.794919
388.748588 276.794919
395.781359 276.794919
402.814131 276.794919
409.846903 276.794919
413.865630 276.794919
423.912447 276.794919
430.945219 276.794919
433.959264 276.794919
436.973309 276.794919
437.977991 276.794919
439.987354 276.794919
444.006081 276.794919
445.010763 276.794919
446.015444 276.794919
447.020126 276.794919
451.038853 276.794919
452.043535 276.794919
455.057580 276.794919
458.071625 276.794919
459.076307 276.794919
463.095033 276.794919
464.099715 276.794919
465.104397 276.794919
469.123124 276.794919
471.132487 276.794919
471.634828 275.924839
472.137169 275.054759
472.639510 274.184679
473.644191 272.444520
475.151214 269.834280
475.653555 268.964200
476.155895 268.094120
477.160577 266.353961
477.662918 265.483881
478.667600 263.743721
479.169941 262.873641
480.174622 261.133481
484.193349 254.172842
484.695690 253.302762
485.198031 252.432683
485.700372 251.562603
487.207394 248.952363
488.212076 247.212203
489.719098 244.601964
491.728462 241.121644
492.230803 240.251564
499.263574 228.070446
501.775279 223.720047
502.779960 221.979887
504.286983 219.369647
506.296346 215.889328
508.305710 212.409008
510.817414 208.058609
511.822096 206.318449
515.840822 199.357810
516.845504 197.617651
518.352527 195.007411
518.854867 194.137331
519.357208 193.267251
521.868913 188.916852
523.878276 185.436532
524.380617 184.566453
525.385298 182.826293
527.897003 178.475893
529.404025 175.865654
530.911048 173.255414
531.413389 172.385334
532.920411 169.775095
534.427434 167.164855
535.432115 165.424695
535.934456 164.554615
536.436797 163.684536
536.939138 162.814456
537.441479 161.944376
539.450842 158.464056
539.953183 157.593976
540.957865 155.853817
542.967228 152.373497
544.976592 148.893178
545.478932 148.023098
547.488296 144.542778
547.990637 143.672698
548.492977 142.802619
549.497659 141.062459
550.502341 141.062459
552.009363 143.672698
552.511704 144.542778
558.539794 154.983737
559.042135 155.853817
559.544476 156.723897
560.549158 158.464056
562.056180 161.074296
565.070225 166.294775
566.074907 168.034935
566.577248 168.905015
567.079589 169.775095
567.581930 170.645175
569.591293 174.125494
570.595975 175.865654
572.605338 179.345973
573.107679 180.216053
573.610020 181.086133
574.112361 181.956213
574.614702 182.826293
575.117042 183.696373
576.624065 186.306612
578.633428 189.786932
581.145133 194.137331
581.647473 195.007411
582.149814 195.877491
585.163859 201.097970
585.666200 201.968050
587.675564 205.448369
588.177904 206.318449
589.182586 208.058609
591.191949 211.538929
592.196631 213.279088
593.201313 215.019248
594.205995 216.759408
595.713017 219.369647
596.215358 220.239727
596.717699 221.109807
599.731744 226.330286
600.736426 228.070446
601.741107 229.810606
603.750471 233.290925
605.759834 236.771245
606.262175 237.641325
609.276220 242.861804
610.280902 244.601964
612.792606 248.952363
613.797288 250.692523
614.801969 252.432683
615.304310 253.302762
615.806651 254.172842
617.313674 256.783082
617.816014 257.653162
619.825378 261.133481
620.830059 262.873641
622.839423 266.353961
624.346445 268.964200
625.351127 270.704360
626.355809 272.444520
629.872195 276.794919
631.881558 276.794919
635.900285 276.794919
636.904967 276.794919
638.914330 276.794919
640.923693 276.794919
645.947102 276.794919
646.951784 276.794919
647.956465 276.794919
648.961147 276.794919
650.970510 276.794919
651.975192 276.794919
653.984556 276.794919
654.989237 276.794919
663.026691 276.794919
667.045418 276.794919
668.050099 276.794919
671.064144 276.794919
675.082871 276.794919
681.110961 276.794919
684.125007 276.794919
687.139052 276.794919
689.148415 276.794919
690.153097 276.794919
691.157778 276.794919
697.185869 276.794919
698.190550 276.794919
705.223322 276.794919
707.232686 276.794919
708.237367 276.794919
709.242049 276.794919
715.270139 276.794919
718.284184 276.794919
719.288866 276.794919
727.326320 276.794919
729.335683 276.794919
731.345046 276.794919
739.382500 276.794919
743.401227 276.794919
750.433999 276.794919
752.443362 276.794919
755.457407 276.794919
758.471452 276.794919
760.480816 276.794919
761.485497 276.794919
762.490179 276.794919
763.494861 276.794919
765.504224 276.794919
767.513588 276.794919
771.532314 276.794919
775.551041 276.794919
776.555723 276.794919
780.574450 276.794919
783.588495 276.794919
786.602540 276.794919
786.100199 277.664999
785.597858 278.535079
785.095517 279.405159
784.593177 280.275239
782.583813 283.755558
781.076791 286.365798
780.574450 287.235878
780.072109 288.105957
779.569768 288.976037
779.067427 289.846117
776.053382 295.066596
773.541678 299.416996
773.039337 300.287076
772.536996 301.157156
771.029974 303.767395
768.518270 308.117795
767.011247 310.728034
766.508906 311.598114
765.001884 314.208354
763.997202 315.948514
763.494861 316.818593
762.992520 317.688673
760.480816 322.039073
759.978475 322.909153
755.959748 329.869792
754.955067 331.609951
753.950385 333.350111
750.433999 339.440670
749.429317 341.180830
746.917613 345.531229
746.415272 346.401309
744.908250 349.011549
742.898886 352.491868
742.396545 353.361948
740.387182 356.842268
739.382500 358.582428
737.875478 361.192667
737.373137 362.062747
736.870796 362.932827
736.368455 363.802907
735.866114 364.672987
735.363774 365.543067
734.359092 367.283226
732.349729 370.763546
731.847388 371.633626
729.335683 375.984025
728.833343 376.854105
728.331002 377.724185
724.814616 383.814744
724.312275 384.684824
723.307593 386.424984
721.800571 389.035223
721.298230 389.905303
719.791207 392.515543
718.786526 394.255703
718.284185 395.125783
717.781844 395.995862
715.772481 399.476182
714.767799 401.216342
713.763117 402.956501
711.753754 406.436821
711.251413 407.306901
709.744390 409.917140
708.237368 412.527380
707.735027 413.397460
708.238181 414.268949
708.741336 415.140438
709.244490 416.011927
709.747645 416.883416
710.753954 418.626394
711.257108 419.497883
711.760262 420.369372
712.263417 421.240861
714.276035 424.726818
714.779189 425.598307
715.282343 426.469796
715.785498 427.341285
716.288652 428.212774
717.294961 429.955752
717.798116 430.827241
718.301270 431.698730
720.313888 435.184686
720.817042 436.056175
721.320197 436.927664
721.823351 437.799153
722.326505 438.670642
723.835969 441.285110
724.339123 442.156599
724.842278 443.028088
725.345432 443.899577
725.848586 444.771066
726.351741 445.642555
726.854895 446.514044
727.358050 447.385533
727.861204 448.257022
728.364359 449.128511
728.867513 450.000000
737.871913 450.000000
738.872402 450.000000
739.872891 450.000000
742.874357 450.000000
743.874846 450.000000
744.875335 450.000000
749.877780 450.000000
752.879246 450.000000
755.880713 450.000000
756.881202 450.000000
757.881691 450.000000
758.882179 450.000000
760.883157 450.000000
762.884135 450.000000
766.886091 450.000000
774.890002 450.000000
775.890490 450.000000
780.892935 450.000000
784.894890 450.000000
788.896846 450.000000
793.899290 450.000000
796.900757 450.000000
800.902712 450.000000
804.904668 450.000000
807.906135 450.000000
818.911512 450.000000
819.912001 450.000000
828.916401 450.000000
829.916890 450.000000
844.924223 450.000000
846.925201 450.000000
848.926179 450.000000
851.927645 450.000000
855.929601 450.000000
857.930579 450.000000
865.934490 450.000000
869.936445 450.000000
894.948667 450.000000
896.949645 450.000000
902.952578 450.000000
905.954045 450.000000
908.955512 450.000000
910.956490 450.000000
914.958445 450.000000
915.958934 450.000000
917.959912 450.000000
919.960889 450.000000
926.964312 450.000000
931.966756 450.000000
940.971156 450.000000
947.974578 450.000000
949.975556 450.000000
954.978000 450.000000
958.979956 450.000000
960.980934 450.000000
961.981422 450.000000
965.983378 450.000000
967.984356 450.000000
972.986800 450.000000
975.988267 450.000000
977.989245 450.000000
982.991689 450.000000
992.996578 450.000000
994.997556 450.000000
1000.000000 450.000000
1000.000000 450.000000
1000.000000 451.000000
1000.000000 452.000000
1000.000000 454.000000
1000.000000 456.000000
1000.000000 457.000000
1000.000000 460.000000
1000.000000 462.000000
1000.000000 464.000000
1000.000000 468.000000
1000.000000 472.000000
1000.000000 477.000000
1000.000000 478.000000
1000.000000 479.000000
1000.000000 481.000000
1000.000000 482.000000
1000.000000 485.000000
1000.000000 486.000000
1000.000000 488.000000
1000.000000 489.000000
1000.000000 491.000000
1000.000000 494.000000
1000.000000 495.000000
1000.000000 496.000000
1000.000000 498.000000
1000.000000 503.000000
1000.000000 504.000000
1000.000000 506.000000
1000.000000 509.000000
1000.000000 516.000000
1000.000000 517.000000
1000.000000 519.000000
1000.000000 520.000000
1000.000000 524.000000
1000.000000 527.000000
1000.000000 529.000000
1000.000000 531.000000
1000.000000 532.000000
1000.000000 536.000000
1000.000000 537.000000
1000.000000 539.000000
1000.000000 541.000000
1000.000000 542.000000
1000.000000 543.000000
1000.000000 544.000000
1000.000000 546.000000
1000.000000 548.000000
997.994710 550.000000
995.989421 550.000000
991.978841 550.000000
984.960327 550.000000
980.949748 550.000000
952.875692 550.000000
946.859823 550.000000
943.851888 550.000000
942.849243 550.000000
934.828084 550.000000
919.788411 550.000000
910.764608 550.000000
907.756673 550.000000
905.751383 550.000000
904.748739 550.000000
902.743449 550.000000
894.722290 550.000000
893.719645 550.000000
884.695841 550.000000
880.685262 550.000000
873.666748 550.000000
865.645589 550.000000
857.624430 550.000000
854.616496 550.000000
843.587402 550.000000
839.576823 550.000000
836.568888 550.000000
820.526571 550.000000
812.505412 550.000000
809.497477 550.000000
808.494832 550.000000
807.492188 550.000000
802.478963 550.000000
798.468384 550.000000
784.431356 550.000000
778.415487 550.000000
777.412842 550.000000
775.407552 550.000000
774.404907 550.000000
763.375814 550.000000
761.370524 550.000000
753.349365 550.000000
729.285889 550.000000
727.280599 550.000000
726.277954 550.000000
723.270020 550.000000
719.259440 550.000000
711.238281 550.000000
698.203898 550.000000
695.195964 550.000000
685.169515 550.000000
678.151001 550.000000
670.630146 549.129920
668.620783 545.649601
667.113760 543.039361
666.611419 542.169281
665.606738 540.429121
664.602056 538.688962
663.095033 536.078722
662.592692 535.208642
662.090352 534.338562
661.588011 533.468482
659.578647 529.988163
657.569284 526.507843
654.555239 521.287364
653.048216 518.677125
652.545875 517.807045
650.536512 514.326725
649.531830 512.586565
646.015444 506.496006
645.513103 505.625926
643.503740 502.145607
643.001399 501.275527
639.987354 496.055048
639.485013 495.184968
638.982672 494.314888
638.480332 493.444808
637.475650 491.704649
629.940537 478.653450
629.438196 477.783371
627.931174 475.173131
626.926492 473.432971
623.912447 468.212492
621.903083 464.732172
621.400743 463.862093
618.386697 458.641613
616.377334 455.161294
615.372652 453.421134
613.865630 450.810895
612.860948 449.070735
612.358607 448.200655
611.353925 446.460495
610.851585 445.590415
607.837539 440.369936
607.335199 439.499856
606.832858 438.629776
606.330517 437.759696
605.325835 436.019537
602.311790 430.799057
601.809449 429.928978
600.804768 428.188818
598.795404 424.708498
598.293063 423.838418
596.786041 421.228179
596.283700 420.358099
595.781359 419.488019
595.279018 418.617939
594.776677 417.747859
594.274336 416.877779
592.264973 413.397460
592.264973 413.397460
592.768127 412.525971
594.780745 409.040015
595.283900 408.168526
595.787054 407.297036
596.290209 406.425547
596.793363 405.554058
597.799672 403.811080
598.302826 402.939591
599.309135 401.196613
599.812290 400.325124
600.818599 398.582146
601.321753 397.710657
601.824908 396.839168
602.831216 395.096190
603.334371 394.224700
603.837525 393.353211
604.340680 392.481722
604.843834 391.610233
605.346989 390.738744
606.353298 388.995766
606.856452 388.124277
607.359607 387.252788
607.862761 386.381299
608.365915 385.509810
609.372224 383.766832
609.875379 382.895342
610.881688 381.152364
611.384842 380.280875
611.887997 379.409386
612.391151 378.537897
613.397460 376.794919
612.391151 376.794919
611.384842 376.794919
610.378533 376.794919
609.372224 376.794919
608.365916 376.794919
607.359607 376.794919
605.346989 376.794919
604.340680 376.794919
602.328062 376.794919
601.321753 376.794919
600.315445 376.794919
599.309136 376.794919
598.302827 376.794919
597.296518 376.794919
596.290209 376.794919
594.277591 376.794919
593.271282 376.794919
592.264973 376.794919
591.258665 376.794919
590.252356 376.794919
589.246047 376.794919
588.239738 376.794919
586.227120 376.794919
585.220811 376.794919
584.214502 376.794919
581.195576 376.794919
579.182958 376.794919
577.170340 376.794919
576.164031 376.794919
575.157723 376.794919
573.145105 376.794919
572.138796 376.794919
571.132487 376.794919
570.629333 375.923430
570.126178 375.051941
569.623024 374.180452
569.119869 373.308963
568.616715 372.437474
568.113560 371.565985
567.610406 370.694496
567.107251 369.823007
566.604097 368.951518
566.100942 368.080029
565.597788 367.208539
564.591479 365.465561
564.088325 364.594072
563.585170 363.722583
563.082016 362.851094
562.578861 361.979605
561.572552 360.236627
561.069398 359.365138
560.566243 358.493649
560.063089 357.622160
559.559935 356.750671
559.056780 355.879182
558.050471 354.136204
557.547317 353.264715
557.044162 352.393226
556.541008 351.521737
556.037853 350.650248
555.031545 348.907269
554.528390 348.035780
554.025236 347.164291
553.522081 346.292802
552.515772 344.549824
552.012618 343.678335
551.509463 342.806846
550.000000 340.192379
550.000000 340.192379
549.496846 341.063868
548.993691 341.935357
547.987382 343.678335
547.484228 344.549824
546.981073 345.421313
545.974764 347.164291
545.471610 348.035780
544.465301 349.778759
543.962147 350.650248
543.458992 351.521737
542.955838 352.393226
541.446374 355.007693
540.943220 355.879182
540.440065 356.750671
539.936911 357.622160
538.930602 359.365138
538.427448 360.236627
537.924293 361.108116
537.421139 361.979605
536.414830 363.722583
535.911675 364.594072
535.408521 365.465561
534.905366 366.337050
533.899058 368.080029
533.395903 368.951518
532.892749 369.823007
532.389594 370.694496
531.886440 371.565985
531.383285 372.437474
530.880131 373.308963
530.376976 374.180452
529.873822 375.051941
529.370667 375.923430
528.867513 376.794919
526.854895 376.794919
525.848586 376.794919
524.842277 376.794919
523.835969 376.794919
522.829660 376.794919
520.817042 376.794919
519.810733 376.794919
518.804424 376.794919
517.798115 376.794919
516.791806 376.794919
515.785498 376.794919
514.779189 376.794919
513.772880 376.794919
512.766571 376.794919
511.760262 376.794919
510.753953 376.794919
508.741335 376.794919
507.735027 376.794919
506.728718 376.794919
504.716100 376.794919
503.709791 376.794919
502.703482 376.794919
501.697173 376.794919
500.690864 376.794919
499.684555 376.794919
498.678247 376.794919
497.671938 376.794919
495.659320 376.794919
494.653011 376.794919
493.646702 376.794919
492.640393 376.794919
491.634084 376.794919
490.627776 376.794919
489.621467 376.794919
488.615158 376.794919
487.608849 376.794919
486.602540 376.794919
486.602540 376.794919
487.105694 377.666408
487.608849 378.537897
488.112003 379.409386
488.615158 380.280875
489.118312 381.152364
489.621467 382.023853
490.627776 383.766832
491.130930 384.638321
491.634085 385.509810
492.137239 386.381299
492.640393 387.252788
493.143548 388.124277
493.646702 388.995766
494.149857 389.867255
494.653011 390.738744
495.156166 391.610233
495.659320 392.481722
496.162475 393.353211
496.665629 394.224700
497.671938 395.967679
498.175092 396.839168
498.678247 397.710657
499.684556 399.453635
500.187710 400.325124
500.690865 401.196613
501.194019 402.068102
501.697174 402.939591
502.200328 403.811080
503.206637 405.554058
503.709791 406.425547
504.212946 407.297036
504.716100 408.168526
505.219255 409.040015
505.722409 409.911504
507.735027 413.397460
506.730345 415.137620
503.213959 421.228179
502.209278 422.968339
501.204596 424.708498
500.199914 426.448658
499.697573 427.318738
496.683528 432.539217
496.181187 433.409297
495.176506 435.149457
494.674165 436.019537
493.669483 437.759696
492.664801 439.499856
490.655438 442.980176
490.153097 443.850256
489.650756 444.720335
489.148415 445.590415
486.636711 449.940815
486.134370 450.810895
485.632029 451.680974
484.627348 453.421134
484.125007 454.291214
483.622666 455.161294
483.120325 456.031374
482.115643 457.771534
481.613303 458.641613
479.101598 462.992013
478.599257 463.862093
478.096917 464.732172
477.092235 466.472332
476.087553 468.212492
475.585212 469.082572
475.082872 469.952652
474.078190 471.692811
467.547759 483.003850
465.538395 486.484169
465.036054 487.354249
462.022009 492.574728
461.519668 493.444808
459.510305 496.925128
458.003283 499.535367
456.496260 502.145607
452.979874 508.236166
451.975192 509.976326
451.472851 510.846406
450.468170 512.586565
449.965829 513.456645
449.463488 514.326725
448.961147 515.196805
447.956465 516.936965
445.444761 521.287364
444.942420 522.157444
444.440079 523.027524
443.435398 524.767684
441.426034 528.248003
437.407308 535.208642
435.397944 538.688962
434.895603 539.559042
433.890922 541.299201
432.886240 543.039361
431.379217 545.649601
429.369854 549.129920
428.867513 550.000000
407.811971 550.000000
404.804036 550.000000
396.782878 550.000000
394.777588 550.000000
392.772298 550.000000
389.764364 550.000000
374.724691 550.000000
373.722046 550.000000
358.682373 550.000000
357.679728 550.000000
350.661214 550.000000
337.626831 550.000000
327.600382 550.000000
324.592448 550.000000
321.584513 550.000000
317.573934 550.000000
291.505168 550.000000
284.486654 550.000000
259.420532 550.000000
258.417887 550.000000
256.412598 550.000000
255.409953 550.000000
254.407308 550.000000
249.394084 550.000000
239.367635 550.000000
236.359701 550.000000
234.354411 550.000000
230.343831 550.000000
227.335897 550.000000
226.333252 550.000000
216.306803 550.000000
206.280355 550.000000
203.272420 550.000000
198.259196 550.000000
178.206299 550.000000
172.190430 550.000000
170.185140 550.000000
164.169271 550.000000
161.161336 550.000000
147.124308 550.000000
128.074056 550.000000
120.052897 550.000000
118.047607 550.000000
111.029093 550.000000
107.018514 550.000000
106.015869 550.000000
103.007935 550.000000
