1560
101.001866 450.000000
102.003732 450.000000
103.005598 450.000000
105.009330 450.000000
106.011196 450.000000
108.014928 450.000000
109.016794 450.000000
110.018660 450.000000
114.026124 450.000000
115.027990 450.000000
116.029856 450.000000
118.033588 450.000000
120.037320 450.000000
122.041052 450.000000
123.042918 450.000000
125.046650 450.000000
127.050382 450.000000
131.057846 450.000000
132.059712 450.000000
133.061578 450.000000
134.063444 450.000000
135.065310 450.000000
136.067177 450.000000
137.069043 450.000000
138.070909 450.000000
139.072775 450.000000
141.076507 450.000000
143.080239 450.000000
145.083971 450.000000
146.085837 450.000000
148.089569 450.000000
150.093301 450.000000
155.102631 450.000000
157.106363 450.000000
159.110095 450.000000
160.111961 450.000000
161.113827 450.000000
162.115693 450.000000
164.119425 450.000000
167.125023 450.000000
170.130621 450.000000
171.132487 450.000000
172.137169 448.259840
172.639510 447.389760
173.141850 446.519681
173.644191 445.649601
174.146532 444.779521
175.151214 443.039361
175.653555 442.169281
177.160577 439.559042
178.165259 437.818882
179.169941 436.078722
179.672281 435.208642
180.174622 434.338562
185.700372 424.767684
186.705053 423.027524
188.714417 419.547204
189.719098 417.807045
190.723780 416.066885
191.226121 415.196805
192.733143 412.586565
193.737825 410.846406
197.756552 403.885767
198.761234 402.145607
199.263574 401.275527
199.765915 400.405447
201.272938 397.795208
201.775279 396.925128
203.282301 394.314888
203.784642 393.444808
204.286983 392.574728
204.789324 391.704649
206.798687 388.224329
208.305710 385.614089
210.817414 381.263690
211.319755 380.393610
211.822096 379.523530
213.831459 376.043211
214.836141 374.303051
215.338482 373.432971
216.845504 370.822732
217.347845 369.952652
219.357208 366.472332
219.859549 365.602252
221.366572 362.992013
222.873594 360.381773
224.380617 357.771534
226.892321 353.421134
227.394662 352.551054
227.897003 351.680974
228.901684 349.940815
229.404025 349.070735
230.408707 347.330575
233.925093 341.240016
234.427434 340.369936
235.432115 338.629776
236.436797 336.889617
238.948501 332.539217
240.455524 329.928978
240.957865 329.058898
242.464887 326.448658
242.967228 325.578578
243.971910 323.838418
245.478932 321.228179
245.981273 320.358099
250.000000 313.397460
250.502341 314.267540
252.009363 316.877779
252.511704 317.747859
253.014045 318.617939
254.018727 320.358099
254.521068 321.228179
255.023408 322.098259
255.525749 322.968339
256.028090 323.838418
257.032772 325.578578
259.042135 329.058898
259.544476 329.928978
260.549158 331.669137
263.563203 336.889617
264.065544 337.759696
264.567885 338.629776
265.572566 340.369936
268.084270 344.720335
271.600656 350.810895
272.102997 351.680974
272.605338 352.551054
273.107679 353.421134
273.610020 354.291214
276.624065 359.511693
277.628747 361.251853
280.140451 365.602252
280.642792 366.472332
281.647473 368.212492
283.154496 370.822732
283.656837 371.692811
284.159178 372.562891
285.163859 374.303051
285.666200 375.173131
288.177904 379.523530
288.680245 380.393610
289.182586 381.263690
290.689609 383.873930
291.191949 384.744010
293.201313 388.224329
293.703654 389.094409
295.210676 391.704649
296.215358 393.444808
299.229403 398.665288
302.745789 404.755847
303.248130 405.625926
304.252811 407.366086
305.257493 409.106246
307.769197 413.456645
309.276220 416.066885
309.778561 416.936965
312.792606 422.157444
314.299628 424.767684
315.304310 426.507843
316.811333 429.118083
317.313674 429.988163
318.820696 432.598403
320.327719 435.208642
320.830059 436.078722
321.834741 437.818882
322.839423 439.559042
323.341764 440.429121
325.853468 444.779521
326.355809 445.649601
327.360490 447.389760
328.365172 449.129920
328.867513 450.000000
329.873822 450.000000
331.886440 450.000000
332.892749 450.000000
333.899058 450.000000
334.905366 450.000000
335.911675 450.000000
336.917984 450.000000
337.924293 450.000000
339.936911 450.000000
340.943220 450.000000
341.949529 450.000000
342.955838 450.000000
343.962147 450.000000
346.981073 450.000000
347.987382 450.000000
350.000000 450.000000
351.006309 450.000000
352.012618 450.000000
353.018927 450.000000
354.025236 450.000000
355.031545 450.000000
356.037853 450.000000
357.044162 450.000000
358.050471 450.000000
360.063089 450.000000
361.069398 450.000000
363.082016 450.000000
364.088325 450.000000
365.094634 450.000000
367.107251 450.000000
370.126178 450.000000
371.132487 450.000000
371.132487 450.000000
371.635641 449.128511
372.138796 448.257022
372.641950 447.385533
373.145105 446.514044
375.660877 442.156599
376.164031 441.285110
376.667186 440.413620
377.673495 438.670642
378.176649 437.799153
378.679803 436.927664
379.182958 436.056175
379.686112 435.184686
380.189267 434.313197
382.201884 430.827241
383.208193 429.084263
383.711348 428.212774
384.214502 427.341285
384.717657 426.469796
385.220811 425.598307
385.723965 424.726818
387.736583 421.240861
388.239738 420.369372
388.742892 419.497883
389.246046 418.626394
389.749201 417.754905
390.252355 416.883416
390.755510 416.011927
391.258664 415.140438
391.761819 414.268949
392.264973 413.397460
392.264973 413.397460
391.260291 411.657300
390.255610 409.917140
389.753269 409.047061
388.246246 406.436821
387.241565 404.696661
384.729860 400.346262
384.227519 399.476182
381.715815 395.125783
381.213474 394.255703
380.711134 393.385623
379.204111 390.775383
378.701770 389.905303
375.687725 384.684824
375.185384 383.814744
371.668998 377.724185
370.161976 375.113945
369.659635 374.243865
369.157294 373.373786
368.654953 372.503706
366.645590 369.023386
359.612818 356.842268
359.110477 355.972188
355.594091 349.881629
355.091750 349.011549
353.584728 346.401309
352.580046 344.661150
352.077705 343.791070
351.073024 342.050910
349.063660 338.570590
346.551956 334.220191
346.049615 333.350111
344.040252 329.869792
343.035570 328.129632
341.026207 324.649312
338.514502 320.298913
338.012162 319.428833
337.509821 318.558753
337.007480 317.688673
336.002798 315.948514
333.993435 312.468194
333.491094 311.598114
332.988753 310.728034
330.477049 306.377635
329.472367 304.637475
328.467685 302.897315
327.463004 301.157156
324.448959 295.936676
323.444277 294.196517
321.937254 291.586277
321.434914 290.716197
320.932573 289.846117
320.430232 288.976037
318.420868 285.495718
317.918528 284.625638
316.411505 282.015398
315.909164 281.145318
314.402142 278.535079
313.899801 277.664999
316.411505 276.794919
317.416187 276.794919
318.420869 276.794919
319.425550 276.794919
321.434914 276.794919
322.439595 276.794919
325.453640 276.794919
329.472367 276.794919
331.481731 276.794919
332.486412 276.794919
334.495776 276.794919
335.500457 276.794919
336.505139 276.794919
338.514503 276.794919
339.519184 276.794919
340.523866 276.794919
349.566001 276.794919
350.570683 276.794919
351.575365 276.794919
352.580046 276.794919
353.584728 276.794919
356.598773 276.794919
358.608137 276.794919
362.626863 276.794919
366.645590 276.794919
368.654954 276.794919
372.673680 276.794919
374.683044 276.794919
375.687725 276.794919
377.697089 276.794919
378.701771 276.794919
381.715816 276.794919
383.725179 276.794919
386.739224 276.794919
387.743906 276.794919
388.748588 276.794919
389.753269 276.794919
391.762633 276.794919
392.767314 276.794919
393.771996 276.794919
395.781359 276.794919
398.795405 276.794919
401.809450 276.794919
403.818813 276.794919
410.851585 276.794919
411.856267 276.794919
412.860948 276.794919
413.865630 276.794919
414.870312 276.794919
417.884357 276.794919
421.903084 276.794919
424.917129 276.794919
426.926492 276.794919
429.940537 276.794919
430.945219 276.794919
431.949901 276.794919
437.977991 276.794919
440.992036 276.794919
443.001399 276.794919
448.024808 276.794919
450.034171 276.794919
451.038853 276.794919
452.043535 276.794919
453.048216 276.794919
457.066943 276.794919
458.071625 276.794919
460.080988 276.794919
462.090352 276.794919
463.095033 276.794919
466.109078 276.794919
467.113760 276.794919
470.127805 276.794919
472.137169 275.054759
473.141850 273.314600
473.644191 272.444520
475.151214 269.834280
475.653555 268.964200
477.160577 266.353961
477.662918 265.483881
478.165259 264.613801
480.174622 261.133481
480.676963 260.263401
481.681645 258.523242
482.183986 257.653162
483.188667 255.913002
484.695690 253.302762
485.700372 251.562603
486.202712 250.692523
491.226121 241.991724
492.230803 240.251564
492.733143 239.381484
493.235484 238.511405
495.244848 235.031085
495.747189 234.161005
497.254211 231.550766
498.761234 228.940526
499.263574 228.070446
499.765915 227.200366
501.272938 224.590127
502.277620 222.849967
503.784642 220.239727
505.794005 216.759408
508.305710 212.409008
508.808051 211.538929
511.822096 206.318449
513.329118 203.708210
515.338482 200.227890
515.840822 199.357810
516.845504 197.617651
517.347845 196.747571
518.854867 194.137331
519.859549 192.397171
520.361890 191.527091
520.864231 190.657012
521.366572 189.786932
523.878276 185.436532
524.380617 184.566453
524.882958 183.696373
525.887639 181.956213
527.394662 179.345973
527.897003 178.475893
528.901684 176.735734
530.408707 174.125494
531.413389 172.385334
531.915730 171.515254
532.920411 169.775095
534.929775 166.294775
536.939138 162.814456
537.943820 161.074296
538.948501 159.334136
539.953183 157.593976
541.962546 154.113657
542.464887 153.243577
542.967228 152.373497
545.981273 147.153018
547.488296 144.542778
547.990637 143.672698
548.995318 141.932539
550.000000 140.192379
550.502341 141.062459
552.009363 143.672698
552.511704 144.542778
554.521068 148.023098
555.023408 148.893178
555.525749 149.763258
556.028090 150.633337
557.535113 153.243577
559.042135 155.853817
560.046817 157.593976
560.549158 158.464056
561.553839 160.204216
562.056180 161.074296
565.070225 166.294775
565.572566 167.164855
566.577248 168.905015
568.084270 171.515254
570.093634 174.995574
570.595975 175.865654
571.600656 177.605814
572.102997 178.475893
572.605338 179.345973
576.121724 185.436532
577.628747 188.046772
579.135769 190.657012
580.140451 192.397171
581.647473 195.007411
583.154496 197.617651
583.656837 198.487730
584.661518 200.227890
585.666200 201.968050
586.168541 202.838130
586.670882 203.708210
589.182586 208.058609
592.196631 213.279088
593.201313 215.019248
594.205995 216.759408
595.210676 218.499568
595.713017 219.369647
596.215358 220.239727
596.717699 221.109807
597.220040 221.979887
599.731744 226.330286
602.745789 231.550766
607.266857 239.381484
607.769197 240.251564
609.276220 242.861804
609.778561 243.731884
611.285583 246.342123
611.787924 247.212203
612.290265 248.082283
613.797288 250.692523
617.816014 257.653162
618.318355 258.523242
618.820696 259.393322
619.323037 260.263401
621.332400 263.743721
621.834741 264.613801
622.839423 266.353961
625.853468 271.574440
627.360490 274.184679
627.862831 275.054759
628.867513 276.794919
629.872195 276.794919
630.876876 276.794919
631.881558 276.794919
633.890922 276.794919
635.900285 276.794919
641.928375 276.794919
642.933057 276.794919
644.942420 276.794919
645.947102 276.794919
646.951784 276.794919
647.956465 276.794919
649.965829 276.794919
653.984556 276.794919
656.998601 276.794919
662.022009 276.794919
664.031373 276.794919
666.040736 276.794919
669.054781 276.794919
670.059463 276.794919
673.073508 276.794919
674.078190 276.794919
675.082871 276.794919
681.110961 276.794919
685.129688 276.794919
686.134370 276.794919
687.139052 276.794919
688.143733 276.794919
690.153097 276.794919
694.171824 276.794919
697.185869 276.794919
701.204595 276.794919
703.213959 276.794919
707.232686 276.794919
708.237367 276.794919
709.242049 276.794919
710.246731 276.794919
711.251412 276.794919
712.256094 276.794919
715.270139 276.794919
717.279503 276.794919
724.312275 276.794919
727.326320 276.794919
729.335683 276.794919
730.340365 276.794919
731.345046 276.794919
733.354410 276.794919
735.363773 276.794919
737.373137 276.794919
738.377818 276.794919
739.382500 276.794919
745.410590 276.794919
746.415272 276.794919
748.424635 276.794919
750.433999 276.794919
758.471452 276.794919
761.485497 276.794919
763.494861 276.794919
765.504224 276.794919
767.513588 276.794919
768.518269 276.794919
770.527633 276.794919
779.569768 276.794919
782.583813 276.794919
783.588495 276.794919
786.602540 276.794919
783.588495 282.015398
782.583813 283.755558
782.081472 284.625638
781.579132 285.495718
781.076791 286.365798
775.551041 295.936676
773.541678 299.416996
771.532315 302.897315
770.527633 304.637475
769.020610 307.247715
768.015929 308.987875
767.011247 310.728034
766.508906 311.598114
765.504224 313.338274
764.499543 315.078434
763.494861 316.818593
760.983157 321.168993
758.973793 324.649312
757.969112 326.389472
751.438681 337.700511
748.926976 342.050910
746.917613 345.531229
743.401227 351.621789
741.391864 355.102108
739.382500 358.582428
738.880160 359.452508
738.377819 360.322587
736.870796 362.932827
734.359092 367.283226
732.852069 369.893466
731.847388 371.633626
730.842706 373.373786
728.331002 377.724185
726.321638 381.204504
723.809934 385.554904
723.307593 386.424984
722.805252 387.295064
721.800571 389.035223
720.795889 390.775383
718.284185 395.125783
715.772481 399.476182
715.270140 400.346262
714.767799 401.216342
713.260776 403.826581
712.256095 405.566741
710.246731 409.047061
708.739709 411.657300
707.735027 413.397460
708.238181 414.268949
708.741336 415.140438
709.244490 416.011927
709.747645 416.883416
710.250799 417.754905
710.753954 418.626394
711.760262 420.369372
712.263417 421.240861
712.766571 422.112350
713.269726 422.983840
713.772880 423.855329
714.276035 424.726818
714.779189 425.598307
715.282343 426.469796
715.785498 427.341285
716.288652 428.212774
716.791807 429.084263
717.294961 429.955752
717.798116 430.827241
718.301270 431.698730
718.804424 432.570219
719.307579 433.441708
719.810733 434.313197
720.817042 436.056175
721.320197 436.927664
722.326505 438.670642
722.829660 439.542131
723.332814 440.413620
723.835969 441.285110
724.339123 442.156599
725.345432 443.899577
725.848586 444.771066
726.351741 445.642555
726.854895 446.514044
727.358050 447.385533
728.364359 449.128511
728.867513 450.000000
729.873822 450.000000
730.880131 450.000000
731.886440 450.000000
732.892749 450.000000
733.899058 450.000000
734.905366 450.000000
735.911675 450.000000
736.917984 450.000000
737.924293 450.000000
738.930602 450.000000
739.936911 450.000000
740.943220 450.000000
741.949529 450.000000
742.955838 450.000000
743.962147 450.000000
744.968455 450.000000
745.974764 450.000000
746.981073 450.000000
747.987382 450.000000
748.993691 450.000000
751.006309 450.000000
752.012618 450.000000
753.018927 450.000000
754.025236 450.000000
755.031545 450.000000
756.037853 450.000000
758.050471 450.000000
760.063089 450.000000
761.069398 450.000000
762.075707 450.000000
763.082016 450.000000
765.094634 450.000000
766.100942 450.000000
767.107251 450.000000
768.113560 450.000000
770.126178 450.000000
771.132487 450.000000
771.132487 450.000000
771.634828 449.129920
772.639510 447.389760
773.644191 445.649601
776.155895 441.299201
776.658236 440.429121
777.160577 439.559042
778.667600 436.948802
780.676963 433.468482
781.681645 431.728323
783.691008 428.248003
784.193349 427.377923
786.705053 423.027524
792.230803 413.456645
793.737825 410.846406
794.240166 409.976326
795.747189 407.366086
798.761234 402.145607
800.268256 399.535367
800.770597 398.665288
801.775279 396.925128
802.779960 395.184968
803.784642 393.444808
804.286983 392.574728
807.301028 387.354249
807.803369 386.484169
808.305710 385.614089
810.817414 381.263690
811.319755 380.393610
811.822096 379.523530
813.329118 376.913291
815.338482 373.432971
815.840822 372.562891
817.850186 369.082572
819.357208 366.472332
820.361890 364.732172
823.878276 358.641613
827.394662 352.551054
829.404025 349.070735
830.911048 346.460495
831.413389 345.590415
834.427434 340.369936
835.432115 338.629776
836.939138 336.019537
838.948501 332.539217
839.450842 331.669137
840.957865 329.058898
843.469569 324.708498
846.985955 318.617939
848.995318 315.137620
849.497659 314.267540
851.507023 316.007700
852.009363 316.877779
853.014045 318.617939
854.521068 321.228179
856.530431 324.708498
857.032772 325.578578
859.042135 329.058898
859.544476 329.928978
862.558521 335.149457
863.563203 336.889617
868.084270 344.720335
868.586611 345.590415
869.088952 346.460495
870.093634 348.200655
870.595975 349.070735
872.605338 352.551054
877.628747 361.251853
878.633428 362.992013
879.135769 363.862093
880.140451 365.602252
880.642792 366.472332
881.145133 367.342412
882.652155 369.952652
883.154496 370.822732
884.159178 372.562891
886.670882 376.913291
888.177904 379.523530
891.191949 384.744010
892.698972 387.354249
893.703654 389.094409
896.215358 393.444808
897.722380 396.055048
898.224721 396.925128
898.727062 397.795208
899.229403 398.665288
900.736426 401.275527
901.741107 403.015687
902.243448 403.885767
903.248130 405.625926
903.750471 406.496006
906.262175 410.846406
907.769197 413.456645
909.276220 416.066885
911.787924 420.417284
912.290265 421.287364
913.294947 423.027524
915.806651 427.377923
917.313674 429.988163
917.816014 430.858243
918.820696 432.598403
919.323037 433.468482
920.327719 435.208642
923.844105 441.299201
925.853468 444.779521
927.862831 448.259840
928.867513 450.000000
931.873111 450.000000
934.878709 450.000000
935.880575 450.000000
936.882441 450.000000
937.884307 450.000000
939.888039 450.000000
942.893637 450.000000
944.897369 450.000000
946.901101 450.000000
947.902967 450.000000
948.904833 450.000000
952.912297 450.000000
953.914163 450.000000
954.916029 450.000000
955.917895 450.000000
957.921627 450.000000
960.927225 450.000000
961.929091 450.000000
962.930957 450.000000
964.934690 450.000000
966.938422 450.000000
967.940288 450.000000
969.944020 450.000000
971.947752 450.000000
972.949618 450.000000
973.951484 450.000000
976.957082 450.000000
979.962680 450.000000
980.964546 450.000000
983.970144 450.000000
984.972010 450.000000
985.973876 450.000000
986.975742 450.000000
987.977608 450.000000
988.979474 450.000000
989.981340 450.000000
990.983206 450.000000
991.985072 450.000000
992.986938 450.000000
995.992536 450.000000
996.994402 450.000000
997.996268 450.000000
998.998134 450.000000
1000.000000 450.000000
1000.000000 453.000000
1000.000000 457.000000
1000.000000 458.000000
1000.000000 463.000000
1000.000000 467.000000
1000.000000 468.000000
1000.000000 469.000000
1000.000000 473.000000
1000.000000 474.000000
1000.000000 479.000000
1000.000000 480.000000
1000.000000 481.000000
1000.000000 482.000000
1000.000000 483.000000
1000.000000 486.000000
1000.000000 491.000000
1000.000000 493.000000
1000.000000 494.000000
1000.000000 495.000000
1000.000000 496.000000
1000.000000 498.000000
1000.000000 500.000000
1000.000000 502.000000
1000.000000 505.000000
1000.000000 506.000000
1000.000000 511.000000
1000.000000 514.000000
1000.000000 518.000000
1000.000000 519.000000
1000.000000 521.000000
1000.000000 524.000000
1000.000000 525.000000
1000.000000 526.000000
1000.000000 529.000000
1000.000000 530.000000
1000.000000 532.000000
1000.000000 533.000000
1000.000000 535.000000
1000.000000 536.000000
1000.000000 537.000000
1000.000000 538.000000
1000.000000 539.000000
1000.000000 541.000000
1000.000000 547.000000
1000.000000 549.000000
1000.000000 550.000000
997.986445 550.000000
996.979668 550.000000
995.972890 550.000000
994.966113 550.000000
993.959335 550.000000
992.952558 550.000000
988.925448 550.000000
980.871229 550.000000
978.857674 550.000000
976.844119 550.000000
973.823786 550.000000
967.783122 550.000000
964.762789 550.000000
961.742457 550.000000
958.722125 550.000000
957.715347 550.000000
950.667905 550.000000
949.661128 550.000000
948.654350 550.000000
945.634018 550.000000
943.620463 550.000000
942.613686 550.000000
941.606908 550.000000
938.586576 550.000000
937.579798 550.000000
936.573021 550.000000
935.566243 550.000000
933.552689 550.000000
929.525579 550.000000
927.512024 550.000000
926.505246 550.000000
921.471359 550.000000
920.464582 550.000000
917.444249 550.000000
914.423917 550.000000
911.403585 550.000000
910.396807 550.000000
907.376475 550.000000
906.369698 550.000000
901.335810 550.000000
900.329033 550.000000
898.315478 550.000000
894.288368 550.000000
893.281591 550.000000
885.227371 550.000000
883.213816 550.000000
882.207039 550.000000
878.179929 550.000000
873.146042 550.000000
872.139264 550.000000
871.132487 550.000000
870.629333 549.128511
870.126178 548.257022
869.623024 547.385533
868.616715 545.642555
868.113560 544.771066
867.610406 543.899577
867.107251 543.028088
866.100942 541.285110
865.094634 539.542131
864.088325 537.799153
863.585170 536.927664
863.082016 536.056175
862.578861 535.184686
862.075707 534.313197
861.572552 533.441708
861.069398 532.570219
860.566243 531.698730
860.063089 530.827241
859.559935 529.955752
858.050471 527.341285
857.547317 526.469796
857.044162 525.598307
856.541008 524.726818
856.037853 523.855329
855.534699 522.983840
855.031545 522.112350
854.528390 521.240861
854.025236 520.369372
853.522081 519.497883
853.018927 518.626394
852.515772 517.754905
852.012618 516.883416
851.006309 515.140438
850.503154 514.268949
850.000000 513.397460
849.496846 514.268949
847.987382 516.883416
847.484228 517.754905
846.981073 518.626394
846.477919 519.497883
845.471610 521.240861
844.465301 522.983840
843.962147 523.855329
843.458992 524.726818
842.955838 525.598307
842.452683 526.469796
841.949529 527.341285
841.446374 528.212774
840.943220 529.084263
840.440065 529.955752
839.936911 530.827241
839.433757 531.698730
838.930602 532.570219
838.427448 533.441708
837.924293 534.313197
837.421139 535.184686
836.917984 536.056175
836.414830 536.927664
835.911675 537.799153
835.408521 538.670642
834.905366 539.542131
834.402212 540.413620
833.899058 541.285110
833.395903 542.156599
832.892749 543.028088
831.886440 544.771066
831.383285 545.642555
830.880131 546.514044
830.376976 547.385533
829.873822 548.257022
829.370667 549.128511
828.867513 550.000000
828.867513 550.000000
826.858150 550.000000
823.844105 550.000000
820.830059 550.000000
819.825378 550.000000
818.820696 550.000000
817.816014 550.000000
815.806651 550.000000
814.801969 550.000000
811.787924 550.000000
807.769197 550.000000
803.750471 550.000000
800.736426 550.000000
799.731744 550.000000
797.722380 550.000000
795.713017 550.000000
794.708335 550.000000
793.703654 550.000000
791.694290 550.000000
788.680245 550.000000
787.675564 550.000000
785.666200 550.000000
779.638110 550.000000
776.624065 550.000000
774.614702 550.000000
773.610020 550.000000
771.600656 550.000000
770.595975 550.000000
769.591293 550.000000
768.586611 550.000000
767.581930 550.000000
766.577248 550.000000
765.572566 550.000000
763.563203 550.000000
762.558521 550.000000
754.521068 550.000000
748.492977 550.000000
745.478932 550.000000
743.469569 550.000000
739.450842 550.000000
737.441479 550.000000
734.427434 550.000000
730.408707 550.000000
725.385298 550.000000
724.380617 550.000000
721.366572 550.000000
717.347845 550.000000
715.338482 550.000000
712.324436 550.000000
707.301028 550.000000
706.296346 550.000000
705.291665 550.000000
704.286983 550.000000
703.282301 550.000000
699.263574 550.000000
697.254211 550.000000
696.249529 550.000000
695.244848 550.000000
694.240166 550.000000
688.212076 550.000000
687.207394 550.000000
683.188667 550.000000
681.179304 550.000000
673.141850 550.000000
671.132487 550.000000
669.625464 547.389760
669.123124 546.519681
668.620783 545.649601
668.118442 544.779521
667.113760 543.039361
666.109078 541.299201
665.606738 540.429121
664.099715 537.818882
662.090352 534.338562
661.588011 533.468482
661.085670 532.598403
660.080988 530.858243
652.545875 517.807045
652.043535 516.936965
649.531830 512.586565
648.024808 509.976326
646.015444 506.496006
643.503740 502.145607
643.001399 501.275527
642.499058 500.405447
641.996717 499.535367
639.987354 496.055048
639.485013 495.184968
637.977991 492.574728
635.968627 489.094409
635.466286 488.224329
634.963946 487.354249
631.949900 482.133770
631.447560 481.263690
630.945219 480.393610
630.442878 479.523530
629.940537 478.653450
628.935855 476.913291
626.926492 473.432971
625.921810 471.692811
625.419469 470.822732
622.907765 466.472332
622.405424 465.602252
621.903083 464.732172
620.396061 462.121933
619.893720 461.251853
617.382016 456.901454
616.879675 456.031374
614.367971 451.680974
611.353925 446.460495
609.846903 443.850256
608.842221 442.110096
607.837539 440.369936
607.335199 439.499856
606.832858 438.629776
606.330517 437.759696
605.828176 436.889617
604.321153 434.279377
603.818813 433.409297
602.814131 431.669137
601.809449 429.928978
599.800086 426.448658
599.297745 425.578578
598.795404 424.708498
597.790722 422.968339
593.269655 415.137620
592.264973 413.397460
592.264973 413.397460
592.768127 412.525971
593.774436 410.782993
594.277591 409.911504
594.780745 409.040015
596.290209 406.425547
596.793363 405.554058
597.296518 404.682569
597.799672 403.811080
598.302826 402.939591
598.805981 402.068102
599.309135 401.196613
599.812290 400.325124
600.315444 399.453635
600.818599 398.582146
601.321753 397.710657
601.824908 396.839168
602.328062 395.967679
602.831216 395.096190
603.334371 394.224700
603.837525 393.353211
604.340680 392.481722
604.843834 391.610233
606.353298 388.995766
606.856452 388.124277
607.359607 387.252788
608.365915 385.509810
608.869070 384.638321
609.372224 383.766832
609.875379 382.895342
610.378533 382.023853
610.881688 381.152364
611.384842 380.280875
612.894306 377.666408
613.397460 376.794919
613.397460 376.794919
612.391151 376.794919
610.378533 376.794919
607.359607 376.794919
606.353298 376.794919
605.346989 376.794919
604.340680 376.794919
603.334371 376.794919
602.328062 376.794919
601.321753 376.794919
600.315445 376.794919
597.296518 376.794919
596.290209 376.794919
595.283900 376.794919
594.277591 376.794919
591.258665 376.794919
590.252356 376.794919
589.246047 376.794919
588.239738 376.794919
585.220811 376.794919
584.214502 376.794919
583.208194 376.794919
581.195576 376.794919
580.189267 376.794919
579.182958 376.794919
578.176649 376.794919
577.170340 376.794919
576.164031 376.794919
575.157723 376.794919
574.151414 376.794919
573.145105 376.794919
572.138796 376.794919
571.132487 376.794919
571.132487 376.794919
570.629333 375.923430
570.126178 375.051941
569.623024 374.180452
569.119869 373.308963
568.113560 371.565985
567.107251 369.823007
566.604097 368.951518
566.100942 368.080029
565.597788 367.208539
565.094634 366.337050
564.088325 364.594072
563.585170 363.722583
563.082016 362.851094
562.578861 361.979605
562.075707 361.108116
561.572552 360.236627
561.069398 359.365138
560.566243 358.493649
560.063089 357.622160
559.559935 356.750671
559.056780 355.879182
558.553626 355.007693
558.050471 354.136204
557.547317 353.264715
556.541008 351.521737
555.534699 349.778759
555.031545 348.907269
554.528390 348.035780
554.025236 347.164291
553.522081 346.292802
553.018927 345.421313
552.012618 343.678335
551.509463 342.806846
550.503154 341.063868
548.490537 342.806846
547.987382 343.678335
546.477919 346.292802
545.974764 347.164291
545.471610 348.035780
543.962147 350.650248
543.458992 351.521737
542.955838 352.393226
541.446374 355.007693
540.943220 355.879182
540.440065 356.750671
539.936911 357.622160
539.433757 358.493649
538.930602 359.365138
538.427448 360.236627
537.924293 361.108116
537.421139 361.979605
536.414830 363.722583
535.911675 364.594072
535.408521 365.465561
534.402212 367.208539
533.899058 368.080029
533.395903 368.951518
532.892749 369.823007
531.383285 372.437474
530.880131 373.308963
530.376976 374.180452
529.873822 375.051941
528.867513 376.794919
528.867513 376.794919
527.861204 376.794919
526.854895 376.794919
524.842277 376.794919
523.835969 376.794919
522.829660 376.794919
521.823351 376.794919
519.810733 376.794919
518.804424 376.794919
517.798115 376.794919
516.791806 376.794919
515.785498 376.794919
514.779189 376.794919
513.772880 376.794919
512.766571 376.794919
511.760262 376.794919
510.753953 376.794919
509.747644 376.794919
508.741335 376.794919
507.735027 376.794919
506.728718 376.794919
505.722409 376.794919
504.716100 376.794919
503.709791 376.794919
502.703482 376.794919
501.697173 376.794919
500.690864 376.794919
499.684555 376.794919
498.678247 376.794919
497.671938 376.794919
496.665629 376.794919
494.653011 376.794919
493.646702 376.794919
492.640393 376.794919
490.627776 376.794919
489.621467 376.794919
488.615158 376.794919
486.602540 376.794919
487.608849 378.537897
488.112003 379.409386
488.615158 380.280875
490.627776 383.766832
491.634085 385.509810
492.137239 386.381299
492.640393 387.252788
493.143548 388.124277
493.646702 388.995766
494.653011 390.738744
495.156166 391.610233
495.659320 392.481722
496.162475 393.353211
496.665629 394.224700
497.168784 395.096190
497.671938 395.967679
498.175092 396.839168
498.678247 397.710657
499.181401 398.582146
499.684556 399.453635
500.690865 401.196613
501.194019 402.068102
502.200328 403.811080
502.703482 404.682569
504.212946 407.297036
505.219255 409.040015
505.722409 409.911504
506.225564 410.782993
506.728718 411.654482
507.231873 412.525971
507.735027 413.397460
505.725664 416.877779
504.218641 419.488019
503.213959 421.228179
502.209278 422.968339
500.702255 425.578578
500.199914 426.448658
493.669483 437.759696
491.157779 442.110096
489.650756 444.720335
489.148415 445.590415
488.143734 447.330575
486.636711 449.940815
485.632029 451.680974
485.129689 452.551054
484.627348 453.421134
484.125007 454.291214
481.613303 458.641613
480.106280 461.251853
478.599257 463.862093
475.585212 469.082572
475.082872 469.952652
474.580531 470.822732
473.575849 472.562891
472.068826 475.173131
471.566486 476.043211
470.561804 477.783371
468.552440 481.263690
467.547759 483.003850
467.045418 483.873930
464.533714 488.224329
463.026691 490.834569
460.514987 495.184968
459.510305 496.925128
459.007964 497.795208
457.500942 500.405447
456.496260 502.145607
454.989237 504.755847
454.486897 505.625926
453.984556 506.496006
453.482215 507.366086
451.975192 509.976326
450.970511 511.716486
450.468170 512.586565
449.965829 513.456645
449.463488 514.326725
447.454125 517.807045
446.951784 518.677125
446.449443 519.547204
445.444761 521.287364
442.430716 526.507843
439.416671 531.728323
438.914330 532.598403
437.909648 534.338562
436.402626 536.948802
434.895603 539.559042
434.393262 540.429121
429.872195 548.259840
426.858150 550.000000
425.853468 550.000000
420.830059 550.000000
415.806651 550.000000
413.797288 550.000000
411.787924 550.000000
408.773879 550.000000
403.750471 550.000000
399.731744 550.000000
398.727062 550.000000
391.694290 550.000000
389.684927 550.000000
388.680245 550.000000
387.675564 550.000000
383.656837 550.000000
381.647473 550.000000
379.638110 550.000000
378.633428 550.000000
377.628747 550.000000
375.619383 550.000000
370.595975 550.000000
365.572566 550.000000
361.553839 550.000000
359.544476 550.000000
357.535113 550.000000
355.525749 550.000000
354.521068 550.000000
341.460206 550.000000
340.455524 550.000000
339.450842 550.000000
336.436797 550.000000
335.432115 550.000000
331.413389 550.000000
330.408707 550.000000
329.404025 550.000000
327.394662 550.000000
326.389980 550.000000
324.380617 550.000000
323.375935 550.000000
312.324436 550.000000
311.319755 550.000000
310.315073 550.000000
303.282301 550.000000
300.268256 550.000000
295.244848 550.000000
291.226121 550.000000
290.221439 550.000000
288.212076 550.000000
287.207394 550.000000
280.174622 550.000000
278.165259 550.000000
277.160577 550.000000
273.141850 550.000000
272.137169 550.000000
271.132487 550.000000
270.629333 549.128511
270.126178 548.257022
268.616715 545.642555
267.610406 543.899577
267.107251 543.028088
266.604097 542.156599
266.100942 541.285110
265.597788 540.413620
265.094634 539.542131
264.591479 538.670642
263.585170 536.927664
263.082016 536.056175
262.075707 534.313197
261.572552 533.441708
261.069398 532.570219
260.566244 531.698730
260.063089 530.827241
259.559935 529.955752
259.056780 529.084263
258.050471 527.341285
257.547317 526.469796
257.044162 525.598307
256.037853 523.855329
255.534699 522.983840
255.031545 522.112350
254.528390 521.240861
254.025236 520.369372
253.522081 519.497883
252.012618 516.883416
251.509463 516.011927
250.503154 514.268949
250.000000 513.397460
250.000000 513.397460
249.496846 514.268949
248.993691 515.140438
248.490537 516.011927
247.484228 517.754905
246.981073 518.626394
246.477919 519.497883
245.974764 520.369372
245.471610 521.240861
244.968455 522.112350
244.465301 522.983840
243.962147 523.855329
243.458992 524.726818
242.955838 525.598307
242.452683 526.469796
241.949529 527.341285
240.943220 529.084263
240.440065 529.955752
239.936911 530.827241
239.433757 531.698730
237.924293 534.313197
236.414830 536.927664
235.911675 537.799153
234.905366 539.542131
233.899058 541.285110
233.395903 542.156599
232.892749 543.028088
232.389594 543.899577
231.383285 545.642555
230.880131 546.514044
230.376976 547.385533
229.370667 549.128511
228.867513 550.000000
228.867513 550.000000
226.853958 550.000000
225.847181 550.000000
221.820071 550.000000
219.806516 550.000000
218.799739 550.000000
213.765851 550.000000
206.718409 550.000000
203.698077 550.000000
202.691299 550.000000
201.684522 550.000000
200.677745 550.000000
199.670967 550.000000
197.657412 550.000000
195.643857 550.000000
194.637080 550.000000
193.630302 550.000000
192.623525 550.000000
191.616748 550.000000
190.609970 550.000000
182.555751 550.000000
181.548973 550.000000
178.528641 550.000000
177.521863 550.000000
176.515086 550.000000
175.508308 550.000000
171.481199 550.000000
169.467644 550.000000
164.433757 550.000000
154.365982 550.000000
151.345650 550.000000
149.332095 550.000000
148.325317 550.000000
144.298208 550.000000
142.284653 550.000000
135.237211 550.000000
131.210101 550.000000
129.196546 550.000000
128.189768 550.000000
123.155881 550.000000
122.149104 550.000000
121.142326 550.000000
120.135549 550.000000
119.128771 550.000000
116.108439 550.000000
112.081329 550.000000
110.067774 550.000000
109.060997 550.000000
107.047442 550.000000
103.020332 550.000000
102.013555 550.000000
100.000000 550.000000
