730
101.001866 450.000000
103.005598 450.000000
105.009330 450.000000
113.024258 450.000000
119.035454 450.000000
126.048516 450.000000
127.050382 450.000000
129.054114 450.000000
130.055980 450.000000
131.057846 450.000000
133.061578 450.000000
134.063444 450.000000
135.065310 450.000000
139.072775 450.000000
143.080239 450.000000
145.083971 450.000000
146.085837 450.000000
148.089569 450.000000
151.095167 450.000000
154.100765 450.000000
155.102631 450.000000
165.121291 450.000000
168.126889 450.000000
171.132487 450.000000
172.639510 447.389760
176.155895 441.299201
178.165259 437.818882
179.169941 436.078722
182.686326 429.988163
188.212076 420.417284
189.719098 417.807045
194.240166 409.976326
195.244848 408.236166
203.282301 394.314888
205.291665 390.834569
206.296346 389.094409
225.385298 356.031374
225.887639 355.161294
226.389980 354.291214
230.408707 347.330575
231.915730 344.720335
232.418070 343.850256
232.920411 342.980176
233.422752 342.110096
238.446161 333.409297
250.502341 314.267540
252.511704 317.747859
260.046817 330.799057
260.549158 331.669137
264.567885 338.629776
266.074907 341.240016
268.586611 345.590415
270.595975 349.070735
273.610020 354.291214
275.619383 357.771534
276.121724 358.641613
280.642792 366.472332
283.154496 370.822732
288.177904 379.523530
293.201313 388.224329
298.224721 396.925128
300.736426 401.275527
307.266857 412.586565
307.769197 413.456645
308.271538 414.326725
312.290265 421.287364
312.792606 422.157444
317.313674 429.988163
317.816014 430.858243
326.858150 446.519681
329.873822 450.000000
333.899058 450.000000
335.911675 450.000000
336.917984 450.000000
338.930602 450.000000
340.943220 450.000000
341.949529 450.000000
342.955838 450.000000
343.962147 450.000000
344.968455 450.000000
345.974764 450.000000
347.987382 450.000000
350.000000 450.000000
352.012618 450.000000
355.031545 450.000000
358.050471 450.000000
360.063089 450.000000
362.075707 450.000000
364.088325 450.000000
365.094634 450.000000
369.119869 450.000000
370.126178 450.000000
371.635641 449.128511
372.641950 447.385533
374.151414 444.771066
374.654568 443.899577
376.667186 440.413620
377.170340 439.542131
378.679803 436.927664
379.182958 436.056175
382.201884 430.827241
382.705039 429.955752
383.711348 428.212774
387.233429 422.112350
389.749201 417.754905
391.258664 415.140438
391.761819 414.268949
392.264973 413.397460
385.232201 401.216342
383.222838 397.736022
378.199429 389.035223
377.194748 387.295064
369.659635 374.243865
369.157294 373.373786
360.115159 357.712348
358.608136 355.102108
354.589409 348.141469
352.580046 344.661150
349.566001 339.440670
345.044933 331.609951
342.030888 326.389472
339.519184 322.039073
335.500457 315.078434
334.998116 314.208354
333.993435 312.468194
332.486412 309.857954
331.984071 308.987875
318.923209 286.365798
317.416187 283.755558
314.904483 279.405159
314.402142 278.535079
313.397460 276.794919
327.463004 276.794919
328.467686 276.794919
336.505139 276.794919
347.556638 276.794919
348.561320 276.794919
353.584728 276.794919
361.622182 276.794919
365.640908 276.794919
367.650272 276.794919
379.706452 276.794919
386.739224 276.794919
387.743906 276.794919
393.771996 276.794919
394.776678 276.794919
401.809450 276.794919
405.828176 276.794919
407.837540 276.794919
412.860948 276.794919
416.879675 276.794919
422.907765 276.794919
425.921810 276.794919
426.926492 276.794919
428.935856 276.794919
434.963946 276.794919
446.015444 276.794919
457.066943 276.794919
459.076307 276.794919
466.109078 276.794919
468.118442 276.794919
478.667600 263.743721
480.174622 261.133481
489.719098 244.601964
490.221439 243.731884
493.235484 238.511405
497.254211 231.550766
501.775279 223.720047
502.277620 222.849967
506.798687 215.019248
508.305710 212.409008
509.812732 209.798769
516.845504 197.617651
518.352527 195.007411
523.375935 186.306612
524.380617 184.566453
526.389980 181.086133
528.399344 177.605814
530.911048 173.255414
535.432115 165.424695
535.934456 164.554615
541.460206 154.983737
543.469569 151.503417
547.990637 143.672698
555.525749 149.763258
556.028090 150.633337
559.544476 156.723897
560.046817 157.593976
561.051499 159.334136
562.558521 161.944376
566.074907 168.034935
569.088952 173.255414
572.605338 179.345973
573.610020 181.086133
575.117042 183.696373
578.633428 189.786932
585.163859 201.097970
590.689609 210.668849
597.220040 221.979887
598.224721 223.720047
603.248130 232.420845
603.750471 233.290925
604.755152 235.031085
605.257493 235.901165
605.759834 236.771245
613.797288 250.692523
619.323037 260.263401
621.332400 263.743721
628.867513 276.794919
645.947102 276.794919
648.961147 276.794919
660.012646 276.794919
662.022009 276.794919
683.120325 276.794919
687.139052 276.794919
691.157778 276.794919
692.162460 276.794919
703.213959 276.794919
711.251412 276.794919
714.265458 276.794919
716.274821 276.794919
726.321638 276.794919
728.331001 276.794919
731.345046 276.794919
744.405909 276.794919
746.415272 276.794919
748.424635 276.794919
761.485497 276.794919
764.499543 276.794919
781.579131 276.794919
782.583813 283.755558
781.076791 286.365798
777.560405 292.456357
776.555723 294.196517
775.551041 295.936676
768.518270 308.117795
765.504224 313.338274
762.490179 318.558753
761.485498 320.298913
759.978475 322.909153
751.438681 337.700511
744.908250 349.011549
742.396545 353.361948
740.889523 355.972188
739.884841 357.712348
739.382500 358.582428
737.373137 362.062747
729.838024 375.113945
728.331002 377.724185
726.321638 381.204504
725.316957 382.944664
724.814616 383.814744
720.293548 391.645463
714.767799 401.216342
707.735027 413.397460
707.735027 413.397460
708.238181 414.268949
708.741336 415.140438
710.753954 418.626394
711.257108 419.497883
712.263417 421.240861
712.766571 422.112350
713.772880 423.855329
714.276035 424.726818
714.779189 425.598307
715.785498 427.341285
716.288652 428.212774
717.294961 429.955752
717.798116 430.827241
719.307579 433.441708
720.313888 435.184686
720.817042 436.056175
721.823351 437.799153
722.326505 438.670642
723.332814 440.413620
723.835969 441.285110
725.345432 443.899577
727.358050 447.385533
728.364359 449.128511
730.880131 450.000000
732.892749 450.000000
733.899058 450.000000
737.924293 450.000000
742.955838 450.000000
745.974764 450.000000
746.981073 450.000000
748.993691 450.000000
753.018927 450.000000
754.025236 450.000000
755.031545 450.000000
756.037853 450.000000
761.069398 450.000000
762.075707 450.000000
763.082016 450.000000
765.094634 450.000000
768.113560 450.000000
773.644191 445.649601
776.658236 440.429121
786.202712 423.897604
787.709735 421.287364
788.212076 420.417284
788.714417 419.547204
806.798687 388.224329
811.319755 380.393610
811.822096 379.523530
814.836141 374.303051
815.338482 373.432971
818.352527 368.212492
820.361890 364.732172
822.873594 360.381773
825.887639 355.161294
826.389980 354.291214
828.399344 350.810895
830.911048 346.460495
838.446161 333.409297
838.948501 332.539217
840.957865 329.058898
842.967228 325.578578
844.474251 322.968339
845.478932 321.228179
848.995318 315.137620
850.000000 313.397460
851.507023 316.007700
855.023408 322.098259
856.028090 323.838418
860.549158 331.669137
861.051499 332.539217
863.060862 336.019537
864.065544 337.759696
867.079589 342.980176
868.586611 345.590415
874.614702 356.031374
876.121724 358.641613
889.182586 381.263690
891.694290 385.614089
892.698972 387.354249
895.210676 391.704649
899.731744 399.535367
906.262175 410.846406
907.266857 412.586565
917.816014 430.858243
918.318355 431.728323
919.323037 433.468482
919.825378 434.338562
926.355809 445.649601
929.869379 450.000000
930.871245 450.000000
931.873111 450.000000
932.874977 450.000000
934.878709 450.000000
935.880575 450.000000
936.882441 450.000000
937.884307 450.000000
938.886173 450.000000
939.888039 450.000000
948.904833 450.000000
950.908565 450.000000
954.916029 450.000000
955.917895 450.000000
958.923493 450.000000
959.925359 450.000000
960.927225 450.000000
961.929091 450.000000
962.930957 450.000000
963.932823 450.000000
964.934690 450.000000
967.940288 450.000000
968.942154 450.000000
969.944020 450.000000
973.951484 450.000000
977.958948 450.000000
979.962680 450.000000
980.964546 450.000000
982.968278 450.000000
984.972010 450.000000
985.973876 450.000000
986.975742 450.000000
988.979474 450.000000
991.985072 450.000000
995.992536 450.000000
1000.000000 450.000000
1000.000000 458.000000
1000.000000 459.000000
1000.000000 461.000000
1000.000000 466.000000
1000.000000 470.000000
1000.000000 474.000000
1000.000000 493.000000
1000.000000 505.000000
1000.000000 506.000000
1000.000000 510.000000
1000.000000 511.000000
1000.000000 513.000000
1000.000000 514.000000
1000.000000 515.000000
1000.000000 521.000000
1000.000000 525.000000
1000.000000 526.000000
1000.000000 528.000000
1000.000000 529.000000
1000.000000 539.000000
1000.000000 548.000000
997.986445 550.000000
993.959335 550.000000
984.898338 550.000000
983.891561 550.000000
977.850896 550.000000
976.844119 550.000000
974.830564 550.000000
968.789899 550.000000
966.776344 550.000000
965.769567 550.000000
962.749235 550.000000
959.728902 550.000000
955.701792 550.000000
953.688238 550.000000
952.681460 550.000000
936.573021 550.000000
934.559466 550.000000
933.552689 550.000000
931.539134 550.000000
930.532356 550.000000
929.525579 550.000000
927.512024 550.000000
923.484914 550.000000
922.478137 550.000000
920.464582 550.000000
914.423917 550.000000
907.376475 550.000000
905.362920 550.000000
899.322255 550.000000
895.295146 550.000000
893.281591 550.000000
884.220594 550.000000
882.207039 550.000000
879.186707 550.000000
876.166374 550.000000
871.132487 550.000000
870.126178 548.257022
868.113560 544.771066
867.610406 543.899577
867.107251 543.028088
866.604097 542.156599
866.100942 541.285110
865.597788 540.413620
864.591479 538.670642
863.585170 536.927664
863.082016 536.056175
862.578861 535.184686
860.566243 531.698730
860.063089 530.827241
859.559935 529.955752
859.056780 529.084263
858.553626 528.212774
857.044162 525.598307
855.031545 522.112350
854.528390 521.240861
853.522081 519.497883
853.018927 518.626394
852.515772 517.754905
851.509463 516.011927
848.993691 515.140438
846.477919 519.497883
844.968455 522.112350
843.962147 523.855329
843.458992 524.726818
842.955838 525.598307
842.452683 526.469796
841.446374 528.212774
840.440065 529.955752
836.917984 536.056175
835.911675 537.799153
834.402212 540.413620
833.899058 541.285110
832.389594 543.899577
831.886440 544.771066
831.383285 545.642555
829.370667 549.128511
828.867513 550.000000
821.834741 550.000000
819.825378 550.000000
804.755152 550.000000
801.741107 550.000000
799.731744 550.000000
795.713017 550.000000
784.661518 550.000000
781.647473 550.000000
780.642792 550.000000
776.624065 550.000000
772.605338 550.000000
771.600656 550.000000
768.586611 550.000000
766.577248 550.000000
764.567885 550.000000
760.549158 550.000000
758.539794 550.000000
757.535113 550.000000
754.521068 550.000000
752.511704 550.000000
749.497659 550.000000
745.478932 550.000000
732.418070 550.000000
722.371253 550.000000
710.315073 550.000000
696.249529 550.000000
689.216757 550.000000
682.183986 550.000000
669.625464 547.389760
667.113760 543.039361
666.611419 542.169281
665.104397 539.559042
664.602056 538.688962
647.020126 508.236166
639.987354 496.055048
630.945219 480.393610
629.940537 478.653450
623.912447 468.212492
619.893720 461.251853
617.382016 456.901454
610.851585 445.590415
610.349244 444.720335
605.325835 436.019537
599.800086 426.448658
596.786041 421.228179
595.279018 418.617939
594.274336 416.877779
592.264973 413.397460
592.768127 412.525971
593.271282 411.654482
593.774436 410.782993
596.290209 406.425547
596.793363 405.554058
598.302826 402.939591
599.812290 400.325124
600.315444 399.453635
601.824908 396.839168
604.843834 391.610233
607.359607 387.252788
608.365915 385.509810
609.372224 383.766832
609.875379 382.895342
611.384842 380.280875
611.887997 379.409386
612.391151 378.537897
613.397460 376.794919
609.372224 376.794919
604.340680 376.794919
601.321753 376.794919
600.315445 376.794919
599.309136 376.794919
597.296518 376.794919
596.290209 376.794919
595.283900 376.794919
592.264973 376.794919
587.233429 376.794919
585.220811 376.794919
582.201885 376.794919
581.195576 376.794919
575.157723 376.794919
574.151414 376.794919
573.145105 376.794919
572.138796 376.794919
570.629333 375.923430
568.113560 371.565985
567.610406 370.694496
566.604097 368.951518
565.094634 366.337050
564.088325 364.594072
563.585170 363.722583
560.566243 358.493649
560.063089 357.622160
559.559935 356.750671
559.056780 355.879182
557.547317 353.264715
557.044162 352.393226
556.541008 351.521737
555.534699 349.778759
553.018927 345.421313
552.515772 344.549824
552.012618 343.678335
551.006309 341.935357
546.981073 345.421313
545.974764 347.164291
544.968455 348.907269
541.949529 354.136204
541.446374 355.007693
540.440065 356.750671
539.936911 357.622160
539.433757 358.493649
538.427448 360.236627
536.917984 362.851094
536.414830 363.722583
535.408521 365.465561
534.402212 367.208539
531.886440 371.565985
530.376976 374.180452
529.873822 375.051941
529.370667 375.923430
528.867513 376.794919
521.823351 376.794919
519.810733 376.794919
518.804424 376.794919
517.798115 376.794919
515.785498 376.794919
512.766571 376.794919
511.760262 376.794919
510.753953 376.794919
509.747644 376.794919
506.728718 376.794919
505.722409 376.794919
499.684555 376.794919
498.678247 376.794919
497.671938 376.794919
494.653011 376.794919
493.646702 376.794919
492.640393 376.794919
488.615158 376.794919
487.608849 376.794919
486.602540 376.794919
487.105694 377.666408
487.608849 378.537897
489.118312 381.152364
490.627776 383.766832
491.634085 385.509810
492.640393 387.252788
495.156166 391.610233
495.659320 392.481722
496.665629 394.224700
497.671938 395.967679
499.684556 399.453635
500.187710 400.325124
500.690865 401.196613
501.194019 402.068102
502.703482 404.682569
503.709791 406.425547
504.716100 408.168526
505.219255 409.040015
506.730345 415.137620
505.725664 416.877779
498.190551 429.928978
492.664801 439.499856
483.120325 456.031374
482.617984 456.901454
475.082872 469.952652
470.059463 478.653450
465.036054 487.354249
460.012646 496.055048
455.491578 503.885767
447.956465 516.936965
442.933057 525.637764
441.928375 527.377923
437.909648 534.338562
433.890922 541.299201
431.881558 544.779521
411.787924 550.000000
410.783243 550.000000
405.759834 550.000000
400.736426 550.000000
391.694290 550.000000
387.675564 550.000000
383.656837 550.000000
375.619383 550.000000
321.366572 550.000000
315.338482 550.000000
314.333800 550.000000
307.301028 550.000000
305.291665 550.000000
304.286983 550.000000
303.282301 550.000000
300.268256 550.000000
287.207394 550.000000
284.193349 550.000000
282.183986 550.000000
279.169941 550.000000
272.137169 550.000000
270.126178 548.257022
268.616715 545.642555
268.113560 544.771066
267.107251 543.028088
266.604097 542.156599
263.082016 536.056175
262.578861 535.184686
261.572552 533.441708
260.566244 531.698730
259.056780 529.084263
258.050471 527.341285
257.044162 525.598307
255.534699 522.983840
253.018927 518.626394
248.993691 515.140438
247.484228 517.754905
246.981073 518.626394
246.477919 519.497883
245.974764 520.369372
245.471610 521.240861
244.465301 522.983840
243.962147 523.855329
242.955838 525.598307
241.949529 527.341285
240.943220 529.084263
240.440065 529.955752
238.427448 533.441708
237.421139 535.184686
236.917984 536.056175
235.911675 537.799153
235.408521 538.670642
234.402212 540.413620
232.389594 543.899577
231.886440 544.771066
230.376976 547.385533
220.813293 550.000000
214.772629 550.000000
211.752296 550.000000
206.718409 550.000000
201.684522 550.000000
188.596415 550.000000
185.576083 550.000000
181.548973 550.000000
172.487976 550.000000
159.399869 550.000000
151.345650 550.000000
147.318540 550.000000
137.250765 550.000000
130.203323 550.000000
129.196546 550.000000
125.169436 550.000000
121.142326 550.000000
112.081329 550.000000
109.060997 550.000000
104.027110 550.000000
