830
100.000000 450.000000
101.000489 450.000000
103.001467 450.000000
104.001956 450.000000
105.002444 450.000000
106.002933 450.000000
114.006844 450.000000
115.007333 450.000000
116.007822 450.000000
117.008311 450.000000
123.011244 450.000000
127.013200 450.000000
131.015155 450.000000
133.016133 450.000000
134.016622 450.000000
135.017111 450.000000
136.017600 450.000000
138.018577 450.000000
142.020533 450.000000
143.021022 450.000000
151.024933 450.000000
152.025422 450.000000
156.027377 450.000000
157.027866 450.000000
163.030799 450.000000
168.033244 450.000000
170.034222 450.000000
172.035199 450.000000
174.036177 450.000000
180.039110 450.000000
183.040577 450.000000
191.044488 450.000000
199.048399 450.000000
201.049377 450.000000
203.050355 450.000000
204.050844 450.000000
209.053288 450.000000
214.055732 450.000000
216.056710 450.000000
218.057688 450.000000
221.059155 450.000000
227.062088 450.000000
229.063066 450.000000
230.063554 450.000000
231.064043 450.000000
232.064532 450.000000
233.065021 450.000000
240.068443 450.000000
242.069421 450.000000
253.074799 450.000000
254.075288 450.000000
258.077243 450.000000
264.080176 450.000000
265.080665 450.000000
267.081643 450.000000
269.082621 450.000000
272.084087 450.000000
274.085065 450.000000
275.085554 450.000000
277.086532 450.000000
280.087998 450.000000
282.088976 450.000000
283.089465 450.000000
289.092398 450.000000
290.092887 450.000000
292.093865 450.000000
294.094843 450.000000
296.095821 450.000000
303.099243 450.000000
307.101198 450.000000
312.103643 450.000000
321.108043 450.000000
326.110487 450.000000
327.110976 450.000000
328.111465 450.000000
331.112931 450.000000
336.115376 450.000000
339.116842 450.000000
340.117331 450.000000
341.117820 450.000000
346.120265 450.000000
347.120753 450.000000
348.121242 450.000000
350.122220 450.000000
351.122709 450.000000
353.123687 450.000000
362.128087 450.000000
365.129553 450.000000
367.130531 450.000000
368.131020 450.000000
369.131509 450.000000
375.140722 443.057532
376.643810 440.454107
380.652046 433.511639
384.159252 427.436980
384.660282 426.569172
385.662341 424.833555
387.666458 421.362321
388.668517 419.626704
391.173665 415.287661
391.674694 414.419853
393.177782 411.816428
394.680871 409.213002
396.183959 406.609577
397.186018 404.873960
398.689106 402.270535
401.194254 397.931492
401.695283 397.063684
404.701460 391.856833
410.212784 382.310940
412.717931 377.971898
413.719990 376.236281
415.223078 373.632855
415.724108 372.765047
416.726166 371.029430
417.227196 370.161621
417.728225 369.293813
418.229255 368.426005
420.233373 364.954771
421.736461 362.351345
424.241608 358.012303
424.742638 357.144495
425.744697 355.408878
427.748814 351.937644
430.754991 346.730793
432.759109 343.259559
436.767344 336.317091
437.769403 334.581474
439.773521 331.110241
440.274551 330.242432
441.276609 328.506815
441.777639 327.639007
442.779698 325.903390
447.288963 318.093114
448.792051 315.489688
449.794110 313.754071
451.297198 311.150646
453.802346 306.811604
456.307493 302.472561
456.808522 301.604753
459.313670 297.265711
462.319846 292.058860
462.820876 291.191051
463.822935 289.455434
465.827052 285.984201
466.328082 285.116392
467.330141 283.380775
468.332200 281.645158
469.835288 279.041733
470.837347 277.306116
472.841465 273.834882
473.342494 272.967074
475.346612 269.495840
476.849700 266.892414
478.853818 263.421181
479.354848 262.553372
479.855877 261.685564
480.857936 259.949947
482.862054 256.478713
487.371319 248.668437
493.884702 237.386927
494.385731 236.519118
495.888819 233.915693
496.389849 233.047884
497.892937 230.444459
502.402202 222.634183
505.909408 216.559524
508.414556 212.220481
511.921762 206.145822
513.925880 202.674588
515.428968 200.071163
516.431027 198.335546
516.932056 197.467737
517.934115 195.732120
518.435145 194.864312
519.437204 193.128695
519.938233 192.260887
521.942351 188.789653
522.443380 187.921844
526.451616 180.979377
529.457793 175.772526
530.960881 173.169100
532.463969 170.565675
538.476323 160.151974
539.478382 158.416357
540.981470 155.812931
541.482499 154.945123
542.484558 153.209506
543.486617 151.473889
545.991764 147.134847
546.492794 146.267038
547.494853 144.531421
549.498971 141.060187
550.000000 140.192379
553.006177 145.399230
554.008236 147.134847
561.022648 159.284165
562.525736 161.887590
563.026766 162.755399
565.030883 166.226633
566.533972 168.830058
567.035001 169.697867
569.540149 174.036909
570.542207 175.772526
571.043237 176.640334
575.552502 184.450610
577.055590 187.054036
579.059708 190.525270
580.061767 192.260887
582.065885 195.732120
591.084415 211.352673
592.587503 213.956098
596.094709 220.030757
604.111181 233.915693
605.113239 235.651310
606.616328 238.254735
608.119416 240.858161
608.620446 241.725969
609.121475 242.593777
609.622504 243.461586
614.131770 251.271862
618.140005 258.214330
619.643093 260.817755
624.653388 269.495840
627.659565 274.702691
628.160594 275.570499
628.661624 276.438307
629.162653 277.306116
629.663682 278.173924
632.168830 282.512967
633.170889 284.248584
634.673977 286.852009
636.678095 290.323243
642.189419 299.869136
642.690448 300.736944
643.191478 301.604753
643.692507 302.472561
645.195595 305.075987
648.201772 310.282838
648.702802 311.150646
651.708978 316.357497
652.210008 317.225305
655.717214 323.299964
657.220302 325.903390
657.721332 326.771198
664.735744 338.920517
665.737803 340.656134
666.739862 342.391751
668.242950 344.995176
668.743980 345.862984
677.762510 361.483537
680.267657 365.822579
683.774863 371.897238
686.280010 376.236281
687.783099 378.839706
688.785158 380.575323
690.288246 383.178748
693.294423 388.385599
694.797511 390.989025
695.799570 392.724641
697.803688 396.195875
698.304717 397.063684
700.809864 401.402726
701.811923 403.138343
702.312953 404.006151
702.813982 404.873960
703.315012 405.741768
707.323247 412.684236
711.331483 419.626704
712.834571 422.230129
713.836630 423.965746
714.337659 424.833555
721.853101 437.850682
722.855160 439.586298
727.364425 447.396575
727.865455 448.264383
728.366484 449.132192
728.867513 450.000000
729.868002 450.000000
730.868491 450.000000
731.868980 450.000000
732.869469 450.000000
733.869958 450.000000
735.870936 450.000000
737.871913 450.000000
739.872891 450.000000
747.876802 450.000000
751.878758 450.000000
755.880713 450.000000
759.882669 450.000000
765.885602 450.000000
766.886091 450.000000
768.887069 450.000000
773.889513 450.000000
779.892446 450.000000
782.893913 450.000000
784.894891 450.000000
787.896357 450.000000
793.899291 450.000000
795.900268 450.000000
796.900757 450.000000
797.901246 450.000000
800.902713 450.000000
801.903202 450.000000
807.906135 450.000000
809.907113 450.000000
810.907602 450.000000
811.908091 450.000000
813.909068 450.000000
817.911024 450.000000
829.916890 450.000000
830.917379 450.000000
833.918846 450.000000
841.922757 450.000000
847.925690 450.000000
848.926179 450.000000
850.927157 450.000000
853.928623 450.000000
856.930090 450.000000
857.930579 450.000000
864.934001 450.000000
875.939379 450.000000
877.940357 450.000000
880.941823 450.000000
881.942312 450.000000
882.942801 450.000000
883.943290 450.000000
885.944268 450.000000
886.944757 450.000000
887.945245 450.000000
888.945734 450.000000
896.949645 450.000000
897.950134 450.000000
903.953067 450.000000
905.954045 450.000000
906.954534 450.000000
907.955023 450.000000
908.955512 450.000000
917.959912 450.000000
924.963334 450.000000
927.964801 450.000000
928.965290 450.000000
930.966267 450.000000
931.966756 450.000000
934.968223 450.000000
936.969201 450.000000
937.969689 450.000000
939.970667 450.000000
941.971645 450.000000
942.972134 450.000000
947.974578 450.000000
953.977512 450.000000
954.978000 450.000000
956.978978 450.000000
960.980934 450.000000
968.984845 450.000000
969.985334 450.000000
970.985822 450.000000
971.986311 450.000000
973.987289 450.000000
978.989734 450.000000
982.991689 450.000000
983.992178 450.000000
988.994622 450.000000
995.998044 450.000000
996.998533 450.000000
997.999022 450.000000
998.999511 450.000000
1000.000000 450.000000
1000.000000 450.000000
1000.000000 451.000000
1000.000000 453.000000
1000.000000 454.000000
1000.000000 457.000000
1000.000000 459.000000
1000.000000 460.000000
1000.000000 461.000000
1000.000000 463.000000
1000.000000 465.000000
1000.000000 466.000000
1000.000000 469.000000
1000.000000 470.000000
1000.000000 471.000000
1000.000000 472.000000
1000.000000 473.000000
1000.000000 476.000000
1000.000000 477.000000
1000.000000 478.000000
1000.000000 479.000000
1000.000000 480.000000
1000.000000 481.000000
1000.000000 482.000000
1000.000000 483.000000
1000.000000 484.000000
1000.000000 485.000000
1000.000000 486.000000
1000.000000 488.000000
1000.000000 489.000000
1000.000000 490.000000
1000.000000 491.000000
1000.000000 492.000000
1000.000000 493.000000
1000.000000 494.000000
1000.000000 495.000000
1000.000000 497.000000
1000.000000 498.000000
1000.000000 500.000000
1000.000000 502.000000
1000.000000 506.000000
1000.000000 507.000000
1000.000000 508.000000
1000.000000 509.000000
1000.000000 510.000000
1000.000000 513.000000
1000.000000 515.000000
1000.000000 518.000000
1000.000000 519.000000
1000.000000 521.000000
1000.000000 522.000000
1000.000000 523.000000
1000.000000 525.000000
1000.000000 529.000000
1000.000000 531.000000
1000.000000 532.000000
1000.000000 533.000000
1000.000000 534.000000
1000.000000 535.000000
1000.000000 536.000000
1000.000000 537.000000
1000.000000 538.000000
1000.000000 539.000000
1000.000000 540.000000
1000.000000 541.000000
1000.000000 543.000000
1000.000000 545.000000
1000.000000 548.000000
1000.000000 549.000000
998.997355 550.000000
996.992065 550.000000
993.984131 550.000000
984.960327 550.000000
972.928589 550.000000
971.925944 550.000000
967.915365 550.000000
965.910075 550.000000
964.907430 550.000000
956.886271 550.000000
954.880981 550.000000
950.870402 550.000000
947.862467 550.000000
941.846598 550.000000
940.843953 550.000000
939.841309 550.000000
933.825439 550.000000
931.820150 550.000000
930.817505 550.000000
921.793701 550.000000
914.775187 550.000000
908.759318 550.000000
905.751383 550.000000
899.735514 550.000000
895.724935 550.000000
892.717000 550.000000
890.711710 550.000000
888.706421 550.000000
887.703776 550.000000
886.701131 550.000000
885.698486 550.000000
881.687907 550.000000
876.674682 550.000000
875.672038 550.000000
874.669393 550.000000
871.661458 550.000000
866.648234 550.000000
865.645589 550.000000
860.632365 550.000000
846.595337 550.000000
844.590047 550.000000
843.587402 550.000000
841.582112 550.000000
836.568888 550.000000
835.566243 550.000000
833.560954 550.000000
832.558309 550.000000
831.555664 550.000000
826.542440 550.000000
822.531860 550.000000
821.529215 550.000000
820.526570 550.000000
818.521281 550.000000
815.513346 550.000000
813.508056 550.000000
812.505412 550.000000
810.500122 550.000000
807.492187 550.000000
806.489542 550.000000
801.476318 550.000000
800.473673 550.000000
795.460449 550.000000
793.455159 550.000000
783.428711 550.000000
782.426066 550.000000
779.418131 550.000000
777.412841 550.000000
776.410197 550.000000
774.404907 550.000000
772.399617 550.000000
771.396972 550.000000
769.391683 550.000000
768.389038 550.000000
766.383748 550.000000
765.381103 550.000000
759.365234 550.000000
752.346720 550.000000
750.341430 550.000000
744.325561 550.000000
742.320271 550.000000
736.304402 550.000000
732.293823 550.000000
731.291178 550.000000
728.283243 550.000000
727.280599 550.000000
726.277954 550.000000
725.275309 550.000000
724.272664 550.000000
720.262085 550.000000
709.232991 550.000000
705.222412 550.000000
701.211832 550.000000
695.195963 550.000000
694.193318 550.000000
693.190673 550.000000
690.182739 550.000000
681.158935 550.000000
675.143066 550.000000
672.135131 550.000000
667.128107 543.064211
666.127012 541.330264
665.125917 539.596316
664.625369 538.729343
663.123727 536.128422
660.120442 530.926580
659.619895 530.059606
658.618800 528.325659
657.617705 526.591712
655.114968 522.256843
654.614420 521.389870
654.113873 520.522896
652.111683 517.055002
647.606756 509.252239
642.100734 499.715529
639.097449 494.513687
636.594711 490.178819
635.593617 488.444871
634.091974 485.843951
631.589237 481.509082
630.588142 479.775135
630.087594 478.908161
629.587047 478.041188
628.585952 476.307241
627.584857 474.573293
626.583762 472.839346
623.079930 466.770530
622.579382 465.903557
622.078835 465.036583
621.578288 464.169610
619.075550 459.834741
618.575003 458.967768
617.073360 456.366847
616.572813 455.499873
615.071170 452.898952
612.568433 448.564084
612.067886 447.697110
611.567338 446.830137
610.566243 445.096189
609.565148 443.362242
609.064601 442.495269
608.063506 440.761321
606.561864 438.160400
604.559674 434.692506
603.058031 432.091585
601.055841 428.623690
599.053652 425.155796
598.052557 423.421848
597.552009 422.554875
596.050367 419.953954
594.048177 416.486059
593.547629 415.619086
591.044892 411.284217
590.544345 410.417244
588.542155 406.949349
587.040512 404.348428
585.538870 401.747507
585.038323 400.880534
580.533395 393.077771
578.531206 389.609876
578.030658 388.742903
576.028468 385.275008
574.526826 382.674087
573.025183 380.073166
572.024088 378.339219
570.522446 375.738298
569.020804 373.137377
565.516971 367.068562
565.016424 366.201588
563.514782 363.600667
560.010949 357.531852
557.007665 352.330010
555.506022 349.729089
555.005475 348.862115
554.504927 347.995142
553.003285 345.394221
552.502737 344.527247
551.501642 342.793300
550.500547 341.059353
550.000000 340.192379
548.998905 341.926326
548.498358 342.793300
546.996715 345.394221
546.496168 346.261194
545.995620 347.128168
545.495073 347.995142
544.493978 349.729089
543.492883 351.463036
542.992335 352.330010
540.489598 356.664878
539.989051 357.531852
538.487408 360.132773
536.985766 362.733694
536.485218 363.600667
535.984671 364.467641
535.484124 365.334614
533.481934 368.802509
532.981386 369.669483
529.978101 374.871325
529.477554 375.738298
528.476459 377.472245
527.975912 378.339219
527.475364 379.206193
526.474269 380.940140
525.973722 381.807114
525.473174 382.674087
524.972627 383.541061
524.472079 384.408035
520.968247 390.476850
519.466605 393.077771
518.966057 393.944745
518.465510 394.811718
517.964962 395.678692
515.462225 400.013560
514.461130 401.747507
513.960583 402.614481
512.959488 404.348428
512.458940 405.215402
511.958393 406.082376
510.957298 407.816323
510.456750 408.683297
509.455655 410.417244
507.453465 413.885138
505.951823 416.486059
505.451276 417.353033
503.449086 420.820927
502.447991 422.554875
500.445801 426.022769
498.944159 428.623690
497.442516 431.224611
496.441421 432.958558
494.939779 435.559479
494.439231 436.426453
493.938684 437.293427
493.438136 438.160400
492.937589 439.027374
490.935399 442.495269
489.934304 444.229216
489.433757 445.096189
487.932114 447.697110
487.431567 448.564084
484.428282 453.765926
483.927735 454.632899
482.426092 457.233820
481.925545 458.100794
480.423902 460.701715
479.923355 461.568689
479.422807 462.435662
478.421712 464.169610
476.920070 466.770530
476.419523 467.637504
474.917880 470.238425
474.417333 471.105399
473.916785 471.972372
473.416238 472.839346
469.411858 479.775135
468.410763 481.509082
464.906931 487.577898
464.406383 488.444871
463.905836 489.311845
462.404194 491.912766
461.903646 492.779740
460.402004 495.380661
457.899266 499.715529
456.898172 501.449476
455.897077 503.183423
455.396529 504.050397
454.895982 504.917371
454.395434 505.784344
453.894887 506.651318
452.893792 508.385265
451.892697 510.119213
451.392149 510.986186
449.389960 514.454081
446.887222 518.788949
445.886127 520.522896
444.885032 522.256843
444.384485 523.123817
442.882842 525.724738
442.382295 526.591712
441.881748 527.458685
441.381200 528.325659
440.380105 530.059606
439.879558 530.926580
437.877368 534.394474
434.874083 539.596316
433.872988 541.330264
429.868608 548.266053
429.368061 549.133026
428.867513 550.000000
427.864869 550.000000
424.856934 550.000000
422.851644 550.000000
420.846355 550.000000
419.843710 550.000000
418.841065 550.000000
415.833130 550.000000
411.822551 550.000000
410.819906 550.000000
408.814616 550.000000
402.798747 550.000000
400.793457 550.000000
389.764364 550.000000
388.761719 550.000000
387.759074 550.000000
381.743205 550.000000
376.729981 550.000000
366.703532 550.000000
364.698243 550.000000
360.687663 550.000000
357.679729 550.000000
356.677084 550.000000
355.674439 550.000000
352.666504 550.000000
344.645345 550.000000
343.642701 550.000000
334.618897 550.000000
333.616252 550.000000
332.613607 550.000000
328.603028 550.000000
327.600383 550.000000
321.584514 550.000000
317.573934 550.000000
313.563355 550.000000
308.550130 550.000000
301.531616 550.000000
300.528972 550.000000
296.518392 550.000000
295.515747 550.000000
294.513102 550.000000
283.484009 550.000000
282.481364 550.000000
281.478719 550.000000
280.476074 550.000000
273.457560 550.000000
270.449626 550.000000
264.433757 550.000000
263.431112 550.000000
257.415243 550.000000
255.409953 550.000000
251.399374 550.000000
250.396729 550.000000
249.394084 550.000000
246.386149 550.000000
242.375570 550.000000
240.370280 550.000000
239.367635 550.000000
235.357056 550.000000
232.349121 550.000000
229.341187 550.000000
226.333252 550.000000
225.330607 550.000000
217.309448 550.000000
216.306804 550.000000
213.298869 550.000000
212.296224 550.000000
210.290934 550.000000
203.272420 550.000000
200.264486 550.000000
191.240682 550.000000
189.235392 550.000000
186.227458 550.000000
185.224813 550.000000
183.219523 550.000000
181.214234 550.000000
179.208944 550.000000
171.187785 550.000000
170.185140 550.000000
166.174561 550.000000
163.166626 550.000000
160.158691 550.000000
159.156047 550.000000
156.148112 550.000000
152.137533 550.000000
147.124308 550.000000
145.119019 550.000000
139.103149 550.000000
136.095215 550.000000
134.089925 550.000000
133.087280 550.000000
131.081991 550.000000
130.079346 550.000000
128.074056 550.000000
127.071411 550.000000
125.066121 550.000000
120.052897 550.000000
119.050252 550.000000
117.044963 550.000000
114.037028 550.000000
110.026449 550.000000
109.023804 550.000000
105.013224 550.000000
104.010579 550.000000
102.005290 550.000000
