950
101.001866 450.000000
102.003732 450.000000
106.011196 450.000000
107.013062 450.000000
108.014928 450.000000
110.018660 450.000000
111.020526 450.000000
115.027990 450.000000
117.031722 450.000000
118.033588 450.000000
120.037320 450.000000
124.044784 450.000000
125.046650 450.000000
127.050382 450.000000
129.054114 450.000000
131.057846 450.000000
132.059712 450.000000
133.061578 450.000000
139.072775 450.000000
141.076507 450.000000
145.083971 450.000000
147.087703 450.000000
148.089569 450.000000
155.102631 450.000000
168.126889 450.000000
174.146532 444.779521
177.160577 439.559042
179.169941 436.078722
181.681645 431.728323
183.188667 429.118083
187.207394 422.157444
188.714417 419.547204
190.723780 416.066885
192.230803 413.456645
192.733143 412.586565
193.235484 411.716486
195.747189 407.366086
197.254211 404.755847
199.765915 400.405447
205.794005 389.964489
207.301028 387.354249
213.329118 376.913291
213.831459 376.043211
215.840822 372.562891
219.357208 366.472332
219.859549 365.602252
220.361890 364.732172
221.366572 362.992013
223.878276 358.641613
224.882958 356.901454
225.887639 355.161294
226.892321 353.421134
227.394662 352.551054
227.897003 351.680974
228.399344 350.810895
228.901684 349.940815
233.925093 341.240016
234.929775 339.499856
237.943820 334.279377
238.446161 333.409297
239.450842 331.669137
240.957865 329.058898
242.967228 325.578578
249.497659 314.267540
250.000000 313.397460
252.511704 317.747859
253.014045 318.617939
254.018727 320.358099
255.023408 322.098259
258.037454 327.318738
260.046817 330.799057
266.074907 341.240016
269.591293 347.330575
270.595975 349.070735
275.117042 356.901454
275.619383 357.771534
276.121724 358.641613
280.642792 366.472332
282.149814 369.082572
283.656837 371.692811
284.661518 373.432971
285.666200 375.173131
286.168541 376.043211
289.684927 382.133770
290.187268 383.003850
291.191949 384.744010
291.694290 385.614089
292.196631 386.484169
295.713017 392.574728
301.238766 402.145607
301.741107 403.015687
303.248130 405.625926
303.750471 406.496006
304.755152 408.236166
306.262175 410.846406
306.764516 411.716486
308.271538 414.326725
310.280902 417.807045
310.783243 418.677125
311.285583 419.547204
311.787924 420.417284
315.304310 426.507843
316.308992 428.248003
318.820696 432.598403
319.323037 433.468482
320.327719 435.208642
324.346445 442.169281
324.848786 443.039361
325.351127 443.909441
325.853468 444.779521
326.858150 446.519681
327.862831 448.259840
328.867513 450.000000
329.873822 450.000000
330.880131 450.000000
333.899058 450.000000
335.911675 450.000000
337.924293 450.000000
338.930602 450.000000
339.936911 450.000000
340.943220 450.000000
343.962147 450.000000
345.974764 450.000000
346.981073 450.000000
347.987382 450.000000
348.993691 450.000000
350.000000 450.000000
351.006309 450.000000
352.012618 450.000000
353.018927 450.000000
355.031545 450.000000
356.037853 450.000000
358.050471 450.000000
360.063089 450.000000
362.075707 450.000000
363.082016 450.000000
368.113560 450.000000
369.119869 450.000000
370.126178 450.000000
371.132487 450.000000
373.648259 445.642555
374.151414 444.771066
375.660877 442.156599
376.667186 440.413620
377.673495 438.670642
379.182958 436.056175
379.686112 435.184686
381.698730 431.698730
382.201884 430.827241
384.214502 427.341285
385.723965 424.726818
386.227120 423.855329
386.730274 422.983840
387.736583 421.240861
388.742892 419.497883
389.246046 418.626394
390.252355 416.883416
390.755510 416.011927
391.761819 414.268949
391.762632 412.527380
390.255610 409.917140
389.753269 409.047061
387.743905 405.566741
385.232201 401.216342
378.701770 389.905303
370.161976 375.113945
369.659635 374.243865
366.645590 369.023386
361.622181 360.322587
349.566001 339.440670
347.054297 335.090271
345.547274 332.480031
345.044933 331.609951
344.542593 330.739871
341.528547 325.519392
330.477049 306.377635
328.970026 303.767395
324.448959 295.936676
323.946618 295.066596
322.941936 293.326437
318.420868 285.495718
316.411505 282.015398
315.406823 280.275239
313.899801 277.664999
316.411505 276.794919
318.420869 276.794919
337.509821 276.794919
345.547274 276.794919
346.551956 276.794919
350.570683 276.794919
352.580046 276.794919
358.608137 276.794919
365.640908 276.794919
370.664317 276.794919
373.678362 276.794919
376.692407 276.794919
378.701771 276.794919
409.846903 276.794919
415.874993 276.794919
419.893720 276.794919
422.907765 276.794919
429.940537 276.794919
432.954582 276.794919
438.982673 276.794919
439.987354 276.794919
440.992036 276.794919
458.071625 276.794919
459.076307 276.794919
460.080988 276.794919
466.109078 276.794919
476.658236 267.224040
479.672281 262.003561
481.179304 259.393322
488.212076 247.212203
492.733143 239.381484
497.254211 231.550766
502.779960 221.979887
509.812732 209.798769
510.315073 208.928689
512.324436 205.448369
519.859549 192.397171
520.864231 190.657012
522.873594 187.176692
523.878276 185.436532
526.892321 180.216053
529.404025 175.865654
529.906366 174.995574
531.413389 172.385334
541.962546 154.113657
549.497659 141.062459
552.009363 143.672698
554.521068 148.023098
556.028090 150.633337
558.539794 154.983737
561.051499 159.334136
563.060862 162.814456
569.088952 173.255414
569.591293 174.125494
577.628747 188.046772
578.131087 188.916852
580.642792 193.267251
582.652155 196.747571
586.670882 203.708210
587.675564 205.448369
590.187268 209.798769
593.201313 215.019248
593.703654 215.889328
594.708335 217.629488
596.215358 220.239727
597.722380 222.849967
598.727062 224.590127
599.229403 225.460207
600.234085 227.200366
600.736426 228.070446
603.248130 232.420845
604.755152 235.031085
606.764516 238.511405
608.271538 241.121644
609.276220 242.861804
609.778561 243.731884
612.792606 248.952363
615.304310 253.302762
616.308992 255.042922
618.820696 259.393322
619.323037 260.263401
620.830059 262.873641
625.351127 270.704360
632.886240 276.794919
635.900285 276.794919
636.904967 276.794919
638.914330 276.794919
643.937739 276.794919
644.942420 276.794919
652.979874 276.794919
663.026691 276.794919
666.040736 276.794919
678.096916 276.794919
692.162460 276.794919
693.167142 276.794919
702.209277 276.794919
705.223322 276.794919
706.228004 276.794919
712.256094 276.794919
715.270139 276.794919
716.274821 276.794919
727.326320 276.794919
728.331001 276.794919
729.335683 276.794919
737.373137 276.794919
750.433999 276.794919
757.466771 276.794919
760.480816 276.794919
761.485497 276.794919
766.508906 276.794919
769.522951 276.794919
772.536996 276.794919
775.551041 276.794919
781.579131 276.794919
785.597858 278.535079
781.579132 285.495718
780.574450 287.235878
775.551041 295.936676
775.048701 296.806756
774.546360 297.676836
773.039337 300.287076
768.015929 308.987875
767.513588 309.857954
767.011247 310.728034
765.504224 313.338274
764.499543 315.078434
763.494861 316.818593
754.955067 331.609951
750.936340 338.570590
750.433999 339.440670
747.922295 343.791070
746.917613 345.531229
733.856751 368.153306
727.326320 379.464345
720.795889 390.775383
718.284185 395.125783
717.781844 395.995862
710.749072 408.176981
710.246731 409.047061
709.242050 410.787220
708.739709 411.657300
708.237368 412.527380
709.747645 416.883416
710.753954 418.626394
711.257108 419.497883
711.760262 420.369372
712.263417 421.240861
712.766571 422.112350
713.269726 422.983840
714.779189 425.598307
715.282343 426.469796
716.288652 428.212774
716.791807 429.084263
717.294961 429.955752
717.798116 430.827241
720.817042 436.056175
721.823351 437.799153
723.332814 440.413620
724.842278 443.028088
725.848586 444.771066
726.854895 446.514044
727.861204 448.257022
728.364359 449.128511
731.886440 450.000000
732.892749 450.000000
733.899058 450.000000
735.911675 450.000000
736.917984 450.000000
737.924293 450.000000
738.930602 450.000000
739.936911 450.000000
742.955838 450.000000
746.981073 450.000000
750.000000 450.000000
751.006309 450.000000
752.012618 450.000000
753.018927 450.000000
756.037853 450.000000
759.056780 450.000000
761.069398 450.000000
763.082016 450.000000
764.088325 450.000000
765.094634 450.000000
766.100942 450.000000
767.107251 450.000000
768.113560 450.000000
769.119869 450.000000
770.126178 450.000000
772.137169 448.259840
775.653555 442.169281
777.160577 439.559042
777.662918 438.688962
779.169941 436.078722
779.672281 435.208642
794.742507 409.106246
806.798687 388.224329
808.808051 384.744010
813.329118 376.913291
814.333800 375.173131
815.338482 373.432971
817.347845 369.952652
819.357208 366.472332
819.859549 365.602252
820.864231 363.862093
827.897003 351.680974
829.404025 349.070735
831.413389 345.590415
831.915730 344.720335
834.427434 340.369936
836.436797 336.889617
837.943820 334.279377
842.464887 326.448658
843.469569 324.708498
844.976592 322.098259
850.000000 313.397460
855.023408 322.098259
858.539794 328.188818
862.558521 335.149457
864.065544 337.759696
865.070225 339.499856
866.074907 341.240016
868.586611 345.590415
869.088952 346.460495
871.600656 350.810895
876.624065 359.511693
881.145133 367.342412
881.647473 368.212492
882.149814 369.082572
882.652155 369.952652
884.661518 373.432971
886.168541 376.043211
890.689609 383.873930
891.191949 384.744010
893.201313 388.224329
894.708335 390.834569
895.210676 391.704649
896.717699 394.314888
898.727062 397.795208
902.745789 404.755847
904.252811 407.366086
908.773879 415.196805
909.276220 416.066885
910.280902 417.807045
911.787924 420.417284
912.792606 422.157444
913.797288 423.897604
916.308992 428.248003
917.816014 430.858243
921.332400 436.948802
922.839423 439.559042
926.355809 445.649601
926.858150 446.519681
929.869379 450.000000
934.878709 450.000000
935.880575 450.000000
936.882441 450.000000
939.888039 450.000000
945.899235 450.000000
947.902967 450.000000
952.912297 450.000000
954.916029 450.000000
955.917895 450.000000
957.921627 450.000000
961.929091 450.000000
962.930957 450.000000
963.932823 450.000000
964.934690 450.000000
966.938422 450.000000
971.947752 450.000000
972.949618 450.000000
978.960814 450.000000
980.964546 450.000000
982.968278 450.000000
989.981340 450.000000
991.985072 450.000000
996.994402 450.000000
998.998134 450.000000
1000.000000 451.000000
1000.000000 458.000000
1000.000000 459.000000
1000.000000 461.000000
1000.000000 462.000000
1000.000000 472.000000
1000.000000 474.000000
1000.000000 478.000000
1000.000000 479.000000
1000.000000 480.000000
1000.000000 481.000000
1000.000000 491.000000
1000.000000 501.000000
1000.000000 505.000000
1000.000000 508.000000
1000.000000 509.000000
1000.000000 510.000000
1000.000000 515.000000
1000.000000 516.000000
1000.000000 517.000000
1000.000000 523.000000
1000.000000 524.000000
1000.000000 525.000000
1000.000000 528.000000
1000.000000 529.000000
1000.000000 531.000000
1000.000000 533.000000
1000.000000 535.000000
1000.000000 537.000000
1000.000000 542.000000
1000.000000 543.000000
1000.000000 545.000000
998.993223 550.000000
996.979668 550.000000
995.972890 550.000000
986.911893 550.000000
980.871229 550.000000
978.857674 550.000000
975.837341 550.000000
967.783122 550.000000
963.756012 550.000000
949.661128 550.000000
948.654350 550.000000
947.647573 550.000000
946.640795 550.000000
945.634018 550.000000
943.620463 550.000000
940.600131 550.000000
937.579798 550.000000
936.573021 550.000000
932.545911 550.000000
927.512024 550.000000
926.505246 550.000000
924.491692 550.000000
913.417140 550.000000
911.403585 550.000000
909.390030 550.000000
904.356143 550.000000
894.288368 550.000000
893.281591 550.000000
892.274813 550.000000
890.261258 550.000000
885.227371 550.000000
884.220594 550.000000
883.213816 550.000000
878.179929 550.000000
873.146042 550.000000
872.139264 550.000000
871.132487 550.000000
870.629333 549.128511
868.616715 545.642555
867.610406 543.899577
867.107251 543.028088
866.604097 542.156599
866.100942 541.285110
864.088325 537.799153
863.585170 536.927664
862.075707 534.313197
861.572552 533.441708
861.069398 532.570219
860.063089 530.827241
859.056780 529.084263
858.553626 528.212774
858.050471 527.341285
857.547317 526.469796
857.044162 525.598307
856.541008 524.726818
855.534699 522.983840
855.031545 522.112350
853.018927 518.626394
852.012618 516.883416
851.006309 515.140438
850.503154 514.268949
850.000000 513.397460
849.496846 514.268949
848.993691 515.140438
848.490537 516.011927
847.987382 516.883416
847.484228 517.754905
846.981073 518.626394
846.477919 519.497883
845.974764 520.369372
845.471610 521.240861
844.968455 522.112350
844.465301 522.983840
843.962147 523.855329
842.452683 526.469796
841.949529 527.341285
840.943220 529.084263
840.440065 529.955752
839.936911 530.827241
837.421139 535.184686
836.917984 536.056175
835.911675 537.799153
834.905366 539.542131
834.402212 540.413620
833.395903 542.156599
831.383285 545.642555
830.880131 546.514044
830.376976 547.385533
820.830059 550.000000
814.801969 550.000000
812.792606 550.000000
805.759834 550.000000
796.717699 550.000000
795.713017 550.000000
793.703654 550.000000
792.698972 550.000000
791.694290 550.000000
789.684927 550.000000
778.633428 550.000000
771.600656 550.000000
766.577248 550.000000
761.553839 550.000000
760.549158 550.000000
756.530431 550.000000
753.516386 550.000000
742.464887 550.000000
741.460206 550.000000
737.441479 550.000000
735.432115 550.000000
733.422752 550.000000
730.408707 550.000000
727.394662 550.000000
726.389980 550.000000
715.338482 550.000000
713.329118 550.000000
712.324436 550.000000
707.301028 550.000000
706.296346 550.000000
705.291665 550.000000
703.282301 550.000000
692.230803 550.000000
688.212076 550.000000
676.155895 550.000000
670.630146 549.129920
666.611419 542.169281
666.109078 541.299201
665.606738 540.429121
660.080988 530.858243
659.076307 529.118083
658.573966 528.248003
657.569284 526.507843
656.564602 524.767684
653.550557 519.547204
651.541194 516.066885
647.020126 508.236166
643.001399 501.275527
641.494377 498.665288
640.489695 496.925128
635.968627 489.094409
633.456923 484.744010
631.447560 481.263690
629.940537 478.653450
624.917128 469.952652
621.400743 463.862093
619.893720 461.251853
618.889038 459.511693
616.377334 455.161294
612.358607 448.200655
610.851585 445.590415
607.837539 440.369936
604.823494 435.149457
604.321153 434.279377
601.809449 429.928978
601.307108 429.058898
600.804768 428.188818
597.288382 422.098259
593.271282 411.654482
593.774436 410.782993
594.277591 409.911504
594.780745 409.040015
595.283900 408.168526
596.290209 406.425547
598.805981 402.068102
599.812290 400.325124
600.818599 398.582146
601.321753 397.710657
601.824908 396.839168
603.334371 394.224700
604.340680 392.481722
604.843834 391.610233
606.856452 388.124277
608.365915 385.509810
608.869070 384.638321
609.372224 383.766832
610.378533 382.023853
610.881688 381.152364
611.384842 380.280875
611.887997 379.409386
612.391151 378.537897
612.894306 377.666408
613.397460 376.794919
611.384842 376.794919
610.378533 376.794919
607.359607 376.794919
606.353298 376.794919
605.346989 376.794919
604.340680 376.794919
602.328062 376.794919
601.321753 376.794919
599.309136 376.794919
598.302827 376.794919
596.290209 376.794919
595.283900 376.794919
594.277591 376.794919
593.271282 376.794919
592.264973 376.794919
588.239738 376.794919
587.233429 376.794919
584.214502 376.794919
583.208194 376.794919
582.201885 376.794919
579.182958 376.794919
577.170340 376.794919
575.157723 376.794919
573.145105 376.794919
571.132487 376.794919
571.132487 376.794919
570.629333 375.923430
569.119869 373.308963
568.113560 371.565985
567.107251 369.823007
566.100942 368.080029
565.094634 366.337050
564.591479 365.465561
564.088325 364.594072
563.082016 362.851094
562.578861 361.979605
561.572552 360.236627
561.069398 359.365138
560.063089 357.622160
559.559935 356.750671
559.056780 355.879182
557.044162 352.393226
556.541008 351.521737
555.534699 349.778759
554.528390 348.035780
553.522081 346.292802
553.018927 345.421313
552.012618 343.678335
551.006309 341.935357
549.496846 341.063868
547.987382 343.678335
546.981073 345.421313
544.465301 349.778759
543.962147 350.650248
543.458992 351.521737
542.955838 352.393226
542.452683 353.264715
541.949529 354.136204
541.446374 355.007693
540.943220 355.879182
540.440065 356.750671
538.930602 359.365138
538.427448 360.236627
537.924293 361.108116
537.421139 361.979605
533.899058 368.080029
532.389594 370.694496
531.886440 371.565985
530.880131 373.308963
530.376976 374.180452
529.873822 375.051941
526.854895 376.794919
525.848586 376.794919
524.842277 376.794919
522.829660 376.794919
518.804424 376.794919
517.798115 376.794919
516.791806 376.794919
515.785498 376.794919
514.779189 376.794919
512.766571 376.794919
510.753953 376.794919
509.747644 376.794919
508.741335 376.794919
507.735027 376.794919
502.703482 376.794919
500.690864 376.794919
499.684555 376.794919
497.671938 376.794919
496.665629 376.794919
495.659320 376.794919
492.640393 376.794919
490.627776 376.794919
489.621467 376.794919
487.608849 376.794919
486.602540 376.794919
487.608849 378.537897
488.112003 379.409386
488.615158 380.280875
489.118312 381.152364
490.124621 382.895342
491.130930 384.638321
491.634085 385.509810
492.137239 386.381299
492.640393 387.252788
494.149857 389.867255
494.653011 390.738744
495.156166 391.610233
495.659320 392.481722
496.665629 394.224700
497.168784 395.096190
498.175092 396.839168
498.678247 397.710657
499.181401 398.582146
499.684556 399.453635
502.200328 403.811080
502.703482 404.682569
503.709791 406.425547
504.212946 407.297036
505.219255 409.040015
506.728718 411.654482
507.231873 412.525971
507.735027 413.397460
507.735027 413.397460
505.223323 417.747859
503.213959 421.228179
501.204596 424.708498
495.176506 435.149457
494.674165 436.019537
492.664801 439.499856
492.162461 440.369936
491.157779 442.110096
490.153097 443.850256
488.143734 447.330575
484.125007 454.291214
483.120325 456.031374
481.110962 459.511693
479.101598 462.992013
478.599257 463.862093
471.064145 476.913291
470.561804 477.783371
469.054781 480.393610
465.036054 487.354249
463.529032 489.964489
461.519668 493.444808
460.012646 496.055048
459.007964 497.795208
456.496260 502.145607
450.970511 511.716486
448.961147 515.196805
447.454125 517.807045
446.449443 519.547204
445.444761 521.287364
442.430716 526.507843
438.914330 532.598403
438.411989 533.468482
435.397944 538.688962
434.895603 539.559042
434.393262 540.429121
433.890922 541.299201
433.388581 542.169281
432.886240 543.039361
422.839423 550.000000
418.820696 550.000000
405.759834 550.000000
402.745789 550.000000
399.731744 550.000000
387.675564 550.000000
379.638110 550.000000
376.624065 550.000000
375.619383 550.000000
372.605338 550.000000
371.600656 550.000000
363.563203 550.000000
359.544476 550.000000
349.497659 550.000000
343.469569 550.000000
342.464887 550.000000
341.460206 550.000000
339.450842 550.000000
336.436797 550.000000
331.413389 550.000000
328.399344 550.000000
324.380617 550.000000
320.361890 550.000000
319.357208 550.000000
310.315073 550.000000
309.310391 550.000000
306.296346 550.000000
300.268256 550.000000
299.263574 550.000000
296.249529 550.000000
293.235484 550.000000
290.221439 550.000000
288.212076 550.000000
271.132487 550.000000
270.629333 549.128511
270.126178 548.257022
268.616715 545.642555
267.610406 543.899577
267.107251 543.028088
266.604097 542.156599
265.094634 539.542131
263.082016 536.056175
262.578861 535.184686
261.069398 532.570219
260.566244 531.698730
260.063089 530.827241
259.559935 529.955752
259.056780 529.084263
258.553626 528.212774
257.044162 525.598307
256.541008 524.726818
255.534699 522.983840
254.528390 521.240861
253.522081 519.497883
253.018927 518.626394
252.012618 516.883416
251.006309 515.140438
250.503154 514.268949
250.000000 513.397460
250.000000 513.397460
249.496846 514.268949
248.993691 515.140438
246.477919 519.497883
245.974764 520.369372
245.471610 521.240861
244.465301 522.983840
243.962147 523.855329
243.458992 524.726818
241.949529 527.341285
241.446374 528.212774
240.943220 529.084263
238.427448 533.441708
237.924293 534.313197
235.911675 537.799153
234.402212 540.413620
233.899058 541.285110
231.383285 545.642555
230.880131 546.514044
230.376976 547.385533
229.873822 548.257022
229.370667 549.128511
228.867513 550.000000
227.860736 550.000000
212.759074 550.000000
205.711632 550.000000
204.704854 550.000000
203.698077 550.000000
201.684522 550.000000
199.670967 550.000000
194.637080 550.000000
192.623525 550.000000
186.582860 550.000000
180.542196 550.000000
175.508308 550.000000
173.494754 550.000000
171.481199 550.000000
165.440534 550.000000
164.433757 550.000000
153.359205 550.000000
151.345650 550.000000
146.311762 550.000000
143.291430 550.000000
140.271098 550.000000
138.257543 550.000000
135.237211 550.000000
131.210101 550.000000
130.203323 550.000000
129.196546 550.000000
128.189768 550.000000
116.108439 550.000000
113.088107 550.000000
105.033887 550.000000
103.020332 550.000000
100.000000 550.000000
