1690
100.000000 450.000000
101.001866 450.000000
102.003732 450.000000
104.007464 450.000000
105.009330 450.000000
107.013062 450.000000
108.014928 450.000000
111.020526 450.000000
117.031722 450.000000
119.035454 450.000000
120.037320 450.000000
121.039186 450.000000
123.042918 450.000000
124.044784 450.000000
125.046650 450.000000
127.050382 450.000000
129.054114 450.000000
131.057846 450.000000
132.059712 450.000000
133.061578 450.000000
134.063444 450.000000
137.069043 450.000000
138.070909 450.000000
139.072775 450.000000
141.076507 450.000000
142.078373 450.000000
145.083971 450.000000
148.089569 450.000000
150.093301 450.000000
152.097033 450.000000
153.098899 450.000000
154.100765 450.000000
156.104497 450.000000
157.106363 450.000000
161.113827 450.000000
162.115693 450.000000
163.117559 450.000000
164.119425 450.000000
166.123157 450.000000
167.125023 450.000000
168.126889 450.000000
169.128755 450.000000
171.132487 450.000000
171.132487 450.000000
172.639510 447.389760
176.658236 440.429121
177.662918 438.688962
178.667600 436.948802
179.169941 436.078722
179.672281 435.208642
180.676963 433.468482
181.179304 432.598403
181.681645 431.728323
182.183986 430.858243
182.686326 429.988163
185.198031 425.637764
186.705053 423.027524
187.207394 422.157444
188.212076 420.417284
188.714417 419.547204
189.216757 418.677125
189.719098 417.807045
190.723780 416.066885
192.733143 412.586565
193.235484 411.716486
196.751870 405.625926
197.756552 403.885767
198.258893 403.015687
198.761234 402.145607
200.770597 398.665288
201.272938 397.795208
202.277620 396.055048
203.282301 394.314888
204.286983 392.574728
205.291665 390.834569
205.794005 389.964489
206.296346 389.094409
206.798687 388.224329
208.305710 385.614089
210.817414 381.263690
211.319755 380.393610
212.324436 378.653450
213.831459 376.043211
214.836141 374.303051
216.845504 370.822732
217.850186 369.082572
219.357208 366.472332
220.864231 363.862093
221.366572 362.992013
222.371253 361.251853
223.375935 359.511693
224.882958 356.901454
226.892321 353.421134
227.897003 351.680974
228.399344 350.810895
230.911048 346.460495
231.915730 344.720335
232.418070 343.850256
233.422752 342.110096
233.925093 341.240016
234.427434 340.369936
235.432115 338.629776
235.934456 337.759696
236.436797 336.889617
238.446161 333.409297
238.948501 332.539217
239.450842 331.669137
239.953183 330.799057
240.455524 329.928978
240.957865 329.058898
241.962546 327.318738
242.967228 325.578578
243.469569 324.708498
243.971910 323.838418
244.474251 322.968339
245.478932 321.228179
248.995318 315.137620
250.000000 313.397460
250.000000 313.397460
253.516386 319.488019
254.018727 320.358099
256.028090 323.838418
256.530431 324.708498
258.539794 328.188818
259.042135 329.058898
261.553839 333.409297
262.558521 335.149457
264.567885 338.629776
265.070225 339.499856
265.572566 340.369936
266.074907 341.240016
266.577248 342.110096
269.088952 346.460495
269.591293 347.330575
272.102997 351.680974
274.112361 355.161294
275.117042 356.901454
276.624065 359.511693
280.642792 366.472332
281.145133 367.342412
283.154496 370.822732
284.661518 373.432971
285.666200 375.173131
286.670882 376.913291
287.173223 377.783371
288.680245 380.393610
289.182586 381.263690
289.684927 382.133770
290.187268 383.003850
296.215358 393.444808
299.731744 399.535367
300.234085 400.405447
300.736426 401.275527
303.248130 405.625926
304.755152 408.236166
310.280902 417.807045
311.285583 419.547204
312.792606 422.157444
316.308992 428.248003
316.811333 429.118083
317.313674 429.988163
317.816014 430.858243
318.318355 431.728323
320.830059 436.078722
321.332400 436.948802
322.337082 438.688962
323.341764 440.429121
325.351127 443.909441
326.355809 445.649601
328.365172 449.129920
328.867513 450.000000
329.873822 450.000000
330.880131 450.000000
331.886440 450.000000
332.892749 450.000000
333.899058 450.000000
334.905366 450.000000
336.917984 450.000000
337.924293 450.000000
338.930602 450.000000
339.936911 450.000000
340.943220 450.000000
341.949529 450.000000
342.955838 450.000000
343.962147 450.000000
344.968455 450.000000
345.974764 450.000000
346.981073 450.000000
350.000000 450.000000
351.006309 450.000000
352.012618 450.000000
353.018927 450.000000
354.025236 450.000000
355.031545 450.000000
356.037853 450.000000
358.050471 450.000000
360.063089 450.000000
362.075707 450.000000
363.082016 450.000000
365.094634 450.000000
366.100942 450.000000
367.107251 450.000000
368.113560 450.000000
369.119869 450.000000
370.126178 450.000000
371.132487 450.000000
371.132487 450.000000
372.138796 448.257022
372.641950 447.385533
373.145105 446.514044
373.648259 445.642555
374.151414 444.771066
374.654568 443.899577
375.157722 443.028088
375.660877 442.156599
376.164031 441.285110
376.667186 440.413620
377.170340 439.542131
377.673495 438.670642
378.176649 437.799153
378.679803 436.927664
379.182958 436.056175
379.686112 435.184686
380.189267 434.313197
380.692421 433.441708
381.195576 432.570219
381.698730 431.698730
382.201884 430.827241
383.208193 429.084263
383.711348 428.212774
385.723965 424.726818
386.227120 423.855329
386.730274 422.983840
387.233429 422.112350
388.239738 420.369372
388.742892 419.497883
389.246046 418.626394
389.749201 417.754905
390.252355 416.883416
390.755510 416.011927
391.258664 415.140438
391.761819 414.268949
392.264973 413.397460
388.748587 407.306901
387.743905 405.566741
386.236883 402.956501
385.734542 402.086422
384.227519 399.476182
383.725179 398.606102
382.720497 396.865942
382.218156 395.995862
381.715815 395.125783
380.208793 392.515543
379.706452 391.645463
379.204111 390.775383
378.701770 389.905303
376.190066 385.554904
373.678362 381.204504
372.171339 378.594265
371.668998 377.724185
370.664317 375.984025
367.147931 369.893466
366.143249 368.153306
365.640908 367.283226
362.626863 362.062747
362.124522 361.192667
361.622181 360.322587
361.119840 359.452508
360.617500 358.582428
360.115159 357.712348
359.110477 355.972188
358.105795 354.232028
357.603455 353.361948
356.598773 351.621789
355.594091 349.881629
355.091750 349.011549
354.589409 348.141469
352.580046 344.661150
352.077705 343.791070
351.575364 342.920990
351.073024 342.050910
350.570683 341.180830
349.566001 339.440670
348.058978 336.830431
347.556638 335.960351
347.054297 335.090271
346.551956 334.220191
346.049615 333.350111
345.547274 332.480031
345.044933 331.609951
344.542593 330.739871
344.040252 329.869792
343.035570 328.129632
342.533229 327.259552
341.026207 324.649312
340.523866 323.779232
340.021525 322.909153
339.519184 322.039073
339.016843 321.168993
337.007480 317.688673
336.002798 315.948514
334.495776 313.338274
332.988753 310.728034
332.486412 309.857954
328.970026 303.767395
327.965345 302.027235
325.955981 298.546916
325.453640 297.676836
324.951299 296.806756
322.439595 292.456357
321.434914 290.716197
320.430232 288.976037
318.420868 285.495718
317.416187 283.755558
316.913846 282.885478
315.406823 280.275239
314.904483 279.405159
313.899801 277.664999
315.406823 276.794919
318.420869 276.794919
319.425550 276.794919
324.448959 276.794919
325.453640 276.794919
332.486412 276.794919
334.495776 276.794919
336.505139 276.794919
337.509821 276.794919
341.528548 276.794919
344.542593 276.794919
348.561320 276.794919
349.566001 276.794919
350.570683 276.794919
351.575365 276.794919
353.584728 276.794919
354.589410 276.794919
355.594091 276.794919
362.626863 276.794919
367.650272 276.794919
369.659635 276.794919
372.673680 276.794919
374.683044 276.794919
376.692407 276.794919
377.697089 276.794919
380.711134 276.794919
386.739224 276.794919
389.753269 276.794919
392.767314 276.794919
395.781359 276.794919
398.795405 276.794919
401.809450 276.794919
402.814131 276.794919
403.818813 276.794919
407.837540 276.794919
410.851585 276.794919
411.856267 276.794919
412.860948 276.794919
413.865630 276.794919
414.870312 276.794919
415.874993 276.794919
416.879675 276.794919
418.889039 276.794919
419.893720 276.794919
420.898402 276.794919
423.912447 276.794919
425.921810 276.794919
426.926492 276.794919
429.940537 276.794919
432.954582 276.794919
433.959264 276.794919
434.963946 276.794919
441.996718 276.794919
454.052898 276.794919
457.066943 276.794919
458.071625 276.794919
459.076307 276.794919
460.080988 276.794919
461.085670 276.794919
465.104397 276.794919
468.118442 276.794919
470.127805 276.794919
471.132487 276.794919
471.634828 275.924839
472.137169 275.054759
474.648873 270.704360
475.151214 269.834280
476.155895 268.094120
477.662918 265.483881
480.676963 260.263401
481.681645 258.523242
482.183986 257.653162
482.686326 256.783082
483.691008 255.042922
484.193349 254.172842
484.695690 253.302762
485.700372 251.562603
486.202712 250.692523
486.705053 249.822443
487.709735 248.082283
488.212076 247.212203
488.714417 246.342123
489.719098 244.601964
490.723780 242.861804
491.728462 241.121644
492.230803 240.251564
492.733143 239.381484
494.240166 236.771245
495.747189 234.161005
497.254211 231.550766
497.756552 230.680686
498.761234 228.940526
500.268256 226.330286
500.770597 225.460207
501.775279 223.720047
503.282301 221.109807
505.291665 217.629488
506.798687 215.019248
507.803369 213.279088
508.305710 212.409008
510.817414 208.058609
511.822096 206.318449
512.324436 205.448369
513.329118 203.708210
517.850186 195.877491
518.352527 195.007411
519.357208 193.267251
524.380617 184.566453
525.385298 182.826293
527.394662 179.345973
528.901684 176.735734
532.418070 170.645175
532.920411 169.775095
533.925093 168.034935
534.929775 166.294775
535.432115 165.424695
535.934456 164.554615
536.436797 163.684536
537.441479 161.944376
540.455524 156.723897
541.962546 154.113657
542.464887 153.243577
543.971910 150.633337
544.474251 149.763258
544.976592 148.893178
546.483614 146.282938
548.995318 141.932539
551.004682 141.932539
552.009363 143.672698
553.014045 145.412858
553.516386 146.282938
554.018727 147.153018
554.521068 148.023098
557.535113 153.243577
558.539794 154.983737
561.051499 159.334136
561.553839 160.204216
562.056180 161.074296
562.558521 161.944376
564.567885 165.424695
565.070225 166.294775
565.572566 167.164855
566.074907 168.034935
566.577248 168.905015
567.079589 169.775095
568.084270 171.515254
571.098316 176.735734
572.605338 179.345973
576.121724 185.436532
577.126406 187.176692
577.628747 188.046772
578.633428 189.786932
579.135769 190.657012
580.140451 192.397171
581.145133 194.137331
583.154496 197.617651
583.656837 198.487730
584.159178 199.357810
586.168541 202.838130
586.670882 203.708210
587.675564 205.448369
588.680245 207.188529
590.187268 209.798769
590.689609 210.668849
591.191949 211.538929
591.694290 212.409008
592.698972 214.149168
593.703654 215.889328
596.215358 220.239727
599.229403 225.460207
600.234085 227.200366
602.243448 230.680686
602.745789 231.550766
603.750471 233.290925
605.257493 235.901165
605.759834 236.771245
606.262175 237.641325
607.769197 240.251564
608.271538 241.121644
610.280902 244.601964
611.285583 246.342123
612.792606 248.952363
613.294947 249.822443
613.797288 250.692523
614.801969 252.432683
615.304310 253.302762
616.811333 255.913002
617.816014 257.653162
618.820696 259.393322
620.327719 262.003561
620.830059 262.873641
621.834741 264.613801
622.337082 265.483881
623.341764 267.224040
625.351127 270.704360
628.365172 275.924839
630.876876 276.794919
631.881558 276.794919
633.890922 276.794919
635.900285 276.794919
636.904967 276.794919
637.909648 276.794919
639.919012 276.794919
640.923693 276.794919
647.956465 276.794919
649.965829 276.794919
654.989237 276.794919
656.998601 276.794919
660.012646 276.794919
664.031373 276.794919
665.036054 276.794919
667.045418 276.794919
671.064144 276.794919
673.073508 276.794919
677.092235 276.794919
678.096916 276.794919
679.101598 276.794919
680.106280 276.794919
683.120325 276.794919
684.125007 276.794919
685.129688 276.794919
686.134370 276.794919
688.143733 276.794919
692.162460 276.794919
696.181187 276.794919
699.195232 276.794919
700.199914 276.794919
705.223322 276.794919
706.228004 276.794919
709.242049 276.794919
719.288866 276.794919
721.298229 276.794919
722.302911 276.794919
729.335683 276.794919
730.340365 276.794919
732.349728 276.794919
733.354410 276.794919
736.368455 276.794919
738.377818 276.794919
739.382500 276.794919
742.396545 276.794919
743.401227 276.794919
748.424635 276.794919
753.448044 276.794919
758.471452 276.794919
761.485497 276.794919
765.504224 276.794919
769.522951 276.794919
770.527633 276.794919
771.532314 276.794919
778.565086 276.794919
785.597858 278.535079
785.095517 279.405159
783.588495 282.015398
781.579132 285.495718
780.072109 288.105957
777.560405 292.456357
773.541678 299.416996
772.536996 301.157156
772.034655 302.027235
771.532315 302.897315
769.020610 307.247715
768.518270 308.117795
765.001884 314.208354
764.499543 315.078434
763.997202 315.948514
762.490179 318.558753
761.987838 319.428833
761.485498 320.298913
759.476134 323.779232
756.964430 328.129632
747.922295 343.791070
747.419954 344.661150
745.410591 348.141469
743.903568 350.751709
743.401227 351.621789
742.898886 352.491868
742.396545 353.361948
739.884841 357.712348
739.382500 358.582428
738.880160 359.452508
738.377819 360.322587
737.373137 362.062747
736.870796 362.932827
736.368455 363.802907
733.354410 369.023386
730.842706 373.373786
729.838024 375.113945
726.321638 381.204504
725.819297 382.074584
725.316957 382.944664
723.809934 385.554904
721.800571 389.035223
721.298230 389.905303
720.795889 390.775383
720.293548 391.645463
717.781844 395.995862
717.279503 396.865942
716.777162 397.736022
714.767799 401.216342
713.260776 403.826581
712.758435 404.696661
712.256095 405.566741
711.753754 406.436821
710.246731 409.047061
708.238181 414.268949
708.741336 415.140438
709.244490 416.011927
709.747645 416.883416
710.250799 417.754905
711.257108 419.497883
711.760262 420.369372
712.263417 421.240861
712.766571 422.112350
714.779189 425.598307
715.785498 427.341285
716.288652 428.212774
716.791807 429.084263
717.294961 429.955752
717.798116 430.827241
718.301270 431.698730
718.804424 432.570219
719.307579 433.441708
719.810733 434.313197
720.313888 435.184686
721.320197 436.927664
722.326505 438.670642
722.829660 439.542131
723.332814 440.413620
723.835969 441.285110
724.339123 442.156599
724.842278 443.028088
725.345432 443.899577
725.848586 444.771066
726.351741 445.642555
726.854895 446.514044
727.358050 447.385533
727.861204 448.257022
728.867513 450.000000
731.886440 450.000000
733.899058 450.000000
735.911675 450.000000
736.917984 450.000000
737.924293 450.000000
738.930602 450.000000
740.943220 450.000000
741.949529 450.000000
742.955838 450.000000
743.962147 450.000000
744.968455 450.000000
745.974764 450.000000
746.981073 450.000000
747.987382 450.000000
748.993691 450.000000
750.000000 450.000000
751.006309 450.000000
753.018927 450.000000
754.025236 450.000000
755.031545 450.000000
756.037853 450.000000
757.044162 450.000000
758.050471 450.000000
759.056780 450.000000
761.069398 450.000000
762.075707 450.000000
763.082016 450.000000
764.088325 450.000000
765.094634 450.000000
766.100942 450.000000
767.107251 450.000000
768.113560 450.000000
769.119869 450.000000
771.132487 450.000000
771.634828 449.129920
772.137169 448.259840
772.639510 447.389760
774.146532 444.779521
774.648873 443.909441
775.653555 442.169281
777.662918 438.688962
778.667600 436.948802
779.672281 435.208642
783.188667 429.118083
785.198031 425.637764
787.207394 422.157444
787.709735 421.287364
788.212076 420.417284
788.714417 419.547204
790.221439 416.936965
791.226121 415.196805
792.230803 413.456645
792.733143 412.586565
795.747189 407.366086
796.751870 405.625926
797.254211 404.755847
798.258893 403.015687
799.263574 401.275527
800.770597 398.665288
802.277620 396.055048
805.291665 390.834569
806.798687 388.224329
810.817414 381.263690
811.822096 379.523530
812.324436 378.653450
814.333800 375.173131
814.836141 374.303051
816.343163 371.692811
816.845504 370.822732
817.347845 369.952652
818.854867 367.342412
819.357208 366.472332
819.859549 365.602252
820.361890 364.732172
820.864231 363.862093
821.366572 362.992013
821.868913 362.121933
823.878276 358.641613
824.380617 357.771534
824.882958 356.901454
825.385298 356.031374
825.887639 355.161294
826.389980 354.291214
829.404025 349.070735
829.906366 348.200655
832.920411 342.980176
834.427434 340.369936
836.436797 336.889617
839.450842 331.669137
841.460206 328.188818
842.967228 325.578578
843.469569 324.708498
843.971910 323.838418
844.474251 322.968339
844.976592 322.098259
845.478932 321.228179
845.981273 320.358099
848.492977 316.007700
848.995318 315.137620
850.000000 313.397460
850.502341 314.267540
851.507023 316.007700
853.516386 319.488019
855.023408 322.098259
855.525749 322.968339
856.028090 323.838418
856.530431 324.708498
861.553839 333.409297
862.056180 334.279377
863.060862 336.019537
863.563203 336.889617
865.070225 339.499856
867.581930 343.850256
869.591293 347.330575
870.093634 348.200655
870.595975 349.070735
872.102997 351.680974
872.605338 352.551054
874.112361 355.161294
874.614702 356.031374
875.117042 356.901454
877.126406 360.381773
877.628747 361.251853
879.135769 363.862093
880.140451 365.602252
883.656837 371.692811
884.159178 372.562891
885.163859 374.303051
885.666200 375.173131
887.675564 378.653450
888.177904 379.523530
888.680245 380.393610
889.684927 382.133770
890.689609 383.873930
891.191949 384.744010
891.694290 385.614089
892.196631 386.484169
892.698972 387.354249
893.703654 389.094409
894.205995 389.964489
895.210676 391.704649
896.215358 393.444808
897.220040 395.184968
898.727062 397.795208
901.238766 402.145607
902.243448 403.885767
902.745789 404.755847
903.750471 406.496006
904.252811 407.366086
904.755152 408.236166
905.759834 409.976326
906.262175 410.846406
906.764516 411.716486
909.276220 416.066885
910.280902 417.807045
914.299628 424.767684
914.801969 425.637764
918.318355 431.728323
919.323037 433.468482
920.327719 435.208642
922.839423 439.559042
923.844105 441.299201
924.346445 442.169281
924.848786 443.039361
925.853468 444.779521
928.867513 450.000000
928.867513 450.000000
929.869379 450.000000
930.871245 450.000000
931.873111 450.000000
932.874977 450.000000
933.876843 450.000000
934.878709 450.000000
936.882441 450.000000
937.884307 450.000000
938.886173 450.000000
939.888039 450.000000
943.895503 450.000000
944.897369 450.000000
945.899235 450.000000
946.901101 450.000000
947.902967 450.000000
949.906699 450.000000
951.910431 450.000000
952.912297 450.000000
953.914163 450.000000
955.917895 450.000000
956.919761 450.000000
957.921627 450.000000
959.925359 450.000000
960.927225 450.000000
961.929091 450.000000
964.934690 450.000000
965.936556 450.000000
967.940288 450.000000
971.947752 450.000000
972.949618 450.000000
973.951484 450.000000
974.953350 450.000000
976.957082 450.000000
977.958948 450.000000
978.960814 450.000000
979.962680 450.000000
980.964546 450.000000
982.968278 450.000000
984.972010 450.000000
985.973876 450.000000
986.975742 450.000000
987.977608 450.000000
988.979474 450.000000
989.981340 450.000000
990.983206 450.000000
991.985072 450.000000
992.986938 450.000000
993.988804 450.000000
994.990670 450.000000
996.994402 450.000000
997.996268 450.000000
1000.000000 450.000000
1000.000000 451.000000
1000.000000 453.000000
1000.000000 455.000000
1000.000000 460.000000
1000.000000 461.000000
1000.000000 463.000000
1000.000000 464.000000
1000.000000 465.000000
1000.000000 466.000000
1000.000000 467.000000
1000.000000 468.000000
1000.000000 474.000000
1000.000000 475.000000
1000.000000 476.000000
1000.000000 477.000000
1000.000000 478.000000
1000.000000 479.000000
1000.000000 482.000000
1000.000000 485.000000
1000.000000 487.000000
1000.000000 488.000000
1000.000000 489.000000
1000.000000 490.000000
1000.000000 491.000000
1000.000000 492.000000
1000.000000 494.000000
1000.000000 495.000000
1000.000000 496.000000
1000.000000 497.000000
1000.000000 498.000000
1000.000000 505.000000
1000.000000 507.000000
1000.000000 508.000000
1000.000000 509.000000
1000.000000 510.000000
1000.000000 511.000000
1000.000000 512.000000
1000.000000 520.000000
1000.000000 521.000000
1000.000000 523.000000
1000.000000 524.000000
1000.000000 525.000000
1000.000000 526.000000
1000.000000 527.000000
1000.000000 528.000000
1000.000000 529.000000
1000.000000 530.000000
1000.000000 531.000000
1000.000000 532.000000
1000.000000 534.000000
1000.000000 536.000000
1000.000000 538.000000
1000.000000 539.000000
1000.000000 540.000000
1000.000000 541.000000
1000.000000 542.000000
1000.000000 543.000000
1000.000000 544.000000
1000.000000 547.000000
1000.000000 548.000000
1000.000000 549.000000
1000.000000 550.000000
996.979668 550.000000
994.966113 550.000000
993.959335 550.000000
992.952558 550.000000
991.945780 550.000000
990.939003 550.000000
987.918671 550.000000
978.857674 550.000000
972.817009 550.000000
968.789899 550.000000
965.769567 550.000000
963.756012 550.000000
962.749235 550.000000
961.742457 550.000000
959.728902 550.000000
958.722125 550.000000
957.715347 550.000000
955.701792 550.000000
954.695015 550.000000
953.688238 550.000000
951.674683 550.000000
950.667905 550.000000
949.661128 550.000000
948.654350 550.000000
946.640795 550.000000
945.634018 550.000000
938.586576 550.000000
936.573021 550.000000
935.566243 550.000000
934.559466 550.000000
932.545911 550.000000
930.532356 550.000000
929.525579 550.000000
925.498469 550.000000
924.491692 550.000000
923.484914 550.000000
919.457804 550.000000
917.444249 550.000000
915.430695 550.000000
914.423917 550.000000
913.417140 550.000000
912.410362 550.000000
911.403585 550.000000
910.396807 550.000000
903.349365 550.000000
902.342588 550.000000
901.335810 550.000000
899.322255 550.000000
898.315478 550.000000
897.308701 550.000000
896.301923 550.000000
895.295146 550.000000
893.281591 550.000000
891.268036 550.000000
881.200261 550.000000
879.186707 550.000000
878.179929 550.000000
875.159597 550.000000
874.152819 550.000000
872.139264 550.000000
871.132487 550.000000
870.629333 549.128511
870.126178 548.257022
869.623024 547.385533
868.113560 544.771066
867.610406 543.899577
867.107251 543.028088
866.604097 542.156599
866.100942 541.285110
865.094634 539.542131
864.591479 538.670642
864.088325 537.799153
863.585170 536.927664
862.578861 535.184686
862.075707 534.313197
861.572552 533.441708
861.069398 532.570219
860.566243 531.698730
859.559935 529.955752
859.056780 529.084263
857.547317 526.469796
857.044162 525.598307
856.541008 524.726818
856.037853 523.855329
855.534699 522.983840
854.528390 521.240861
854.025236 520.369372
853.522081 519.497883
853.018927 518.626394
852.515772 517.754905
852.012618 516.883416
851.509463 516.011927
851.006309 515.140438
850.503154 514.268949
850.000000 513.397460
850.000000 513.397460
849.496846 514.268949
848.993691 515.140438
848.490537 516.011927
847.987382 516.883416
846.981073 518.626394
846.477919 519.497883
845.974764 520.369372
845.471610 521.240861
844.968455 522.112350
844.465301 522.983840
843.962147 523.855329
842.955838 525.598307
842.452683 526.469796
841.949529 527.341285
841.446374 528.212774
840.943220 529.084263
840.440065 529.955752
839.936911 530.827241
839.433757 531.698730
838.930602 532.570219
837.924293 534.313197
837.421139 535.184686
836.414830 536.927664
835.911675 537.799153
834.905366 539.542131
833.899058 541.285110
833.395903 542.156599
832.892749 543.028088
832.389594 543.899577
831.886440 544.771066
831.383285 545.642555
830.880131 546.514044
830.376976 547.385533
829.873822 548.257022
828.867513 550.000000
822.839423 550.000000
821.834741 550.000000
820.830059 550.000000
819.825378 550.000000
818.820696 550.000000
817.816014 550.000000
814.801969 550.000000
812.792606 550.000000
810.783243 550.000000
808.773879 550.000000
807.769197 550.000000
804.755152 550.000000
802.745789 550.000000
801.741107 550.000000
800.736426 550.000000
798.727062 550.000000
796.717699 550.000000
789.684927 550.000000
785.666200 550.000000
783.656837 550.000000
782.652155 550.000000
781.647473 550.000000
776.624065 550.000000
775.619383 550.000000
773.610020 550.000000
771.600656 550.000000
765.572566 550.000000
759.544476 550.000000
757.535113 550.000000
756.530431 550.000000
754.521068 550.000000
753.516386 550.000000
748.492977 550.000000
743.469569 550.000000
741.460206 550.000000
737.441479 550.000000
735.432115 550.000000
734.427434 550.000000
726.389980 550.000000
723.375935 550.000000
721.366572 550.000000
719.357208 550.000000
718.352527 550.000000
716.343163 550.000000
715.338482 550.000000
714.333800 550.000000
708.305710 550.000000
706.296346 550.000000
705.291665 550.000000
703.282301 550.000000
701.272938 550.000000
700.268256 550.000000
699.263574 550.000000
698.258893 550.000000
695.244848 550.000000
692.230803 550.000000
690.221439 550.000000
689.216757 550.000000
687.207394 550.000000
685.198031 550.000000
683.188667 550.000000
682.183986 550.000000
681.179304 550.000000
680.174622 550.000000
675.151214 550.000000
674.146532 550.000000
672.137169 550.000000
671.132487 550.000000
670.127805 548.259840
669.123124 546.519681
668.620783 545.649601
668.118442 544.779521
667.616101 543.909441
667.113760 543.039361
665.606738 540.429121
665.104397 539.559042
661.085670 532.598403
660.583329 531.728323
659.578647 529.988163
658.573966 528.248003
651.038853 515.196805
650.536512 514.326725
648.024808 509.976326
646.517785 507.366086
645.010763 504.755847
644.508422 503.885767
642.499058 500.405447
641.996717 499.535367
641.494377 498.665288
640.992036 497.795208
637.977991 492.574728
636.973309 490.834569
634.963946 487.354249
634.461605 486.484169
632.954582 483.873930
631.949900 482.133770
630.945219 480.393610
630.442878 479.523530
628.433514 476.043211
627.931174 475.173131
627.428833 474.303051
626.424151 472.562891
625.921810 471.692811
623.912447 468.212492
623.410106 467.342412
622.907765 466.472332
622.405424 465.602252
621.903083 464.732172
619.893720 461.251853
616.879675 456.031374
615.874993 454.291214
613.865630 450.810895
612.860948 449.070735
610.851585 445.590415
610.349244 444.720335
609.846903 443.850256
609.344562 442.980176
608.842221 442.110096
607.335199 439.499856
606.832858 438.629776
606.330517 437.759696
605.828176 436.889617
605.325835 436.019537
604.321153 434.279377
603.316472 432.539217
602.814131 431.669137
602.311790 430.799057
601.809449 429.928978
601.307108 429.058898
600.804768 428.188818
598.795404 424.708498
598.293063 423.838418
597.288382 422.098259
596.283700 420.358099
595.781359 419.488019
595.279018 418.617939
593.771996 416.007700
592.264973 413.397460
592.768127 412.525971
593.271282 411.654482
593.774436 410.782993
594.277591 409.911504
594.780745 409.040015
595.283900 408.168526
595.787054 407.297036
596.290209 406.425547
596.793363 405.554058
597.296518 404.682569
599.309135 401.196613
600.315444 399.453635
602.328062 395.967679
602.831216 395.096190
603.334371 394.224700
603.837525 393.353211
604.340680 392.481722
604.843834 391.610233
605.346989 390.738744
605.850143 389.867255
606.353298 388.995766
606.856452 388.124277
607.359607 387.252788
607.862761 386.381299
609.372224 383.766832
609.875379 382.895342
610.378533 382.023853
610.881688 381.152364
611.384842 380.280875
612.391151 378.537897
612.894306 377.666408
613.397460 376.794919
613.397460 376.794919
612.391151 376.794919
610.378533 376.794919
609.372224 376.794919
608.365916 376.794919
607.359607 376.794919
606.353298 376.794919
604.340680 376.794919
603.334371 376.794919
602.328062 376.794919
601.321753 376.794919
600.315445 376.794919
599.309136 376.794919
598.302827 376.794919
597.296518 376.794919
595.283900 376.794919
594.277591 376.794919
592.264973 376.794919
591.258665 376.794919
589.246047 376.794919
588.239738 376.794919
587.233429 376.794919
586.227120 376.794919
585.220811 376.794919
584.214502 376.794919
583.208194 376.794919
582.201885 376.794919
581.195576 376.794919
579.182958 376.794919
578.176649 376.794919
576.164031 376.794919
575.157723 376.794919
574.151414 376.794919
573.145105 376.794919
572.138796 376.794919
571.132487 376.794919
571.132487 376.794919
570.126178 375.051941
569.623024 374.180452
568.616715 372.437474
568.113560 371.565985
567.610406 370.694496
567.107251 369.823007
566.604097 368.951518
566.100942 368.080029
565.597788 367.208539
565.094634 366.337050
564.591479 365.465561
564.088325 364.594072
563.585170 363.722583
563.082016 362.851094
562.578861 361.979605
562.075707 361.108116
561.572552 360.236627
561.069398 359.365138
560.566243 358.493649
559.559935 356.750671
559.056780 355.879182
558.553626 355.007693
558.050471 354.136204
557.044162 352.393226
556.541008 351.521737
556.037853 350.650248
555.534699 349.778759
554.528390 348.035780
553.522081 346.292802
553.018927 345.421313
552.515772 344.549824
552.012618 343.678335
551.509463 342.806846
551.006309 341.935357
550.503154 341.063868
550.000000 340.192379
549.496846 341.063868
548.993691 341.935357
548.490537 342.806846
547.987382 343.678335
547.484228 344.549824
545.974764 347.164291
545.471610 348.035780
544.968455 348.907269
544.465301 349.778759
543.962147 350.650248
543.458992 351.521737
542.955838 352.393226
542.452683 353.264715
541.949529 354.136204
541.446374 355.007693
540.943220 355.879182
540.440065 356.750671
539.936911 357.622160
539.433757 358.493649
538.930602 359.365138
538.427448 360.236627
537.924293 361.108116
537.421139 361.979605
536.917984 362.851094
536.414830 363.722583
535.911675 364.594072
535.408521 365.465561
534.905366 366.337050
534.402212 367.208539
533.899058 368.080029
533.395903 368.951518
532.892749 369.823007
532.389594 370.694496
531.886440 371.565985
531.383285 372.437474
530.880131 373.308963
530.376976 374.180452
529.873822 375.051941
528.867513 376.794919
528.867513 376.794919
525.848586 376.794919
523.835969 376.794919
522.829660 376.794919
521.823351 376.794919
520.817042 376.794919
519.810733 376.794919
518.804424 376.794919
516.791806 376.794919
514.779189 376.794919
513.772880 376.794919
512.766571 376.794919
510.753953 376.794919
509.747644 376.794919
508.741335 376.794919
507.735027 376.794919
506.728718 376.794919
505.722409 376.794919
504.716100 376.794919
503.709791 376.794919
502.703482 376.794919
501.697173 376.794919
500.690864 376.794919
499.684555 376.794919
498.678247 376.794919
497.671938 376.794919
496.665629 376.794919
495.659320 376.794919
494.653011 376.794919
493.646702 376.794919
492.640393 376.794919
491.634084 376.794919
490.627776 376.794919
489.621467 376.794919
488.615158 376.794919
487.608849 376.794919
486.602540 376.794919
486.602540 376.794919
487.105694 377.666408
488.112003 379.409386
488.615158 380.280875
489.118312 381.152364
489.621467 382.023853
490.124621 382.895342
490.627776 383.766832
491.130930 384.638321
491.634085 385.509810
492.137239 386.381299
492.640393 387.252788
493.143548 388.124277
493.646702 388.995766
494.149857 389.867255
494.653011 390.738744
495.156166 391.610233
495.659320 392.481722
496.162475 393.353211
497.168784 395.096190
497.671938 395.967679
498.175092 396.839168
498.678247 397.710657
499.181401 398.582146
499.684556 399.453635
500.187710 400.325124
500.690865 401.196613
501.194019 402.068102
502.200328 403.811080
502.703482 404.682569
503.206637 405.554058
503.709791 406.425547
504.212946 407.297036
504.716100 408.168526
505.219255 409.040015
505.722409 409.911504
506.728718 411.654482
507.231873 412.525971
506.228004 416.007700
500.702255 425.578578
500.199914 426.448658
499.195232 428.188818
498.190551 429.928978
497.688210 430.799057
497.185869 431.669137
495.678847 434.279377
494.674165 436.019537
492.162461 440.369936
490.655438 442.980176
489.650756 444.720335
489.148415 445.590415
488.646075 446.460495
486.134370 450.810895
485.129689 452.551054
484.627348 453.421134
484.125007 454.291214
482.115643 457.771534
481.613303 458.641613
480.106280 461.251853
479.603939 462.121933
477.594576 465.602252
477.092235 466.472332
476.087553 468.212492
475.585212 469.082572
474.580531 470.822732
473.073508 473.432971
471.566486 476.043211
471.064145 476.913291
470.561804 477.783371
468.552440 481.263690
467.045418 483.873930
465.538395 486.484169
465.036054 487.354249
464.533714 488.224329
464.031373 489.094409
463.529032 489.964489
463.026691 490.834569
462.022009 492.574728
461.017328 494.314888
460.012646 496.055048
459.510305 496.925128
459.007964 497.795208
458.505623 498.665288
458.003283 499.535367
457.500942 500.405447
456.998601 501.275527
455.993919 503.015687
454.486897 505.625926
452.979874 508.236166
452.477533 509.106246
451.975192 509.976326
450.468170 512.586565
449.463488 514.326725
447.956465 516.936965
447.454125 517.807045
444.440079 523.027524
443.937739 523.897604
442.430716 526.507843
441.928375 527.377923
440.421353 529.988163
439.919012 530.858243
439.416671 531.728323
436.904967 536.078722
433.388581 542.169281
432.383899 543.909441
431.881558 544.779521
430.876876 546.519681
429.872195 548.259840
429.369854 549.129920
428.867513 550.000000
426.858150 550.000000
424.848786 550.000000
422.839423 550.000000
421.834741 550.000000
418.820696 550.000000
415.806651 550.000000
414.801969 550.000000
411.787924 550.000000
404.755152 550.000000
402.745789 550.000000
399.731744 550.000000
398.727062 550.000000
394.708335 550.000000
390.689609 550.000000
389.684927 550.000000
387.675564 550.000000
385.666200 550.000000
367.581930 550.000000
365.572566 550.000000
364.567885 550.000000
361.553839 550.000000
359.544476 550.000000
358.539794 550.000000
354.521068 550.000000
353.516386 550.000000
351.507023 550.000000
350.502341 550.000000
349.497659 550.000000
348.492977 550.000000
341.460206 550.000000
340.455524 550.000000
335.432115 550.000000
333.422752 550.000000
330.408707 550.000000
329.404025 550.000000
328.399344 550.000000
326.389980 550.000000
324.380617 550.000000
322.371253 550.000000
321.366572 550.000000
320.361890 550.000000
319.357208 550.000000
316.343163 550.000000
315.338482 550.000000
312.324436 550.000000
311.319755 550.000000
310.315073 550.000000
308.305710 550.000000
307.301028 550.000000
306.296346 550.000000
303.282301 550.000000
301.272938 550.000000
299.263574 550.000000
293.235484 550.000000
287.207394 550.000000
284.193349 550.000000
283.188667 550.000000
280.174622 550.000000
278.165259 550.000000
277.160577 550.000000
272.137169 550.000000
271.132487 550.000000
271.132487 550.000000
270.629333 549.128511
270.126178 548.257022
269.623024 547.385533
269.119869 546.514044
267.610406 543.899577
266.100942 541.285110
265.597788 540.413620
265.094634 539.542131
264.591479 538.670642
264.088325 537.799153
263.585170 536.927664
263.082016 536.056175
262.578861 535.184686
262.075707 534.313197
261.572552 533.441708
260.566244 531.698730
260.063089 530.827241
259.056780 529.084263
257.547317 526.469796
257.044162 525.598307
256.541008 524.726818
256.037853 523.855329
255.534699 522.983840
255.031545 522.112350
254.528390 521.240861
254.025236 520.369372
253.522081 519.497883
253.018927 518.626394
252.515772 517.754905
252.012618 516.883416
251.006309 515.140438
250.503154 514.268949
250.000000 513.397460
250.000000 513.397460
249.496846 514.268949
248.993691 515.140438
248.490537 516.011927
247.987382 516.883416
247.484228 517.754905
246.981073 518.626394
246.477919 519.497883
245.974764 520.369372
245.471610 521.240861
244.968455 522.112350
244.465301 522.983840
243.962147 523.855329
243.458992 524.726818
242.955838 525.598307
242.452683 526.469796
241.949529 527.341285
241.446374 528.212774
240.943220 529.084263
240.440065 529.955752
239.936911 530.827241
239.433757 531.698730
238.427448 533.441708
237.924293 534.313197
236.917984 536.056175
236.414830 536.927664
235.911675 537.799153
235.408521 538.670642
234.905366 539.542131
234.402212 540.413620
233.899058 541.285110
233.395903 542.156599
232.892749 543.028088
231.886440 544.771066
231.383285 545.642555
230.376976 547.385533
229.873822 548.257022
229.370667 549.128511
228.867513 550.000000
227.860736 550.000000
226.853958 550.000000
225.847181 550.000000
223.833626 550.000000
220.813293 550.000000
219.806516 550.000000
217.792961 550.000000
214.772629 550.000000
213.765851 550.000000
212.759074 550.000000
210.745519 550.000000
209.738742 550.000000
208.731964 550.000000
207.725187 550.000000
206.718409 550.000000
200.677745 550.000000
197.657412 550.000000
196.650635 550.000000
195.643857 550.000000
194.637080 550.000000
193.630302 550.000000
188.596415 550.000000
186.582860 550.000000
185.576083 550.000000
183.562528 550.000000
179.535418 550.000000
178.528641 550.000000
175.508308 550.000000
170.474421 550.000000
166.447311 550.000000
162.420202 550.000000
157.386314 550.000000
156.379537 550.000000
153.359205 550.000000
152.352427 550.000000
151.345650 550.000000
148.325317 550.000000
147.318540 550.000000
140.271098 550.000000
139.264320 550.000000
136.243988 550.000000
130.203323 550.000000
128.189768 550.000000
126.176214 550.000000
124.162659 550.000000
123.155881 550.000000
121.142326 550.000000
118.121994 550.000000
115.101662 550.000000
112.081329 550.000000
111.074552 550.000000
109.060997 550.000000
108.054220 550.000000
107.047442 550.000000
105.033887 550.000000
104.027110 550.000000
100.000000 550.000000
