1720
100.000000 450.000000
101.000489 450.000000
102.000978 450.000000
103.001467 450.000000
104.001956 450.000000
105.002444 450.000000
106.002933 450.000000
108.003911 450.000000
109.004400 450.000000
110.004889 450.000000
111.005378 450.000000
112.005867 450.000000
114.006844 450.000000
116.007822 450.000000
117.008311 450.000000
119.009289 450.000000
121.010266 450.000000
122.010755 450.000000
123.011244 450.000000
126.012711 450.000000
127.013200 450.000000
129.014178 450.000000
130.014666 450.000000
131.015155 450.000000
133.016133 450.000000
134.016622 450.000000
135.017111 450.000000
136.017600 450.000000
137.018089 450.000000
139.019066 450.000000
140.019555 450.000000
141.020044 450.000000
142.020533 450.000000
143.021022 450.000000
144.021511 450.000000
145.022000 450.000000
146.022488 450.000000
147.022977 450.000000
148.023466 450.000000
149.023955 450.000000
150.024444 450.000000
151.024933 450.000000
152.025422 450.000000
155.026888 450.000000
157.027866 450.000000
158.028355 450.000000
160.029333 450.000000
161.029822 450.000000
162.030311 450.000000
164.031288 450.000000
165.031777 450.000000
166.032266 450.000000
167.032755 450.000000
168.033244 450.000000
169.033733 450.000000
170.034222 450.000000
171.034710 450.000000
172.035199 450.000000
173.035688 450.000000
174.036177 450.000000
175.036666 450.000000
176.037155 450.000000
178.038133 450.000000
179.038622 450.000000
180.039110 450.000000
181.039599 450.000000
182.040088 450.000000
183.040577 450.000000
184.041066 450.000000
186.042044 450.000000
187.042533 450.000000
188.043021 450.000000
190.043999 450.000000
191.044488 450.000000
193.045466 450.000000
194.045955 450.000000
196.046933 450.000000
197.047421 450.000000
200.048888 450.000000
201.049377 450.000000
202.049866 450.000000
204.050844 450.000000
205.051332 450.000000
208.052799 450.000000
209.053288 450.000000
210.053777 450.000000
211.054266 450.000000
212.054755 450.000000
213.055243 450.000000
214.055732 450.000000
215.056221 450.000000
216.056710 450.000000
217.057199 450.000000
218.057688 450.000000
219.058177 450.000000
220.058666 450.000000
221.059155 450.000000
226.061599 450.000000
228.062577 450.000000
229.063066 450.000000
230.063554 450.000000
231.064043 450.000000
232.064532 450.000000
234.065510 450.000000
236.066488 450.000000
237.066977 450.000000
238.067465 450.000000
239.067954 450.000000
244.070399 450.000000
245.070888 450.000000
246.071377 450.000000
247.071865 450.000000
248.072354 450.000000
250.073332 450.000000
251.073821 450.000000
252.074310 450.000000
253.074799 450.000000
254.075288 450.000000
256.076265 450.000000
257.076754 450.000000
258.077243 450.000000
260.078221 450.000000
261.078710 450.000000
263.079687 450.000000
264.080176 450.000000
265.080665 450.000000
266.081154 450.000000
268.082132 450.000000
270.083110 450.000000
271.083599 450.000000
272.084087 450.000000
274.085065 450.000000
276.086043 450.000000
277.086532 450.000000
279.087510 450.000000
281.088487 450.000000
283.089465 450.000000
284.089954 450.000000
286.090932 450.000000
287.091421 450.000000
291.093376 450.000000
293.094354 450.000000
294.094843 450.000000
295.095332 450.000000
296.095821 450.000000
298.096798 450.000000
300.097776 450.000000
301.098265 450.000000
302.098754 450.000000
303.099243 450.000000
304.099732 450.000000
305.100220 450.000000
307.101198 450.000000
308.101687 450.000000
309.102176 450.000000
311.103154 450.000000
313.104131 450.000000
314.104620 450.000000
315.105109 450.000000
316.105598 450.000000
317.106087 450.000000
318.106576 450.000000
319.107065 450.000000
320.107554 450.000000
322.108531 450.000000
324.109509 450.000000
325.109998 450.000000
327.110976 450.000000
328.111465 450.000000
330.112442 450.000000
331.112931 450.000000
332.113420 450.000000
334.114398 450.000000
335.114887 450.000000
337.115865 450.000000
338.116353 450.000000
339.116842 450.000000
342.118309 450.000000
343.118798 450.000000
344.119287 450.000000
347.120753 450.000000
348.121242 450.000000
349.121731 450.000000
350.122220 450.000000
351.122709 450.000000
353.123687 450.000000
355.124664 450.000000
356.125153 450.000000
361.127598 450.000000
362.128087 450.000000
363.128575 450.000000
364.129064 450.000000
365.129553 450.000000
367.130531 450.000000
368.131020 450.000000
369.131509 450.000000
370.131998 450.000000
371.132487 450.000000
371.132487 450.000000
371.633516 449.132192
372.134545 448.264383
373.637634 445.660958
374.138663 444.793149
374.639693 443.925341
375.140722 443.057532
375.641752 442.189724
376.643810 440.454107
377.645869 438.718490
378.146899 437.850682
378.647928 436.982873
379.148958 436.115065
379.649987 435.247256
380.652046 433.511639
381.153076 432.643831
381.654105 431.776022
383.658223 428.304788
384.660282 426.569172
386.664399 423.097938
387.165429 422.230129
388.668517 419.626704
389.169547 418.758895
390.171606 417.023278
390.672635 416.155470
392.175723 413.552045
392.676753 412.684236
393.177782 411.816428
393.678812 410.948619
394.680871 409.213002
395.181900 408.345194
395.682930 407.477385
396.183959 406.609577
396.684988 405.741768
397.186018 404.873960
397.687047 404.006151
399.190136 401.402726
400.693224 398.799301
401.194254 397.931492
401.695283 397.063684
402.697342 395.328067
403.198371 394.460258
403.699401 393.592450
404.200430 392.724641
404.701460 391.856833
405.202489 390.989025
405.703519 390.121216
406.204548 389.253408
407.707636 386.649982
408.709695 384.914365
409.711754 383.178748
410.713813 381.443131
412.216901 378.839706
412.717931 377.971898
413.719990 376.236281
415.223078 373.632855
415.724108 372.765047
416.726166 371.029430
417.227196 370.161621
417.728225 369.293813
418.229255 368.426005
418.730284 367.558196
419.231314 366.690388
420.233373 364.954771
421.235431 363.219154
421.736461 362.351345
423.740579 358.880111
424.241608 358.012303
425.243667 356.276686
425.744697 355.408878
426.746755 353.673261
427.748814 351.937644
428.249844 351.069835
429.251903 349.334218
430.253962 347.598601
431.757050 344.995176
432.759109 343.259559
433.761168 341.523942
434.262197 340.656134
435.264256 338.920517
437.268374 335.449283
437.769403 334.581474
438.771462 332.845858
439.272492 331.978049
440.274551 330.242432
440.775580 329.374624
441.276609 328.506815
441.777639 327.639007
442.779698 325.903390
443.781757 324.167773
444.282786 323.299964
444.783816 322.432156
445.284845 321.564348
445.785875 320.696539
446.286904 319.828731
446.787933 318.960922
448.291022 316.357497
448.792051 315.489688
450.295140 312.886263
450.796169 312.018454
451.297198 311.150646
451.798228 310.282838
452.299257 309.415029
452.800287 308.547221
453.301316 307.679412
453.802346 306.811604
454.303375 305.943795
456.307493 302.472561
456.808522 301.604753
458.311611 299.001328
458.812640 298.133519
459.313670 297.265711
459.814699 296.397902
460.315729 295.530094
462.319846 292.058860
462.820876 291.191051
463.321905 290.323243
463.822935 289.455434
466.829111 284.248584
467.831170 282.512967
468.833229 280.777350
470.336318 278.173924
471.338376 276.438307
471.839406 275.570499
472.841465 273.834882
473.342494 272.967074
475.847641 268.628031
476.348671 267.760223
478.352789 264.288989
478.853818 263.421181
479.354848 262.553372
480.356907 260.817755
481.859995 258.214330
482.361024 257.346521
483.363083 255.610904
484.365142 253.875287
484.866172 253.007479
485.367201 252.139671
485.868230 251.271862
486.369260 250.404054
486.870289 249.536245
487.371319 248.668437
488.373378 246.932820
488.874407 246.065011
489.375437 245.197203
489.876466 244.329394
490.377496 243.461586
490.878525 242.593777
491.379554 241.725969
491.880584 240.858161
492.882643 239.122544
493.383672 238.254735
494.886761 235.651310
495.387790 234.783501
496.389849 233.047884
497.892937 230.444459
499.396026 227.841034
500.398085 226.105417
500.899114 225.237608
501.901173 223.501991
502.402202 222.634183
503.404261 220.898566
503.905291 220.030757
504.406320 219.162949
504.907350 218.295140
505.909408 216.559524
506.410438 215.691715
506.911467 214.823907
507.913526 213.088290
508.414556 212.220481
508.915585 211.352673
510.919703 207.881439
511.921762 206.145822
512.422791 205.278014
512.923821 204.410205
513.424850 203.542397
514.927939 200.938971
515.929997 199.203354
516.431027 198.335546
516.932056 197.467737
517.934115 195.732120
518.435145 194.864312
518.936174 193.996504
519.437204 193.128695
520.439262 191.393078
524.447498 184.450610
524.948528 183.582802
525.449557 182.714994
525.950586 181.847185
526.952645 180.111568
527.453675 179.243760
527.954704 178.375951
528.455734 177.508143
528.956763 176.640334
529.457793 175.772526
529.958822 174.904717
530.459851 174.036909
530.960881 173.169100
531.461910 172.301292
531.962940 171.433484
533.466028 168.830058
533.967058 167.962250
535.971175 164.491016
536.472205 163.623207
536.973234 162.755399
537.975293 161.019782
539.478382 158.416357
540.480440 156.680740
540.981470 155.812931
541.482499 154.945123
542.985588 152.341697
543.486617 151.473889
544.488676 149.738272
546.492794 146.267038
547.995882 143.663613
548.496912 142.795804
549.498971 141.060187
550.501029 141.060187
551.503088 142.795804
552.004118 143.663613
552.505147 144.531421
553.006177 145.399230
553.507206 146.267038
554.008236 147.134847
554.509265 148.002655
555.010294 148.870463
556.012353 150.606080
556.513383 151.473889
558.016471 154.077314
558.517501 154.945123
559.519560 156.680740
561.523677 160.151974
562.525736 161.887590
564.028825 164.491016
564.529854 165.358824
565.030883 166.226633
565.531913 167.094441
566.032942 167.962250
567.035001 169.697867
568.538090 172.301292
569.039119 173.169100
569.540149 174.036909
570.041178 174.904717
570.542207 175.772526
571.043237 176.640334
572.546325 179.243760
573.548384 180.979377
574.049414 181.847185
575.051472 183.582802
577.055590 187.054036
577.556620 187.921844
578.558679 189.657461
580.061767 192.260887
580.562796 193.128695
581.063826 193.996504
581.564855 194.864312
582.065885 195.732120
582.566914 196.599929
585.072061 200.938971
585.573091 201.806780
586.575150 203.542397
587.076179 204.410205
587.577209 205.278014
588.078238 206.145822
588.579268 207.013630
589.581327 208.749247
590.082356 209.617056
591.084415 211.352673
591.585444 212.220481
592.086474 213.088290
592.587503 213.956098
593.088533 214.823907
594.090592 216.559524
594.591621 217.427332
596.094709 220.030757
596.595739 220.898566
598.599857 224.369800
599.601915 226.105417
600.603974 227.841034
601.105004 228.708842
602.107063 230.444459
602.608092 231.312267
603.109122 232.180076
604.111181 233.915693
605.614269 236.519118
607.117357 239.122544
608.119416 240.858161
608.620446 241.725969
609.622504 243.461586
610.123534 244.329394
610.624563 245.197203
611.125593 246.065011
611.626622 246.932820
612.628681 248.668437
613.129711 249.536245
613.630740 250.404054
614.131770 251.271862
614.632799 252.139671
615.133828 253.007479
615.634858 253.875287
617.137946 256.478713
618.140005 258.214330
618.641035 259.082138
619.142064 259.949947
619.643093 260.817755
621.146182 263.421181
621.647211 264.288989
622.148241 265.156797
623.150300 266.892414
624.653388 269.495840
625.154417 270.363648
625.655447 271.231457
626.156476 272.099265
627.659565 274.702691
628.160594 275.570499
628.661624 276.438307
630.665741 279.909541
631.166771 280.777350
632.168830 282.512967
633.170889 284.248584
633.671918 285.116392
634.172948 285.984201
635.175006 287.719818
636.177065 289.455434
636.678095 290.323243
637.179124 291.191051
637.680154 292.058860
638.181183 292.926668
638.682213 293.794477
639.183242 294.662285
639.684271 295.530094
640.686330 297.265711
641.187360 298.133519
642.189419 299.869136
643.692507 302.472561
644.193536 303.340370
646.698684 307.679412
648.201772 310.282838
648.702802 311.150646
649.203831 312.018454
649.704860 312.886263
650.205890 313.754071
650.706919 314.621880
651.207949 315.489688
651.708978 316.357497
652.210008 317.225305
652.711037 318.093114
655.216184 322.432156
657.721332 326.771198
658.222361 327.639007
658.723391 328.506815
659.725449 330.242432
660.727508 331.978049
662.731626 335.449283
663.232656 336.317091
663.733685 337.184900
665.236773 339.788325
665.737803 340.656134
666.238832 341.523942
667.741921 344.127368
668.242950 344.995176
669.245009 346.730793
670.247068 348.466410
670.748097 349.334218
671.750156 351.069835
672.752215 352.805452
673.253245 353.673261
673.754274 354.541069
675.257362 357.144495
675.758392 358.012303
676.259421 358.880111
676.760451 359.747920
677.261480 360.615728
678.263539 362.351345
678.764569 363.219154
679.265598 364.086962
679.766627 364.954771
680.267657 365.822579
681.269716 367.558196
682.271775 369.293813
682.772804 370.161621
683.273834 371.029430
683.774863 371.897238
685.778981 375.368472
687.282069 377.971898
687.783099 378.839706
688.284128 379.707515
689.286187 381.443131
690.288246 383.178748
690.789275 384.046557
691.290305 384.914365
691.791334 385.782174
692.793393 387.517791
693.294423 388.385599
693.795452 389.253408
694.296481 390.121216
694.797511 390.989025
695.799570 392.724641
696.300599 393.592450
696.801629 394.460258
697.302658 395.328067
698.304717 397.063684
698.805746 397.931492
699.306776 398.799301
699.807805 399.667109
700.308835 400.534918
700.809864 401.402726
701.310894 402.270535
702.813982 404.873960
703.315012 405.741768
703.816041 406.609577
704.317070 407.477385
704.818100 408.345194
705.820159 410.080811
707.323247 412.684236
707.824277 413.552045
708.826335 415.287661
709.327365 416.155470
710.830453 418.758895
711.832512 420.494512
712.834571 422.230129
713.836630 423.965746
714.337659 424.833555
714.838689 425.701363
715.339718 426.569172
716.842807 429.172597
717.844866 430.908214
719.347954 433.511639
719.848983 434.379448
720.350013 435.247256
721.853101 437.850682
722.855160 439.586298
723.857219 441.321915
725.360307 443.925341
726.863396 446.528766
727.364425 447.396575
727.865455 448.264383
728.867513 450.000000
728.867513 450.000000
729.868002 450.000000
730.868491 450.000000
731.868980 450.000000
732.869469 450.000000
735.870936 450.000000
736.871425 450.000000
737.871913 450.000000
740.873380 450.000000
741.873869 450.000000
742.874358 450.000000
743.874847 450.000000
744.875336 450.000000
746.876313 450.000000
747.876802 450.000000
749.877780 450.000000
750.878269 450.000000
751.878758 450.000000
752.879247 450.000000
753.879735 450.000000
754.880224 450.000000
755.880713 450.000000
757.881691 450.000000
758.882180 450.000000
759.882669 450.000000
761.883647 450.000000
763.884624 450.000000
765.885602 450.000000
766.886091 450.000000
768.887069 450.000000
769.887558 450.000000
771.888535 450.000000
773.889513 450.000000
774.890002 450.000000
775.890491 450.000000
778.891957 450.000000
779.892446 450.000000
780.892935 450.000000
781.893424 450.000000
782.893913 450.000000
783.894402 450.000000
784.894891 450.000000
786.895869 450.000000
787.896357 450.000000
789.897335 450.000000
790.897824 450.000000
791.898313 450.000000
793.899291 450.000000
794.899780 450.000000
795.900268 450.000000
796.900757 450.000000
797.901246 450.000000
799.902224 450.000000
800.902713 450.000000
805.905157 450.000000
806.905646 450.000000
807.906135 450.000000
811.908091 450.000000
812.908579 450.000000
813.909068 450.000000
814.909557 450.000000
815.910046 450.000000
816.910535 450.000000
817.911024 450.000000
818.911513 450.000000
819.912002 450.000000
820.912490 450.000000
821.912979 450.000000
822.913468 450.000000
824.914446 450.000000
825.914935 450.000000
826.915424 450.000000
827.915913 450.000000
829.916890 450.000000
831.917868 450.000000
833.918846 450.000000
835.919824 450.000000
838.921290 450.000000
839.921779 450.000000
840.922268 450.000000
841.922757 450.000000
842.923246 450.000000
845.924712 450.000000
846.925201 450.000000
851.927646 450.000000
852.928135 450.000000
855.929601 450.000000
856.930090 450.000000
857.930579 450.000000
858.931068 450.000000
859.931557 450.000000
860.932046 450.000000
861.932535 450.000000
863.933512 450.000000
864.934001 450.000000
865.934490 450.000000
866.934979 450.000000
867.935468 450.000000
869.936446 450.000000
870.936934 450.000000
871.937423 450.000000
873.938401 450.000000
875.939379 450.000000
876.939868 450.000000
877.940357 450.000000
879.941334 450.000000
880.941823 450.000000
881.942312 450.000000
882.942801 450.000000
883.943290 450.000000
885.944268 450.000000
886.944757 450.000000
889.946223 450.000000
890.946712 450.000000
891.947201 450.000000
893.948179 450.000000
895.949156 450.000000
896.949645 450.000000
897.950134 450.000000
899.951112 450.000000
900.951601 450.000000
901.952090 450.000000
902.952579 450.000000
905.954045 450.000000
906.954534 450.000000
907.955023 450.000000
910.956490 450.000000
911.956979 450.000000
917.959912 450.000000
919.960890 450.000000
921.961867 450.000000
923.962845 450.000000
924.963334 450.000000
925.963823 450.000000
926.964312 450.000000
927.964801 450.000000
928.965290 450.000000
929.965778 450.000000
930.966267 450.000000
932.967245 450.000000
933.967734 450.000000
935.968712 450.000000
936.969201 450.000000
938.970178 450.000000
940.971156 450.000000
942.972134 450.000000
943.972623 450.000000
944.973112 450.000000
945.973600 450.000000
947.974578 450.000000
948.975067 450.000000
949.975556 450.000000
950.976045 450.000000
953.977512 450.000000
954.978000 450.000000
956.978978 450.000000
958.979956 450.000000
959.980445 450.000000
960.980934 450.000000
961.981423 450.000000
966.983867 450.000000
967.984356 450.000000
969.985334 450.000000
970.985822 450.000000
971.986311 450.000000
972.986800 450.000000
973.987289 450.000000
976.988756 450.000000
977.989245 450.000000
978.989734 450.000000
979.990222 450.000000
981.991200 450.000000
982.991689 450.000000
983.992178 450.000000
984.992667 450.000000
987.994133 450.000000
989.995111 450.000000
990.995600 450.000000
992.996578 450.000000
993.997067 450.000000
994.997556 450.000000
998.999511 450.000000
1000.000000 450.000000
1000.000000 450.000000
1000.000000 451.000000
1000.000000 452.000000
1000.000000 453.000000
1000.000000 454.000000
1000.000000 455.000000
1000.000000 456.000000
1000.000000 457.000000
1000.000000 459.000000
1000.000000 460.000000
1000.000000 461.000000
1000.000000 462.000000
1000.000000 464.000000
1000.000000 465.000000
1000.000000 466.000000
1000.000000 467.000000
1000.000000 468.000000
1000.000000 469.000000
1000.000000 470.000000
1000.000000 471.000000
1000.000000 472.000000
1000.000000 473.000000
1000.000000 475.000000
1000.000000 476.000000
1000.000000 477.000000
1000.000000 478.000000
1000.000000 479.000000
1000.000000 480.000000
1000.000000 481.000000
1000.000000 482.000000
1000.000000 483.000000
1000.000000 484.000000
1000.000000 485.000000
1000.000000 486.000000
1000.000000 487.000000
1000.000000 488.000000
1000.000000 489.000000
1000.000000 490.000000
1000.000000 491.000000
1000.000000 493.000000
1000.000000 494.000000
1000.000000 495.000000
1000.000000 496.000000
1000.000000 497.000000
1000.000000 498.000000
1000.000000 499.000000
1000.000000 500.000000
1000.000000 501.000000
1000.000000 502.000000
1000.000000 503.000000
1000.000000 504.000000
1000.000000 505.000000
1000.000000 506.000000
1000.000000 507.000000
1000.000000 509.000000
1000.000000 510.000000
1000.000000 511.000000
1000.000000 512.000000
1000.000000 513.000000
1000.000000 514.000000
1000.000000 515.000000
1000.000000 516.000000
1000.000000 517.000000
1000.000000 518.000000
1000.000000 519.000000
1000.000000 520.000000
1000.000000 521.000000
1000.000000 522.000000
1000.000000 523.000000
1000.000000 524.000000
1000.000000 525.000000
1000.000000 526.000000
1000.000000 527.000000
1000.000000 528.000000
1000.000000 529.000000
1000.000000 530.000000
1000.000000 531.000000
1000.000000 532.000000
1000.000000 533.000000
1000.000000 534.000000
1000.000000 535.000000
1000.000000 536.000000
1000.000000 537.000000
1000.000000 538.000000
1000.000000 539.000000
1000.000000 541.000000
1000.000000 542.000000
1000.000000 543.000000
1000.000000 544.000000
1000.000000 545.000000
1000.000000 546.000000
1000.000000 547.000000
1000.000000 548.000000
1000.000000 549.000000
1000.000000 550.000000
998.997355 550.000000
997.994710 550.000000
996.992065 550.000000
995.989421 550.000000
994.986776 550.000000
992.981486 550.000000
989.973551 550.000000
988.970907 550.000000
987.968262 550.000000
986.965617 550.000000
984.960327 550.000000
982.955037 550.000000
979.947103 550.000000
978.944458 550.000000
975.936523 550.000000
974.933879 550.000000
973.931234 550.000000
972.928589 550.000000
971.925944 550.000000
970.923299 550.000000
969.920654 550.000000
968.918009 550.000000
967.915365 550.000000
966.912720 550.000000
965.910075 550.000000
962.902140 550.000000
960.896851 550.000000
958.891561 550.000000
957.888916 550.000000
955.883626 550.000000
954.880981 550.000000
953.878337 550.000000
952.875692 550.000000
951.873047 550.000000
950.870402 550.000000
949.867757 550.000000
948.865112 550.000000
947.862467 550.000000
946.859823 550.000000
945.857178 550.000000
943.851888 550.000000
941.846598 550.000000
940.843953 550.000000
938.838664 550.000000
934.828084 550.000000
931.820150 550.000000
929.814860 550.000000
927.809570 550.000000
926.806925 550.000000
924.801636 550.000000
923.798991 550.000000
922.796346 550.000000
918.785766 550.000000
917.783122 550.000000
915.777832 550.000000
914.775187 550.000000
913.772542 550.000000
912.769897 550.000000
911.767252 550.000000
909.761963 550.000000
907.756673 550.000000
906.754028 550.000000
904.748738 550.000000
903.746094 550.000000
901.740804 550.000000
896.727580 550.000000
895.724935 550.000000
893.719645 550.000000
891.714355 550.000000
889.709066 550.000000
888.706421 550.000000
885.698486 550.000000
884.695841 550.000000
881.687907 550.000000
877.677327 550.000000
875.672038 550.000000
874.669393 550.000000
873.666748 550.000000
872.664103 550.000000
871.661458 550.000000
870.658813 550.000000
869.656168 550.000000
868.653524 550.000000
867.650879 550.000000
865.645589 550.000000
864.642944 550.000000
863.640299 550.000000
862.637654 550.000000
861.635010 550.000000
853.613851 550.000000
852.611206 550.000000
851.608561 550.000000
849.603271 550.000000
848.600626 550.000000
847.597982 550.000000
846.595337 550.000000
844.590047 550.000000
843.587402 550.000000
842.584757 550.000000
840.579468 550.000000
839.576823 550.000000
838.574178 550.000000
837.571533 550.000000
836.568888 550.000000
835.566243 550.000000
834.563598 550.000000
829.550374 550.000000
827.545084 550.000000
826.542440 550.000000
824.537150 550.000000
823.534505 550.000000
821.529215 550.000000
820.526570 550.000000
819.523926 550.000000
818.521281 550.000000
817.518636 550.000000
816.515991 550.000000
813.508056 550.000000
812.505412 550.000000
810.500122 550.000000
808.494832 550.000000
806.489542 550.000000
805.486898 550.000000
804.484253 550.000000
802.478963 550.000000
801.476318 550.000000
800.473673 550.000000
799.471028 550.000000
798.468384 550.000000
797.465739 550.000000
796.463094 550.000000
794.457804 550.000000
793.455159 550.000000
792.452514 550.000000
791.449870 550.000000
790.447225 550.000000
788.441935 550.000000
787.439290 550.000000
784.431356 550.000000
783.428711 550.000000
782.426066 550.000000
778.415486 550.000000
777.412841 550.000000
776.410197 550.000000
773.402262 550.000000
771.396972 550.000000
767.386393 550.000000
766.383748 550.000000
765.381103 550.000000
763.375813 550.000000
762.373169 550.000000
760.367879 550.000000
759.365234 550.000000
758.362589 550.000000
757.359944 550.000000
756.357299 550.000000
755.354655 550.000000
754.352010 550.000000
753.349365 550.000000
752.346720 550.000000
751.344075 550.000000
750.341430 550.000000
749.338785 550.000000
747.333496 550.000000
746.330851 550.000000
744.325561 550.000000
742.320271 550.000000
741.317627 550.000000
740.314982 550.000000
739.312337 550.000000
737.307047 550.000000
735.301757 550.000000
733.296468 550.000000
732.293823 550.000000
730.288533 550.000000
729.285888 550.000000
728.283243 550.000000
723.270019 550.000000
722.267374 550.000000
721.264729 550.000000
720.262085 550.000000
718.256795 550.000000
717.254150 550.000000
716.251505 550.000000
714.246215 550.000000
713.243571 550.000000
710.235636 550.000000
709.232991 550.000000
708.230346 550.000000
707.227701 550.000000
704.219767 550.000000
703.217122 550.000000
702.214477 550.000000
701.211832 550.000000
700.209187 550.000000
698.203898 550.000000
696.198608 550.000000
694.193318 550.000000
693.190673 550.000000
692.188029 550.000000
691.185384 550.000000
690.182739 550.000000
689.180094 550.000000
688.177449 550.000000
687.174804 550.000000
686.172159 550.000000
685.169515 550.000000
682.161580 550.000000
679.153645 550.000000
678.151001 550.000000
677.148356 550.000000
675.143066 550.000000
672.135131 550.000000
671.132487 550.000000
671.132487 550.000000
670.631939 549.133026
670.131392 548.266053
669.630844 547.399079
669.130297 546.532105
668.629749 545.665132
668.129202 544.798158
667.628654 543.931185
666.627559 542.197237
665.626464 540.463290
663.123727 536.128422
662.623180 535.261448
661.622085 533.527501
661.121537 532.660527
660.620990 531.793554
660.120442 530.926580
659.119347 529.192633
657.617705 526.591712
657.117158 525.724738
656.616610 524.857764
656.116063 523.990791
655.615515 523.123817
655.114968 522.256843
654.614420 521.389870
653.613325 519.655923
653.112778 518.788949
652.612230 517.921975
652.111683 517.055002
651.611135 516.188028
650.610040 514.454081
650.109493 513.587107
649.608946 512.720133
648.607851 510.986186
648.107303 510.119213
647.606756 509.252239
646.105113 506.651318
645.604566 505.784344
645.104018 504.917371
644.603471 504.050397
644.102923 503.183423
643.101828 501.449476
642.601281 500.582502
642.100734 499.715529
641.099639 497.981582
640.599091 497.114608
640.098544 496.247634
639.597996 495.380661
639.097449 494.513687
638.596901 493.646713
638.096354 492.779740
637.595806 491.912766
637.095259 491.045792
636.594711 490.178819
635.093069 487.577898
634.592522 486.710924
634.091974 485.843951
633.591427 484.976977
633.090879 484.110003
632.590332 483.243030
631.589237 481.509082
631.088689 480.642109
630.588142 479.775135
630.087594 478.908161
629.587047 478.041188
629.086499 477.174214
627.084310 473.706320
626.083215 471.972372
625.582667 471.105399
625.082120 470.238425
624.581572 469.371451
624.081025 468.504478
623.580477 467.637504
623.079930 466.770530
622.579382 465.903557
621.578288 464.169610
621.077740 463.302636
620.577193 462.435662
619.576098 460.701715
618.575003 458.967768
618.074455 458.100794
617.573908 457.233820
617.073360 456.366847
616.572813 455.499873
616.072265 454.632899
614.570623 452.031979
613.068981 449.431058
612.067886 447.697110
611.567338 446.830137
611.066791 445.963163
610.566243 445.096189
610.065696 444.229216
609.565148 443.362242
609.064601 442.495269
608.564053 441.628295
608.063506 440.761321
607.562958 439.894348
607.062411 439.027374
606.561864 438.160400
605.560769 436.426453
605.060221 435.559479
604.559674 434.692506
604.059126 433.825532
603.558579 432.958558
603.058031 432.091585
602.557484 431.224611
602.056936 430.357638
601.556389 429.490664
601.055841 428.623690
600.555294 427.756717
599.554199 426.022769
598.052557 423.421848
596.550914 420.820927
596.050367 419.953954
595.549819 419.086980
595.049272 418.220007
594.548724 417.353033
594.048177 416.486059
593.547629 415.619086
593.047082 414.752112
592.546535 413.885138
592.045987 413.018165
591.545440 412.151191
591.044892 411.284217
590.544345 410.417244
590.043797 409.550270
589.042702 407.816323
588.542155 406.949349
588.041607 406.082376
587.541060 405.215402
587.040512 404.348428
586.539965 403.481455
586.039417 402.614481
585.538870 401.747507
584.537775 400.013560
584.037228 399.146586
583.536680 398.279613
583.036133 397.412639
582.535585 396.545666
582.035038 395.678692
581.534490 394.811718
581.033943 393.944745
580.533395 393.077771
580.032848 392.210797
579.532300 391.343824
579.031753 390.476850
578.030658 388.742903
577.530111 387.875929
577.029563 387.008955
576.028468 385.275008
575.027373 383.541061
574.526826 382.674087
573.525731 380.940140
573.025183 380.073166
572.524636 379.206193
572.024088 378.339219
571.523541 377.472245
571.022994 376.605272
570.522446 375.738298
569.020804 373.137377
568.520256 372.270404
568.019709 371.403430
567.519161 370.536456
567.018614 369.669483
566.017519 367.935535
565.016424 366.201588
564.515876 365.334614
563.514782 363.600667
562.513687 361.866720
561.012044 359.265799
560.010949 357.531852
559.510402 356.664878
559.009854 355.797904
558.509307 354.930931
558.008759 354.063957
557.508212 353.196983
557.007665 352.330010
556.507117 351.463036
556.006570 350.596063
555.005475 348.862115
554.004380 347.128168
552.502737 344.527247
551.501642 342.793300
550.500547 341.059353
550.000000 340.192379
550.000000 340.192379
549.499453 341.059353
548.998905 341.926326
548.498358 342.793300
547.997810 343.660273
547.497263 344.527247
545.995620 347.128168
545.495073 347.995142
544.994525 348.862115
544.493978 349.729089
543.993430 350.596063
543.492883 351.463036
542.992335 352.330010
542.491788 353.196983
541.991241 354.063957
541.490693 354.930931
540.990146 355.797904
540.489598 356.664878
539.989051 357.531852
539.488503 358.398825
538.987956 359.265799
538.487408 360.132773
537.986861 360.999746
536.985766 362.733694
536.485218 363.600667
535.984671 364.467641
535.484124 365.334614
534.983576 366.201588
534.483029 367.068562
533.481934 368.802509
532.981386 369.669483
532.480839 370.536456
531.980291 371.403430
531.479744 372.270404
530.979196 373.137377
530.478649 374.004351
529.978101 374.871325
529.477554 375.738298
528.476459 377.472245
527.975912 378.339219
526.474269 380.940140
525.973722 381.807114
525.473174 382.674087
524.972627 383.541061
524.472079 384.408035
523.971532 385.275008
523.470984 386.141982
522.970437 387.008955
522.469889 387.875929
521.969342 388.742903
521.468794 389.609876
520.968247 390.476850
520.467700 391.343824
519.967152 392.210797
518.966057 393.944745
518.465510 394.811718
517.964962 395.678692
516.463320 398.279613
515.462225 400.013560
514.461130 401.747507
513.460035 403.481455
512.959488 404.348428
512.458940 405.215402
511.958393 406.082376
510.456750 408.683297
509.956203 409.550270
509.455655 410.417244
507.453465 413.885138
506.952918 414.752112
505.951823 416.486059
505.451276 417.353033
504.450181 419.086980
503.949633 419.953954
502.948538 421.687901
502.447991 422.554875
501.947443 423.421848
501.446896 424.288822
500.445801 426.022769
499.945253 426.889743
498.944159 428.623690
498.443611 429.490664
497.442516 431.224611
496.941969 432.091585
496.441421 432.958558
495.440326 434.692506
494.939779 435.559479
494.439231 436.426453
493.938684 437.293427
493.438136 438.160400
492.937589 439.027374
492.437042 439.894348
491.435947 441.628295
490.935399 442.495269
489.934304 444.229216
489.433757 445.096189
488.933209 445.963163
487.932114 447.697110
487.431567 448.564084
486.931019 449.431058
486.430472 450.298031
485.429377 452.031979
484.928830 452.898952
484.428282 453.765926
483.927735 454.632899
483.427187 455.499873
482.926640 456.366847
482.426092 457.233820
481.925545 458.100794
481.424997 458.967768
480.924450 459.834741
480.423902 460.701715
479.923355 461.568689
479.422807 462.435662
478.922260 463.302636
478.421712 464.169610
477.921165 465.036583
477.420618 465.903557
475.918975 468.504478
475.418428 469.371451
474.917880 470.238425
473.916785 471.972372
473.416238 472.839346
472.915690 473.706320
472.415143 474.573293
471.414048 476.307241
470.913501 477.174214
470.412953 478.041188
468.410763 481.509082
467.910216 482.376056
466.909121 484.110003
466.408573 484.976977
465.407478 486.710924
464.906931 487.577898
464.406383 488.444871
463.905836 489.311845
462.904741 491.045792
462.404194 491.912766
461.903646 492.779740
461.403099 493.646713
460.902551 494.513687
460.402004 495.380661
459.901456 496.247634
459.400909 497.114608
458.900361 497.981582
458.399814 498.848555
457.899266 499.715529
457.398719 500.582502
456.397624 502.316450
455.897077 503.183423
455.396529 504.050397
454.895982 504.917371
454.395434 505.784344
453.894887 506.651318
452.893792 508.385265
452.393244 509.252239
451.892697 510.119213
451.392149 510.986186
450.891602 511.853160
450.391054 512.720133
449.890507 513.587107
449.389960 514.454081
448.388865 516.188028
447.888317 517.055002
447.387770 517.921975
446.386675 519.655923
445.385580 521.389870
444.885032 522.256843
444.384485 523.123817
443.383390 524.857764
442.882842 525.724738
441.881748 527.458685
441.381200 528.325659
440.880653 529.192633
440.380105 530.059606
439.879558 530.926580
439.379010 531.793554
438.878463 532.660527
437.376820 535.261448
436.876273 536.128422
436.375725 536.995395
435.875178 537.862369
434.874083 539.596316
433.372441 542.197237
432.871893 543.064211
432.371346 543.931185
431.370251 545.665132
429.868608 548.266053
429.368061 549.133026
428.867513 550.000000
428.867513 550.000000
427.864869 550.000000
426.862224 550.000000
422.851644 550.000000
419.843710 550.000000
418.841065 550.000000
417.838420 550.000000
416.835775 550.000000
415.833130 550.000000
414.830485 550.000000
410.819906 550.000000
409.817261 550.000000
408.814616 550.000000
407.811971 550.000000
406.809327 550.000000
404.804037 550.000000
402.798747 550.000000
401.796102 550.000000
400.793457 550.000000
398.788168 550.000000
396.782878 550.000000
395.780233 550.000000
394.777588 550.000000
393.774943 550.000000
392.772299 550.000000
390.767009 550.000000
389.764364 550.000000
387.759074 550.000000
386.756429 550.000000
383.748495 550.000000
382.745850 550.000000
380.740560 550.000000
378.735271 550.000000
375.727336 550.000000
373.722046 550.000000
372.719401 550.000000
370.714112 550.000000
368.708822 550.000000
367.706177 550.000000
366.703532 550.000000
365.700887 550.000000
364.698243 550.000000
363.695598 550.000000
360.687663 550.000000
359.685018 550.000000
357.679729 550.000000
356.677084 550.000000
355.674439 550.000000
354.671794 550.000000
353.669149 550.000000
352.666504 550.000000
348.655925 550.000000
347.653280 550.000000
345.647990 550.000000
344.645345 550.000000
342.640056 550.000000
341.637411 550.000000
340.634766 550.000000
339.632121 550.000000
337.626831 550.000000
336.624187 550.000000
335.621542 550.000000
334.618897 550.000000
333.616252 550.000000
332.613607 550.000000
328.603028 550.000000
326.597738 550.000000
324.592448 550.000000
323.589803 550.000000
322.587159 550.000000
320.581869 550.000000
319.579224 550.000000
318.576579 550.000000
317.573934 550.000000
316.571289 550.000000
313.563355 550.000000
312.560710 550.000000
311.558065 550.000000
310.555420 550.000000
309.552775 550.000000
308.550130 550.000000
307.547486 550.000000
306.544841 550.000000
303.536906 550.000000
302.534261 550.000000
301.531616 550.000000
298.523682 550.000000
297.521037 550.000000
296.518392 550.000000
295.515747 550.000000
294.513102 550.000000
292.507813 550.000000
291.505168 550.000000
290.502523 550.000000
289.499878 550.000000
288.497233 550.000000
286.491944 550.000000
285.489299 550.000000
284.486654 550.000000
282.481364 550.000000
280.476074 550.000000
279.473430 550.000000
278.470785 550.000000
277.468140 550.000000
276.465495 550.000000
275.462850 550.000000
274.460205 550.000000
272.454916 550.000000
271.452271 550.000000
270.449626 550.000000
269.446981 550.000000
265.436402 550.000000
263.431112 550.000000
262.428467 550.000000
259.420532 550.000000
258.417888 550.000000
257.415243 550.000000
255.409953 550.000000
254.407308 550.000000
252.402018 550.000000
251.399374 550.000000
249.394084 550.000000
247.388794 550.000000
246.386149 550.000000
244.380860 550.000000
243.378215 550.000000
242.375570 550.000000
241.372925 550.000000
238.364990 550.000000
237.362346 550.000000
236.359701 550.000000
234.354411 550.000000
232.349121 550.000000
231.346476 550.000000
230.343832 550.000000
229.341187 550.000000
228.338542 550.000000
227.335897 550.000000
226.333252 550.000000
225.330607 550.000000
224.327962 550.000000
223.325318 550.000000
222.322673 550.000000
221.320028 550.000000
220.317383 550.000000
219.314738 550.000000
218.312093 550.000000
217.309448 550.000000
215.304159 550.000000
214.301514 550.000000
209.288290 550.000000
206.280355 550.000000
205.277710 550.000000
203.272420 550.000000
201.267131 550.000000
198.259196 550.000000
196.253906 550.000000
195.251262 550.000000
194.248617 550.000000
191.240682 550.000000
187.230103 550.000000
186.227458 550.000000
184.222168 550.000000
183.219523 550.000000
182.216878 550.000000
180.211589 550.000000
178.206299 550.000000
177.203654 550.000000
176.201009 550.000000
174.195720 550.000000
172.190430 550.000000
171.187785 550.000000
170.185140 550.000000
167.177205 550.000000
166.174561 550.000000
165.171916 550.000000
164.169271 550.000000
163.166626 550.000000
162.163981 550.000000
159.156047 550.000000
158.153402 550.000000
156.148112 550.000000
154.142822 550.000000
152.137533 550.000000
149.129598 550.000000
148.126953 550.000000
147.124308 550.000000
146.121663 550.000000
144.116374 550.000000
143.113729 550.000000
138.100505 550.000000
137.097860 550.000000
136.095215 550.000000
134.089925 550.000000
133.087280 550.000000
132.084635 550.000000
131.081991 550.000000
130.079346 550.000000
129.076701 550.000000
127.071411 550.000000
125.066121 550.000000
122.058187 550.000000
121.055542 550.000000
120.052897 550.000000
119.050252 550.000000
117.044963 550.000000
116.042318 550.000000
115.039673 550.000000
114.037028 550.000000
111.029093 550.000000
110.026449 550.000000
109.023804 550.000000
108.021159 550.000000
107.018514 550.000000
105.013224 550.000000
104.010579 550.000000
102.005290 550.000000
101.002645 550.000000
100.000000 550.000000
