1160
100.000000 450.000000
101.001866 450.000000
103.005598 450.000000
104.007464 450.000000
105.009330 450.000000
107.013062 450.000000
108.014928 450.000000
109.016794 450.000000
111.020526 450.000000
112.022392 450.000000
113.024258 450.000000
114.026124 450.000000
118.033588 450.000000
119.035454 450.000000
123.042918 450.000000
128.052248 450.000000
130.055980 450.000000
131.057846 450.000000
132.059712 450.000000
133.061578 450.000000
134.063444 450.000000
135.065310 450.000000
136.067177 450.000000
139.072775 450.000000
141.076507 450.000000
147.087703 450.000000
152.097033 450.000000
154.100765 450.000000
156.104497 450.000000
157.106363 450.000000
158.108229 450.000000
159.110095 450.000000
160.111961 450.000000
163.117559 450.000000
164.119425 450.000000
167.125023 450.000000
168.126889 450.000000
169.128755 450.000000
170.130621 450.000000
171.132487 450.000000
171.634828 449.129920
172.137169 448.259840
172.639510 447.389760
173.141850 446.519681
178.165259 437.818882
182.183986 430.858243
182.686326 429.988163
183.188667 429.118083
190.221439 416.936965
194.240166 409.976326
195.747189 407.366086
199.765915 400.405447
200.268256 399.535367
201.272938 397.795208
205.291665 390.834569
206.798687 388.224329
207.301028 387.354249
208.305710 385.614089
208.808051 384.744010
209.310391 383.873930
212.324436 378.653450
214.333800 375.173131
214.836141 374.303051
215.338482 373.432971
219.357208 366.472332
221.366572 362.992013
229.906366 348.200655
231.915730 344.720335
232.920411 342.980176
233.925093 341.240016
234.929775 339.499856
236.939138 336.019537
237.943820 334.279377
239.953183 330.799057
242.464887 326.448658
243.469569 324.708498
247.488296 317.747859
247.990637 316.877779
249.497659 314.267540
250.000000 313.397460
252.511704 317.747859
253.516386 319.488019
254.018727 320.358099
255.525749 322.968339
256.530431 324.708498
260.046817 330.799057
262.558521 335.149457
266.074907 341.240016
266.577248 342.110096
267.079589 342.980176
267.581930 343.850256
269.088952 346.460495
269.591293 347.330575
270.093634 348.200655
270.595975 349.070735
273.107679 353.421134
276.121724 358.641613
277.126406 360.381773
277.628747 361.251853
279.135769 363.862093
280.140451 365.602252
281.647473 368.212492
282.149814 369.082572
284.661518 373.432971
287.675564 378.653450
292.196631 386.484169
298.224721 396.925128
298.727062 397.795208
300.234085 400.405447
304.252811 407.366086
304.755152 408.236166
306.262175 410.846406
307.266857 412.586565
311.787924 420.417284
312.290265 421.287364
312.792606 422.157444
314.299628 424.767684
314.801969 425.637764
317.816014 430.858243
319.323037 433.468482
319.825378 434.338562
321.834741 437.818882
322.337082 438.688962
323.341764 440.429121
323.844105 441.299201
329.873822 450.000000
330.880131 450.000000
331.886440 450.000000
332.892749 450.000000
333.899058 450.000000
335.911675 450.000000
336.917984 450.000000
337.924293 450.000000
340.943220 450.000000
341.949529 450.000000
342.955838 450.000000
343.962147 450.000000
344.968455 450.000000
345.974764 450.000000
346.981073 450.000000
347.987382 450.000000
348.993691 450.000000
350.000000 450.000000
352.012618 450.000000
353.018927 450.000000
354.025236 450.000000
359.056780 450.000000
360.063089 450.000000
361.069398 450.000000
362.075707 450.000000
364.088325 450.000000
365.094634 450.000000
366.100942 450.000000
368.113560 450.000000
369.119869 450.000000
370.126178 450.000000
371.132487 450.000000
371.635641 449.128511
373.648259 445.642555
374.151414 444.771066
374.654568 443.899577
375.157722 443.028088
375.660877 442.156599
377.170340 439.542131
378.176649 437.799153
380.189267 434.313197
380.692421 433.441708
382.201884 430.827241
383.711348 428.212774
384.717657 426.469796
385.220811 425.598307
385.723965 424.726818
386.227120 423.855329
386.730274 422.983840
387.233429 422.112350
387.736583 421.240861
388.742892 419.497883
389.246046 418.626394
389.749201 417.754905
391.761819 414.268949
391.260291 411.657300
390.757950 410.787220
389.753269 409.047061
387.241565 404.696661
386.236883 402.956501
383.222838 397.736022
380.208793 392.515543
379.204111 390.775383
378.199429 389.035223
377.194748 387.295064
365.640908 367.283226
365.138567 366.413147
363.129204 362.932827
362.626863 362.062747
360.617500 358.582428
359.612818 356.842268
359.110477 355.972188
356.598773 351.621789
355.594091 349.881629
355.091750 349.011549
350.570683 341.180830
345.547274 332.480031
344.542593 330.739871
343.035570 328.129632
342.533229 327.259552
341.528547 325.519392
340.523866 323.779232
339.519184 322.039073
333.993435 312.468194
333.491094 311.598114
329.974708 305.507555
325.955981 298.546916
325.453640 297.676836
324.448959 295.936676
322.439595 292.456357
320.430232 288.976037
318.923209 286.365798
316.411505 282.015398
315.406823 276.794919
316.411505 276.794919
322.439595 276.794919
334.495776 276.794919
335.500457 276.794919
338.514503 276.794919
339.519184 276.794919
340.523866 276.794919
344.542593 276.794919
345.547274 276.794919
348.561320 276.794919
350.570683 276.794919
353.584728 276.794919
356.598773 276.794919
361.622182 276.794919
363.631545 276.794919
368.654954 276.794919
373.678362 276.794919
376.692407 276.794919
380.711134 276.794919
382.720497 276.794919
385.734542 276.794919
391.762633 276.794919
392.767314 276.794919
394.776678 276.794919
395.781359 276.794919
397.790723 276.794919
399.800086 276.794919
401.809450 276.794919
412.860948 276.794919
413.865630 276.794919
414.870312 276.794919
420.898402 276.794919
427.931174 276.794919
428.935856 276.794919
431.949901 276.794919
433.959264 276.794919
438.982673 276.794919
439.987354 276.794919
440.992036 276.794919
446.015444 276.794919
447.020126 276.794919
449.029490 276.794919
462.090352 276.794919
464.099715 276.794919
467.113760 276.794919
472.137169 275.054759
473.141850 273.314600
474.146532 271.574440
475.151214 269.834280
479.169941 262.873641
480.676963 260.263401
484.695690 253.302762
485.198031 252.432683
491.728462 241.121644
493.737825 237.641325
497.254211 231.550766
497.756552 230.680686
498.258893 229.810606
499.263574 228.070446
500.268256 226.330286
506.798687 215.019248
512.826777 204.578290
518.352527 195.007411
520.864231 190.657012
521.868913 188.916852
523.375935 186.306612
534.427434 167.164855
536.939138 162.814456
538.446161 160.204216
540.957865 155.853817
542.967228 152.373497
543.469569 151.503417
546.985955 145.412858
553.014045 145.412858
558.539794 154.983737
560.549158 158.464056
565.572566 167.164855
567.079589 169.775095
570.595975 175.865654
571.098316 176.735734
573.107679 180.216053
577.126406 187.176692
580.140451 192.397171
580.642792 193.267251
581.145133 194.137331
584.159178 199.357810
588.680245 207.188529
591.694290 212.409008
593.703654 215.889328
594.205995 216.759408
596.215358 220.239727
596.717699 221.109807
601.741107 229.810606
603.248130 232.420845
603.750471 233.290925
604.252811 234.161005
606.262175 237.641325
607.769197 240.251564
610.783243 245.472044
611.787924 247.212203
612.290265 248.082283
615.304310 253.302762
615.806651 254.172842
617.313674 256.783082
617.816014 257.653162
618.318355 258.523242
621.834741 264.613801
623.341764 267.224040
625.351127 270.704360
628.867513 276.794919
629.872195 276.794919
641.928375 276.794919
647.956465 276.794919
656.998601 276.794919
660.012646 276.794919
666.040736 276.794919
669.054781 276.794919
677.092235 276.794919
679.101598 276.794919
684.125007 276.794919
689.148415 276.794919
696.181187 276.794919
699.195232 276.794919
700.199914 276.794919
701.204595 276.794919
704.218641 276.794919
705.223322 276.794919
706.228004 276.794919
707.232686 276.794919
708.237367 276.794919
711.251412 276.794919
720.293548 276.794919
722.302911 276.794919
723.307593 276.794919
734.359092 276.794919
736.368455 276.794919
743.401227 276.794919
755.457407 276.794919
759.476134 276.794919
762.490179 276.794919
777.560405 276.794919
783.588495 276.794919
784.593177 276.794919
786.602540 276.794919
786.602540 276.794919
786.100199 277.664999
784.593177 280.275239
783.588495 282.015398
782.081472 284.625638
779.569768 288.976037
777.560405 292.456357
775.048701 296.806756
771.532315 302.897315
770.527633 304.637475
768.015929 308.987875
767.011247 310.728034
762.490179 318.558753
760.983157 321.168993
760.480816 322.039073
757.466771 327.259552
754.955067 331.609951
753.448044 334.220191
752.945703 335.090271
749.429317 341.180830
747.419954 344.661150
745.912931 347.271389
743.903568 350.751709
736.870796 362.932827
736.368455 363.802907
734.861433 366.413147
731.847388 371.633626
730.842706 373.373786
730.340365 374.243865
728.331002 377.724185
727.828661 378.594265
725.316957 382.944664
724.312275 384.684824
721.298230 389.905303
719.791207 392.515543
716.274821 398.606102
713.763117 402.956501
712.256095 405.566741
711.753754 406.436821
711.251413 407.306901
709.242050 410.787220
708.237368 412.527380
708.238181 414.268949
709.244490 416.011927
709.747645 416.883416
710.250799 417.754905
711.257108 419.497883
711.760262 420.369372
712.263417 421.240861
712.766571 422.112350
713.772880 423.855329
714.276035 424.726818
715.282343 426.469796
715.785498 427.341285
716.288652 428.212774
716.791807 429.084263
718.301270 431.698730
719.810733 434.313197
720.313888 435.184686
720.817042 436.056175
721.320197 436.927664
721.823351 437.799153
722.326505 438.670642
722.829660 439.542131
723.332814 440.413620
723.835969 441.285110
724.339123 442.156599
725.848586 444.771066
726.351741 445.642555
726.854895 446.514044
727.358050 447.385533
728.364359 449.128511
728.867513 450.000000
728.867513 450.000000
729.873822 450.000000
732.892749 450.000000
733.899058 450.000000
735.911675 450.000000
736.917984 450.000000
739.936911 450.000000
740.943220 450.000000
742.955838 450.000000
743.962147 450.000000
745.974764 450.000000
746.981073 450.000000
747.987382 450.000000
750.000000 450.000000
751.006309 450.000000
752.012618 450.000000
754.025236 450.000000
755.031545 450.000000
756.037853 450.000000
758.050471 450.000000
759.056780 450.000000
760.063089 450.000000
762.075707 450.000000
764.088325 450.000000
765.094634 450.000000
766.100942 450.000000
768.113560 450.000000
769.119869 450.000000
770.126178 450.000000
774.146532 444.779521
774.648873 443.909441
776.155895 441.299201
776.658236 440.429121
778.165259 437.818882
781.681645 431.728323
783.691008 428.248003
785.700372 424.767684
786.202712 423.897604
792.733143 412.586565
794.742507 409.106246
795.244848 408.236166
796.249529 406.496006
796.751870 405.625926
798.761234 402.145607
799.765915 400.405447
801.775279 396.925128
802.779960 395.184968
804.286983 392.574728
804.789324 391.704649
805.291665 390.834569
806.296346 389.094409
808.808051 384.744010
812.826777 377.783371
814.333800 375.173131
820.361890 364.732172
821.366572 362.992013
822.371253 361.251853
826.389980 354.291214
829.906366 348.200655
830.408707 347.330575
830.911048 346.460495
834.427434 340.369936
838.948501 332.539217
839.450842 331.669137
842.464887 326.448658
842.967228 325.578578
845.478932 321.228179
848.492977 316.007700
850.000000 313.397460
850.000000 313.397460
852.511704 317.747859
853.014045 318.617939
855.525749 322.968339
857.032772 325.578578
858.037454 327.318738
859.544476 329.928978
861.553839 333.409297
862.558521 335.149457
863.563203 336.889617
864.567885 338.629776
868.084270 344.720335
869.088952 346.460495
870.595975 349.070735
871.098316 349.940815
871.600656 350.810895
874.112361 355.161294
877.126406 360.381773
878.131087 362.121933
879.135769 363.862093
880.642792 366.472332
882.149814 369.082572
883.154496 370.822732
888.177904 379.523530
897.722380 396.055048
898.224721 396.925128
901.741107 403.015687
904.755152 408.236166
911.787924 420.417284
915.806651 427.377923
918.820696 432.598403
919.323037 433.468482
924.848786 443.039361
928.365172 449.129920
929.869379 450.000000
931.873111 450.000000
933.876843 450.000000
934.878709 450.000000
936.882441 450.000000
938.886173 450.000000
939.888039 450.000000
940.889905 450.000000
941.891771 450.000000
942.893637 450.000000
943.895503 450.000000
945.899235 450.000000
947.902967 450.000000
950.908565 450.000000
951.910431 450.000000
952.912297 450.000000
958.923493 450.000000
959.925359 450.000000
962.930957 450.000000
965.936556 450.000000
967.940288 450.000000
969.944020 450.000000
970.945886 450.000000
972.949618 450.000000
973.951484 450.000000
974.953350 450.000000
975.955216 450.000000
976.957082 450.000000
978.960814 450.000000
981.966412 450.000000
984.972010 450.000000
985.973876 450.000000
986.975742 450.000000
988.979474 450.000000
989.981340 450.000000
991.985072 450.000000
992.986938 450.000000
997.996268 450.000000
1000.000000 450.000000
1000.000000 451.000000
1000.000000 455.000000
1000.000000 456.000000
1000.000000 459.000000
1000.000000 461.000000
1000.000000 463.000000
1000.000000 469.000000
1000.000000 470.000000
1000.000000 471.000000
1000.000000 473.000000
1000.000000 475.000000
1000.000000 478.000000
1000.000000 480.000000
1000.000000 490.000000
1000.000000 494.000000
1000.000000 495.000000
1000.000000 496.000000
1000.000000 497.000000
1000.000000 506.000000
1000.000000 507.000000
1000.000000 510.000000
1000.000000 512.000000
1000.000000 513.000000
1000.000000 516.000000
1000.000000 518.000000
1000.000000 520.000000
1000.000000 524.000000
1000.000000 529.000000
1000.000000 533.000000
1000.000000 534.000000
1000.000000 538.000000
1000.000000 539.000000
1000.000000 543.000000
1000.000000 544.000000
1000.000000 546.000000
1000.000000 548.000000
1000.000000 550.000000
998.993223 550.000000
997.986445 550.000000
996.979668 550.000000
985.905116 550.000000
984.898338 550.000000
979.864451 550.000000
977.850896 550.000000
966.776344 550.000000
965.769567 550.000000
964.762789 550.000000
963.756012 550.000000
959.728902 550.000000
957.715347 550.000000
948.654350 550.000000
944.627241 550.000000
943.620463 550.000000
940.600131 550.000000
935.566243 550.000000
933.552689 550.000000
932.545911 550.000000
928.518801 550.000000
922.478137 550.000000
919.457804 550.000000
918.451027 550.000000
916.437472 550.000000
910.396807 550.000000
909.390030 550.000000
908.383252 550.000000
907.376475 550.000000
902.342588 550.000000
900.329033 550.000000
898.315478 550.000000
895.295146 550.000000
894.288368 550.000000
892.274813 550.000000
889.254481 550.000000
885.227371 550.000000
884.220594 550.000000
883.213816 550.000000
881.200261 550.000000
879.186707 550.000000
872.139264 550.000000
870.629333 549.128511
870.126178 548.257022
868.616715 545.642555
868.113560 544.771066
867.610406 543.899577
866.604097 542.156599
866.100942 541.285110
865.597788 540.413620
865.094634 539.542131
864.591479 538.670642
864.088325 537.799153
863.585170 536.927664
863.082016 536.056175
862.578861 535.184686
862.075707 534.313197
861.572552 533.441708
860.566243 531.698730
860.063089 530.827241
859.559935 529.955752
859.056780 529.084263
858.553626 528.212774
858.050471 527.341285
857.547317 526.469796
857.044162 525.598307
856.541008 524.726818
855.534699 522.983840
855.031545 522.112350
854.528390 521.240861
853.522081 519.497883
852.515772 517.754905
852.012618 516.883416
851.509463 516.011927
851.006309 515.140438
850.000000 513.397460
849.496846 514.268949
848.490537 516.011927
847.484228 517.754905
846.477919 519.497883
845.974764 520.369372
845.471610 521.240861
844.968455 522.112350
843.962147 523.855329
842.452683 526.469796
841.949529 527.341285
841.446374 528.212774
840.943220 529.084263
840.440065 529.955752
839.936911 530.827241
837.421139 535.184686
836.917984 536.056175
836.414830 536.927664
835.911675 537.799153
834.905366 539.542131
833.395903 542.156599
832.389594 543.899577
831.886440 544.771066
830.376976 547.385533
829.370667 549.128511
825.853468 550.000000
823.844105 550.000000
822.839423 550.000000
820.830059 550.000000
819.825378 550.000000
816.811333 550.000000
812.792606 550.000000
805.759834 550.000000
801.741107 550.000000
799.731744 550.000000
796.717699 550.000000
794.708335 550.000000
779.638110 550.000000
776.624065 550.000000
769.591293 550.000000
762.558521 550.000000
759.544476 550.000000
753.516386 550.000000
752.511704 550.000000
751.507023 550.000000
744.474251 550.000000
742.464887 550.000000
737.441479 550.000000
733.422752 550.000000
731.413389 550.000000
730.408707 550.000000
728.399344 550.000000
727.394662 550.000000
720.361890 550.000000
715.338482 550.000000
711.319755 550.000000
707.301028 550.000000
706.296346 550.000000
695.244848 550.000000
685.198031 550.000000
684.193349 550.000000
679.169941 550.000000
674.146532 550.000000
672.137169 550.000000
671.132487 550.000000
670.630146 549.129920
666.611419 542.169281
664.099715 537.818882
661.588011 533.468482
661.085670 532.598403
660.583329 531.728323
657.569284 526.507843
657.066943 525.637764
656.062261 523.897604
655.559921 523.027524
652.545875 517.807045
652.043535 516.936965
651.038853 515.196805
650.536512 514.326725
648.527149 510.846406
647.020126 508.236166
646.015444 506.496006
645.513103 505.625926
642.499058 500.405447
639.987354 496.055048
636.973309 490.834569
635.968627 489.094409
634.461605 486.484169
632.452241 483.003850
630.442878 479.523530
628.935855 476.913291
627.931174 475.173131
627.428833 474.303051
625.921810 471.692811
624.917128 469.952652
623.912447 468.212492
621.903083 464.732172
619.893720 461.251853
615.874993 454.291214
614.870311 452.551054
614.367971 451.680974
604.321153 434.279377
602.814131 431.669137
601.809449 429.928978
600.302427 427.318738
597.288382 422.098259
594.776677 417.747859
593.269655 415.137620
592.768127 412.525971
593.271282 411.654482
593.774436 410.782993
594.277591 409.911504
595.283900 408.168526
595.787054 407.297036
596.290209 406.425547
596.793363 405.554058
597.799672 403.811080
598.302826 402.939591
598.805981 402.068102
599.309135 401.196613
599.812290 400.325124
600.315444 399.453635
600.818599 398.582146
601.321753 397.710657
602.328062 395.967679
602.831216 395.096190
603.334371 394.224700
603.837525 393.353211
604.843834 391.610233
605.346989 390.738744
605.850143 389.867255
606.353298 388.995766
606.856452 388.124277
607.359607 387.252788
609.875379 382.895342
610.378533 382.023853
610.881688 381.152364
611.384842 380.280875
611.887997 379.409386
612.391151 378.537897
613.397460 376.794919
613.397460 376.794919
612.391151 376.794919
611.384842 376.794919
610.378533 376.794919
609.372224 376.794919
608.365916 376.794919
607.359607 376.794919
606.353298 376.794919
605.346989 376.794919
604.340680 376.794919
603.334371 376.794919
602.328062 376.794919
601.321753 376.794919
598.302827 376.794919
596.290209 376.794919
595.283900 376.794919
594.277591 376.794919
593.271282 376.794919
591.258665 376.794919
588.239738 376.794919
587.233429 376.794919
586.227120 376.794919
585.220811 376.794919
583.208194 376.794919
582.201885 376.794919
581.195576 376.794919
580.189267 376.794919
579.182958 376.794919
578.176649 376.794919
577.170340 376.794919
576.164031 376.794919
575.157723 376.794919
574.151414 376.794919
572.138796 376.794919
571.132487 376.794919
571.132487 376.794919
569.119869 373.308963
568.616715 372.437474
568.113560 371.565985
566.604097 368.951518
566.100942 368.080029
565.597788 367.208539
564.088325 364.594072
563.585170 363.722583
563.082016 362.851094
562.578861 361.979605
561.069398 359.365138
560.566243 358.493649
560.063089 357.622160
559.559935 356.750671
559.056780 355.879182
558.050471 354.136204
557.547317 353.264715
557.044162 352.393226
555.534699 349.778759
555.031545 348.907269
554.528390 348.035780
554.025236 347.164291
553.522081 346.292802
553.018927 345.421313
552.012618 343.678335
551.509463 342.806846
551.006309 341.935357
550.503154 341.063868
550.000000 340.192379
548.993691 341.935357
548.490537 342.806846
547.987382 343.678335
547.484228 344.549824
546.981073 345.421313
546.477919 346.292802
544.968455 348.907269
544.465301 349.778759
543.458992 351.521737
542.955838 352.393226
542.452683 353.264715
541.949529 354.136204
540.943220 355.879182
540.440065 356.750671
538.930602 359.365138
538.427448 360.236627
537.924293 361.108116
536.917984 362.851094
534.905366 366.337050
534.402212 367.208539
533.395903 368.951518
532.892749 369.823007
532.389594 370.694496
531.886440 371.565985
531.383285 372.437474
530.376976 374.180452
529.873822 375.051941
529.370667 375.923430
528.867513 376.794919
528.867513 376.794919
527.861204 376.794919
526.854895 376.794919
525.848586 376.794919
524.842277 376.794919
523.835969 376.794919
522.829660 376.794919
521.823351 376.794919
520.817042 376.794919
519.810733 376.794919
517.798115 376.794919
516.791806 376.794919
515.785498 376.794919
512.766571 376.794919
511.760262 376.794919
509.747644 376.794919
508.741335 376.794919
507.735027 376.794919
506.728718 376.794919
505.722409 376.794919
504.716100 376.794919
501.697173 376.794919
500.690864 376.794919
499.684555 376.794919
498.678247 376.794919
497.671938 376.794919
493.646702 376.794919
492.640393 376.794919
490.627776 376.794919
489.621467 376.794919
488.615158 376.794919
487.608849 376.794919
486.602540 376.794919
486.602540 376.794919
487.608849 378.537897
488.112003 379.409386
489.118312 381.152364
490.124621 382.895342
491.634085 385.509810
492.640393 387.252788
493.143548 388.124277
493.646702 388.995766
494.149857 389.867255
495.156166 391.610233
495.659320 392.481722
496.162475 393.353211
497.168784 395.096190
498.175092 396.839168
499.181401 398.582146
500.187710 400.325124
500.690865 401.196613
501.194019 402.068102
501.697174 402.939591
503.709791 406.425547
504.212946 407.297036
505.722409 409.911504
506.225564 410.782993
506.728718 411.654482
507.231873 412.525971
507.735027 413.397460
507.232686 414.267540
504.720982 418.617939
502.711618 422.098259
501.204596 424.708498
500.702255 425.578578
498.190551 429.928978
496.683528 432.539217
486.636711 449.940815
485.129689 452.551054
484.125007 454.291214
483.120325 456.031374
473.073508 473.432971
472.571167 474.303051
471.566486 476.043211
468.552440 481.263690
468.050100 482.133770
467.547759 483.003850
464.533714 488.224329
464.031373 489.094409
462.022009 492.574728
458.505623 498.665288
457.500942 500.405447
450.468170 512.586565
445.444761 521.287364
443.435398 524.767684
442.933057 525.637764
441.426034 528.248003
440.923693 529.118083
440.421353 529.988163
439.416671 531.728323
433.890922 541.299201
424.848786 550.000000
421.834741 550.000000
416.811333 550.000000
412.792606 550.000000
406.764516 550.000000
402.745789 550.000000
401.741107 550.000000
397.722380 550.000000
386.670882 550.000000
384.661518 550.000000
383.656837 550.000000
382.652155 550.000000
370.595975 550.000000
368.586611 550.000000
365.572566 550.000000
364.567885 550.000000
363.563203 550.000000
360.549158 550.000000
359.544476 550.000000
358.539794 550.000000
357.535113 550.000000
349.497659 550.000000
346.483614 550.000000
344.474251 550.000000
343.469569 550.000000
341.460206 550.000000
339.450842 550.000000
338.446161 550.000000
336.436797 550.000000
333.422752 550.000000
332.418070 550.000000
328.399344 550.000000
327.394662 550.000000
326.389980 550.000000
322.371253 550.000000
318.352527 550.000000
317.347845 550.000000
310.315073 550.000000
306.296346 550.000000
305.291665 550.000000
303.282301 550.000000
291.226121 550.000000
287.207394 550.000000
280.174622 550.000000
275.151214 550.000000
271.132487 550.000000
270.126178 548.257022
268.113560 544.771066
267.610406 543.899577
267.107251 543.028088
266.604097 542.156599
266.100942 541.285110
265.597788 540.413620
265.094634 539.542131
264.591479 538.670642
263.585170 536.927664
262.578861 535.184686
262.075707 534.313197
261.572552 533.441708
261.069398 532.570219
260.566244 531.698730
260.063089 530.827241
259.056780 529.084263
258.553626 528.212774
257.547317 526.469796
257.044162 525.598307
256.037853 523.855329
255.534699 522.983840
255.031545 522.112350
254.025236 520.369372
253.522081 519.497883
253.018927 518.626394
252.515772 517.754905
252.012618 516.883416
251.006309 515.140438
250.503154 514.268949
250.000000 513.397460
250.000000 513.397460
249.496846 514.268949
248.993691 515.140438
248.490537 516.011927
247.987382 516.883416
246.981073 518.626394
246.477919 519.497883
245.974764 520.369372
244.968455 522.112350
242.955838 525.598307
241.949529 527.341285
241.446374 528.212774
240.943220 529.084263
239.936911 530.827241
235.911675 537.799153
235.408521 538.670642
234.905366 539.542131
234.402212 540.413620
233.899058 541.285110
233.395903 542.156599
232.892749 543.028088
232.389594 543.899577
231.886440 544.771066
231.383285 545.642555
230.880131 546.514044
230.376976 547.385533
229.873822 548.257022
228.867513 550.000000
222.826848 550.000000
221.820071 550.000000
212.759074 550.000000
202.691299 550.000000
200.677745 550.000000
198.664190 550.000000
196.650635 550.000000
193.630302 550.000000
187.589638 550.000000
186.582860 550.000000
179.535418 550.000000
176.515086 550.000000
172.487976 550.000000
169.467644 550.000000
168.460866 550.000000
166.447311 550.000000
161.413424 550.000000
160.406647 550.000000
159.399869 550.000000
156.379537 550.000000
152.352427 550.000000
146.311762 550.000000
144.298208 550.000000
143.291430 550.000000
142.284653 550.000000
137.250765 550.000000
132.216878 550.000000
131.210101 550.000000
130.203323 550.000000
129.196546 550.000000
126.176214 550.000000
124.162659 550.000000
118.121994 550.000000
114.094884 550.000000
112.081329 550.000000
109.060997 550.000000
103.020332 550.000000
101.006777 550.000000
100.000000 550.000000
