1880
101.001866 450.000000
102.003732 450.000000
103.005598 450.000000
104.007464 450.000000
105.009330 450.000000
107.013062 450.000000
108.014928 450.000000
109.016794 450.000000
112.022392 450.000000
113.024258 450.000000
115.027990 450.000000
116.029856 450.000000
118.033588 450.000000
119.035454 450.000000
120.037320 450.000000
122.041052 450.000000
124.044784 450.000000
125.046650 450.000000
126.048516 450.000000
127.050382 450.000000
128.052248 450.000000
130.055980 450.000000
131.057846 450.000000
133.061578 450.000000
135.065310 450.000000
136.067177 450.000000
138.070909 450.000000
139.072775 450.000000
140.074641 450.000000
143.080239 450.000000
144.082105 450.000000
148.089569 450.000000
149.091435 450.000000
150.093301 450.000000
151.095167 450.000000
153.098899 450.000000
154.100765 450.000000
155.102631 450.000000
158.108229 450.000000
159.110095 450.000000
160.111961 450.000000
161.113827 450.000000
162.115693 450.000000
163.117559 450.000000
164.119425 450.000000
165.121291 450.000000
169.128755 450.000000
170.130621 450.000000
171.132487 450.000000
172.137169 448.259840
174.648873 443.909441
175.653555 442.169281
176.658236 440.429121
177.160577 439.559042
177.662918 438.688962
178.165259 437.818882
179.169941 436.078722
180.174622 434.338562
181.179304 432.598403
181.681645 431.728323
183.691008 428.248003
184.695690 426.507843
185.198031 425.637764
185.700372 424.767684
186.202712 423.897604
187.709735 421.287364
188.212076 420.417284
189.216757 418.677125
190.221439 416.936965
190.723780 416.066885
191.728462 414.326725
193.235484 411.716486
195.244848 408.236166
197.756552 403.885767
198.761234 402.145607
199.263574 401.275527
199.765915 400.405447
200.770597 398.665288
201.775279 396.925128
203.282301 394.314888
203.784642 393.444808
204.789324 391.704649
205.291665 390.834569
206.296346 389.094409
207.803369 386.484169
208.305710 385.614089
208.808051 384.744010
210.315073 382.133770
212.826777 377.783371
213.329118 376.913291
214.836141 374.303051
215.338482 373.432971
216.343163 371.692811
218.854867 367.342412
219.357208 366.472332
219.859549 365.602252
221.366572 362.992013
222.371253 361.251853
223.878276 358.641613
224.380617 357.771534
224.882958 356.901454
225.887639 355.161294
227.394662 352.551054
227.897003 351.680974
228.399344 350.810895
229.404025 349.070735
229.906366 348.200655
232.418070 343.850256
232.920411 342.980176
233.925093 341.240016
235.432115 338.629776
235.934456 337.759696
236.939138 336.019537
237.441479 335.149457
237.943820 334.279377
239.450842 331.669137
239.953183 330.799057
241.962546 327.318738
242.967228 325.578578
245.981273 320.358099
246.483614 319.488019
248.995318 315.137620
249.497659 314.267540
250.000000 313.397460
251.507023 316.007700
252.009363 316.877779
253.014045 318.617939
253.516386 319.488019
254.018727 320.358099
254.521068 321.228179
255.023408 322.098259
255.525749 322.968339
256.028090 323.838418
258.037454 327.318738
258.539794 328.188818
259.042135 329.058898
261.051499 332.539217
261.553839 333.409297
262.558521 335.149457
263.563203 336.889617
264.065544 337.759696
264.567885 338.629776
265.572566 340.369936
266.577248 342.110096
267.581930 343.850256
268.586611 345.590415
269.088952 346.460495
269.591293 347.330575
270.093634 348.200655
273.610020 354.291214
275.117042 356.901454
275.619383 357.771534
276.121724 358.641613
276.624065 359.511693
277.126406 360.381773
277.628747 361.251853
279.135769 363.862093
280.140451 365.602252
280.642792 366.472332
281.647473 368.212492
283.154496 370.822732
285.666200 375.173131
286.670882 376.913291
288.680245 380.393610
289.182586 381.263690
290.187268 383.003850
290.689609 383.873930
291.191949 384.744010
291.694290 385.614089
292.698972 387.354249
293.201313 388.224329
294.205995 389.964489
295.210676 391.704649
295.713017 392.574728
297.220040 395.184968
297.722380 396.055048
299.229403 398.665288
300.234085 400.405447
300.736426 401.275527
301.741107 403.015687
303.248130 405.625926
306.764516 411.716486
307.266857 412.586565
308.271538 414.326725
309.778561 416.936965
312.792606 422.157444
313.797288 423.897604
314.299628 424.767684
314.801969 425.637764
315.304310 426.507843
315.806651 427.377923
316.811333 429.118083
317.816014 430.858243
319.323037 433.468482
321.332400 436.948802
321.834741 437.818882
322.337082 438.688962
322.839423 439.559042
324.848786 443.039361
325.351127 443.909441
325.853468 444.779521
326.858150 446.519681
327.360490 447.389760
327.862831 448.259840
328.365172 449.129920
328.867513 450.000000
328.867513 450.000000
330.880131 450.000000
331.886440 450.000000
332.892749 450.000000
333.899058 450.000000
334.905366 450.000000
335.911675 450.000000
336.917984 450.000000
337.924293 450.000000
338.930602 450.000000
339.936911 450.000000
340.943220 450.000000
341.949529 450.000000
342.955838 450.000000
343.962147 450.000000
344.968455 450.000000
346.981073 450.000000
347.987382 450.000000
348.993691 450.000000
350.000000 450.000000
351.006309 450.000000
353.018927 450.000000
354.025236 450.000000
355.031545 450.000000
356.037853 450.000000
357.044162 450.000000
358.050471 450.000000
359.056780 450.000000
360.063089 450.000000
362.075707 450.000000
363.082016 450.000000
364.088325 450.000000
365.094634 450.000000
366.100942 450.000000
367.107251 450.000000
368.113560 450.000000
369.119869 450.000000
370.126178 450.000000
371.132487 450.000000
371.132487 450.000000
371.635641 449.128511
372.138796 448.257022
372.641950 447.385533
373.145105 446.514044
373.648259 445.642555
374.151414 444.771066
374.654568 443.899577
375.157722 443.028088
375.660877 442.156599
376.164031 441.285110
376.667186 440.413620
377.170340 439.542131
377.673495 438.670642
378.176649 437.799153
378.679803 436.927664
379.182958 436.056175
380.189267 434.313197
380.692421 433.441708
381.195576 432.570219
381.698730 431.698730
382.705039 429.955752
383.208193 429.084263
383.711348 428.212774
384.214502 427.341285
384.717657 426.469796
385.220811 425.598307
385.723965 424.726818
386.227120 423.855329
386.730274 422.983840
387.736583 421.240861
388.239738 420.369372
388.742892 419.497883
389.246046 418.626394
389.749201 417.754905
390.252355 416.883416
390.755510 416.011927
391.258664 415.140438
391.761819 414.268949
392.264973 413.397460
390.757950 410.787220
390.255610 409.917140
389.753269 409.047061
389.250928 408.176981
388.748587 407.306901
387.743905 405.566741
387.241565 404.696661
386.739224 403.826581
386.236883 402.956501
385.734542 402.086422
383.725179 398.606102
383.222838 397.736022
382.720497 396.865942
381.213474 394.255703
380.711134 393.385623
379.204111 390.775383
378.701770 389.905303
378.199429 389.035223
377.697088 388.165144
376.692407 386.424984
375.687725 384.684824
374.180703 382.074584
372.171339 378.594265
371.166657 376.854105
370.161976 375.113945
369.659635 374.243865
369.157294 373.373786
368.152612 371.633626
366.143249 368.153306
365.640908 367.283226
365.138567 366.413147
364.636226 365.543067
363.129204 362.932827
362.124522 361.192667
361.622181 360.322587
360.115159 357.712348
359.110477 355.972188
358.608136 355.102108
357.603455 353.361948
357.101114 352.491868
355.091750 349.011549
354.589409 348.141469
351.575364 342.920990
350.068342 340.310750
349.566001 339.440670
349.063660 338.570590
347.054297 335.090271
346.551956 334.220191
345.547274 332.480031
344.542593 330.739871
341.026207 324.649312
340.523866 323.779232
340.021525 322.909153
339.519184 322.039073
339.016843 321.168993
338.514502 320.298913
336.505139 316.818593
336.002798 315.948514
334.998116 314.208354
333.993435 312.468194
333.491094 311.598114
332.988753 310.728034
331.984071 308.987875
330.979390 307.247715
329.472367 304.637475
327.463004 301.157156
325.955981 298.546916
325.453640 297.676836
323.946618 295.066596
321.434914 290.716197
319.927891 288.105957
317.918528 284.625638
317.416187 283.755558
316.913846 282.885478
315.909164 281.145318
315.406823 280.275239
313.899801 277.664999
314.402142 276.794919
316.411505 276.794919
319.425550 276.794919
321.434914 276.794919
322.439595 276.794919
323.444277 276.794919
325.453640 276.794919
326.458322 276.794919
329.472367 276.794919
330.477049 276.794919
331.481731 276.794919
335.500457 276.794919
338.514503 276.794919
339.519184 276.794919
340.523866 276.794919
341.528548 276.794919
342.533229 276.794919
346.551956 276.794919
347.556638 276.794919
348.561320 276.794919
349.566001 276.794919
350.570683 276.794919
351.575365 276.794919
352.580046 276.794919
353.584728 276.794919
354.589410 276.794919
356.598773 276.794919
357.603455 276.794919
363.631545 276.794919
366.645590 276.794919
367.650272 276.794919
370.664317 276.794919
373.678362 276.794919
375.687725 276.794919
376.692407 276.794919
379.706452 276.794919
382.720497 276.794919
385.734542 276.794919
386.739224 276.794919
387.743906 276.794919
392.767314 276.794919
393.771996 276.794919
399.800086 276.794919
401.809450 276.794919
402.814131 276.794919
404.823495 276.794919
405.828176 276.794919
406.832858 276.794919
407.837540 276.794919
408.842222 276.794919
410.851585 276.794919
412.860948 276.794919
413.865630 276.794919
416.879675 276.794919
419.893720 276.794919
420.898402 276.794919
421.903084 276.794919
422.907765 276.794919
424.917129 276.794919
425.921810 276.794919
427.931174 276.794919
431.949901 276.794919
433.959264 276.794919
435.968627 276.794919
437.977991 276.794919
443.001399 276.794919
444.006081 276.794919
445.010763 276.794919
447.020126 276.794919
449.029490 276.794919
454.052898 276.794919
460.080988 276.794919
461.085670 276.794919
462.090352 276.794919
463.095033 276.794919
464.099715 276.794919
465.104397 276.794919
466.109078 276.794919
467.113760 276.794919
469.123124 276.794919
471.132487 276.794919
473.644191 272.444520
474.146532 271.574440
474.648873 270.704360
475.151214 269.834280
476.155895 268.094120
476.658236 267.224040
477.160577 266.353961
479.672281 262.003561
484.695690 253.302762
486.202712 250.692523
487.207394 248.952363
487.709735 248.082283
488.212076 247.212203
488.714417 246.342123
490.221439 243.731884
491.226121 241.991724
492.230803 240.251564
493.737825 237.641325
495.244848 235.031085
495.747189 234.161005
499.765915 227.200366
501.272938 224.590127
501.775279 223.720047
504.286983 219.369647
505.291665 217.629488
506.798687 215.019248
507.301028 214.149168
510.817414 208.058609
511.319755 207.188529
512.826777 204.578290
513.329118 203.708210
513.831459 202.838130
514.333800 201.968050
514.836141 201.097970
515.338482 200.227890
515.840822 199.357810
517.347845 196.747571
519.859549 192.397171
520.864231 190.657012
521.366572 189.786932
522.371253 188.046772
522.873594 187.176692
523.878276 185.436532
527.394662 179.345973
528.399344 177.605814
529.404025 175.865654
531.413389 172.385334
531.915730 171.515254
532.418070 170.645175
532.920411 169.775095
533.422752 168.905015
534.427434 167.164855
534.929775 166.294775
536.436797 163.684536
537.943820 161.074296
539.450842 158.464056
539.953183 157.593976
540.957865 155.853817
541.460206 154.983737
542.464887 153.243577
543.971910 150.633337
544.976592 148.893178
545.478932 148.023098
545.981273 147.153018
546.483614 146.282938
546.985955 145.412858
548.995318 141.932539
550.000000 140.192379
552.009363 143.672698
554.521068 148.023098
555.023408 148.893178
557.032772 152.373497
558.539794 154.983737
559.042135 155.853817
559.544476 156.723897
560.046817 157.593976
561.553839 160.204216
563.060862 162.814456
564.065544 164.554615
565.572566 167.164855
566.074907 168.034935
567.581930 170.645175
568.084270 171.515254
569.591293 174.125494
570.093634 174.995574
570.595975 175.865654
572.605338 179.345973
573.107679 180.216053
573.610020 181.086133
575.117042 183.696373
575.619383 184.566453
576.624065 186.306612
577.126406 187.176692
579.135769 190.657012
580.642792 193.267251
581.647473 195.007411
582.149814 195.877491
583.154496 197.617651
584.661518 200.227890
586.168541 202.838130
587.173223 204.578290
588.177904 206.318449
589.684927 208.928689
591.694290 212.409008
592.698972 214.149168
594.205995 216.759408
595.713017 219.369647
598.727062 224.590127
599.731744 226.330286
600.234085 227.200366
600.736426 228.070446
601.238766 228.940526
603.248130 232.420845
603.750471 233.290925
604.755152 235.031085
605.257493 235.901165
606.262175 237.641325
606.764516 238.511405
607.769197 240.251564
608.271538 241.121644
610.783243 245.472044
611.285583 246.342123
611.787924 247.212203
612.290265 248.082283
614.801969 252.432683
615.304310 253.302762
615.806651 254.172842
616.308992 255.042922
616.811333 255.913002
617.313674 256.783082
618.318355 258.523242
618.820696 259.393322
619.323037 260.263401
620.830059 262.873641
621.834741 264.613801
622.839423 266.353961
625.351127 270.704360
625.853468 271.574440
628.867513 276.794919
630.876876 276.794919
632.886240 276.794919
633.890922 276.794919
634.895603 276.794919
637.909648 276.794919
638.914330 276.794919
646.951784 276.794919
649.965829 276.794919
651.975192 276.794919
656.998601 276.794919
663.026691 276.794919
665.036054 276.794919
666.040736 276.794919
673.073508 276.794919
674.078190 276.794919
676.087553 276.794919
678.096916 276.794919
679.101598 276.794919
682.115643 276.794919
683.120325 276.794919
687.139052 276.794919
688.143733 276.794919
689.148415 276.794919
692.162460 276.794919
693.167142 276.794919
695.176505 276.794919
696.181187 276.794919
699.195232 276.794919
700.199914 276.794919
702.209277 276.794919
703.213959 276.794919
705.223322 276.794919
706.228004 276.794919
714.265458 276.794919
716.274821 276.794919
717.279503 276.794919
718.284184 276.794919
719.288866 276.794919
720.293548 276.794919
723.307593 276.794919
725.316956 276.794919
727.326320 276.794919
729.335683 276.794919
731.345046 276.794919
732.349728 276.794919
733.354410 276.794919
735.363773 276.794919
736.368455 276.794919
737.373137 276.794919
738.377818 276.794919
739.382500 276.794919
741.391863 276.794919
742.396545 276.794919
743.401227 276.794919
746.415272 276.794919
750.433999 276.794919
756.462089 276.794919
759.476134 276.794919
763.494861 276.794919
768.518269 276.794919
769.522951 276.794919
774.546360 276.794919
777.560405 276.794919
778.565086 276.794919
780.574450 276.794919
786.100199 277.664999
785.597858 278.535079
785.095517 279.405159
784.090836 281.145318
782.583813 283.755558
781.579132 285.495718
779.569768 288.976037
778.565086 290.716197
777.560405 292.456357
776.053382 295.066596
775.551041 295.936676
775.048701 296.806756
773.541678 299.416996
771.029974 303.767395
770.025292 305.507555
769.020610 307.247715
766.508906 311.598114
766.006565 312.468194
765.504224 313.338274
765.001884 314.208354
763.997202 315.948514
763.494861 316.818593
762.992520 317.688673
761.485498 320.298913
759.476134 323.779232
757.969112 326.389472
757.466771 327.259552
756.964430 328.129632
754.955067 331.609951
754.452726 332.480031
753.950385 333.350111
753.448044 334.220191
750.936340 338.570590
750.433999 339.440670
747.922295 343.791070
747.419954 344.661150
746.917613 345.531229
744.908250 349.011549
744.405909 349.881629
741.894205 354.232028
740.387182 356.842268
738.880160 359.452508
736.368455 363.802907
734.861433 366.413147
733.354410 369.023386
731.345047 372.503706
730.340365 374.243865
729.838024 375.113945
729.335683 375.984025
728.833343 376.854105
728.331002 377.724185
727.326320 379.464345
726.823979 380.334425
725.819297 382.074584
723.307593 386.424984
719.791207 392.515543
719.288866 393.385623
716.777162 397.736022
715.772481 399.476182
715.270140 400.346262
713.763117 402.956501
713.260776 403.826581
712.256095 405.566741
708.739709 411.657300
708.237368 412.527380
707.735027 413.397460
708.238181 414.268949
708.741336 415.140438
709.244490 416.011927
710.250799 417.754905
710.753954 418.626394
711.257108 419.497883
711.760262 420.369372
712.263417 421.240861
712.766571 422.112350
713.269726 422.983840
713.772880 423.855329
714.276035 424.726818
714.779189 425.598307
715.282343 426.469796
715.785498 427.341285
716.288652 428.212774
716.791807 429.084263
717.294961 429.955752
717.798116 430.827241
718.301270 431.698730
718.804424 432.570219
719.307579 433.441708
719.810733 434.313197
720.313888 435.184686
720.817042 436.056175
721.320197 436.927664
721.823351 437.799153
722.326505 438.670642
722.829660 439.542131
723.332814 440.413620
723.835969 441.285110
724.339123 442.156599
724.842278 443.028088
725.345432 443.899577
725.848586 444.771066
726.351741 445.642555
726.854895 446.514044
727.358050 447.385533
727.861204 448.257022
728.364359 449.128511
728.867513 450.000000
728.867513 450.000000
729.873822 450.000000
730.880131 450.000000
731.886440 450.000000
732.892749 450.000000
733.899058 450.000000
734.905366 450.000000
735.911675 450.000000
736.917984 450.000000
737.924293 450.000000
738.930602 450.000000
739.936911 450.000000
742.955838 450.000000
743.962147 450.000000
744.968455 450.000000
745.974764 450.000000
746.981073 450.000000
748.993691 450.000000
750.000000 450.000000
751.006309 450.000000
752.012618 450.000000
753.018927 450.000000
754.025236 450.000000
755.031545 450.000000
756.037853 450.000000
757.044162 450.000000
758.050471 450.000000
759.056780 450.000000
760.063089 450.000000
761.069398 450.000000
762.075707 450.000000
763.082016 450.000000
765.094634 450.000000
766.100942 450.000000
767.107251 450.000000
768.113560 450.000000
770.126178 450.000000
771.132487 450.000000
772.137169 448.259840
773.141850 446.519681
775.151214 443.039361
775.653555 442.169281
776.658236 440.429121
777.160577 439.559042
777.662918 438.688962
778.667600 436.948802
779.169941 436.078722
780.174622 434.338562
781.179304 432.598403
784.193349 427.377923
784.695690 426.507843
785.198031 425.637764
788.714417 419.547204
789.216757 418.677125
792.733143 412.586565
793.235484 411.716486
793.737825 410.846406
796.751870 405.625926
801.272938 397.795208
802.779960 395.184968
803.784642 393.444808
804.286983 392.574728
805.794005 389.964489
806.798687 388.224329
807.301028 387.354249
808.305710 385.614089
808.808051 384.744010
810.315073 382.133770
813.329118 376.913291
816.343163 371.692811
817.850186 369.082572
818.854867 367.342412
820.361890 364.732172
820.864231 363.862093
821.868913 362.121933
823.375935 359.511693
824.380617 357.771534
825.385298 356.031374
826.389980 354.291214
826.892321 353.421134
828.901684 349.940815
829.404025 349.070735
830.911048 346.460495
831.915730 344.720335
834.427434 340.369936
835.432115 338.629776
835.934456 337.759696
837.441479 335.149457
838.446161 333.409297
839.953183 330.799057
840.957865 329.058898
841.460206 328.188818
841.962546 327.318738
842.464887 326.448658
842.967228 325.578578
844.474251 322.968339
847.488296 317.747859
847.990637 316.877779
848.492977 316.007700
848.995318 315.137620
849.497659 314.267540
850.000000 313.397460
851.004682 315.137620
853.516386 319.488019
855.023408 322.098259
855.525749 322.968339
856.028090 323.838418
856.530431 324.708498
858.037454 327.318738
859.544476 329.928978
860.549158 331.669137
861.051499 332.539217
862.056180 334.279377
864.065544 337.759696
864.567885 338.629776
865.572566 340.369936
866.577248 342.110096
867.079589 342.980176
871.600656 350.810895
872.102997 351.680974
872.605338 352.551054
873.107679 353.421134
873.610020 354.291214
874.112361 355.161294
874.614702 356.031374
876.624065 359.511693
877.126406 360.381773
877.628747 361.251853
879.135769 363.862093
879.638110 364.732172
880.140451 365.602252
880.642792 366.472332
882.149814 369.082572
883.154496 370.822732
883.656837 371.692811
884.661518 373.432971
886.168541 376.043211
887.675564 378.653450
889.182586 381.263690
889.684927 382.133770
890.187268 383.003850
890.689609 383.873930
891.191949 384.744010
891.694290 385.614089
893.703654 389.094409
895.210676 391.704649
895.713017 392.574728
896.717699 394.314888
897.220040 395.184968
897.722380 396.055048
900.234085 400.405447
901.741107 403.015687
903.248130 405.625926
903.750471 406.496006
904.755152 408.236166
905.759834 409.976326
906.764516 411.716486
908.271538 414.326725
909.276220 416.066885
910.280902 417.807045
911.787924 420.417284
912.290265 421.287364
913.294947 423.027524
914.801969 425.637764
915.806651 427.377923
918.318355 431.728323
919.825378 434.338562
920.830059 436.078722
924.346445 442.169281
925.853468 444.779521
926.858150 446.519681
927.360490 447.389760
927.862831 448.259840
928.867513 450.000000
928.867513 450.000000
929.869379 450.000000
930.871245 450.000000
931.873111 450.000000
932.874977 450.000000
933.876843 450.000000
934.878709 450.000000
935.880575 450.000000
937.884307 450.000000
939.888039 450.000000
940.889905 450.000000
941.891771 450.000000
942.893637 450.000000
943.895503 450.000000
946.901101 450.000000
947.902967 450.000000
948.904833 450.000000
949.906699 450.000000
950.908565 450.000000
952.912297 450.000000
953.914163 450.000000
954.916029 450.000000
955.917895 450.000000
956.919761 450.000000
957.921627 450.000000
958.923493 450.000000
963.932823 450.000000
965.936556 450.000000
966.938422 450.000000
967.940288 450.000000
968.942154 450.000000
969.944020 450.000000
970.945886 450.000000
971.947752 450.000000
972.949618 450.000000
975.955216 450.000000
976.957082 450.000000
977.958948 450.000000
978.960814 450.000000
979.962680 450.000000
980.964546 450.000000
981.966412 450.000000
982.968278 450.000000
983.970144 450.000000
984.972010 450.000000
986.975742 450.000000
987.977608 450.000000
990.983206 450.000000
991.985072 450.000000
993.988804 450.000000
995.992536 450.000000
996.994402 450.000000
998.998134 450.000000
1000.000000 450.000000
1000.000000 451.000000
1000.000000 454.000000
1000.000000 455.000000
1000.000000 457.000000
1000.000000 458.000000
1000.000000 459.000000
1000.000000 461.000000
1000.000000 465.000000
1000.000000 466.000000
1000.000000 468.000000
1000.000000 469.000000
1000.000000 470.000000
1000.000000 473.000000
1000.000000 474.000000
1000.000000 475.000000
1000.000000 476.000000
1000.000000 477.000000
1000.000000 478.000000
1000.000000 481.000000
1000.000000 482.000000
1000.000000 483.000000
1000.000000 484.000000
1000.000000 486.000000
1000.000000 487.000000
1000.000000 489.000000
1000.000000 490.000000
1000.000000 492.000000
1000.000000 494.000000
1000.000000 495.000000
1000.000000 496.000000
1000.000000 497.000000
1000.000000 498.000000
1000.000000 499.000000
1000.000000 500.000000
1000.000000 501.000000
1000.000000 502.000000
1000.000000 504.000000
1000.000000 506.000000
1000.000000 507.000000
1000.000000 508.000000
1000.000000 509.000000
1000.000000 510.000000
1000.000000 511.000000
1000.000000 512.000000
1000.000000 514.000000
1000.000000 516.000000
1000.000000 517.000000
1000.000000 520.000000
1000.000000 521.000000
1000.000000 522.000000
1000.000000 524.000000
1000.000000 525.000000
1000.000000 527.000000
1000.000000 528.000000
1000.000000 529.000000
1000.000000 530.000000
1000.000000 532.000000
1000.000000 533.000000
1000.000000 534.000000
1000.000000 535.000000
1000.000000 538.000000
1000.000000 539.000000
1000.000000 540.000000
1000.000000 541.000000
1000.000000 546.000000
1000.000000 549.000000
1000.000000 550.000000
998.993223 550.000000
997.986445 550.000000
996.979668 550.000000
995.972890 550.000000
993.959335 550.000000
992.952558 550.000000
991.945780 550.000000
990.939003 550.000000
988.925448 550.000000
986.911893 550.000000
985.905116 550.000000
984.898338 550.000000
983.891561 550.000000
982.884783 550.000000
980.871229 550.000000
979.864451 550.000000
977.850896 550.000000
974.830564 550.000000
973.823786 550.000000
972.817009 550.000000
971.810232 550.000000
970.803454 550.000000
968.789899 550.000000
967.783122 550.000000
966.776344 550.000000
964.762789 550.000000
963.756012 550.000000
962.749235 550.000000
961.742457 550.000000
960.735680 550.000000
955.701792 550.000000
954.695015 550.000000
951.674683 550.000000
950.667905 550.000000
949.661128 550.000000
948.654350 550.000000
945.634018 550.000000
944.627241 550.000000
943.620463 550.000000
941.606908 550.000000
938.586576 550.000000
935.566243 550.000000
931.539134 550.000000
928.518801 550.000000
927.512024 550.000000
926.505246 550.000000
923.484914 550.000000
921.471359 550.000000
920.464582 550.000000
919.457804 550.000000
918.451027 550.000000
916.437472 550.000000
913.417140 550.000000
912.410362 550.000000
911.403585 550.000000
910.396807 550.000000
908.383252 550.000000
906.369698 550.000000
905.362920 550.000000
904.356143 550.000000
903.349365 550.000000
902.342588 550.000000
901.335810 550.000000
900.329033 550.000000
894.288368 550.000000
890.261258 550.000000
885.227371 550.000000
884.220594 550.000000
883.213816 550.000000
882.207039 550.000000
880.193484 550.000000
879.186707 550.000000
877.173152 550.000000
875.159597 550.000000
874.152819 550.000000
872.139264 550.000000
871.132487 550.000000
870.629333 549.128511
870.126178 548.257022
869.623024 547.385533
869.119869 546.514044
868.616715 545.642555
868.113560 544.771066
867.610406 543.899577
867.107251 543.028088
866.604097 542.156599
866.100942 541.285110
865.597788 540.413620
865.094634 539.542131
864.591479 538.670642
864.088325 537.799153
863.585170 536.927664
863.082016 536.056175
862.578861 535.184686
862.075707 534.313197
861.572552 533.441708
861.069398 532.570219
860.566243 531.698730
860.063089 530.827241
859.559935 529.955752
859.056780 529.084263
858.553626 528.212774
858.050471 527.341285
857.547317 526.469796
857.044162 525.598307
856.541008 524.726818
856.037853 523.855329
855.534699 522.983840
855.031545 522.112350
854.528390 521.240861
854.025236 520.369372
853.522081 519.497883
853.018927 518.626394
852.515772 517.754905
852.012618 516.883416
851.509463 516.011927
851.006309 515.140438
850.503154 514.268949
850.000000 513.397460
849.496846 514.268949
848.993691 515.140438
848.490537 516.011927
847.987382 516.883416
847.484228 517.754905
846.981073 518.626394
846.477919 519.497883
845.974764 520.369372
845.471610 521.240861
844.968455 522.112350
844.465301 522.983840
843.962147 523.855329
842.955838 525.598307
842.452683 526.469796
841.949529 527.341285
840.943220 529.084263
840.440065 529.955752
839.936911 530.827241
839.433757 531.698730
838.930602 532.570219
838.427448 533.441708
837.924293 534.313197
837.421139 535.184686
836.917984 536.056175
836.414830 536.927664
835.911675 537.799153
835.408521 538.670642
834.905366 539.542131
834.402212 540.413620
833.899058 541.285110
833.395903 542.156599
832.892749 543.028088
831.886440 544.771066
831.383285 545.642555
830.880131 546.514044
830.376976 547.385533
829.873822 548.257022
828.867513 550.000000
827.862831 550.000000
826.858150 550.000000
825.853468 550.000000
824.848786 550.000000
823.844105 550.000000
822.839423 550.000000
821.834741 550.000000
818.820696 550.000000
815.806651 550.000000
814.801969 550.000000
811.787924 550.000000
810.783243 550.000000
809.778561 550.000000
808.773879 550.000000
807.769197 550.000000
806.764516 550.000000
804.755152 550.000000
796.717699 550.000000
795.713017 550.000000
794.708335 550.000000
792.698972 550.000000
790.689609 550.000000
787.675564 550.000000
784.661518 550.000000
782.652155 550.000000
781.647473 550.000000
779.638110 550.000000
771.600656 550.000000
770.595975 550.000000
767.581930 550.000000
765.572566 550.000000
761.553839 550.000000
757.535113 550.000000
755.525749 550.000000
750.502341 550.000000
744.474251 550.000000
741.460206 550.000000
739.450842 550.000000
738.446161 550.000000
735.432115 550.000000
734.427434 550.000000
733.422752 550.000000
730.408707 550.000000
729.404025 550.000000
727.394662 550.000000
726.389980 550.000000
722.371253 550.000000
718.352527 550.000000
717.347845 550.000000
714.333800 550.000000
711.319755 550.000000
710.315073 550.000000
708.305710 550.000000
704.286983 550.000000
702.277620 550.000000
700.268256 550.000000
698.258893 550.000000
697.254211 550.000000
696.249529 550.000000
686.202712 550.000000
684.193349 550.000000
682.183986 550.000000
681.179304 550.000000
680.174622 550.000000
677.160577 550.000000
676.155895 550.000000
675.151214 550.000000
674.146532 550.000000
671.132487 550.000000
670.630146 549.129920
669.625464 547.389760
669.123124 546.519681
668.620783 545.649601
666.611419 542.169281
662.090352 534.338562
661.085670 532.598403
660.080988 530.858243
659.578647 529.988163
658.573966 528.248003
658.071625 527.377923
657.569284 526.507843
657.066943 525.637764
656.062261 523.897604
655.057580 522.157444
654.555239 521.287364
654.052898 520.417284
653.048216 518.677125
652.545875 517.807045
652.043535 516.936965
651.038853 515.196805
649.029489 511.716486
648.024808 509.976326
646.517785 507.366086
645.010763 504.755847
644.006081 503.015687
643.001399 501.275527
637.977991 492.574728
636.973309 490.834569
636.470968 489.964489
635.968627 489.094409
634.963946 487.354249
634.461605 486.484169
633.959264 485.614089
633.456923 484.744010
632.954582 483.873930
630.442878 479.523530
629.940537 478.653450
629.438196 477.783371
627.931174 475.173131
627.428833 474.303051
626.926492 473.432971
625.419469 470.822732
624.917128 469.952652
623.410106 467.342412
622.907765 466.472332
622.405424 465.602252
621.400743 463.862093
620.898402 462.992013
619.391379 460.381773
618.889038 459.511693
617.382016 456.901454
616.377334 455.161294
615.874993 454.291214
614.367971 451.680974
613.363289 449.940815
611.353925 446.460495
610.349244 444.720335
609.846903 443.850256
608.842221 442.110096
608.339880 441.240016
607.837539 440.369936
603.818813 433.409297
603.316472 432.539217
602.311790 430.799057
601.809449 429.928978
601.307108 429.058898
600.804768 428.188818
598.795404 424.708498
595.781359 419.488019
595.279018 418.617939
593.771996 416.007700
592.264973 413.397460
592.768127 412.525971
593.271282 411.654482
593.774436 410.782993
594.277591 409.911504
594.780745 409.040015
595.787054 407.297036
596.290209 406.425547
596.793363 405.554058
597.296518 404.682569
597.799672 403.811080
598.302826 402.939591
598.805981 402.068102
599.309135 401.196613
599.812290 400.325124
600.315444 399.453635
600.818599 398.582146
601.321753 397.710657
602.328062 395.967679
603.334371 394.224700
603.837525 393.353211
604.843834 391.610233
605.346989 390.738744
605.850143 389.867255
606.353298 388.995766
606.856452 388.124277
607.359607 387.252788
607.862761 386.381299
608.869070 384.638321
609.372224 383.766832
609.875379 382.895342
610.378533 382.023853
610.881688 381.152364
611.384842 380.280875
611.887997 379.409386
612.391151 378.537897
612.894306 377.666408
613.397460 376.794919
613.397460 376.794919
612.391151 376.794919
611.384842 376.794919
610.378533 376.794919
609.372224 376.794919
608.365916 376.794919
607.359607 376.794919
606.353298 376.794919
605.346989 376.794919
604.340680 376.794919
603.334371 376.794919
602.328062 376.794919
601.321753 376.794919
600.315445 376.794919
599.309136 376.794919
598.302827 376.794919
596.290209 376.794919
595.283900 376.794919
594.277591 376.794919
592.264973 376.794919
591.258665 376.794919
590.252356 376.794919
589.246047 376.794919
588.239738 376.794919
587.233429 376.794919
586.227120 376.794919
585.220811 376.794919
584.214502 376.794919
583.208194 376.794919
582.201885 376.794919
581.195576 376.794919
580.189267 376.794919
579.182958 376.794919
578.176649 376.794919
577.170340 376.794919
575.157723 376.794919
574.151414 376.794919
573.145105 376.794919
572.138796 376.794919
571.132487 376.794919
571.132487 376.794919
570.629333 375.923430
569.623024 374.180452
569.119869 373.308963
568.616715 372.437474
568.113560 371.565985
567.610406 370.694496
567.107251 369.823007
566.604097 368.951518
566.100942 368.080029
565.597788 367.208539
565.094634 366.337050
564.591479 365.465561
564.088325 364.594072
563.585170 363.722583
563.082016 362.851094
562.578861 361.979605
562.075707 361.108116
561.572552 360.236627
561.069398 359.365138
560.566243 358.493649
560.063089 357.622160
559.559935 356.750671
559.056780 355.879182
558.553626 355.007693
558.050471 354.136204
557.547317 353.264715
557.044162 352.393226
556.541008 351.521737
556.037853 350.650248
555.534699 349.778759
555.031545 348.907269
554.528390 348.035780
554.025236 347.164291
553.522081 346.292802
553.018927 345.421313
552.515772 344.549824
552.012618 343.678335
551.509463 342.806846
551.006309 341.935357
550.503154 341.063868
550.000000 340.192379
550.000000 340.192379
548.993691 341.935357
548.490537 342.806846
547.987382 343.678335
547.484228 344.549824
546.981073 345.421313
546.477919 346.292802
545.471610 348.035780
544.968455 348.907269
544.465301 349.778759
543.962147 350.650248
543.458992 351.521737
542.955838 352.393226
542.452683 353.264715
541.949529 354.136204
541.446374 355.007693
540.943220 355.879182
539.433757 358.493649
538.930602 359.365138
538.427448 360.236627
537.924293 361.108116
537.421139 361.979605
536.917984 362.851094
536.414830 363.722583
535.911675 364.594072
535.408521 365.465561
534.905366 366.337050
534.402212 367.208539
533.899058 368.080029
532.892749 369.823007
531.886440 371.565985
531.383285 372.437474
530.880131 373.308963
529.873822 375.051941
529.370667 375.923430
528.867513 376.794919
528.867513 376.794919
527.861204 376.794919
526.854895 376.794919
525.848586 376.794919
524.842277 376.794919
523.835969 376.794919
522.829660 376.794919
521.823351 376.794919
520.817042 376.794919
518.804424 376.794919
517.798115 376.794919
516.791806 376.794919
515.785498 376.794919
514.779189 376.794919
513.772880 376.794919
512.766571 376.794919
511.760262 376.794919
510.753953 376.794919
509.747644 376.794919
508.741335 376.794919
507.735027 376.794919
506.728718 376.794919
504.716100 376.794919
503.709791 376.794919
502.703482 376.794919
501.697173 376.794919
500.690864 376.794919
499.684555 376.794919
498.678247 376.794919
497.671938 376.794919
496.665629 376.794919
495.659320 376.794919
494.653011 376.794919
493.646702 376.794919
492.640393 376.794919
491.634084 376.794919
490.627776 376.794919
488.615158 376.794919
487.608849 376.794919
486.602540 376.794919
486.602540 376.794919
487.105694 377.666408
487.608849 378.537897
488.112003 379.409386
488.615158 380.280875
489.118312 381.152364
489.621467 382.023853
490.124621 382.895342
490.627776 383.766832
491.634085 385.509810
492.137239 386.381299
492.640393 387.252788
493.143548 388.124277
493.646702 388.995766
494.149857 389.867255
494.653011 390.738744
495.156166 391.610233
495.659320 392.481722
496.162475 393.353211
496.665629 394.224700
497.168784 395.096190
497.671938 395.967679
498.175092 396.839168
498.678247 397.710657
499.181401 398.582146
500.187710 400.325124
500.690865 401.196613
501.194019 402.068102
501.697174 402.939591
502.200328 403.811080
502.703482 404.682569
503.206637 405.554058
503.709791 406.425547
504.212946 407.297036
504.716100 408.168526
505.219255 409.040015
505.722409 409.911504
506.225564 410.782993
506.728718 411.654482
507.231873 412.525971
507.735027 413.397460
505.725664 416.877779
505.223323 417.747859
504.720982 418.617939
504.218641 419.488019
503.716300 420.358099
503.213959 421.228179
502.711618 422.098259
502.209278 422.968339
501.204596 424.708498
500.199914 426.448658
499.697573 427.318738
498.190551 429.928978
497.688210 430.799057
497.185869 431.669137
496.181187 433.409297
495.678847 434.279377
494.171824 436.889617
492.664801 439.499856
492.162461 440.369936
491.157779 442.110096
489.650756 444.720335
489.148415 445.590415
487.641393 448.200655
486.636711 449.940815
486.134370 450.810895
482.115643 457.771534
481.613303 458.641613
481.110962 459.511693
480.608621 460.381773
479.101598 462.992013
478.599257 463.862093
478.096917 464.732172
476.087553 468.212492
475.585212 469.082572
474.078190 471.692811
473.575849 472.562891
470.059463 478.653450
467.547759 483.003850
467.045418 483.873930
466.040736 485.614089
465.538395 486.484169
464.533714 488.224329
464.031373 489.094409
463.026691 490.834569
461.519668 493.444808
458.003283 499.535367
456.998601 501.275527
456.496260 502.145607
455.491578 503.885767
454.486897 505.625926
453.984556 506.496006
452.477533 509.106246
451.975192 509.976326
450.468170 512.586565
449.965829 513.456645
449.463488 514.326725
447.956465 516.936965
445.947102 520.417284
445.444761 521.287364
443.937739 523.897604
442.933057 525.637764
442.430716 526.507843
440.923693 529.118083
439.416671 531.728323
438.411989 533.468482
437.407308 535.208642
436.904967 536.078722
436.402626 536.948802
435.900285 537.818882
434.895603 539.559042
434.393262 540.429121
433.388581 542.169281
432.886240 543.039361
431.379217 545.649601
430.374536 547.389760
429.872195 548.259840
429.369854 549.129920
428.867513 550.000000
427.862831 550.000000
426.858150 550.000000
425.853468 550.000000
422.839423 550.000000
420.830059 550.000000
419.825378 550.000000
416.811333 550.000000
415.806651 550.000000
414.801969 550.000000
412.792606 550.000000
410.783243 550.000000
409.778561 550.000000
408.773879 550.000000
407.769197 550.000000
404.755152 550.000000
402.745789 550.000000
396.717699 550.000000
394.708335 550.000000
393.703654 550.000000
389.684927 550.000000
384.661518 550.000000
381.647473 550.000000
380.642792 550.000000
379.638110 550.000000
377.628747 550.000000
376.624065 550.000000
371.600656 550.000000
368.586611 550.000000
366.577248 550.000000
362.558521 550.000000
361.553839 550.000000
359.544476 550.000000
358.539794 550.000000
356.530431 550.000000
354.521068 550.000000
352.511704 550.000000
351.507023 550.000000
350.502341 550.000000
349.497659 550.000000
348.492977 550.000000
347.488296 550.000000
343.469569 550.000000
342.464887 550.000000
339.450842 550.000000
327.394662 550.000000
323.375935 550.000000
321.366572 550.000000
318.352527 550.000000
316.343163 550.000000
314.333800 550.000000
307.301028 550.000000
305.291665 550.000000
303.282301 550.000000
301.272938 550.000000
299.263574 550.000000
298.258893 550.000000
294.240166 550.000000
293.235484 550.000000
291.226121 550.000000
288.212076 550.000000
287.207394 550.000000
286.202712 550.000000
285.198031 550.000000
281.179304 550.000000
280.174622 550.000000
279.169941 550.000000
276.155895 550.000000
274.146532 550.000000
273.141850 550.000000
271.132487 550.000000
270.126178 548.257022
269.623024 547.385533
269.119869 546.514044
268.616715 545.642555
268.113560 544.771066
267.610406 543.899577
267.107251 543.028088
265.597788 540.413620
265.094634 539.542131
264.591479 538.670642
264.088325 537.799153
263.585170 536.927664
263.082016 536.056175
262.578861 535.184686
262.075707 534.313197
261.572552 533.441708
260.566244 531.698730
260.063089 530.827241
259.559935 529.955752
259.056780 529.084263
258.553626 528.212774
258.050471 527.341285
257.547317 526.469796
257.044162 525.598307
256.541008 524.726818
256.037853 523.855329
255.534699 522.983840
255.031545 522.112350
254.528390 521.240861
254.025236 520.369372
253.018927 518.626394
252.515772 517.754905
252.012618 516.883416
251.509463 516.011927
251.006309 515.140438
250.503154 514.268949
250.000000 513.397460
250.000000 513.397460
248.993691 515.140438
248.490537 516.011927
247.987382 516.883416
247.484228 517.754905
246.981073 518.626394
246.477919 519.497883
245.974764 520.369372
245.471610 521.240861
244.968455 522.112350
243.962147 523.855329
242.955838 525.598307
242.452683 526.469796
241.949529 527.341285
241.446374 528.212774
240.943220 529.084263
240.440065 529.955752
239.936911 530.827241
239.433757 531.698730
238.930602 532.570219
238.427448 533.441708
237.924293 534.313197
237.421139 535.184686
236.917984 536.056175
236.414830 536.927664
235.911675 537.799153
235.408521 538.670642
234.905366 539.542131
234.402212 540.413620
233.899058 541.285110
233.395903 542.156599
232.892749 543.028088
232.389594 543.899577
231.886440 544.771066
231.383285 545.642555
230.880131 546.514044
230.376976 547.385533
229.873822 548.257022
229.370667 549.128511
228.867513 550.000000
225.847181 550.000000
224.840403 550.000000
223.833626 550.000000
221.820071 550.000000
220.813293 550.000000
219.806516 550.000000
218.799739 550.000000
217.792961 550.000000
216.786184 550.000000
212.759074 550.000000
211.752296 550.000000
210.745519 550.000000
209.738742 550.000000
208.731964 550.000000
207.725187 550.000000
205.711632 550.000000
202.691299 550.000000
200.677745 550.000000
199.670967 550.000000
198.664190 550.000000
193.630302 550.000000
191.616748 550.000000
190.609970 550.000000
189.603193 550.000000
188.596415 550.000000
187.589638 550.000000
185.576083 550.000000
184.569305 550.000000
180.542196 550.000000
179.535418 550.000000
177.521863 550.000000
176.515086 550.000000
174.501531 550.000000
172.487976 550.000000
170.474421 550.000000
168.460866 550.000000
163.426979 550.000000
162.420202 550.000000
161.413424 550.000000
159.399869 550.000000
157.386314 550.000000
156.379537 550.000000
154.365982 550.000000
151.345650 550.000000
150.338872 550.000000
149.332095 550.000000
148.325317 550.000000
147.318540 550.000000
146.311762 550.000000
142.284653 550.000000
140.271098 550.000000
132.216878 550.000000
130.203323 550.000000
129.196546 550.000000
128.189768 550.000000
127.182991 550.000000
126.176214 550.000000
125.169436 550.000000
124.162659 550.000000
120.135549 550.000000
118.121994 550.000000
117.115217 550.000000
116.108439 550.000000
115.101662 550.000000
114.094884 550.000000
109.060997 550.000000
108.054220 550.000000
107.047442 550.000000
106.040665 550.000000
102.013555 550.000000
101.006777 550.000000
