840
100.000000 450.000000
107.003422 450.000000
109.004400 450.000000
115.007333 450.000000
116.007822 450.000000
117.008311 450.000000
118.008800 450.000000
121.010266 450.000000
125.012222 450.000000
126.012711 450.000000
127.013200 450.000000
134.016622 450.000000
135.017111 450.000000
136.017600 450.000000
138.018577 450.000000
141.020044 450.000000
142.020533 450.000000
143.021022 450.000000
145.022000 450.000000
149.023955 450.000000
150.024444 450.000000
151.024933 450.000000
157.027866 450.000000
158.028355 450.000000
161.029822 450.000000
165.031777 450.000000
166.032266 450.000000
167.032755 450.000000
168.033244 450.000000
169.033733 450.000000
174.036177 450.000000
176.037155 450.000000
177.037644 450.000000
183.040577 450.000000
187.042533 450.000000
190.043999 450.000000
191.044488 450.000000
196.046933 450.000000
199.048399 450.000000
200.048888 450.000000
202.049866 450.000000
204.050844 450.000000
205.051332 450.000000
208.052799 450.000000
209.053288 450.000000
210.053777 450.000000
211.054266 450.000000
212.054755 450.000000
214.055732 450.000000
216.056710 450.000000
220.058666 450.000000
221.059155 450.000000
225.061110 450.000000
227.062088 450.000000
228.062577 450.000000
232.064532 450.000000
234.065510 450.000000
235.065999 450.000000
238.067465 450.000000
240.068443 450.000000
243.069910 450.000000
247.071865 450.000000
252.074310 450.000000
253.074799 450.000000
255.075776 450.000000
258.077243 450.000000
259.077732 450.000000
262.079199 450.000000
263.079687 450.000000
264.080176 450.000000
266.081154 450.000000
272.084087 450.000000
278.087021 450.000000
280.087998 450.000000
284.089954 450.000000
287.091421 450.000000
289.092398 450.000000
293.094354 450.000000
298.096798 450.000000
300.097776 450.000000
301.098265 450.000000
303.099243 450.000000
305.100220 450.000000
311.103154 450.000000
320.107554 450.000000
323.109020 450.000000
325.109998 450.000000
326.110487 450.000000
333.113909 450.000000
339.116842 450.000000
340.117331 450.000000
341.117820 450.000000
343.118798 450.000000
349.121731 450.000000
351.122709 450.000000
361.127598 450.000000
364.129064 450.000000
365.129553 450.000000
366.130042 450.000000
367.130531 450.000000
369.131509 450.000000
373.136604 446.528766
374.138663 444.793149
375.641752 442.189724
379.649987 435.247256
381.153076 432.643831
383.157193 429.172597
384.660282 426.569172
386.664399 423.097938
388.167488 420.494512
389.169547 418.758895
390.171606 417.023278
392.676753 412.684236
396.183959 406.609577
397.687047 404.006151
399.691165 400.534918
400.192195 399.667109
407.206607 387.517791
409.210725 384.046557
412.717931 377.971898
413.218960 377.104089
413.719990 376.236281
414.722049 374.500664
415.223078 373.632855
416.225137 371.897238
416.726166 371.029430
419.732343 365.822579
422.738520 360.615728
425.744697 355.408878
429.251903 349.334218
431.256020 345.862984
435.765286 338.052708
437.769403 334.581474
438.270433 333.713666
441.777639 327.639007
447.789992 317.225305
449.293081 314.621880
450.796169 312.018454
451.297198 311.150646
452.299257 309.415029
455.806464 303.340370
456.808522 301.604753
460.315729 295.530094
460.816758 294.662285
462.820876 291.191051
465.827052 285.984201
469.835288 279.041733
470.336318 278.173924
471.839406 275.570499
472.340435 274.702691
474.344553 271.231457
474.845583 270.363648
476.348671 267.760223
477.851759 265.156797
485.367201 252.139671
487.872348 247.800628
488.874407 246.065011
490.878525 242.593777
491.880584 240.858161
493.884702 237.386927
494.886761 235.651310
496.890878 232.180076
498.393967 229.576651
502.903232 221.766374
504.907350 218.295140
506.911467 214.823907
507.913526 213.088290
508.915585 211.352673
509.917644 209.617056
510.919703 207.881439
513.424850 203.542397
515.428968 200.071163
516.431027 198.335546
520.940292 190.525270
523.445439 186.186227
523.946469 185.318419
524.948528 183.582802
525.449557 182.714994
526.451616 180.979377
527.453675 179.243760
529.457793 175.772526
530.459851 174.036909
535.470146 165.358824
535.971175 164.491016
538.476323 160.151974
539.478382 158.416357
539.979411 157.548548
540.981470 155.812931
541.983529 154.077314
542.484558 153.209506
543.486617 151.473889
545.991764 147.134847
547.995882 143.663613
548.997941 141.927996
550.000000 140.192379
551.002059 141.927996
552.505147 144.531421
556.012353 150.606080
557.014412 152.341697
558.016471 154.077314
560.020589 157.548548
560.521618 158.416357
561.523677 160.151974
562.024707 161.019782
563.026766 162.755399
563.527795 163.623207
565.030883 166.226633
566.032942 167.962250
566.533972 168.830058
567.035001 169.697867
568.037060 171.433484
568.538090 172.301292
570.041178 174.904717
575.051472 183.582802
576.554561 186.186227
580.562796 193.128695
584.070003 199.203354
584.571032 200.071163
585.072061 200.938971
587.577209 205.278014
588.579268 207.013630
589.080297 207.881439
593.589562 215.691715
594.090592 216.559524
596.595739 220.898566
597.597798 222.634183
600.603974 227.841034
604.111181 233.915693
604.612210 234.783501
605.113239 235.651310
608.119416 240.858161
611.626622 246.932820
616.135887 254.743096
616.636917 255.610904
623.651329 267.760223
624.653388 269.495840
626.156476 272.099265
627.158535 273.834882
631.166771 280.777350
632.168830 282.512967
640.185301 296.397902
642.189419 299.869136
643.191478 301.604753
643.692507 302.472561
645.195595 305.075987
645.696625 305.943795
646.197654 306.811604
649.203831 312.018454
650.706919 314.621880
652.711037 318.093114
653.713096 319.828731
655.717214 323.299964
656.218243 324.167773
658.222361 327.639007
659.725449 330.242432
660.226479 331.110241
661.729567 333.713666
663.733685 337.184900
664.234714 338.052708
664.735744 338.920517
666.739862 342.391751
667.240891 343.259559
668.242950 344.995176
670.247068 348.466410
671.249127 350.202027
672.752215 352.805452
674.255303 355.408878
675.758392 358.012303
677.762510 361.483537
679.766627 364.954771
680.267657 365.822579
683.273834 371.029430
683.774863 371.897238
684.776922 373.632855
687.783099 378.839706
689.286187 381.443131
689.787216 382.310940
691.290305 384.914365
695.298540 391.856833
702.312953 404.006151
703.816041 406.609577
710.329424 417.891087
711.331483 419.626704
711.832512 420.494512
717.844866 430.908214
721.352072 436.982873
724.859278 443.057532
731.868980 450.000000
732.869469 450.000000
733.869958 450.000000
735.870936 450.000000
738.872402 450.000000
742.874358 450.000000
743.874847 450.000000
746.876313 450.000000
750.878269 450.000000
751.878758 450.000000
752.879247 450.000000
759.882669 450.000000
760.883158 450.000000
761.883647 450.000000
762.884135 450.000000
763.884624 450.000000
765.885602 450.000000
771.888535 450.000000
773.889513 450.000000
777.891469 450.000000
778.891957 450.000000
788.896846 450.000000
789.897335 450.000000
790.897824 450.000000
794.899780 450.000000
795.900268 450.000000
796.900757 450.000000
797.901246 450.000000
798.901735 450.000000
806.905646 450.000000
808.906624 450.000000
810.907602 450.000000
813.909068 450.000000
816.910535 450.000000
817.911024 450.000000
818.911513 450.000000
819.912002 450.000000
820.912490 450.000000
821.912979 450.000000
823.913957 450.000000
824.914446 450.000000
827.915913 450.000000
829.916890 450.000000
831.917868 450.000000
835.919824 450.000000
837.920801 450.000000
842.923246 450.000000
846.925201 450.000000
850.927157 450.000000
853.928623 450.000000
855.929601 450.000000
858.931068 450.000000
862.933023 450.000000
866.934979 450.000000
871.937423 450.000000
878.940845 450.000000
888.945734 450.000000
890.946712 450.000000
891.947201 450.000000
895.949156 450.000000
898.950623 450.000000
899.951112 450.000000
902.952579 450.000000
904.953556 450.000000
906.954534 450.000000
907.955023 450.000000
909.956001 450.000000
912.957467 450.000000
915.958934 450.000000
916.959423 450.000000
918.960401 450.000000
921.961867 450.000000
922.962356 450.000000
926.964312 450.000000
928.965290 450.000000
935.968712 450.000000
937.969689 450.000000
948.975067 450.000000
949.975556 450.000000
952.977023 450.000000
955.978489 450.000000
956.978978 450.000000
959.980445 450.000000
960.980934 450.000000
962.981911 450.000000
963.982400 450.000000
969.985334 450.000000
970.985822 450.000000
971.986311 450.000000
975.988267 450.000000
981.991200 450.000000
985.993156 450.000000
988.994622 450.000000
993.997067 450.000000
998.999511 450.000000
1000.000000 450.000000
1000.000000 450.000000
1000.000000 451.000000
1000.000000 453.000000
1000.000000 454.000000
1000.000000 455.000000
1000.000000 456.000000
1000.000000 459.000000
1000.000000 460.000000
1000.000000 461.000000
1000.000000 462.000000
1000.000000 464.000000
1000.000000 465.000000
1000.000000 466.000000
1000.000000 467.000000
1000.000000 469.000000
1000.000000 470.000000
1000.000000 471.000000
1000.000000 473.000000
1000.000000 474.000000
1000.000000 475.000000
1000.000000 476.000000
1000.000000 478.000000
1000.000000 481.000000
1000.000000 482.000000
1000.000000 483.000000
1000.000000 484.000000
1000.000000 485.000000
1000.000000 486.000000
1000.000000 487.000000
1000.000000 488.000000
1000.000000 490.000000
1000.000000 492.000000
1000.000000 493.000000
1000.000000 494.000000
1000.000000 496.000000
1000.000000 497.000000
1000.000000 498.000000
1000.000000 500.000000
1000.000000 503.000000
1000.000000 506.000000
1000.000000 507.000000
1000.000000 508.000000
1000.000000 510.000000
1000.000000 511.000000
1000.000000 513.000000
1000.000000 514.000000
1000.000000 515.000000
1000.000000 516.000000
1000.000000 517.000000
1000.000000 519.000000
1000.000000 520.000000
1000.000000 521.000000
1000.000000 522.000000
1000.000000 523.000000
1000.000000 525.000000
1000.000000 526.000000
1000.000000 527.000000
1000.000000 528.000000
1000.000000 529.000000
1000.000000 530.000000
1000.000000 531.000000
1000.000000 532.000000
1000.000000 534.000000
1000.000000 536.000000
1000.000000 538.000000
1000.000000 539.000000
1000.000000 540.000000
1000.000000 541.000000
1000.000000 542.000000
1000.000000 543.000000
1000.000000 545.000000
1000.000000 546.000000
1000.000000 547.000000
1000.000000 549.000000
1000.000000 550.000000
1000.000000 550.000000
996.992065 550.000000
995.989421 550.000000
994.986776 550.000000
993.984131 550.000000
991.978841 550.000000
988.970907 550.000000
985.962972 550.000000
983.957682 550.000000
979.947103 550.000000
978.944458 550.000000
974.933879 550.000000
970.923299 550.000000
962.902140 550.000000
961.899495 550.000000
953.878337 550.000000
948.865112 550.000000
944.854533 550.000000
919.788411 550.000000
917.783122 550.000000
911.767252 550.000000
910.764608 550.000000
907.756673 550.000000
906.754028 550.000000
905.751383 550.000000
904.748738 550.000000
903.746094 550.000000
899.735514 550.000000
897.730224 550.000000
896.727580 550.000000
891.714355 550.000000
889.709066 550.000000
885.698486 550.000000
883.693196 550.000000
880.685262 550.000000
878.679972 550.000000
875.672038 550.000000
872.664103 550.000000
864.642944 550.000000
858.627075 550.000000
856.621785 550.000000
854.616496 550.000000
848.600626 550.000000
845.592692 550.000000
842.584757 550.000000
841.582112 550.000000
839.576823 550.000000
834.563598 550.000000
832.558309 550.000000
825.539795 550.000000
818.521281 550.000000
813.508056 550.000000
810.500122 550.000000
805.486898 550.000000
793.455159 550.000000
790.447225 550.000000
789.444580 550.000000
788.441935 550.000000
785.434000 550.000000
775.407552 550.000000
773.402262 550.000000
771.396972 550.000000
768.389038 550.000000
766.383748 550.000000
764.378458 550.000000
763.375813 550.000000
756.357299 550.000000
749.338785 550.000000
747.333496 550.000000
741.317627 550.000000
736.304402 550.000000
733.296468 550.000000
732.293823 550.000000
728.283243 550.000000
723.270019 550.000000
721.264729 550.000000
718.256795 550.000000
715.248860 550.000000
714.246215 550.000000
712.240926 550.000000
709.232991 550.000000
704.219767 550.000000
703.217122 550.000000
699.206543 550.000000
695.195963 550.000000
691.185384 550.000000
686.172159 550.000000
684.166870 550.000000
682.161580 550.000000
679.153645 550.000000
671.132487 550.000000
670.131392 548.266053
669.130297 546.532105
665.626464 540.463290
665.125917 539.596316
663.624275 536.995395
661.622085 533.527501
661.121537 532.660527
659.619895 530.059606
658.618800 528.325659
658.118252 527.458685
656.616610 524.857764
656.116063 523.990791
655.615515 523.123817
654.614420 521.389870
654.113873 520.522896
649.608946 512.720133
649.108398 511.853160
648.607851 510.986186
648.107303 510.119213
647.606756 509.252239
646.605661 507.518292
645.604566 505.784344
642.100734 499.715529
641.099639 497.981582
640.599091 497.114608
640.098544 496.247634
639.097449 494.513687
633.591427 484.976977
632.590332 483.243030
630.087594 478.908161
629.587047 478.041188
628.585952 476.307241
628.085405 475.440267
627.584857 474.573293
625.582667 471.105399
625.082120 470.238425
623.079930 466.770530
622.078835 465.036583
621.578288 464.169610
621.077740 463.302636
619.576098 460.701715
619.075550 459.834741
618.575003 458.967768
615.571718 453.765926
614.070076 451.165005
613.068981 449.431058
611.066791 445.963163
607.562958 439.894348
606.561864 438.160400
606.061316 437.293427
605.560769 436.426453
602.557484 431.224611
601.556389 429.490664
601.055841 428.623690
599.554199 426.022769
598.553104 424.288822
598.052557 423.421848
597.552009 422.554875
597.051462 421.687901
591.545440 412.151191
587.541060 405.215402
586.039417 402.614481
585.538870 401.747507
583.536680 398.279613
583.036133 397.412639
582.035038 395.678692
581.033943 393.944745
578.030658 388.742903
577.530111 387.875929
577.029563 387.008955
575.027373 383.541061
572.024088 378.339219
571.022994 376.605272
569.521351 374.004351
567.519161 370.536456
567.018614 369.669483
566.518066 368.802509
565.516971 367.068562
563.514782 363.600667
563.014234 362.733694
562.013139 360.999746
561.512592 360.132773
561.012044 359.265799
560.010949 357.531852
558.509307 354.930931
557.508212 353.196983
556.507117 351.463036
556.006570 350.596063
554.504927 347.995142
554.004380 347.128168
553.503832 346.261194
551.501642 342.793300
551.001095 341.926326
550.500547 341.059353
549.499453 341.059353
546.996715 345.394221
543.993430 350.596063
542.992335 352.330010
542.491788 353.196983
541.991241 354.063957
540.489598 356.664878
539.989051 357.531852
538.487408 360.132773
537.986861 360.999746
535.484124 365.334614
533.481934 368.802509
532.480839 370.536456
528.476459 377.472245
526.474269 380.940140
524.472079 384.408035
523.470984 386.141982
522.469889 387.875929
521.468794 389.609876
520.968247 390.476850
518.966057 393.944745
518.465510 394.811718
517.964962 395.678692
517.464415 396.545666
513.960583 402.614481
512.959488 404.348428
512.458940 405.215402
511.457845 406.949349
510.957298 407.816323
509.956203 409.550270
504.950728 418.220007
504.450181 419.086980
503.949633 419.953954
503.449086 420.820927
502.948538 421.687901
502.447991 422.554875
500.946348 425.155796
498.443611 429.490664
497.442516 431.224611
496.441421 432.958558
495.940874 433.825532
491.435947 441.628295
490.935399 442.495269
489.433757 445.096189
488.933209 445.963163
483.927735 454.632899
480.924450 459.834741
479.422807 462.435662
476.419523 467.637504
475.418428 469.371451
474.917880 470.238425
472.915690 473.706320
468.911311 480.642109
468.410763 481.509082
466.909121 484.110003
465.908026 485.843951
462.404194 491.912766
461.903646 492.779740
461.403099 493.646713
460.402004 495.380661
459.901456 496.247634
457.398719 500.582502
456.397624 502.316450
455.897077 503.183423
455.396529 504.050397
454.895982 504.917371
450.391054 512.720133
447.888317 517.055002
447.387770 517.921975
446.887222 518.788949
446.386675 519.655923
441.881748 527.458685
440.880653 529.192633
440.380105 530.059606
439.879558 530.926580
439.379010 531.793554
438.878463 532.660527
438.377915 533.527501
437.877368 534.394474
436.375725 536.995395
435.374631 538.729343
434.874083 539.596316
434.373536 540.463290
433.372441 542.197237
430.369156 547.399079
426.862224 550.000000
419.843710 550.000000
408.814616 550.000000
403.801392 550.000000
399.790813 550.000000
397.785523 550.000000
396.782878 550.000000
394.777588 550.000000
392.772299 550.000000
390.767009 550.000000
389.764364 550.000000
385.753785 550.000000
383.748495 550.000000
382.745850 550.000000
380.740560 550.000000
376.729981 550.000000
374.724691 550.000000
368.708822 550.000000
365.700887 550.000000
363.695598 550.000000
359.685018 550.000000
356.677084 550.000000
354.671794 550.000000
352.666504 550.000000
351.663859 550.000000
350.661215 550.000000
343.642701 550.000000
342.640056 550.000000
341.637411 550.000000
340.634766 550.000000
336.624187 550.000000
334.618897 550.000000
330.608317 550.000000
328.603028 550.000000
323.589803 550.000000
322.587159 550.000000
318.576579 550.000000
313.563355 550.000000
312.560710 550.000000
307.547486 550.000000
306.544841 550.000000
300.528972 550.000000
298.523682 550.000000
296.518392 550.000000
295.515747 550.000000
293.510458 550.000000
292.507813 550.000000
288.497233 550.000000
287.494588 550.000000
284.486654 550.000000
282.481364 550.000000
280.476074 550.000000
278.470785 550.000000
275.462850 550.000000
274.460205 550.000000
272.454916 550.000000
269.446981 550.000000
268.444336 550.000000
261.425822 550.000000
259.420532 550.000000
254.407308 550.000000
252.402018 550.000000
250.396729 550.000000
241.372925 550.000000
237.362346 550.000000
236.359701 550.000000
235.357056 550.000000
230.343832 550.000000
227.335897 550.000000
225.330607 550.000000
224.327962 550.000000
221.320028 550.000000
214.301514 550.000000
212.296224 550.000000
210.290934 550.000000
206.280355 550.000000
205.277710 550.000000
203.272420 550.000000
201.267131 550.000000
199.261841 550.000000
197.256551 550.000000
194.248617 550.000000
189.235392 550.000000
188.232748 550.000000
185.224813 550.000000
184.222168 550.000000
182.216878 550.000000
181.214234 550.000000
178.206299 550.000000
171.187785 550.000000
167.177205 550.000000
158.153402 550.000000
156.148112 550.000000
155.145467 550.000000
152.137533 550.000000
147.124308 550.000000
146.121663 550.000000
145.119019 550.000000
143.113729 550.000000
140.105794 550.000000
135.092570 550.000000
134.089925 550.000000
133.087280 550.000000
128.074056 550.000000
118.047607 550.000000
115.039673 550.000000
114.037028 550.000000
111.029093 550.000000
108.021159 550.000000
105.013224 550.000000
103.007935 550.000000
100.000000 550.000000
