1540
101.001866 450.000000
102.003732 450.000000
105.009330 450.000000
109.016794 450.000000
110.018660 450.000000
111.020526 450.000000
114.026124 450.000000
116.029856 450.000000
117.031722 450.000000
118.033588 450.000000
119.035454 450.000000
120.037320 450.000000
121.039186 450.000000
122.041052 450.000000
123.042918 450.000000
124.044784 450.000000
127.050382 450.000000
128.052248 450.000000
129.054114 450.000000
130.055980 450.000000
131.057846 450.000000
134.063444 450.000000
135.065310 450.000000
137.069043 450.000000
138.070909 450.000000
139.072775 450.000000
141.076507 450.000000
142.078373 450.000000
143.080239 450.000000
144.082105 450.000000
145.083971 450.000000
147.087703 450.000000
149.091435 450.000000
150.093301 450.000000
151.095167 450.000000
155.102631 450.000000
156.104497 450.000000
158.108229 450.000000
161.113827 450.000000
165.121291 450.000000
166.123157 450.000000
167.125023 450.000000
170.130621 450.000000
171.132487 450.000000
171.132487 450.000000
174.146532 444.779521
174.648873 443.909441
175.653555 442.169281
176.658236 440.429121
178.667600 436.948802
180.174622 434.338562
182.686326 429.988163
183.188667 429.118083
183.691008 428.248003
184.193349 427.377923
184.695690 426.507843
187.207394 422.157444
187.709735 421.287364
188.212076 420.417284
189.719098 417.807045
190.221439 416.936965
191.226121 415.196805
191.728462 414.326725
192.230803 413.456645
192.733143 412.586565
196.249529 406.496006
196.751870 405.625926
197.254211 404.755847
197.756552 403.885767
200.770597 398.665288
201.272938 397.795208
201.775279 396.925128
203.282301 394.314888
205.291665 390.834569
206.296346 389.094409
207.301028 387.354249
207.803369 386.484169
212.324436 378.653450
212.826777 377.783371
214.333800 375.173131
216.343163 371.692811
216.845504 370.822732
218.854867 367.342412
219.859549 365.602252
220.361890 364.732172
224.380617 357.771534
230.408707 347.330575
230.911048 346.460495
231.413389 345.590415
234.427434 340.369936
235.432115 338.629776
236.436797 336.889617
236.939138 336.019537
238.446161 333.409297
240.957865 329.058898
241.460206 328.188818
241.962546 327.318738
243.469569 324.708498
246.483614 319.488019
247.488296 317.747859
248.995318 315.137620
249.497659 314.267540
250.000000 313.397460
250.000000 313.397460
253.014045 318.617939
254.521068 321.228179
255.023408 322.098259
256.028090 323.838418
259.042135 329.058898
259.544476 329.928978
260.046817 330.799057
262.056180 334.279377
263.563203 336.889617
264.567885 338.629776
265.070225 339.499856
265.572566 340.369936
266.074907 341.240016
267.079589 342.980176
267.581930 343.850256
268.084270 344.720335
269.088952 346.460495
271.098316 349.940815
271.600656 350.810895
273.107679 353.421134
274.614702 356.031374
275.619383 357.771534
278.131087 362.121933
280.642792 366.472332
281.647473 368.212492
289.684927 382.133770
290.187268 383.003850
290.689609 383.873930
291.694290 385.614089
294.205995 389.964489
294.708335 390.834569
296.215358 393.444808
298.727062 397.795208
299.229403 398.665288
299.731744 399.535367
300.234085 400.405447
300.736426 401.275527
302.243448 403.885767
303.750471 406.496006
304.755152 408.236166
305.257493 409.106246
307.266857 412.586565
308.271538 414.326725
309.778561 416.936965
311.787924 420.417284
312.792606 422.157444
313.294947 423.027524
315.304310 426.507843
316.308992 428.248003
317.313674 429.988163
322.337082 438.688962
328.867513 450.000000
329.873822 450.000000
331.886440 450.000000
332.892749 450.000000
333.899058 450.000000
334.905366 450.000000
335.911675 450.000000
336.917984 450.000000
337.924293 450.000000
338.930602 450.000000
339.936911 450.000000
340.943220 450.000000
341.949529 450.000000
343.962147 450.000000
344.968455 450.000000
345.974764 450.000000
346.981073 450.000000
348.993691 450.000000
351.006309 450.000000
353.018927 450.000000
355.031545 450.000000
356.037853 450.000000
357.044162 450.000000
359.056780 450.000000
361.069398 450.000000
363.082016 450.000000
364.088325 450.000000
365.094634 450.000000
366.100942 450.000000
368.113560 450.000000
369.119869 450.000000
371.132487 450.000000
371.635641 449.128511
372.138796 448.257022
372.641950 447.385533
373.648259 445.642555
374.151414 444.771066
374.654568 443.899577
375.157722 443.028088
375.660877 442.156599
376.667186 440.413620
377.673495 438.670642
378.176649 437.799153
378.679803 436.927664
379.182958 436.056175
379.686112 435.184686
380.189267 434.313197
380.692421 433.441708
381.195576 432.570219
381.698730 431.698730
382.201884 430.827241
382.705039 429.955752
383.208193 429.084263
384.214502 427.341285
384.717657 426.469796
385.220811 425.598307
386.730274 422.983840
387.233429 422.112350
387.736583 421.240861
388.239738 420.369372
389.246046 418.626394
390.755510 416.011927
391.258664 415.140438
391.761819 414.268949
392.264973 413.397460
392.264973 413.397460
391.762632 412.527380
391.260291 411.657300
389.753269 409.047061
387.241565 404.696661
386.236883 402.956501
384.729860 400.346262
383.222838 397.736022
382.720497 396.865942
382.218156 395.995862
379.204111 390.775383
377.194748 387.295064
376.190066 385.554904
375.687725 384.684824
372.673680 379.464345
372.171339 378.594265
370.664317 375.984025
369.157294 373.373786
368.152612 371.633626
365.138567 366.413147
361.622181 360.322587
359.110477 355.972188
356.096432 350.751709
354.589409 348.141469
351.575364 342.920990
349.566001 339.440670
349.063660 338.570590
347.556638 335.960351
347.054297 335.090271
345.044933 331.609951
343.537911 328.999712
342.533229 327.259552
341.026207 324.649312
337.509821 318.558753
334.495776 313.338274
332.988753 310.728034
332.486412 309.857954
331.984071 308.987875
331.481730 308.117795
330.979390 307.247715
329.472367 304.637475
327.965345 302.027235
327.463004 301.157156
320.430232 288.976037
319.927891 288.105957
318.420868 285.495718
317.918528 284.625638
316.411505 282.015398
315.909164 281.145318
314.904483 279.405159
314.402142 278.535079
317.416187 276.794919
321.434914 276.794919
331.481731 276.794919
336.505139 276.794919
339.519184 276.794919
340.523866 276.794919
342.533229 276.794919
343.537911 276.794919
346.551956 276.794919
347.556638 276.794919
350.570683 276.794919
353.584728 276.794919
354.589410 276.794919
355.594091 276.794919
356.598773 276.794919
357.603455 276.794919
358.608137 276.794919
359.612818 276.794919
365.640908 276.794919
369.659635 276.794919
375.687725 276.794919
376.692407 276.794919
381.715816 276.794919
387.743906 276.794919
388.748588 276.794919
392.767314 276.794919
393.771996 276.794919
395.781359 276.794919
398.795405 276.794919
401.809450 276.794919
403.818813 276.794919
404.823495 276.794919
405.828176 276.794919
409.846903 276.794919
410.851585 276.794919
411.856267 276.794919
416.879675 276.794919
417.884357 276.794919
418.889039 276.794919
420.898402 276.794919
422.907765 276.794919
426.926492 276.794919
430.945219 276.794919
432.954582 276.794919
437.977991 276.794919
438.982673 276.794919
439.987354 276.794919
441.996718 276.794919
443.001399 276.794919
446.015444 276.794919
453.048216 276.794919
458.071625 276.794919
459.076307 276.794919
462.090352 276.794919
464.099715 276.794919
466.109078 276.794919
472.639510 274.184679
475.151214 269.834280
476.658236 267.224040
478.165259 264.613801
480.174622 261.133481
480.676963 260.263401
481.681645 258.523242
483.691008 255.042922
485.700372 251.562603
488.212076 247.212203
488.714417 246.342123
494.240166 236.771245
499.765915 227.200366
500.770597 225.460207
501.775279 223.720047
504.286983 219.369647
504.789324 218.499568
505.794005 216.759408
507.803369 213.279088
509.310391 210.668849
510.315073 208.928689
511.319755 207.188529
511.822096 206.318449
512.324436 205.448369
512.826777 204.578290
513.831459 202.838130
515.338482 200.227890
516.343163 198.487730
517.850186 195.877491
518.854867 194.137331
524.380617 184.566453
524.882958 183.696373
525.385298 182.826293
525.887639 181.956213
526.389980 181.086133
526.892321 180.216053
527.897003 178.475893
528.399344 177.605814
529.404025 175.865654
529.906366 174.995574
532.920411 169.775095
534.427434 167.164855
536.436797 163.684536
536.939138 162.814456
537.943820 161.074296
538.446161 160.204216
538.948501 159.334136
539.953183 157.593976
540.957865 155.853817
544.474251 149.763258
545.981273 147.153018
547.990637 143.672698
548.492977 142.802619
548.995318 141.932539
551.507023 142.802619
552.009363 143.672698
554.521068 148.023098
555.525749 149.763258
556.028090 150.633337
557.535113 153.243577
558.037454 154.113657
558.539794 154.983737
560.046817 157.593976
560.549158 158.464056
561.051499 159.334136
561.553839 160.204216
562.056180 161.074296
563.060862 162.814456
563.563203 163.684536
564.065544 164.554615
564.567885 165.424695
566.577248 168.905015
567.079589 169.775095
568.586611 172.385334
569.088952 173.255414
569.591293 174.125494
570.595975 175.865654
575.619383 184.566453
577.126406 187.176692
578.131087 188.916852
579.135769 190.657012
580.140451 192.397171
581.145133 194.137331
582.652155 196.747571
584.661518 200.227890
586.670882 203.708210
587.173223 204.578290
588.177904 206.318449
589.182586 208.058609
590.689609 210.668849
591.694290 212.409008
595.210676 218.499568
596.717699 221.109807
597.220040 221.979887
598.224721 223.720047
598.727062 224.590127
599.229403 225.460207
601.238766 228.940526
602.243448 230.680686
603.248130 232.420845
605.759834 236.771245
607.266857 239.381484
607.769197 240.251564
608.271538 241.121644
608.773879 241.991724
609.276220 242.861804
611.285583 246.342123
612.792606 248.952363
614.801969 252.432683
615.806651 254.172842
617.816014 257.653162
620.830059 262.873641
627.862831 275.054759
628.867513 276.794919
629.872195 276.794919
636.904967 276.794919
637.909648 276.794919
639.919012 276.794919
640.923693 276.794919
645.947102 276.794919
661.017327 276.794919
662.022009 276.794919
664.031373 276.794919
665.036054 276.794919
669.054781 276.794919
670.059463 276.794919
673.073508 276.794919
674.078190 276.794919
681.110961 276.794919
682.115643 276.794919
685.129688 276.794919
686.134370 276.794919
690.153097 276.794919
691.157778 276.794919
693.167142 276.794919
694.171824 276.794919
695.176505 276.794919
696.181187 276.794919
703.213959 276.794919
704.218641 276.794919
707.232686 276.794919
709.242049 276.794919
711.251412 276.794919
712.256094 276.794919
713.260776 276.794919
715.270139 276.794919
716.274821 276.794919
717.279503 276.794919
721.298229 276.794919
724.312275 276.794919
725.316956 276.794919
726.321638 276.794919
728.331001 276.794919
731.345046 276.794919
735.363773 276.794919
738.377818 276.794919
743.401227 276.794919
745.410590 276.794919
749.429317 276.794919
754.452726 276.794919
758.471452 276.794919
759.476134 276.794919
761.485497 276.794919
762.490179 276.794919
764.499543 276.794919
767.513588 276.794919
769.522951 276.794919
770.527633 276.794919
777.560405 276.794919
781.579131 276.794919
784.593177 276.794919
785.597858 276.794919
786.602540 276.794919
786.602540 276.794919
785.095517 279.405159
783.588495 282.015398
783.086154 282.885478
781.076791 286.365798
777.560405 292.456357
777.058064 293.326437
775.048701 296.806756
773.039337 300.287076
771.532315 302.897315
770.527633 304.637475
769.522951 306.377635
769.020610 307.247715
766.508906 311.598114
764.499543 315.078434
763.997202 315.948514
762.490179 318.558753
760.983157 321.168993
758.471453 325.519392
755.959748 329.869792
755.457407 330.739871
754.955067 331.609951
753.950385 333.350111
752.443362 335.960351
750.936340 338.570590
749.429317 341.180830
746.917613 345.531229
742.898886 352.491868
739.884841 357.712348
739.382500 358.582428
738.377819 360.322587
736.870796 362.932827
734.861433 366.413147
733.354410 369.023386
732.852069 369.893466
732.349729 370.763546
731.847388 371.633626
730.842706 373.373786
730.340365 374.243865
729.838024 375.113945
728.331002 377.724185
727.828661 378.594265
727.326320 379.464345
724.814616 383.814744
724.312275 384.684824
721.298230 389.905303
720.795889 390.775383
720.293548 391.645463
719.791207 392.515543
719.288866 393.385623
718.786526 394.255703
717.781844 395.995862
716.777162 397.736022
716.274821 398.606102
714.265458 402.086422
707.735027 413.397460
708.238181 414.268949
708.741336 415.140438
709.244490 416.011927
709.747645 416.883416
710.250799 417.754905
710.753954 418.626394
711.760262 420.369372
712.263417 421.240861
712.766571 422.112350
713.269726 422.983840
713.772880 423.855329
715.282343 426.469796
715.785498 427.341285
716.791807 429.084263
717.294961 429.955752
717.798116 430.827241
718.804424 432.570219
719.307579 433.441708
719.810733 434.313197
720.313888 435.184686
720.817042 436.056175
721.320197 436.927664
721.823351 437.799153
722.326505 438.670642
723.332814 440.413620
724.339123 442.156599
724.842278 443.028088
725.345432 443.899577
725.848586 444.771066
726.351741 445.642555
726.854895 446.514044
727.861204 448.257022
728.364359 449.128511
728.867513 450.000000
728.867513 450.000000
732.892749 450.000000
733.899058 450.000000
734.905366 450.000000
735.911675 450.000000
736.917984 450.000000
737.924293 450.000000
738.930602 450.000000
740.943220 450.000000
741.949529 450.000000
742.955838 450.000000
743.962147 450.000000
744.968455 450.000000
745.974764 450.000000
746.981073 450.000000
747.987382 450.000000
748.993691 450.000000
750.000000 450.000000
751.006309 450.000000
753.018927 450.000000
754.025236 450.000000
756.037853 450.000000
757.044162 450.000000
758.050471 450.000000
759.056780 450.000000
760.063089 450.000000
761.069398 450.000000
762.075707 450.000000
763.082016 450.000000
764.088325 450.000000
765.094634 450.000000
766.100942 450.000000
767.107251 450.000000
768.113560 450.000000
771.634828 449.129920
772.137169 448.259840
772.639510 447.389760
775.151214 443.039361
775.653555 442.169281
776.155895 441.299201
777.160577 439.559042
778.165259 437.818882
778.667600 436.948802
779.672281 435.208642
782.183986 430.858243
782.686326 429.988163
789.216757 418.677125
789.719098 417.807045
792.230803 413.456645
793.235484 411.716486
794.742507 409.106246
795.747189 407.366086
799.765915 400.405447
801.272938 397.795208
802.277620 396.055048
803.784642 393.444808
804.286983 392.574728
805.291665 390.834569
809.310391 383.873930
810.817414 381.263690
811.319755 380.393610
813.329118 376.913291
813.831459 376.043211
816.343163 371.692811
816.845504 370.822732
819.357208 366.472332
822.371253 361.251853
823.878276 358.641613
825.887639 355.161294
826.389980 354.291214
827.897003 351.680974
828.901684 349.940815
830.408707 347.330575
831.915730 344.720335
832.920411 342.980176
834.427434 340.369936
835.934456 337.759696
837.943820 334.279377
839.450842 331.669137
842.967228 325.578578
843.469569 324.708498
845.478932 321.228179
846.483614 319.488019
847.990637 316.877779
849.497659 314.267540
850.000000 313.397460
850.502341 314.267540
852.009363 316.877779
854.018727 320.358099
855.023408 322.098259
855.525749 322.968339
856.028090 323.838418
859.544476 329.928978
860.549158 331.669137
863.563203 336.889617
864.065544 337.759696
865.572566 340.369936
867.079589 342.980176
867.581930 343.850256
868.084270 344.720335
868.586611 345.590415
869.591293 347.330575
871.098316 349.940815
871.600656 350.810895
873.107679 353.421134
874.614702 356.031374
876.121724 358.641613
877.126406 360.381773
878.131087 362.121933
879.135769 363.862093
882.149814 369.082572
883.154496 370.822732
883.656837 371.692811
884.159178 372.562891
885.666200 375.173131
886.168541 376.043211
886.670882 376.913291
888.177904 379.523530
889.684927 382.133770
891.191949 384.744010
891.694290 385.614089
892.698972 387.354249
893.201313 388.224329
894.205995 389.964489
894.708335 390.834569
898.224721 396.925128
899.229403 398.665288
899.731744 399.535367
900.234085 400.405447
901.238766 402.145607
901.741107 403.015687
902.243448 403.885767
905.759834 409.976326
906.262175 410.846406
906.764516 411.716486
907.266857 412.586565
908.271538 414.326725
908.773879 415.196805
909.276220 416.066885
910.783243 418.677125
911.285583 419.547204
911.787924 420.417284
912.792606 422.157444
913.294947 423.027524
914.801969 425.637764
919.323037 433.468482
920.830059 436.078722
921.332400 436.948802
922.839423 439.559042
923.844105 441.299201
924.848786 443.039361
925.853468 444.779521
926.355809 445.649601
928.867513 450.000000
929.869379 450.000000
930.871245 450.000000
932.874977 450.000000
933.876843 450.000000
936.882441 450.000000
937.884307 450.000000
938.886173 450.000000
939.888039 450.000000
940.889905 450.000000
943.895503 450.000000
947.902967 450.000000
948.904833 450.000000
949.906699 450.000000
950.908565 450.000000
951.910431 450.000000
952.912297 450.000000
954.916029 450.000000
955.917895 450.000000
957.921627 450.000000
959.925359 450.000000
964.934690 450.000000
967.940288 450.000000
968.942154 450.000000
969.944020 450.000000
970.945886 450.000000
972.949618 450.000000
973.951484 450.000000
974.953350 450.000000
975.955216 450.000000
976.957082 450.000000
977.958948 450.000000
978.960814 450.000000
979.962680 450.000000
980.964546 450.000000
981.966412 450.000000
982.968278 450.000000
983.970144 450.000000
984.972010 450.000000
985.973876 450.000000
987.977608 450.000000
988.979474 450.000000
989.981340 450.000000
994.990670 450.000000
995.992536 450.000000
996.994402 450.000000
1000.000000 450.000000
1000.000000 453.000000
1000.000000 454.000000
1000.000000 455.000000
1000.000000 456.000000
1000.000000 457.000000
1000.000000 459.000000
1000.000000 460.000000
1000.000000 461.000000
1000.000000 465.000000
1000.000000 467.000000
1000.000000 468.000000
1000.000000 473.000000
1000.000000 474.000000
1000.000000 475.000000
1000.000000 477.000000
1000.000000 481.000000
1000.000000 483.000000
1000.000000 486.000000
1000.000000 489.000000
1000.000000 491.000000
1000.000000 492.000000
1000.000000 493.000000
1000.000000 494.000000
1000.000000 497.000000
1000.000000 498.000000
1000.000000 499.000000
1000.000000 501.000000
1000.000000 503.000000
1000.000000 507.000000
1000.000000 509.000000
1000.000000 510.000000
1000.000000 511.000000
1000.000000 513.000000
1000.000000 514.000000
1000.000000 515.000000
1000.000000 516.000000
1000.000000 518.000000
1000.000000 520.000000
1000.000000 523.000000
1000.000000 525.000000
1000.000000 526.000000
1000.000000 527.000000
1000.000000 528.000000
1000.000000 529.000000
1000.000000 530.000000
1000.000000 531.000000
1000.000000 533.000000
1000.000000 536.000000
1000.000000 538.000000
1000.000000 539.000000
1000.000000 543.000000
1000.000000 544.000000
1000.000000 545.000000
1000.000000 546.000000
1000.000000 549.000000
1000.000000 550.000000
1000.000000 550.000000
997.986445 550.000000
996.979668 550.000000
994.966113 550.000000
993.959335 550.000000
992.952558 550.000000
985.905116 550.000000
983.891561 550.000000
981.878006 550.000000
980.871229 550.000000
977.850896 550.000000
976.844119 550.000000
975.837341 550.000000
974.830564 550.000000
972.817009 550.000000
970.803454 550.000000
968.789899 550.000000
964.762789 550.000000
963.756012 550.000000
962.749235 550.000000
961.742457 550.000000
959.728902 550.000000
957.715347 550.000000
956.708570 550.000000
955.701792 550.000000
954.695015 550.000000
952.681460 550.000000
951.674683 550.000000
949.661128 550.000000
946.640795 550.000000
945.634018 550.000000
941.606908 550.000000
938.586576 550.000000
936.573021 550.000000
933.552689 550.000000
931.539134 550.000000
929.525579 550.000000
927.512024 550.000000
925.498469 550.000000
924.491692 550.000000
923.484914 550.000000
919.457804 550.000000
918.451027 550.000000
917.444249 550.000000
916.437472 550.000000
915.430695 550.000000
914.423917 550.000000
912.410362 550.000000
910.396807 550.000000
909.390030 550.000000
908.383252 550.000000
907.376475 550.000000
906.369698 550.000000
904.356143 550.000000
901.335810 550.000000
895.295146 550.000000
891.268036 550.000000
889.254481 550.000000
886.234149 550.000000
885.227371 550.000000
884.220594 550.000000
880.193484 550.000000
878.179929 550.000000
877.173152 550.000000
871.132487 550.000000
870.629333 549.128511
870.126178 548.257022
869.623024 547.385533
869.119869 546.514044
868.616715 545.642555
868.113560 544.771066
867.610406 543.899577
867.107251 543.028088
866.604097 542.156599
866.100942 541.285110
865.597788 540.413620
865.094634 539.542131
864.591479 538.670642
864.088325 537.799153
863.082016 536.056175
862.578861 535.184686
861.572552 533.441708
861.069398 532.570219
860.566243 531.698730
858.553626 528.212774
858.050471 527.341285
857.547317 526.469796
857.044162 525.598307
856.541008 524.726818
855.534699 522.983840
855.031545 522.112350
854.528390 521.240861
854.025236 520.369372
853.018927 518.626394
852.515772 517.754905
852.012618 516.883416
851.509463 516.011927
850.503154 514.268949
850.000000 513.397460
849.496846 514.268949
848.993691 515.140438
848.490537 516.011927
847.987382 516.883416
847.484228 517.754905
846.981073 518.626394
846.477919 519.497883
844.968455 522.112350
844.465301 522.983840
843.962147 523.855329
843.458992 524.726818
842.955838 525.598307
842.452683 526.469796
841.949529 527.341285
841.446374 528.212774
840.943220 529.084263
840.440065 529.955752
839.936911 530.827241
839.433757 531.698730
838.930602 532.570219
837.924293 534.313197
837.421139 535.184686
836.917984 536.056175
836.414830 536.927664
835.911675 537.799153
835.408521 538.670642
834.905366 539.542131
834.402212 540.413620
833.395903 542.156599
831.886440 544.771066
831.383285 545.642555
830.880131 546.514044
830.376976 547.385533
829.370667 549.128511
828.867513 550.000000
828.867513 550.000000
825.853468 550.000000
823.844105 550.000000
820.830059 550.000000
818.820696 550.000000
817.816014 550.000000
816.811333 550.000000
815.806651 550.000000
814.801969 550.000000
813.797288 550.000000
812.792606 550.000000
810.783243 550.000000
809.778561 550.000000
805.759834 550.000000
804.755152 550.000000
793.703654 550.000000
791.694290 550.000000
790.689609 550.000000
789.684927 550.000000
785.666200 550.000000
784.661518 550.000000
783.656837 550.000000
782.652155 550.000000
775.619383 550.000000
774.614702 550.000000
772.605338 550.000000
768.586611 550.000000
767.581930 550.000000
765.572566 550.000000
764.567885 550.000000
754.521068 550.000000
752.511704 550.000000
749.497659 550.000000
747.488296 550.000000
746.483614 550.000000
742.464887 550.000000
741.460206 550.000000
740.455524 550.000000
738.446161 550.000000
736.436797 550.000000
734.427434 550.000000
730.408707 550.000000
729.404025 550.000000
726.389980 550.000000
724.380617 550.000000
723.375935 550.000000
716.343163 550.000000
708.305710 550.000000
704.286983 550.000000
701.272938 550.000000
700.268256 550.000000
696.249529 550.000000
693.235484 550.000000
691.226121 550.000000
689.216757 550.000000
680.174622 550.000000
676.155895 550.000000
675.151214 550.000000
673.141850 550.000000
670.127805 548.259840
668.620783 545.649601
666.611419 542.169281
665.606738 540.429121
665.104397 539.559042
663.095033 536.078722
662.592692 535.208642
657.569284 526.507843
657.066943 525.637764
656.062261 523.897604
655.559921 523.027524
654.052898 520.417284
652.043535 516.936965
648.024808 509.976326
647.522467 509.106246
646.517785 507.366086
645.513103 505.625926
645.010763 504.755847
644.508422 503.885767
643.001399 501.275527
641.996717 499.535367
641.494377 498.665288
639.485013 495.184968
638.982672 494.314888
636.973309 490.834569
636.470968 489.964489
633.959264 485.614089
633.456923 484.744010
632.452241 483.003850
630.945219 480.393610
629.940537 478.653450
627.931174 475.173131
627.428833 474.303051
626.424151 472.562891
625.419469 470.822732
622.907765 466.472332
619.893720 461.251853
617.382016 456.901454
615.874993 454.291214
614.870311 452.551054
610.851585 445.590415
609.846903 443.850256
608.842221 442.110096
608.339880 441.240016
607.335199 439.499856
606.832858 438.629776
606.330517 437.759696
605.828176 436.889617
604.823494 435.149457
602.814131 431.669137
599.800086 426.448658
598.795404 424.708498
598.293063 423.838418
597.790722 422.968339
597.288382 422.098259
596.283700 420.358099
595.279018 418.617939
593.771996 416.007700
592.767314 414.267540
592.264973 413.397460
592.264973 413.397460
592.768127 412.525971
593.271282 411.654482
593.774436 410.782993
594.277591 409.911504
595.283900 408.168526
595.787054 407.297036
596.290209 406.425547
596.793363 405.554058
598.302826 402.939591
598.805981 402.068102
599.309135 401.196613
599.812290 400.325124
600.315444 399.453635
600.818599 398.582146
601.321753 397.710657
601.824908 396.839168
602.831216 395.096190
603.334371 394.224700
604.340680 392.481722
604.843834 391.610233
605.346989 390.738744
605.850143 389.867255
607.359607 387.252788
607.862761 386.381299
608.365915 385.509810
608.869070 384.638321
609.372224 383.766832
609.875379 382.895342
610.881688 381.152364
611.384842 380.280875
612.391151 378.537897
612.894306 377.666408
613.397460 376.794919
613.397460 376.794919
611.384842 376.794919
609.372224 376.794919
608.365916 376.794919
607.359607 376.794919
606.353298 376.794919
605.346989 376.794919
603.334371 376.794919
601.321753 376.794919
600.315445 376.794919
599.309136 376.794919
597.296518 376.794919
596.290209 376.794919
595.283900 376.794919
593.271282 376.794919
592.264973 376.794919
591.258665 376.794919
590.252356 376.794919
589.246047 376.794919
587.233429 376.794919
586.227120 376.794919
584.214502 376.794919
583.208194 376.794919
582.201885 376.794919
581.195576 376.794919
580.189267 376.794919
579.182958 376.794919
578.176649 376.794919
577.170340 376.794919
576.164031 376.794919
575.157723 376.794919
574.151414 376.794919
572.138796 376.794919
571.132487 376.794919
571.132487 376.794919
570.126178 375.051941
569.623024 374.180452
569.119869 373.308963
568.616715 372.437474
568.113560 371.565985
567.610406 370.694496
567.107251 369.823007
566.100942 368.080029
565.094634 366.337050
564.591479 365.465561
564.088325 364.594072
563.585170 363.722583
563.082016 362.851094
562.578861 361.979605
561.572552 360.236627
561.069398 359.365138
560.063089 357.622160
559.559935 356.750671
559.056780 355.879182
558.553626 355.007693
558.050471 354.136204
557.547317 353.264715
557.044162 352.393226
556.541008 351.521737
556.037853 350.650248
555.534699 349.778759
554.025236 347.164291
553.522081 346.292802
553.018927 345.421313
552.515772 344.549824
551.509463 342.806846
550.503154 341.063868
549.496846 341.063868
548.993691 341.935357
548.490537 342.806846
547.987382 343.678335
546.981073 345.421313
546.477919 346.292802
545.974764 347.164291
545.471610 348.035780
544.465301 349.778759
543.458992 351.521737
542.955838 352.393226
542.452683 353.264715
541.949529 354.136204
541.446374 355.007693
540.943220 355.879182
540.440065 356.750671
539.936911 357.622160
538.930602 359.365138
538.427448 360.236627
537.924293 361.108116
537.421139 361.979605
536.917984 362.851094
536.414830 363.722583
535.911675 364.594072
535.408521 365.465561
534.905366 366.337050
534.402212 367.208539
533.899058 368.080029
533.395903 368.951518
532.389594 370.694496
531.886440 371.565985
531.383285 372.437474
530.880131 373.308963
530.376976 374.180452
529.370667 375.923430
528.867513 376.794919
527.861204 376.794919
526.854895 376.794919
525.848586 376.794919
524.842277 376.794919
523.835969 376.794919
522.829660 376.794919
521.823351 376.794919
520.817042 376.794919
519.810733 376.794919
518.804424 376.794919
517.798115 376.794919
516.791806 376.794919
515.785498 376.794919
514.779189 376.794919
513.772880 376.794919
512.766571 376.794919
511.760262 376.794919
510.753953 376.794919
509.747644 376.794919
507.735027 376.794919
506.728718 376.794919
505.722409 376.794919
504.716100 376.794919
502.703482 376.794919
501.697173 376.794919
500.690864 376.794919
498.678247 376.794919
497.671938 376.794919
495.659320 376.794919
493.646702 376.794919
492.640393 376.794919
491.634084 376.794919
490.627776 376.794919
489.621467 376.794919
488.615158 376.794919
487.608849 376.794919
486.602540 376.794919
486.602540 376.794919
487.608849 378.537897
488.112003 379.409386
488.615158 380.280875
489.118312 381.152364
489.621467 382.023853
490.124621 382.895342
490.627776 383.766832
491.130930 384.638321
492.137239 386.381299
492.640393 387.252788
493.143548 388.124277
494.653011 390.738744
495.156166 391.610233
496.162475 393.353211
496.665629 394.224700
498.175092 396.839168
498.678247 397.710657
499.181401 398.582146
499.684556 399.453635
500.690865 401.196613
501.194019 402.068102
501.697174 402.939591
502.200328 403.811080
502.703482 404.682569
503.709791 406.425547
504.716100 408.168526
507.231873 412.525971
507.735027 413.397460
507.232686 414.267540
505.725664 416.877779
504.218641 419.488019
503.213959 421.228179
501.204596 424.708498
500.702255 425.578578
497.688210 430.799057
496.683528 432.539217
494.674165 436.019537
494.171824 436.889617
493.669483 437.759696
490.655438 442.980176
490.153097 443.850256
489.148415 445.590415
487.641393 448.200655
486.636711 449.940815
486.134370 450.810895
485.129689 452.551054
484.125007 454.291214
482.115643 457.771534
481.613303 458.641613
481.110962 459.511693
480.608621 460.381773
480.106280 461.251853
479.101598 462.992013
478.096917 464.732172
477.594576 465.602252
475.585212 469.082572
474.580531 470.822732
472.068826 475.173131
471.566486 476.043211
470.059463 478.653450
466.543077 484.744010
465.036054 487.354249
463.529032 489.964489
463.026691 490.834569
462.524350 491.704649
462.022009 492.574728
461.017328 494.314888
460.514987 495.184968
460.012646 496.055048
458.505623 498.665288
457.500942 500.405447
454.989237 504.755847
454.486897 505.625926
452.477533 509.106246
451.472851 510.846406
450.970511 511.716486
449.965829 513.456645
448.458806 516.066885
444.440079 523.027524
441.426034 528.248003
439.416671 531.728323
436.904967 536.078722
432.886240 543.039361
432.383899 543.909441
430.374536 547.389760
429.369854 549.129920
428.867513 550.000000
428.867513 550.000000
422.839423 550.000000
419.825378 550.000000
417.816014 550.000000
414.801969 550.000000
413.797288 550.000000
410.783243 550.000000
409.778561 550.000000
408.773879 550.000000
404.755152 550.000000
401.741107 550.000000
398.727062 550.000000
395.713017 550.000000
391.694290 550.000000
388.680245 550.000000
384.661518 550.000000
380.642792 550.000000
374.614702 550.000000
372.605338 550.000000
370.595975 550.000000
369.591293 550.000000
366.577248 550.000000
364.567885 550.000000
360.549158 550.000000
358.539794 550.000000
355.525749 550.000000
352.511704 550.000000
348.492977 550.000000
345.478932 550.000000
344.474251 550.000000
339.450842 550.000000
336.436797 550.000000
335.432115 550.000000
327.394662 550.000000
326.389980 550.000000
324.380617 550.000000
321.366572 550.000000
320.361890 550.000000
317.347845 550.000000
316.343163 550.000000
314.333800 550.000000
311.319755 550.000000
309.310391 550.000000
302.277620 550.000000
300.268256 550.000000
298.258893 550.000000
296.249529 550.000000
295.244848 550.000000
291.226121 550.000000
289.216757 550.000000
287.207394 550.000000
284.193349 550.000000
283.188667 550.000000
282.183986 550.000000
281.179304 550.000000
280.174622 550.000000
277.160577 550.000000
276.155895 550.000000
273.141850 550.000000
271.132487 550.000000
271.132487 550.000000
270.629333 549.128511
270.126178 548.257022
269.623024 547.385533
269.119869 546.514044
268.616715 545.642555
268.113560 544.771066
267.107251 543.028088
266.604097 542.156599
266.100942 541.285110
265.597788 540.413620
265.094634 539.542131
264.591479 538.670642
264.088325 537.799153
263.585170 536.927664
263.082016 536.056175
262.075707 534.313197
261.572552 533.441708
261.069398 532.570219
260.063089 530.827241
259.559935 529.955752
259.056780 529.084263
258.553626 528.212774
258.050471 527.341285
257.547317 526.469796
257.044162 525.598307
256.541008 524.726818
255.534699 522.983840
255.031545 522.112350
254.528390 521.240861
254.025236 520.369372
253.522081 519.497883
253.018927 518.626394
252.515772 517.754905
251.509463 516.011927
251.006309 515.140438
250.000000 513.397460
248.490537 516.011927
247.987382 516.883416
246.981073 518.626394
246.477919 519.497883
245.974764 520.369372
244.968455 522.112350
243.962147 523.855329
243.458992 524.726818
242.955838 525.598307
242.452683 526.469796
241.949529 527.341285
241.446374 528.212774
240.943220 529.084263
240.440065 529.955752
239.433757 531.698730
238.930602 532.570219
238.427448 533.441708
237.924293 534.313197
237.421139 535.184686
236.917984 536.056175
236.414830 536.927664
235.911675 537.799153
235.408521 538.670642
234.905366 539.542131
234.402212 540.413620
233.899058 541.285110
233.395903 542.156599
232.892749 543.028088
232.389594 543.899577
231.886440 544.771066
231.383285 545.642555
230.880131 546.514044
230.376976 547.385533
229.873822 548.257022
229.370667 549.128511
228.867513 550.000000
227.860736 550.000000
226.853958 550.000000
225.847181 550.000000
224.840403 550.000000
223.833626 550.000000
220.813293 550.000000
216.786184 550.000000
204.704854 550.000000
203.698077 550.000000
200.677745 550.000000
199.670967 550.000000
198.664190 550.000000
197.657412 550.000000
194.637080 550.000000
193.630302 550.000000
189.603193 550.000000
188.596415 550.000000
187.589638 550.000000
186.582860 550.000000
185.576083 550.000000
184.569305 550.000000
183.562528 550.000000
171.481199 550.000000
166.447311 550.000000
165.440534 550.000000
161.413424 550.000000
157.386314 550.000000
151.345650 550.000000
149.332095 550.000000
144.298208 550.000000
140.271098 550.000000
138.257543 550.000000
132.216878 550.000000
131.210101 550.000000
130.203323 550.000000
129.196546 550.000000
124.162659 550.000000
123.155881 550.000000
121.142326 550.000000
120.135549 550.000000
116.108439 550.000000
109.060997 550.000000
108.054220 550.000000
106.040665 550.000000
105.033887 550.000000
100.000000 550.000000
