1010
101.000489 450.000000
104.001956 450.000000
109.004400 450.000000
116.007822 450.000000
120.009778 450.000000
127.013200 450.000000
128.013689 450.000000
133.016133 450.000000
136.017600 450.000000
140.019555 450.000000
141.020044 450.000000
149.023955 450.000000
157.027866 450.000000
160.029333 450.000000
161.029822 450.000000
166.032266 450.000000
170.034222 450.000000
178.038133 450.000000
191.044488 450.000000
203.050355 450.000000
208.052799 450.000000
209.053288 450.000000
214.055733 450.000000
215.056221 450.000000
218.057688 450.000000
222.059644 450.000000
224.060621 450.000000
234.065510 450.000000
236.066488 450.000000
238.067466 450.000000
240.068443 450.000000
242.069421 450.000000
243.069910 450.000000
250.073332 450.000000
252.074310 450.000000
259.077732 450.000000
267.081643 450.000000
268.082132 450.000000
276.086043 450.000000
282.088977 450.000000
290.092888 450.000000
300.097776 450.000000
307.101199 450.000000
312.103643 450.000000
317.106087 450.000000
326.110487 450.000000
327.110976 450.000000
337.115865 450.000000
341.117821 450.000000
352.123198 450.000000
353.123687 450.000000
355.124665 450.000000
364.129065 450.000000
370.131998 450.000000
371.132487 450.000000
371.132487 450.000000
371.635641 449.128511
372.138796 448.257022
372.641950 447.385533
373.145105 446.514044
373.648259 445.642555
375.157722 443.028088
375.660877 442.156599
376.164031 441.285110
376.667186 440.413620
377.170340 439.542131
378.176649 437.799153
378.679803 436.927664
379.182958 436.056175
379.686112 435.184686
381.698730 431.698730
382.201884 430.827241
382.705039 429.955752
383.711348 428.212774
384.214502 427.341285
384.717657 426.469796
385.723965 424.726818
386.227120 423.855329
386.730274 422.983840
387.233429 422.112350
387.736583 421.240861
388.239738 420.369372
388.742892 419.497883
389.246046 418.626394
389.749201 417.754905
390.252355 416.883416
390.755510 416.011927
391.258664 415.140438
391.761819 414.268949
392.264973 413.397460
391.260291 411.657300
389.753269 409.047061
388.748587 407.306901
388.246246 406.436821
385.232201 401.216342
384.227519 399.476182
383.222838 397.736022
382.720497 396.865942
382.218156 395.995862
381.213474 394.255703
379.204111 390.775383
377.194748 387.295064
376.190066 385.554904
374.683043 382.944664
373.678362 381.204504
371.668998 377.724185
371.166657 376.854105
370.664317 375.984025
370.161976 375.113945
367.650271 370.763546
366.645590 369.023386
366.143249 368.153306
365.640908 367.283226
364.133886 364.672987
363.631545 363.802907
363.129204 362.932827
362.124522 361.192667
360.617500 358.582428
359.110477 355.972188
358.105795 354.232028
357.101114 352.491868
356.096432 350.751709
355.091750 349.011549
352.580046 344.661150
351.073024 342.050910
345.547274 332.480031
345.044933 331.609951
343.537911 328.999712
343.035570 328.129632
338.012162 319.428833
336.002798 315.948514
334.495776 313.338274
332.988753 310.728034
331.984071 308.987875
331.481730 308.117795
330.477049 306.377635
329.472367 304.637475
328.467685 302.897315
325.453640 297.676836
323.946618 295.066596
321.434914 290.716197
320.932573 289.846117
320.430232 288.976037
319.927891 288.105957
318.420868 285.495718
317.416187 283.755558
315.406823 280.275239
314.904483 279.405159
317.416187 276.794919
318.420869 276.794919
319.425550 276.794919
320.430232 276.794919
328.467686 276.794919
329.472367 276.794919
332.486412 276.794919
334.495776 276.794919
341.528548 276.794919
342.533229 276.794919
343.537911 276.794919
347.556638 276.794919
350.570683 276.794919
355.594091 276.794919
358.608137 276.794919
359.612818 276.794919
362.626863 276.794919
363.631545 276.794919
364.636227 276.794919
365.640908 276.794919
366.645590 276.794919
373.678362 276.794919
374.683044 276.794919
375.687725 276.794919
376.692407 276.794919
377.697089 276.794919
379.706452 276.794919
382.720497 276.794919
384.729861 276.794919
388.748588 276.794919
389.753269 276.794919
391.762633 276.794919
392.767314 276.794919
397.790723 276.794919
401.809450 276.794919
405.828176 276.794919
406.832858 276.794919
407.837540 276.794919
408.842222 276.794919
410.851585 276.794919
413.865630 276.794919
419.893720 276.794919
420.898402 276.794919
422.907765 276.794919
426.926492 276.794919
428.935856 276.794919
430.945219 276.794919
431.949901 276.794919
443.001399 276.794919
446.015444 276.794919
448.024808 276.794919
449.029490 276.794919
450.034171 276.794919
451.038853 276.794919
453.048216 276.794919
455.057580 276.794919
458.071625 276.794919
461.085670 276.794919
464.099715 276.794919
466.109078 276.794919
467.113760 276.794919
470.127805 276.794919
471.634828 275.924839
472.639510 274.184679
476.155895 268.094120
478.165259 264.613801
478.667600 263.743721
479.169941 262.873641
480.676963 260.263401
481.179304 259.393322
481.681645 258.523242
485.198031 252.432683
485.700372 251.562603
487.709735 248.082283
488.714417 246.342123
489.719098 244.601964
490.221439 243.731884
493.737825 237.641325
494.742507 235.901165
495.747189 234.161005
503.282301 221.109807
505.794005 216.759408
508.808051 211.538929
509.310391 210.668849
510.817414 208.058609
511.319755 207.188529
512.324436 205.448369
514.333800 201.968050
514.836141 201.097970
515.840822 199.357810
516.343163 198.487730
517.850186 195.877491
518.854867 194.137331
519.357208 193.267251
520.361890 191.527091
520.864231 190.657012
521.366572 189.786932
523.878276 185.436532
524.380617 184.566453
526.389980 181.086133
529.906366 174.995574
532.418070 170.645175
533.925093 168.034935
534.427434 167.164855
535.432115 165.424695
535.934456 164.554615
536.436797 163.684536
537.943820 161.074296
540.455524 156.723897
542.464887 153.243577
544.474251 149.763258
545.981273 147.153018
546.985955 145.412858
547.488296 144.542778
550.000000 140.192379
552.511704 144.542778
553.516386 146.282938
555.023408 148.893178
556.028090 150.633337
556.530431 151.503417
559.042135 155.853817
559.544476 156.723897
563.563203 163.684536
564.065544 164.554615
564.567885 165.424695
565.070225 166.294775
565.572566 167.164855
566.074907 168.034935
566.577248 168.905015
567.079589 169.775095
567.581930 170.645175
569.591293 174.125494
570.093634 174.995574
572.605338 179.345973
573.107679 180.216053
574.112361 181.956213
574.614702 182.826293
576.624065 186.306612
578.633428 189.786932
580.642792 193.267251
582.652155 196.747571
584.159178 199.357810
584.661518 200.227890
585.666200 201.968050
587.173223 204.578290
588.177904 206.318449
590.187268 209.798769
590.689609 210.668849
593.703654 215.889328
594.708335 217.629488
596.215358 220.239727
596.717699 221.109807
597.722380 222.849967
599.731744 226.330286
600.736426 228.070446
601.238766 228.940526
601.741107 229.810606
602.243448 230.680686
602.745789 231.550766
603.248130 232.420845
604.252811 234.161005
606.262175 237.641325
607.769197 240.251564
608.773879 241.991724
610.280902 244.601964
610.783243 245.472044
613.797288 250.692523
615.304310 253.302762
619.825378 261.133481
620.327719 262.003561
620.830059 262.873641
623.341764 267.224040
624.346445 268.964200
625.853468 271.574440
626.355809 272.444520
629.872195 276.794919
630.876876 276.794919
633.890922 276.794919
634.895603 276.794919
645.947102 276.794919
647.956465 276.794919
649.965829 276.794919
651.975192 276.794919
652.979874 276.794919
655.993919 276.794919
658.003282 276.794919
665.036054 276.794919
670.059463 276.794919
673.073508 276.794919
674.078190 276.794919
677.092235 276.794919
681.110961 276.794919
684.125007 276.794919
686.134370 276.794919
687.139052 276.794919
693.167142 276.794919
695.176505 276.794919
698.190550 276.794919
701.204595 276.794919
704.218641 276.794919
707.232686 276.794919
711.251412 276.794919
715.270139 276.794919
716.274821 276.794919
720.293548 276.794919
722.302911 276.794919
725.316956 276.794919
728.331001 276.794919
729.335683 276.794919
731.345046 276.794919
732.349728 276.794919
735.363773 276.794919
741.391863 276.794919
743.401227 276.794919
745.410590 276.794919
748.424635 276.794919
752.443362 276.794919
757.466771 276.794919
760.480816 276.794919
761.485497 276.794919
763.494861 276.794919
765.504224 276.794919
768.518269 276.794919
770.527633 276.794919
776.555723 276.794919
780.574450 276.794919
781.579131 276.794919
782.583813 276.794919
786.602540 276.794919
786.100199 277.664999
784.090836 281.145318
780.574450 287.235878
780.072109 288.105957
779.569768 288.976037
777.560405 292.456357
775.048701 296.806756
774.546360 297.676836
773.541678 299.416996
773.039337 300.287076
772.536996 301.157156
770.527633 304.637475
768.518270 308.117795
768.015929 308.987875
767.513588 309.857954
765.001884 314.208354
763.997202 315.948514
763.494861 316.818593
762.992520 317.688673
762.490179 318.558753
761.485498 320.298913
759.978475 322.909153
758.471453 325.519392
755.457407 330.739871
752.945703 335.090271
749.931658 340.310750
749.429317 341.180830
748.424636 342.920990
742.898886 352.491868
741.894205 354.232028
740.889523 355.972188
739.884841 357.712348
739.382500 358.582428
738.880160 359.452508
737.373137 362.062747
736.870796 362.932827
736.368455 363.802907
733.856751 368.153306
731.847388 371.633626
730.842706 373.373786
730.340365 374.243865
729.335683 375.984025
728.331002 377.724185
727.326320 379.464345
725.316957 382.944664
723.809934 385.554904
723.307593 386.424984
722.805252 387.295064
721.800571 389.035223
718.284185 395.125783
715.772481 399.476182
712.758435 404.696661
711.251413 407.306901
709.744390 409.917140
709.242050 410.787220
707.735027 413.397460
708.238181 414.268949
708.741336 415.140438
709.747645 416.883416
710.753954 418.626394
711.257108 419.497883
711.760262 420.369372
712.263417 421.240861
712.766571 422.112350
713.269726 422.983840
714.276035 424.726818
714.779189 425.598307
715.282343 426.469796
716.288652 428.212774
717.294961 429.955752
717.798116 430.827241
718.301270 431.698730
718.804424 432.570219
719.307579 433.441708
719.810733 434.313197
720.817042 436.056175
721.320197 436.927664
721.823351 437.799153
722.326505 438.670642
722.829660 439.542131
723.332814 440.413620
723.835969 441.285110
724.339123 442.156599
724.842278 443.028088
725.345432 443.899577
725.848586 444.771066
726.351741 445.642555
726.854895 446.514044
727.358050 447.385533
727.861204 448.257022
728.867513 450.000000
730.868491 450.000000
733.869957 450.000000
734.870446 450.000000
743.874846 450.000000
750.878268 450.000000
751.878757 450.000000
752.879246 450.000000
757.881691 450.000000
775.890490 450.000000
784.894890 450.000000
794.899779 450.000000
796.900757 450.000000
799.902224 450.000000
801.903201 450.000000
812.908579 450.000000
815.910046 450.000000
817.911023 450.000000
820.912490 450.000000
824.914446 450.000000
828.916401 450.000000
830.917379 450.000000
831.917868 450.000000
836.920312 450.000000
837.920801 450.000000
839.921779 450.000000
841.922757 450.000000
844.924223 450.000000
867.935468 450.000000
869.936445 450.000000
870.936934 450.000000
872.937912 450.000000
879.941334 450.000000
885.944267 450.000000
887.945245 450.000000
889.946223 450.000000
890.946712 450.000000
891.947201 450.000000
901.952090 450.000000
902.952578 450.000000
903.953067 450.000000
905.954045 450.000000
906.954534 450.000000
911.956978 450.000000
920.961378 450.000000
925.963823 450.000000
935.968712 450.000000
940.971156 450.000000
941.971645 450.000000
943.972623 450.000000
950.976045 450.000000
951.976534 450.000000
957.979467 450.000000
958.979956 450.000000
962.981911 450.000000
963.982400 450.000000
964.982889 450.000000
968.984845 450.000000
979.990222 450.000000
981.991200 450.000000
986.993645 450.000000
993.997067 450.000000
996.998533 450.000000
1000.000000 450.000000
1000.000000 452.000000
1000.000000 454.000000
1000.000000 456.000000
1000.000000 460.000000
1000.000000 461.000000
1000.000000 463.000000
1000.000000 465.000000
1000.000000 469.000000
1000.000000 470.000000
1000.000000 471.000000
1000.000000 474.000000
1000.000000 476.000000
1000.000000 480.000000
1000.000000 481.000000
1000.000000 482.000000
1000.000000 483.000000
1000.000000 484.000000
1000.000000 486.000000
1000.000000 489.000000
1000.000000 491.000000
1000.000000 492.000000
1000.000000 494.000000
1000.000000 498.000000
1000.000000 501.000000
1000.000000 504.000000
1000.000000 511.000000
1000.000000 512.000000
1000.000000 514.000000
1000.000000 517.000000
1000.000000 519.000000
1000.000000 521.000000
1000.000000 524.000000
1000.000000 525.000000
1000.000000 527.000000
1000.000000 529.000000
1000.000000 530.000000
1000.000000 531.000000
1000.000000 535.000000
1000.000000 538.000000
1000.000000 542.000000
1000.000000 543.000000
1000.000000 546.000000
1000.000000 547.000000
1000.000000 549.000000
1000.000000 550.000000
998.997355 550.000000
997.994710 550.000000
991.978841 550.000000
989.973551 550.000000
980.949748 550.000000
977.941813 550.000000
969.920654 550.000000
967.915365 550.000000
963.904785 550.000000
959.894206 550.000000
958.891561 550.000000
950.870402 550.000000
949.867757 550.000000
945.857178 550.000000
930.817505 550.000000
925.804281 550.000000
924.801636 550.000000
917.783122 550.000000
915.777832 550.000000
914.775187 550.000000
913.772542 550.000000
909.761963 550.000000
908.759318 550.000000
906.754028 550.000000
901.740804 550.000000
900.738159 550.000000
885.698486 550.000000
874.669393 550.000000
872.664103 550.000000
870.658813 550.000000
869.656169 550.000000
866.648234 550.000000
860.632365 550.000000
853.613851 550.000000
848.600627 550.000000
838.574178 550.000000
837.571533 550.000000
832.558309 550.000000
831.555664 550.000000
822.531860 550.000000
819.523926 550.000000
809.497477 550.000000
808.494832 550.000000
801.476318 550.000000
790.447225 550.000000
788.441935 550.000000
787.439290 550.000000
784.431356 550.000000
772.399618 550.000000
770.394328 550.000000
766.383748 550.000000
760.367879 550.000000
759.365234 550.000000
758.362590 550.000000
757.359945 550.000000
752.346720 550.000000
749.338786 550.000000
734.299113 550.000000
723.270020 550.000000
718.256795 550.000000
716.251506 550.000000
713.243571 550.000000
712.240926 550.000000
711.238281 550.000000
710.235636 550.000000
699.206543 550.000000
695.195964 550.000000
690.182739 550.000000
687.174805 550.000000
678.151001 550.000000
674.140422 550.000000
671.132487 550.000000
670.127805 548.259840
667.616101 543.909441
666.109078 541.299201
665.606738 540.429121
665.104397 539.559042
663.095033 536.078722
659.578647 529.988163
658.573966 528.248003
657.066943 525.637764
654.555239 521.287364
651.038853 515.196805
649.531830 512.586565
649.029489 511.716486
646.517785 507.366086
646.015444 506.496006
642.499058 500.405447
640.992036 497.795208
639.987354 496.055048
639.485013 495.184968
637.475650 491.704649
636.470968 489.964489
635.968627 489.094409
632.452241 483.003850
630.442878 479.523530
628.433514 476.043211
627.428833 474.303051
626.926492 473.432971
626.424151 472.562891
624.414788 469.082572
620.898402 462.992013
618.889038 459.511693
616.879675 456.031374
616.377334 455.161294
615.874993 454.291214
614.367971 451.680974
612.358607 448.200655
611.856266 447.330575
611.353925 446.460495
608.339880 441.240016
607.837539 440.369936
607.335199 439.499856
605.828176 436.889617
603.818813 433.409297
602.311790 430.799057
600.302427 427.318738
599.297745 425.578578
598.795404 424.708498
598.293063 423.838418
596.283700 420.358099
594.776677 417.747859
592.264973 413.397460
592.768127 412.525971
593.271282 411.654482
593.774436 410.782993
594.277591 409.911504
594.780745 409.040015
595.283900 408.168526
596.290209 406.425547
596.793363 405.554058
597.296518 404.682569
597.799672 403.811080
598.302826 402.939591
598.805981 402.068102
599.309135 401.196613
599.812290 400.325124
600.315444 399.453635
600.818599 398.582146
601.321753 397.710657
601.824908 396.839168
602.831216 395.096190
603.334371 394.224700
603.837525 393.353211
605.346989 390.738744
605.850143 389.867255
606.353298 388.995766
606.856452 388.124277
607.359607 387.252788
608.365915 385.509810
608.869070 384.638321
609.875379 382.895342
610.881688 381.152364
611.384842 380.280875
611.887997 379.409386
612.391151 378.537897
612.894306 377.666408
613.397460 376.794919
609.372224 376.794919
608.365916 376.794919
607.359607 376.794919
605.346989 376.794919
604.340680 376.794919
602.328062 376.794919
601.321753 376.794919
600.315445 376.794919
599.309136 376.794919
598.302827 376.794919
597.296518 376.794919
596.290209 376.794919
595.283900 376.794919
593.271282 376.794919
592.264973 376.794919
589.246047 376.794919
586.227120 376.794919
585.220811 376.794919
584.214502 376.794919
583.208194 376.794919
580.189267 376.794919
579.182958 376.794919
578.176649 376.794919
577.170340 376.794919
576.164031 376.794919
574.151414 376.794919
573.145105 376.794919
572.138796 376.794919
571.132487 376.794919
570.629333 375.923430
569.623024 374.180452
569.119869 373.308963
568.616715 372.437474
566.604097 368.951518
566.100942 368.080029
565.597788 367.208539
565.094634 366.337050
564.591479 365.465561
564.088325 364.594072
563.082016 362.851094
562.578861 361.979605
562.075707 361.108116
561.572552 360.236627
559.056780 355.879182
558.050471 354.136204
557.547317 353.264715
557.044162 352.393226
556.541008 351.521737
556.037853 350.650248
555.534699 349.778759
554.528390 348.035780
554.025236 347.164291
553.018927 345.421313
552.012618 343.678335
551.509463 342.806846
551.006309 341.935357
550.503154 341.063868
550.000000 340.192379
550.000000 340.192379
549.496846 341.063868
548.993691 341.935357
548.490537 342.806846
547.987382 343.678335
547.484228 344.549824
546.981073 345.421313
546.477919 346.292802
545.974764 347.164291
545.471610 348.035780
544.465301 349.778759
543.458992 351.521737
542.955838 352.393226
542.452683 353.264715
541.949529 354.136204
540.943220 355.879182
540.440065 356.750671
539.936911 357.622160
539.433757 358.493649
537.924293 361.108116
536.917984 362.851094
536.414830 363.722583
535.911675 364.594072
535.408521 365.465561
534.905366 366.337050
534.402212 367.208539
533.899058 368.080029
533.395903 368.951518
532.892749 369.823007
532.389594 370.694496
531.886440 371.565985
531.383285 372.437474
530.880131 373.308963
530.376976 374.180452
529.873822 375.051941
529.370667 375.923430
528.867513 376.794919
528.867513 376.794919
526.854895 376.794919
525.848586 376.794919
524.842277 376.794919
522.829660 376.794919
520.817042 376.794919
519.810733 376.794919
518.804424 376.794919
517.798115 376.794919
516.791806 376.794919
515.785498 376.794919
514.779189 376.794919
513.772880 376.794919
511.760262 376.794919
509.747644 376.794919
507.735027 376.794919
502.703482 376.794919
501.697173 376.794919
500.690864 376.794919
498.678247 376.794919
497.671938 376.794919
496.665629 376.794919
495.659320 376.794919
492.640393 376.794919
491.634084 376.794919
490.627776 376.794919
489.621467 376.794919
487.608849 376.794919
486.602540 376.794919
486.602540 376.794919
487.105694 377.666408
487.608849 378.537897
488.112003 379.409386
488.615158 380.280875
489.118312 381.152364
489.621467 382.023853
490.124621 382.895342
491.130930 384.638321
491.634085 385.509810
492.640393 387.252788
493.143548 388.124277
493.646702 388.995766
494.149857 389.867255
494.653011 390.738744
495.156166 391.610233
495.659320 392.481722
496.162475 393.353211
496.665629 394.224700
497.671938 395.967679
498.175092 396.839168
498.678247 397.710657
499.181401 398.582146
500.690865 401.196613
501.194019 402.068102
501.697174 402.939591
502.703482 404.682569
503.709791 406.425547
504.212946 407.297036
504.716100 408.168526
505.219255 409.040015
506.728718 411.654482
507.231873 412.525971
507.735027 413.397460
506.730345 415.137620
506.228004 416.007700
505.725664 416.877779
503.213959 421.228179
501.706937 423.838418
497.688210 430.799057
497.185869 431.669137
496.683528 432.539217
495.176506 435.149457
494.171824 436.889617
493.167142 438.629776
491.660120 441.240016
490.153097 443.850256
489.148415 445.590415
488.143734 447.330575
487.641393 448.200655
487.139052 449.070735
483.622666 455.161294
483.120325 456.031374
482.115643 457.771534
480.106280 461.251853
479.603939 462.121933
477.092235 466.472332
476.589894 467.342412
476.087553 468.212492
473.575849 472.562891
471.566486 476.043211
471.064145 476.913291
470.561804 477.783371
470.059463 478.653450
468.552440 481.263690
465.538395 486.484169
461.519668 493.444808
461.017328 494.314888
460.514987 495.184968
460.012646 496.055048
458.505623 498.665288
458.003283 499.535367
455.491578 503.885767
452.477533 509.106246
450.970511 511.716486
450.468170 512.586565
448.961147 515.196805
448.458806 516.066885
446.449443 519.547204
442.933057 525.637764
441.928375 527.377923
441.426034 528.248003
440.421353 529.988163
439.919012 530.858243
439.416671 531.728323
438.411989 533.468482
436.402626 536.948802
433.890922 541.299201
432.383899 543.909441
428.867513 550.000000
427.864868 550.000000
426.862223 550.000000
424.856934 550.000000
423.854289 550.000000
420.846354 550.000000
418.841064 550.000000
417.838420 550.000000
416.835775 550.000000
405.806681 550.000000
402.798747 550.000000
395.780233 550.000000
392.772298 550.000000
382.745850 550.000000
376.729980 550.000000
371.716756 550.000000
362.692952 550.000000
356.677083 550.000000
350.661214 550.000000
349.658569 550.000000
347.653280 550.000000
342.640055 550.000000
337.626831 550.000000
334.618896 550.000000
332.613607 550.000000
326.597738 550.000000
325.595093 550.000000
321.584513 550.000000
314.565999 550.000000
312.560710 550.000000
303.536906 550.000000
296.518392 550.000000
294.513102 550.000000
293.510457 550.000000
289.499878 550.000000
275.462850 550.000000
266.439046 550.000000
262.428467 550.000000
256.412598 550.000000
255.409953 550.000000
249.394084 550.000000
246.386149 550.000000
233.351766 550.000000
205.277710 550.000000
202.269775 550.000000
200.264486 550.000000
195.251261 550.000000
192.243327 550.000000
190.238037 550.000000
189.235392 550.000000
187.230103 550.000000
183.219523 550.000000
182.216878 550.000000
178.206299 550.000000
176.201009 550.000000
172.190430 550.000000
168.179850 550.000000
162.163981 550.000000
148.126953 550.000000
138.100505 550.000000
137.097860 550.000000
116.042318 550.000000
104.010579 550.000000
