1390
100.000000 450.000000
101.000489 450.000000
106.002933 450.000000
108.003911 450.000000
109.004400 450.000000
110.004889 450.000000
119.009289 450.000000
120.009778 450.000000
121.010266 450.000000
122.010755 450.000000
123.011244 450.000000
125.012222 450.000000
126.012711 450.000000
127.013200 450.000000
128.013689 450.000000
130.014666 450.000000
131.015155 450.000000
132.015644 450.000000
133.016133 450.000000
134.016622 450.000000
136.017600 450.000000
139.019066 450.000000
140.019555 450.000000
141.020044 450.000000
143.021022 450.000000
144.021511 450.000000
147.022977 450.000000
148.023466 450.000000
150.024444 450.000000
151.024933 450.000000
152.025422 450.000000
153.025911 450.000000
154.026400 450.000000
155.026888 450.000000
156.027377 450.000000
157.027866 450.000000
163.030799 450.000000
164.031288 450.000000
165.031777 450.000000
166.032266 450.000000
167.032755 450.000000
169.033733 450.000000
172.035199 450.000000
174.036177 450.000000
175.036666 450.000000
179.038622 450.000000
184.041066 450.000000
185.041555 450.000000
188.043021 450.000000
189.043510 450.000000
192.044977 450.000000
193.045466 450.000000
194.045955 450.000000
197.047421 450.000000
199.048399 450.000000
202.049866 450.000000
206.051821 450.000000
209.053288 450.000000
210.053777 450.000000
211.054266 450.000000
212.054755 450.000000
215.056221 450.000000
216.056710 450.000000
217.057199 450.000000
219.058177 450.000000
223.060132 450.000000
224.060621 450.000000
225.061110 450.000000
226.061599 450.000000
227.062088 450.000000
228.062577 450.000000
230.063554 450.000000
232.064532 450.000000
233.065021 450.000000
234.065510 450.000000
236.066488 450.000000
237.066977 450.000000
241.068932 450.000000
243.069910 450.000000
249.072843 450.000000
250.073332 450.000000
252.074310 450.000000
254.075288 450.000000
256.076265 450.000000
258.077243 450.000000
259.077732 450.000000
260.078221 450.000000
261.078710 450.000000
263.079687 450.000000
267.081643 450.000000
269.082621 450.000000
271.083599 450.000000
272.084087 450.000000
274.085065 450.000000
276.086043 450.000000
278.087021 450.000000
279.087510 450.000000
280.087998 450.000000
281.088487 450.000000
282.088976 450.000000
283.089465 450.000000
285.090443 450.000000
287.091421 450.000000
288.091909 450.000000
290.092887 450.000000
292.093865 450.000000
293.094354 450.000000
294.094843 450.000000
296.095821 450.000000
297.096309 450.000000
302.098754 450.000000
304.099732 450.000000
305.100220 450.000000
307.101198 450.000000
308.101687 450.000000
309.102176 450.000000
310.102665 450.000000
311.103154 450.000000
313.104131 450.000000
316.105598 450.000000
318.106576 450.000000
320.107554 450.000000
322.108531 450.000000
324.109509 450.000000
325.109998 450.000000
326.110487 450.000000
329.111954 450.000000
330.112442 450.000000
331.112931 450.000000
332.113420 450.000000
333.113909 450.000000
335.114887 450.000000
336.115376 450.000000
337.115865 450.000000
339.116842 450.000000
340.117331 450.000000
341.117820 450.000000
342.118309 450.000000
343.118798 450.000000
344.119287 450.000000
347.120753 450.000000
348.121242 450.000000
351.122709 450.000000
353.123687 450.000000
354.124176 450.000000
355.124664 450.000000
360.127109 450.000000
361.127598 450.000000
362.128087 450.000000
364.129064 450.000000
365.129553 450.000000
367.130531 450.000000
370.131998 450.000000
371.132487 450.000000
371.132487 450.000000
372.134545 448.264383
372.635575 447.396575
373.136604 446.528766
377.144840 439.586298
378.146899 437.850682
379.148958 436.115065
379.649987 435.247256
380.652046 433.511639
382.155134 430.908214
382.656164 430.040405
383.658223 428.304788
385.161311 425.701363
386.664399 423.097938
387.165429 422.230129
387.666458 421.362321
389.169547 418.758895
389.670576 417.891087
390.672635 416.155470
391.674694 414.419853
392.175723 413.552045
393.177782 411.816428
393.678812 410.948619
395.181900 408.345194
395.682930 407.477385
396.183959 406.609577
396.684988 405.741768
398.689106 402.270535
399.190136 401.402726
401.194254 397.931492
401.695283 397.063684
403.699401 393.592450
404.701460 391.856833
405.703519 390.121216
406.204548 389.253408
406.705577 388.385599
411.715872 379.707515
412.216901 378.839706
412.717931 377.971898
414.722049 374.500664
418.730284 367.558196
420.734402 364.086962
421.235431 363.219154
421.736461 362.351345
422.237490 361.483537
422.738520 360.615728
423.239549 359.747920
423.740579 358.880111
426.746755 353.673261
427.748814 351.937644
428.750873 350.202027
429.251903 349.334218
429.752932 348.466410
431.256020 345.862984
433.260138 342.391751
435.765286 338.052708
436.767344 336.317091
437.268374 335.449283
437.769403 334.581474
438.771462 332.845858
441.276609 328.506815
442.278668 326.771198
443.280727 325.035581
443.781757 324.167773
444.282786 323.299964
445.284845 321.564348
445.785875 320.696539
446.286904 319.828731
448.291022 316.357497
449.794110 313.754071
451.798228 310.282838
452.299257 309.415029
452.800287 308.547221
453.301316 307.679412
454.804405 305.075987
458.311611 299.001328
459.313670 297.265711
462.319846 292.058860
463.321905 290.323243
463.822935 289.455434
465.326023 286.852009
466.328082 285.116392
466.829111 284.248584
467.330141 283.380775
467.831170 282.512967
469.334259 279.909541
471.338376 276.438307
471.839406 275.570499
472.841465 273.834882
473.342494 272.967074
474.344553 271.231457
474.845583 270.363648
475.346612 269.495840
475.847641 268.628031
476.348671 267.760223
476.849700 266.892414
478.352789 264.288989
479.354848 262.553372
479.855877 261.685564
481.358965 259.082138
482.361024 257.346521
483.363083 255.610904
483.864113 254.743096
484.365142 253.875287
485.868230 251.271862
486.369260 250.404054
486.870289 249.536245
487.371319 248.668437
487.872348 247.800628
488.373378 246.932820
488.874407 246.065011
490.878525 242.593777
491.379554 241.725969
491.880584 240.858161
493.383672 238.254735
493.884702 237.386927
494.385731 236.519118
494.886761 235.651310
495.387790 234.783501
495.888819 233.915693
496.890878 232.180076
497.391908 231.312267
497.892937 230.444459
498.894996 228.708842
500.398085 226.105417
500.899114 225.237608
501.400143 224.369800
501.901173 223.501991
502.903232 221.766374
503.905291 220.030757
507.412497 213.956098
508.414556 212.220481
509.917644 209.617056
510.919703 207.881439
511.420732 207.013630
512.923821 204.410205
513.424850 203.542397
515.929997 199.203354
517.934115 195.732120
518.435145 194.864312
519.938233 192.260887
520.439262 191.393078
521.441321 189.657461
522.944410 187.054036
523.445439 186.186227
524.447498 184.450610
526.451616 180.979377
528.455734 177.508143
528.956763 176.640334
529.958822 174.904717
530.960881 173.169100
531.461910 172.301292
531.962940 171.433484
532.964999 169.697867
533.967058 167.962250
534.468087 167.094441
535.971175 164.491016
536.973234 162.755399
539.979411 157.548548
541.983529 154.077314
543.987647 150.606080
544.488676 149.738272
544.989706 148.870463
545.991764 147.134847
546.492794 146.267038
546.993823 145.399230
547.494853 144.531421
548.496912 142.795804
548.997941 141.927996
550.000000 140.192379
551.002059 141.927996
552.004118 143.663613
552.505147 144.531421
553.006177 145.399230
554.008236 147.134847
554.509265 148.002655
555.010294 148.870463
556.012353 150.606080
557.515442 153.209506
558.016471 154.077314
558.517501 154.945123
559.018530 155.812931
560.020589 157.548548
560.521618 158.416357
563.527795 163.623207
564.529854 165.358824
565.531913 167.094441
570.041178 174.904717
571.043237 176.640334
571.544266 177.508143
573.047355 180.111568
574.049414 181.847185
574.550443 182.714994
577.556620 187.921844
579.059708 190.525270
579.560738 191.393078
580.061767 192.260887
580.562796 193.128695
581.564855 194.864312
582.566914 196.599929
583.568973 198.335546
584.571032 200.071163
585.573091 201.806780
586.074120 202.674588
587.076179 204.410205
587.577209 205.278014
589.581327 208.749247
592.587503 213.956098
594.090592 216.559524
595.092650 218.295140
595.593680 219.162949
596.094709 220.030757
596.595739 220.898566
597.597798 222.634183
598.599857 224.369800
599.100886 225.237608
599.601915 226.105417
600.102945 226.973225
600.603974 227.841034
602.107063 230.444459
602.608092 231.312267
603.109122 232.180076
603.610151 233.047884
610.123534 244.329394
611.626622 246.932820
612.127652 247.800628
612.628681 248.668437
613.630740 250.404054
614.131770 251.271862
614.632799 252.139671
615.634858 253.875287
616.135887 254.743096
616.636917 255.610904
618.140005 258.214330
619.142064 259.949947
620.645152 262.553372
622.148241 265.156797
624.653388 269.495840
625.655447 271.231457
627.158535 273.834882
629.162653 277.306116
629.663682 278.173924
630.164712 279.041733
632.168830 282.512967
632.669859 283.380775
633.671918 285.116392
637.179124 291.191051
638.682213 293.794477
639.183242 294.662285
640.185301 296.397902
640.686330 297.265711
641.187360 298.133519
645.195595 305.075987
645.696625 305.943795
646.197654 306.811604
646.698684 307.679412
648.702802 311.150646
649.203831 312.018454
649.704860 312.886263
650.205890 313.754071
651.207949 315.489688
653.212067 318.960922
653.713096 319.828731
655.216184 322.432156
656.719273 325.035581
657.220302 325.903390
657.721332 326.771198
658.222361 327.639007
658.723391 328.506815
659.224420 329.374624
659.725449 330.242432
660.226479 331.110241
662.731626 335.449283
663.733685 337.184900
664.234714 338.052708
664.735744 338.920517
665.737803 340.656134
666.739862 342.391751
667.741921 344.127368
668.242950 344.995176
672.251186 351.937644
673.253245 353.673261
673.754274 354.541069
675.758392 358.012303
676.259421 358.880111
676.760451 359.747920
678.764569 363.219154
679.766627 364.954771
680.768686 366.690388
681.269716 367.558196
682.271775 369.293813
683.774863 371.897238
685.778981 375.368472
686.781040 377.104089
687.783099 378.839706
689.286187 381.443131
689.787216 382.310940
690.288246 383.178748
691.791334 385.782174
693.294423 388.385599
693.795452 389.253408
696.801629 394.460258
698.304717 397.063684
698.805746 397.931492
699.807805 399.667109
700.809864 401.402726
701.310894 402.270535
702.312953 404.006151
703.315012 405.741768
704.317070 407.477385
707.824277 413.552045
708.826335 415.287661
709.327365 416.155470
710.830453 418.758895
711.331483 419.626704
711.832512 420.494512
713.836630 423.965746
714.337659 424.833555
715.840748 427.436980
717.844866 430.908214
718.345895 431.776022
719.848983 434.379448
720.851042 436.115065
721.352072 436.982873
721.853101 437.850682
722.354131 438.718490
722.855160 439.586298
723.857219 441.321915
724.859278 443.057532
727.364425 447.396575
727.865455 448.264383
728.867513 450.000000
729.868002 450.000000
730.868491 450.000000
731.868980 450.000000
732.869469 450.000000
733.869958 450.000000
734.870447 450.000000
735.870936 450.000000
737.871913 450.000000
744.875336 450.000000
745.875824 450.000000
747.876802 450.000000
748.877291 450.000000
749.877780 450.000000
754.880224 450.000000
756.881202 450.000000
757.881691 450.000000
758.882180 450.000000
761.883647 450.000000
763.884624 450.000000
765.885602 450.000000
770.888046 450.000000
771.888535 450.000000
772.889024 450.000000
776.890980 450.000000
777.891469 450.000000
778.891957 450.000000
780.892935 450.000000
782.893913 450.000000
783.894402 450.000000
784.894891 450.000000
786.895869 450.000000
787.896357 450.000000
789.897335 450.000000
791.898313 450.000000
792.898802 450.000000
793.899291 450.000000
794.899780 450.000000
795.900268 450.000000
800.902713 450.000000
801.903202 450.000000
802.903691 450.000000
804.904668 450.000000
805.905157 450.000000
807.906135 450.000000
809.907113 450.000000
810.907602 450.000000
811.908091 450.000000
812.908579 450.000000
814.909557 450.000000
815.910046 450.000000
816.910535 450.000000
817.911024 450.000000
818.911513 450.000000
820.912490 450.000000
821.912979 450.000000
822.913468 450.000000
823.913957 450.000000
825.914935 450.000000
828.916401 450.000000
834.919335 450.000000
835.919824 450.000000
836.920313 450.000000
837.920801 450.000000
839.921779 450.000000
840.922268 450.000000
841.922757 450.000000
842.923246 450.000000
843.923735 450.000000
846.925201 450.000000
849.926668 450.000000
850.927157 450.000000
852.928135 450.000000
853.928623 450.000000
854.929112 450.000000
855.929601 450.000000
857.930579 450.000000
861.932535 450.000000
863.933512 450.000000
864.934001 450.000000
865.934490 450.000000
866.934979 450.000000
867.935468 450.000000
869.936446 450.000000
870.936934 450.000000
871.937423 450.000000
872.937912 450.000000
874.938890 450.000000
875.939379 450.000000
877.940357 450.000000
878.940845 450.000000
879.941334 450.000000
880.941823 450.000000
882.942801 450.000000
883.943290 450.000000
885.944268 450.000000
886.944757 450.000000
887.945245 450.000000
892.947690 450.000000
893.948179 450.000000
894.948668 450.000000
895.949156 450.000000
901.952090 450.000000
902.952579 450.000000
903.953067 450.000000
905.954045 450.000000
906.954534 450.000000
907.955023 450.000000
909.956001 450.000000
911.956979 450.000000
914.958445 450.000000
916.959423 450.000000
918.960401 450.000000
919.960890 450.000000
920.961378 450.000000
921.961867 450.000000
922.962356 450.000000
925.963823 450.000000
928.965290 450.000000
929.965778 450.000000
930.966267 450.000000
932.967245 450.000000
933.967734 450.000000
934.968223 450.000000
935.968712 450.000000
936.969201 450.000000
938.970178 450.000000
941.971645 450.000000
942.972134 450.000000
943.972623 450.000000
944.973112 450.000000
945.973600 450.000000
950.976045 450.000000
952.977023 450.000000
953.977512 450.000000
954.978000 450.000000
955.978489 450.000000
958.979956 450.000000
959.980445 450.000000
963.982400 450.000000
964.982889 450.000000
968.984845 450.000000
969.985334 450.000000
970.985822 450.000000
976.988756 450.000000
979.990222 450.000000
983.992178 450.000000
988.994622 450.000000
989.995111 450.000000
990.995600 450.000000
992.996578 450.000000
994.997556 450.000000
996.998533 450.000000
998.999511 450.000000
1000.000000 450.000000
1000.000000 451.000000
1000.000000 452.000000
1000.000000 453.000000
1000.000000 454.000000
1000.000000 455.000000
1000.000000 456.000000
1000.000000 457.000000
1000.000000 458.000000
1000.000000 459.000000
1000.000000 460.000000
1000.000000 461.000000
1000.000000 462.000000
1000.000000 463.000000
1000.000000 464.000000
1000.000000 465.000000
1000.000000 466.000000
1000.000000 467.000000
1000.000000 468.000000
1000.000000 469.000000
1000.000000 470.000000
1000.000000 471.000000
1000.000000 472.000000
1000.000000 473.000000
1000.000000 474.000000
1000.000000 475.000000
1000.000000 476.000000
1000.000000 477.000000
1000.000000 478.000000
1000.000000 479.000000
1000.000000 480.000000
1000.000000 481.000000
1000.000000 483.000000
1000.000000 484.000000
1000.000000 485.000000
1000.000000 486.000000
1000.000000 487.000000
1000.000000 488.000000
1000.000000 490.000000
1000.000000 492.000000
1000.000000 493.000000
1000.000000 494.000000
1000.000000 495.000000
1000.000000 496.000000
1000.000000 497.000000
1000.000000 498.000000
1000.000000 499.000000
1000.000000 500.000000
1000.000000 501.000000
1000.000000 502.000000
1000.000000 503.000000
1000.000000 504.000000
1000.000000 506.000000
1000.000000 507.000000
1000.000000 508.000000
1000.000000 509.000000
1000.000000 511.000000
1000.000000 512.000000
1000.000000 513.000000
1000.000000 514.000000
1000.000000 515.000000
1000.000000 516.000000
1000.000000 517.000000
1000.000000 518.000000
1000.000000 519.000000
1000.000000 520.000000
1000.000000 521.000000
1000.000000 522.000000
1000.000000 523.000000
1000.000000 524.000000
1000.000000 525.000000
1000.000000 526.000000
1000.000000 527.000000
1000.000000 528.000000
1000.000000 529.000000
1000.000000 530.000000
1000.000000 532.000000
1000.000000 533.000000
1000.000000 534.000000
1000.000000 535.000000
1000.000000 536.000000
1000.000000 537.000000
1000.000000 538.000000
1000.000000 539.000000
1000.000000 540.000000
1000.000000 542.000000
1000.000000 543.000000
1000.000000 544.000000
1000.000000 545.000000
1000.000000 547.000000
1000.000000 548.000000
1000.000000 549.000000
998.997355 550.000000
997.994710 550.000000
996.992065 550.000000
995.989421 550.000000
993.984131 550.000000
990.976196 550.000000
986.965617 550.000000
985.962972 550.000000
984.960327 550.000000
982.955037 550.000000
980.949748 550.000000
978.944458 550.000000
977.941813 550.000000
975.936523 550.000000
974.933879 550.000000
969.920654 550.000000
968.918009 550.000000
964.907430 550.000000
962.902140 550.000000
960.896851 550.000000
958.891561 550.000000
957.888916 550.000000
953.878337 550.000000
952.875692 550.000000
949.867757 550.000000
948.865112 550.000000
945.857178 550.000000
944.854533 550.000000
941.846598 550.000000
940.843953 550.000000
939.841309 550.000000
938.838664 550.000000
933.825439 550.000000
932.822795 550.000000
931.820150 550.000000
922.796346 550.000000
920.791056 550.000000
919.788411 550.000000
912.769897 550.000000
906.754028 550.000000
905.751383 550.000000
904.748738 550.000000
903.746094 550.000000
901.740804 550.000000
899.735514 550.000000
898.732869 550.000000
896.727580 550.000000
892.717000 550.000000
890.711710 550.000000
887.703776 550.000000
886.701131 550.000000
885.698486 550.000000
881.687907 550.000000
880.685262 550.000000
878.679972 550.000000
877.677327 550.000000
876.674682 550.000000
871.661458 550.000000
869.656168 550.000000
868.653524 550.000000
867.650879 550.000000
866.648234 550.000000
865.645589 550.000000
864.642944 550.000000
862.637654 550.000000
858.627075 550.000000
857.624430 550.000000
856.621785 550.000000
854.616496 550.000000
853.613851 550.000000
849.603271 550.000000
847.597982 550.000000
846.595337 550.000000
841.582112 550.000000
840.579468 550.000000
837.571533 550.000000
836.568888 550.000000
834.563598 550.000000
833.560954 550.000000
830.553019 550.000000
828.547729 550.000000
827.545084 550.000000
826.542440 550.000000
825.539795 550.000000
824.537150 550.000000
822.531860 550.000000
820.526570 550.000000
818.521281 550.000000
815.513346 550.000000
813.508056 550.000000
811.502767 550.000000
810.500122 550.000000
807.492187 550.000000
805.486898 550.000000
804.484253 550.000000
802.478963 550.000000
801.476318 550.000000
800.473673 550.000000
799.471028 550.000000
798.468384 550.000000
797.465739 550.000000
796.463094 550.000000
794.457804 550.000000
793.455159 550.000000
792.452514 550.000000
790.447225 550.000000
787.439290 550.000000
786.436645 550.000000
784.431356 550.000000
782.426066 550.000000
781.423421 550.000000
779.418131 550.000000
778.415486 550.000000
774.404907 550.000000
772.399617 550.000000
770.394327 550.000000
768.389038 550.000000
767.386393 550.000000
766.383748 550.000000
763.375813 550.000000
762.373169 550.000000
758.362589 550.000000
757.359944 550.000000
755.354655 550.000000
754.352010 550.000000
753.349365 550.000000
750.341430 550.000000
748.336141 550.000000
747.333496 550.000000
746.330851 550.000000
743.322916 550.000000
742.320271 550.000000
741.317627 550.000000
740.314982 550.000000
739.312337 550.000000
738.309692 550.000000
737.307047 550.000000
736.304402 550.000000
735.301757 550.000000
734.299113 550.000000
732.293823 550.000000
724.272664 550.000000
723.270019 550.000000
718.256795 550.000000
714.246215 550.000000
711.238281 550.000000
710.235636 550.000000
707.227701 550.000000
705.222412 550.000000
704.219767 550.000000
703.217122 550.000000
702.214477 550.000000
700.209187 550.000000
698.203898 550.000000
697.201253 550.000000
696.198608 550.000000
695.195963 550.000000
691.185384 550.000000
686.172159 550.000000
685.169515 550.000000
682.161580 550.000000
681.158935 550.000000
677.148356 550.000000
676.145711 550.000000
674.140421 550.000000
671.132487 550.000000
670.631939 549.133026
669.630844 547.399079
669.130297 546.532105
668.129202 544.798158
667.628654 543.931185
666.127012 541.330264
665.626464 540.463290
665.125917 539.596316
664.124822 537.862369
663.624275 536.995395
662.623180 535.261448
660.620990 531.793554
659.119347 529.192633
657.617705 526.591712
657.117158 525.724738
656.116063 523.990791
655.615515 523.123817
655.114968 522.256843
654.614420 521.389870
654.113873 520.522896
652.612230 517.921975
652.111683 517.055002
651.110588 515.321054
648.607851 510.986186
648.107303 510.119213
647.606756 509.252239
646.605661 507.518292
646.105113 506.651318
645.604566 505.784344
645.104018 504.917371
644.102923 503.183423
643.602376 502.316450
643.101828 501.449476
642.601281 500.582502
641.600186 498.848555
641.099639 497.981582
640.599091 497.114608
639.597996 495.380661
638.596901 493.646713
637.095259 491.045792
635.093069 487.577898
634.592522 486.710924
633.591427 484.976977
633.090879 484.110003
632.590332 483.243030
632.089784 482.376056
630.588142 479.775135
630.087594 478.908161
629.587047 478.041188
628.085405 475.440267
627.084310 473.706320
626.083215 471.972372
625.082120 470.238425
624.581572 469.371451
624.081025 468.504478
623.580477 467.637504
623.079930 466.770530
622.579382 465.903557
622.078835 465.036583
621.578288 464.169610
620.076645 461.568689
619.576098 460.701715
619.075550 459.834741
618.575003 458.967768
618.074455 458.100794
617.573908 457.233820
617.073360 456.366847
616.572813 455.499873
616.072265 454.632899
614.070076 451.165005
613.068981 449.431058
612.568433 448.564084
612.067886 447.697110
611.567338 446.830137
611.066791 445.963163
610.566243 445.096189
608.564053 441.628295
608.063506 440.761321
607.562958 439.894348
607.062411 439.027374
606.561864 438.160400
604.559674 434.692506
604.059126 433.825532
603.058031 432.091585
602.557484 431.224611
602.056936 430.357638
601.055841 428.623690
600.555294 427.756717
599.554199 426.022769
598.553104 424.288822
597.552009 422.554875
596.050367 419.953954
595.549819 419.086980
595.049272 418.220007
594.548724 417.353033
593.547629 415.619086
593.047082 414.752112
592.546535 413.885138
592.045987 413.018165
591.545440 412.151191
591.044892 411.284217
590.043797 409.550270
589.543250 408.683297
589.042702 407.816323
587.541060 405.215402
586.539965 403.481455
586.039417 402.614481
585.038323 400.880534
584.537775 400.013560
584.037228 399.146586
583.536680 398.279613
582.535585 396.545666
581.534490 394.811718
579.532300 391.343824
579.031753 390.476850
578.531206 389.609876
578.030658 388.742903
576.529016 386.141982
576.028468 385.275008
575.527921 384.408035
574.526826 382.674087
574.026278 381.807114
572.024088 378.339219
571.022994 376.605272
570.522446 375.738298
570.021899 374.871325
568.520256 372.270404
568.019709 371.403430
567.018614 369.669483
566.017519 367.935535
565.016424 366.201588
563.514782 363.600667
562.513687 361.866720
560.010949 357.531852
559.510402 356.664878
559.009854 355.797904
558.509307 354.930931
558.008759 354.063957
557.508212 353.196983
557.007665 352.330010
556.006570 350.596063
555.506022 349.729089
554.004380 347.128168
553.503832 346.261194
552.002190 343.660273
551.501642 342.793300
551.001095 341.926326
550.000000 340.192379
548.498358 342.793300
547.997810 343.660273
547.497263 344.527247
546.996715 345.394221
546.496168 346.261194
545.495073 347.995142
544.994525 348.862115
543.993430 350.596063
542.992335 352.330010
542.491788 353.196983
541.991241 354.063957
541.490693 354.930931
540.990146 355.797904
540.489598 356.664878
539.989051 357.531852
539.488503 358.398825
538.987956 359.265799
538.487408 360.132773
537.986861 360.999746
537.486313 361.866720
536.485218 363.600667
534.983576 366.201588
534.483029 367.068562
533.481934 368.802509
532.981386 369.669483
531.980291 371.403430
530.478649 374.004351
529.978101 374.871325
528.977006 376.605272
527.975912 378.339219
527.475364 379.206193
526.474269 380.940140
524.972627 383.541061
522.970437 387.008955
521.969342 388.742903
520.968247 390.476850
520.467700 391.343824
519.466605 393.077771
518.966057 393.944745
518.465510 394.811718
517.464415 396.545666
516.963867 397.412639
516.463320 398.279613
515.462225 400.013560
514.961677 400.880534
514.461130 401.747507
512.959488 404.348428
512.458940 405.215402
511.958393 406.082376
511.457845 406.949349
510.957298 407.816323
510.456750 408.683297
509.455655 410.417244
508.955108 411.284217
508.454560 412.151191
507.453465 413.885138
506.952918 414.752112
505.951823 416.486059
505.451276 417.353033
503.949633 419.953954
503.449086 420.820927
502.447991 422.554875
501.947443 423.421848
501.446896 424.288822
500.946348 425.155796
499.945253 426.889743
499.444706 427.756717
498.944159 428.623690
498.443611 429.490664
497.943064 430.357638
495.940874 433.825532
494.939779 435.559479
494.439231 436.426453
493.938684 437.293427
493.438136 438.160400
492.937589 439.027374
492.437042 439.894348
491.936494 440.761321
491.435947 441.628295
490.935399 442.495269
490.434852 443.362242
489.934304 444.229216
489.433757 445.096189
488.432662 446.830137
487.932114 447.697110
487.431567 448.564084
486.931019 449.431058
486.430472 450.298031
485.929924 451.165005
484.928830 452.898952
484.428282 453.765926
483.927735 454.632899
483.427187 455.499873
482.926640 456.366847
481.424997 458.967768
480.924450 459.834741
479.923355 461.568689
479.422807 462.435662
478.922260 463.302636
478.421712 464.169610
477.921165 465.036583
476.920070 466.770530
475.418428 469.371451
474.417333 471.105399
473.416238 472.839346
472.415143 474.573293
471.914595 475.440267
470.913501 477.174214
469.912406 478.908161
469.411858 479.775135
468.410763 481.509082
467.910216 482.376056
467.409668 483.243030
465.407478 486.710924
464.906931 487.577898
464.406383 488.444871
463.905836 489.311845
463.405289 490.178819
462.904741 491.045792
462.404194 491.912766
461.403099 493.646713
460.402004 495.380661
459.901456 496.247634
459.400909 497.114608
458.900361 497.981582
455.396529 504.050397
454.895982 504.917371
454.395434 505.784344
453.894887 506.651318
453.394339 507.518292
452.893792 508.385265
451.892697 510.119213
451.392149 510.986186
449.890507 513.587107
449.389960 514.454081
448.889412 515.321054
448.388865 516.188028
447.888317 517.055002
446.887222 518.788949
445.886127 520.522896
445.385580 521.389870
444.384485 523.123817
443.883937 523.990791
443.383390 524.857764
442.882842 525.724738
442.382295 526.591712
441.381200 528.325659
440.380105 530.059606
439.879558 530.926580
438.878463 532.660527
438.377915 533.527501
437.376820 535.261448
436.375725 536.995395
435.875178 537.862369
435.374631 538.729343
434.373536 540.463290
432.871893 543.064211
431.870798 544.798158
431.370251 545.665132
430.869703 546.532105
430.369156 547.399079
429.868608 548.266053
429.368061 549.133026
428.867513 550.000000
426.862224 550.000000
424.856934 550.000000
423.854289 550.000000
422.851644 550.000000
421.848999 550.000000
419.843710 550.000000
418.841065 550.000000
416.835775 550.000000
414.830485 550.000000
413.827841 550.000000
410.819906 550.000000
407.811971 550.000000
404.804037 550.000000
403.801392 550.000000
402.798747 550.000000
400.793457 550.000000
398.788168 550.000000
397.785523 550.000000
396.782878 550.000000
395.780233 550.000000
394.777588 550.000000
391.769654 550.000000
390.767009 550.000000
388.761719 550.000000
386.756429 550.000000
385.753785 550.000000
384.751140 550.000000
383.748495 550.000000
379.737915 550.000000
378.735271 550.000000
376.729981 550.000000
371.716757 550.000000
370.714112 550.000000
369.711467 550.000000
366.703532 550.000000
364.698243 550.000000
363.695598 550.000000
361.690308 550.000000
360.687663 550.000000
356.677084 550.000000
355.674439 550.000000
354.671794 550.000000
353.669149 550.000000
352.666504 550.000000
351.663859 550.000000
350.661215 550.000000
349.658570 550.000000
348.655925 550.000000
346.650635 550.000000
345.647990 550.000000
339.632121 550.000000
338.629476 550.000000
335.621542 550.000000
331.610962 550.000000
330.608317 550.000000
329.605673 550.000000
327.600383 550.000000
325.595093 550.000000
324.592448 550.000000
317.573934 550.000000
314.566000 550.000000
313.563355 550.000000
312.560710 550.000000
311.558065 550.000000
309.552775 550.000000
307.547486 550.000000
306.544841 550.000000
303.536906 550.000000
302.534261 550.000000
300.528972 550.000000
297.521037 550.000000
295.515747 550.000000
293.510458 550.000000
292.507813 550.000000
291.505168 550.000000
290.502523 550.000000
289.499878 550.000000
288.497233 550.000000
287.494588 550.000000
285.489299 550.000000
284.486654 550.000000
283.484009 550.000000
282.481364 550.000000
280.476074 550.000000
277.468140 550.000000
275.462850 550.000000
273.457560 550.000000
271.452271 550.000000
270.449626 550.000000
269.446981 550.000000
267.441691 550.000000
266.439046 550.000000
260.423177 550.000000
259.420532 550.000000
257.415243 550.000000
256.412598 550.000000
254.407308 550.000000
251.399374 550.000000
247.388794 550.000000
246.386149 550.000000
244.380860 550.000000
243.378215 550.000000
242.375570 550.000000
240.370280 550.000000
238.364990 550.000000
236.359701 550.000000
234.354411 550.000000
233.351766 550.000000
231.346476 550.000000
230.343832 550.000000
225.330607 550.000000
224.327962 550.000000
222.322673 550.000000
221.320028 550.000000
213.298869 550.000000
211.293579 550.000000
209.288290 550.000000
208.285645 550.000000
205.277710 550.000000
204.275065 550.000000
202.269776 550.000000
200.264486 550.000000
198.259196 550.000000
196.253906 550.000000
195.251262 550.000000
193.245972 550.000000
192.243327 550.000000
191.240682 550.000000
190.238037 550.000000
189.235392 550.000000
188.232748 550.000000
187.230103 550.000000
185.224813 550.000000
184.222168 550.000000
183.219523 550.000000
181.214234 550.000000
180.211589 550.000000
177.203654 550.000000
172.190430 550.000000
170.185140 550.000000
169.182495 550.000000
168.179850 550.000000
166.174561 550.000000
162.163981 550.000000
161.161336 550.000000
160.158691 550.000000
159.156047 550.000000
158.153402 550.000000
156.148112 550.000000
155.145467 550.000000
150.132243 550.000000
149.129598 550.000000
147.124308 550.000000
146.121663 550.000000
143.113729 550.000000
141.108439 550.000000
140.105794 550.000000
136.095215 550.000000
135.092570 550.000000
134.089925 550.000000
133.087280 550.000000
132.084635 550.000000
131.081991 550.000000
130.079346 550.000000
126.068766 550.000000
125.066121 550.000000
124.063477 550.000000
123.060832 550.000000
122.058187 550.000000
121.055542 550.000000
119.050252 550.000000
116.042318 550.000000
115.039673 550.000000
114.037028 550.000000
113.034383 550.000000
112.031738 550.000000
111.029093 550.000000
109.023804 550.000000
106.015869 550.000000
105.013224 550.000000
102.005290 550.000000
