1120
100.000000 450.000000
102.003732 450.000000
103.005598 450.000000
107.013062 450.000000
108.014928 450.000000
109.016794 450.000000
110.018660 450.000000
112.022392 450.000000
113.024258 450.000000
114.026124 450.000000
115.027990 450.000000
116.029856 450.000000
117.031722 450.000000
118.033588 450.000000
121.039186 450.000000
123.042918 450.000000
125.046650 450.000000
129.054114 450.000000
130.055980 450.000000
131.057846 450.000000
132.059712 450.000000
133.061578 450.000000
134.063444 450.000000
135.065310 450.000000
136.067177 450.000000
139.072775 450.000000
141.076507 450.000000
142.078373 450.000000
147.087703 450.000000
149.091435 450.000000
155.102631 450.000000
159.110095 450.000000
161.113827 450.000000
164.119425 450.000000
166.123157 450.000000
167.125023 450.000000
168.126889 450.000000
169.128755 450.000000
171.132487 450.000000
171.634828 449.129920
174.648873 443.909441
176.658236 440.429121
179.169941 436.078722
179.672281 435.208642
180.676963 433.468482
182.686326 429.988163
186.202712 423.897604
188.714417 419.547204
190.221439 416.936965
193.235484 411.716486
193.737825 410.846406
195.244848 408.236166
195.747189 407.366086
196.751870 405.625926
197.254211 404.755847
198.258893 403.015687
198.761234 402.145607
200.268256 399.535367
202.277620 396.055048
202.779960 395.184968
203.282301 394.314888
205.291665 390.834569
207.803369 386.484169
211.319755 380.393610
218.854867 367.342412
220.864231 363.862093
224.380617 357.771534
226.389980 354.291214
229.404025 349.070735
231.413389 345.590415
231.915730 344.720335
240.957865 329.058898
242.464887 326.448658
245.478932 321.228179
245.981273 320.358099
246.483614 319.488019
248.492977 316.007700
248.995318 315.137620
249.497659 314.267540
253.516386 319.488019
254.018727 320.358099
255.525749 322.968339
258.539794 328.188818
259.042135 329.058898
260.549158 331.669137
261.553839 333.409297
262.056180 334.279377
262.558521 335.149457
268.084270 344.720335
268.586611 345.590415
270.595975 349.070735
272.605338 352.551054
274.112361 355.161294
274.614702 356.031374
275.619383 357.771534
276.121724 358.641613
281.145133 367.342412
291.694290 385.614089
293.201313 388.224329
293.703654 389.094409
294.205995 389.964489
295.210676 391.704649
299.731744 399.535367
300.736426 401.275527
301.741107 403.015687
303.750471 406.496006
304.755152 408.236166
307.769197 413.456645
308.773879 415.196805
309.276220 416.066885
310.280902 417.807045
312.792606 422.157444
315.304310 426.507843
315.806651 427.377923
321.332400 436.948802
323.341764 440.429121
325.351127 443.909441
328.867513 450.000000
330.880131 450.000000
331.886440 450.000000
334.905366 450.000000
335.911675 450.000000
336.917984 450.000000
338.930602 450.000000
340.943220 450.000000
342.955838 450.000000
343.962147 450.000000
348.993691 450.000000
350.000000 450.000000
351.006309 450.000000
353.018927 450.000000
356.037853 450.000000
357.044162 450.000000
359.056780 450.000000
360.063089 450.000000
361.069398 450.000000
362.075707 450.000000
363.082016 450.000000
364.088325 450.000000
366.100942 450.000000
367.107251 450.000000
368.113560 450.000000
371.635641 449.128511
372.641950 447.385533
373.145105 446.514044
373.648259 445.642555
375.157722 443.028088
375.660877 442.156599
376.667186 440.413620
377.170340 439.542131
378.176649 437.799153
379.182958 436.056175
380.189267 434.313197
380.692421 433.441708
381.698730 431.698730
382.705039 429.955752
383.208193 429.084263
384.214502 427.341285
384.717657 426.469796
385.220811 425.598307
385.723965 424.726818
386.227120 423.855329
386.730274 422.983840
387.736583 421.240861
388.239738 420.369372
389.246046 418.626394
389.749201 417.754905
390.252355 416.883416
390.755510 416.011927
391.258664 415.140438
392.264973 413.397460
390.757950 410.787220
390.255610 409.917140
387.743905 405.566741
386.739224 403.826581
384.729860 400.346262
384.227519 399.476182
383.725179 398.606102
382.218156 395.995862
377.697088 388.165144
375.687725 384.684824
373.678362 381.204504
372.673680 379.464345
371.166657 376.854105
369.659635 374.243865
368.152612 371.633626
367.650271 370.763546
366.645590 369.023386
366.143249 368.153306
365.640908 367.283226
364.133886 364.672987
362.626863 362.062747
360.115159 357.712348
359.612818 356.842268
358.105795 354.232028
357.101114 352.491868
356.096432 350.751709
355.091750 349.011549
354.087069 347.271389
351.575364 342.920990
349.566001 339.440670
348.058978 336.830431
347.556638 335.960351
346.049615 333.350111
343.537911 328.999712
342.030888 326.389472
334.998116 314.208354
334.495776 313.338274
331.984071 308.987875
330.477049 306.377635
324.951299 296.806756
320.430232 288.976037
317.918528 284.625638
316.411505 276.794919
321.434914 276.794919
323.444277 276.794919
328.467686 276.794919
335.500457 276.794919
341.528548 276.794919
342.533229 276.794919
344.542593 276.794919
346.551956 276.794919
350.570683 276.794919
351.575365 276.794919
355.594091 276.794919
356.598773 276.794919
357.603455 276.794919
361.622182 276.794919
362.626863 276.794919
375.687725 276.794919
376.692407 276.794919
381.715816 276.794919
386.739224 276.794919
389.753269 276.794919
396.786041 276.794919
404.823495 276.794919
405.828176 276.794919
406.832858 276.794919
407.837540 276.794919
419.893720 276.794919
425.921810 276.794919
428.935856 276.794919
437.977991 276.794919
441.996718 276.794919
457.066943 276.794919
462.090352 276.794919
463.095033 276.794919
464.099715 276.794919
468.118442 276.794919
471.634828 275.924839
472.639510 274.184679
473.644191 272.444520
475.151214 269.834280
478.165259 264.613801
480.174622 261.133481
481.179304 259.393322
481.681645 258.523242
485.198031 252.432683
486.202712 250.692523
487.709735 248.082283
489.216757 245.472044
489.719098 244.601964
492.230803 240.251564
495.244848 235.031085
498.258893 229.810606
500.770597 225.460207
503.282301 221.109807
505.291665 217.629488
514.333800 201.968050
518.854867 194.137331
519.357208 193.267251
520.864231 190.657012
521.868913 188.916852
523.375935 186.306612
523.878276 185.436532
529.404025 175.865654
530.408707 174.125494
531.413389 172.385334
533.422752 168.905015
537.943820 161.074296
538.948501 159.334136
539.953183 157.593976
543.469569 151.503417
547.990637 143.672698
551.507023 142.802619
554.018727 147.153018
556.028090 150.633337
558.037454 154.113657
559.042135 155.853817
560.046817 157.593976
562.558521 161.944376
567.079589 169.775095
568.586611 172.385334
569.591293 174.125494
571.098316 176.735734
576.624065 186.306612
578.633428 189.786932
579.135769 190.657012
580.140451 192.397171
582.149814 195.877491
587.675564 205.448369
589.182586 208.058609
589.684927 208.928689
592.196631 213.279088
593.201313 215.019248
593.703654 215.889328
594.708335 217.629488
596.215358 220.239727
599.229403 225.460207
600.234085 227.200366
603.750471 233.290925
604.252811 234.161005
607.769197 240.251564
608.271538 241.121644
610.280902 244.601964
611.285583 246.342123
612.290265 248.082283
612.792606 248.952363
613.294947 249.822443
617.313674 256.783082
621.332400 263.743721
622.839423 266.353961
623.341764 267.224040
632.886240 276.794919
634.895603 276.794919
643.937739 276.794919
651.975192 276.794919
659.007964 276.794919
661.017327 276.794919
663.026691 276.794919
672.068826 276.794919
681.110961 276.794919
682.115643 276.794919
684.125007 276.794919
695.176505 276.794919
700.199914 276.794919
711.251412 276.794919
719.288866 276.794919
721.298229 276.794919
722.302911 276.794919
725.316956 276.794919
728.331001 276.794919
735.363773 276.794919
740.387182 276.794919
741.391863 276.794919
745.410590 276.794919
748.424635 276.794919
750.433999 276.794919
752.443362 276.794919
769.522951 276.794919
776.555723 276.794919
785.597858 276.794919
782.081472 284.625638
778.565086 290.716197
777.058064 293.326437
775.551041 295.936676
775.048701 296.806756
773.039337 300.287076
770.025292 305.507555
768.518270 308.117795
768.015929 308.987875
766.006565 312.468194
765.504224 313.338274
763.494861 316.818593
762.992520 317.688673
761.987838 319.428833
759.978475 322.909153
758.471453 325.519392
757.969112 326.389472
755.457407 330.739871
754.452726 332.480031
753.448044 334.220191
752.945703 335.090271
750.433999 339.440670
749.931658 340.310750
749.429317 341.180830
746.917613 345.531229
743.903568 350.751709
740.387182 356.842268
738.880160 359.452508
737.373137 362.062747
735.866114 364.672987
733.354410 369.023386
732.349729 370.763546
730.842706 373.373786
729.335683 375.984025
728.331002 377.724185
727.828661 378.594265
725.819297 382.074584
724.814616 383.814744
723.809934 385.554904
721.298230 389.905303
718.284185 395.125783
716.777162 397.736022
716.274821 398.606102
715.270140 400.346262
714.767799 401.216342
714.265458 402.086422
713.763117 402.956501
713.260776 403.826581
710.246731 409.047061
707.735027 413.397460
708.238181 414.268949
709.244490 416.011927
711.257108 419.497883
711.760262 420.369372
712.766571 422.112350
713.269726 422.983840
713.772880 423.855329
714.276035 424.726818
714.779189 425.598307
715.785498 427.341285
716.288652 428.212774
719.810733 434.313197
720.817042 436.056175
721.823351 437.799153
722.326505 438.670642
723.835969 441.285110
724.842278 443.028088
725.345432 443.899577
725.848586 444.771066
726.351741 445.642555
726.854895 446.514044
727.358050 447.385533
727.861204 448.257022
728.364359 449.128511
728.867513 450.000000
728.867513 450.000000
729.873822 450.000000
730.880131 450.000000
731.886440 450.000000
732.892749 450.000000
735.911675 450.000000
739.936911 450.000000
740.943220 450.000000
743.962147 450.000000
744.968455 450.000000
745.974764 450.000000
746.981073 450.000000
748.993691 450.000000
750.000000 450.000000
751.006309 450.000000
752.012618 450.000000
753.018927 450.000000
754.025236 450.000000
757.044162 450.000000
761.069398 450.000000
762.075707 450.000000
768.113560 450.000000
770.126178 450.000000
771.132487 450.000000
772.639510 447.389760
773.141850 446.519681
774.146532 444.779521
779.672281 435.208642
781.681645 431.728323
782.686326 429.988163
783.188667 429.118083
784.193349 427.377923
786.705053 423.027524
790.221439 416.936965
792.733143 412.586565
794.742507 409.106246
795.747189 407.366086
796.249529 406.496006
796.751870 405.625926
797.254211 404.755847
801.775279 396.925128
809.310391 383.873930
811.822096 379.523530
812.324436 378.653450
814.836141 374.303051
816.343163 371.692811
817.347845 369.952652
817.850186 369.082572
818.352527 368.212492
820.361890 364.732172
821.366572 362.992013
824.380617 357.771534
824.882958 356.901454
825.887639 355.161294
833.422752 342.110096
834.929775 339.499856
835.432115 338.629776
836.939138 336.019537
839.450842 331.669137
841.460206 328.188818
841.962546 327.318738
842.967228 325.578578
845.478932 321.228179
847.488296 317.747859
850.000000 313.397460
852.511704 317.747859
855.525749 322.968339
856.530431 324.708498
857.032772 325.578578
857.535113 326.448658
862.056180 334.279377
867.079589 342.980176
868.084270 344.720335
872.102997 351.680974
878.131087 362.121933
878.633428 362.992013
881.647473 368.212492
883.154496 370.822732
890.187268 383.003850
890.689609 383.873930
891.694290 385.614089
894.708335 390.834569
897.722380 396.055048
899.229403 398.665288
899.731744 399.535367
900.736426 401.275527
902.243448 403.885767
903.248130 405.625926
903.750471 406.496006
906.262175 410.846406
906.764516 411.716486
907.266857 412.586565
907.769197 413.456645
910.280902 417.807045
912.290265 421.287364
914.299628 424.767684
925.351127 443.909441
929.869379 450.000000
930.871245 450.000000
931.873111 450.000000
933.876843 450.000000
934.878709 450.000000
942.893637 450.000000
945.899235 450.000000
949.906699 450.000000
951.910431 450.000000
955.917895 450.000000
957.921627 450.000000
958.923493 450.000000
963.932823 450.000000
964.934690 450.000000
965.936556 450.000000
967.940288 450.000000
968.942154 450.000000
969.944020 450.000000
970.945886 450.000000
972.949618 450.000000
973.951484 450.000000
980.964546 450.000000
981.966412 450.000000
984.972010 450.000000
985.973876 450.000000
986.975742 450.000000
987.977608 450.000000
989.981340 450.000000
993.988804 450.000000
1000.000000 451.000000
1000.000000 452.000000
1000.000000 454.000000
1000.000000 455.000000
1000.000000 456.000000
1000.000000 457.000000
1000.000000 461.000000
1000.000000 475.000000
1000.000000 480.000000
1000.000000 481.000000
1000.000000 485.000000
1000.000000 486.000000
1000.000000 492.000000
1000.000000 499.000000
1000.000000 501.000000
1000.000000 504.000000
1000.000000 508.000000
1000.000000 513.000000
1000.000000 515.000000
1000.000000 517.000000
1000.000000 521.000000
1000.000000 523.000000
1000.000000 526.000000
1000.000000 528.000000
1000.000000 530.000000
1000.000000 535.000000
1000.000000 537.000000
1000.000000 539.000000
1000.000000 540.000000
1000.000000 541.000000
1000.000000 544.000000
1000.000000 545.000000
1000.000000 548.000000
1000.000000 550.000000
1000.000000 550.000000
992.952558 550.000000
991.945780 550.000000
985.905116 550.000000
984.898338 550.000000
978.857674 550.000000
956.708570 550.000000
955.701792 550.000000
949.661128 550.000000
947.647573 550.000000
942.613686 550.000000
941.606908 550.000000
934.559466 550.000000
932.545911 550.000000
926.505246 550.000000
922.478137 550.000000
917.444249 550.000000
909.390030 550.000000
903.349365 550.000000
895.295146 550.000000
894.288368 550.000000
893.281591 550.000000
891.268036 550.000000
886.234149 550.000000
885.227371 550.000000
883.213816 550.000000
882.207039 550.000000
879.186707 550.000000
874.152819 550.000000
871.132487 550.000000
871.132487 550.000000
870.629333 549.128511
870.126178 548.257022
869.623024 547.385533
869.119869 546.514044
868.113560 544.771066
867.610406 543.899577
867.107251 543.028088
866.100942 541.285110
865.597788 540.413620
864.088325 537.799153
863.082016 536.056175
862.578861 535.184686
862.075707 534.313197
861.572552 533.441708
861.069398 532.570219
860.566243 531.698730
860.063089 530.827241
859.056780 529.084263
858.553626 528.212774
858.050471 527.341285
857.547317 526.469796
857.044162 525.598307
856.541008 524.726818
855.534699 522.983840
854.528390 521.240861
853.018927 518.626394
852.515772 517.754905
852.012618 516.883416
851.006309 515.140438
850.000000 513.397460
848.993691 515.140438
847.987382 516.883416
847.484228 517.754905
845.974764 520.369372
844.968455 522.112350
843.458992 524.726818
842.955838 525.598307
842.452683 526.469796
841.949529 527.341285
840.943220 529.084263
840.440065 529.955752
839.936911 530.827241
839.433757 531.698730
838.930602 532.570219
837.924293 534.313197
836.917984 536.056175
836.414830 536.927664
835.911675 537.799153
834.905366 539.542131
834.402212 540.413620
833.395903 542.156599
832.892749 543.028088
832.389594 543.899577
831.886440 544.771066
831.383285 545.642555
830.880131 546.514044
830.376976 547.385533
829.873822 548.257022
829.370667 549.128511
828.867513 550.000000
827.862831 550.000000
820.830059 550.000000
818.820696 550.000000
817.816014 550.000000
816.811333 550.000000
813.797288 550.000000
812.792606 550.000000
811.787924 550.000000
810.783243 550.000000
806.764516 550.000000
805.759834 550.000000
799.731744 550.000000
788.680245 550.000000
783.656837 550.000000
782.652155 550.000000
779.638110 550.000000
775.619383 550.000000
767.581930 550.000000
758.539794 550.000000
754.521068 550.000000
747.488296 550.000000
746.483614 550.000000
745.478932 550.000000
743.469569 550.000000
738.446161 550.000000
736.436797 550.000000
732.418070 550.000000
729.404025 550.000000
724.380617 550.000000
723.375935 550.000000
720.361890 550.000000
710.315073 550.000000
704.286983 550.000000
702.277620 550.000000
700.268256 550.000000
693.235484 550.000000
691.226121 550.000000
690.221439 550.000000
689.216757 550.000000
686.202712 550.000000
685.198031 550.000000
684.193349 550.000000
679.169941 550.000000
676.155895 550.000000
674.146532 550.000000
672.137169 550.000000
671.132487 550.000000
671.132487 550.000000
668.620783 545.649601
666.611419 542.169281
664.099715 537.818882
663.597374 536.948802
662.090352 534.338562
661.588011 533.468482
659.578647 529.988163
659.076307 529.118083
657.066943 525.637764
648.527149 510.846406
648.024808 509.976326
645.513103 505.625926
641.996717 499.535367
641.494377 498.665288
639.987354 496.055048
638.480332 493.444808
636.973309 490.834569
634.461605 486.484169
633.959264 485.614089
631.447560 481.263690
629.940537 478.653450
627.931174 475.173131
627.428833 474.303051
626.926492 473.432971
624.414788 469.082572
623.410106 467.342412
621.903083 464.732172
619.893720 461.251853
617.382016 456.901454
615.874993 454.291214
615.372652 453.421134
613.865630 450.810895
611.353925 446.460495
610.349244 444.720335
609.344562 442.980176
607.837539 440.369936
604.321153 434.279377
603.316472 432.539217
602.311790 430.799057
601.809449 429.928978
601.307108 429.058898
600.804768 428.188818
600.302427 427.318738
598.795404 424.708498
594.776677 417.747859
594.274336 416.877779
593.771996 416.007700
593.269655 415.137620
592.264973 413.397460
592.768127 412.525971
593.271282 411.654482
593.774436 410.782993
594.277591 409.911504
594.780745 409.040015
595.283900 408.168526
595.787054 407.297036
596.290209 406.425547
596.793363 405.554058
597.799672 403.811080
598.805981 402.068102
599.309135 401.196613
600.315444 399.453635
600.818599 398.582146
602.831216 395.096190
603.837525 393.353211
604.340680 392.481722
604.843834 391.610233
605.346989 390.738744
606.353298 388.995766
607.359607 387.252788
607.862761 386.381299
608.365915 385.509810
608.869070 384.638321
609.372224 383.766832
610.378533 382.023853
611.887997 379.409386
613.397460 376.794919
612.391151 376.794919
610.378533 376.794919
608.365916 376.794919
607.359607 376.794919
606.353298 376.794919
605.346989 376.794919
604.340680 376.794919
603.334371 376.794919
602.328062 376.794919
601.321753 376.794919
600.315445 376.794919
597.296518 376.794919
596.290209 376.794919
595.283900 376.794919
593.271282 376.794919
590.252356 376.794919
589.246047 376.794919
588.239738 376.794919
585.220811 376.794919
584.214502 376.794919
582.201885 376.794919
581.195576 376.794919
578.176649 376.794919
577.170340 376.794919
576.164031 376.794919
575.157723 376.794919
574.151414 376.794919
572.138796 376.794919
571.132487 376.794919
571.132487 376.794919
570.629333 375.923430
569.623024 374.180452
569.119869 373.308963
568.113560 371.565985
567.610406 370.694496
567.107251 369.823007
565.597788 367.208539
564.591479 365.465561
564.088325 364.594072
562.578861 361.979605
562.075707 361.108116
560.566243 358.493649
560.063089 357.622160
559.559935 356.750671
559.056780 355.879182
557.044162 352.393226
556.037853 350.650248
555.534699 349.778759
554.528390 348.035780
553.522081 346.292802
552.515772 344.549824
552.012618 343.678335
551.509463 342.806846
551.006309 341.935357
550.503154 341.063868
548.993691 341.935357
548.490537 342.806846
547.987382 343.678335
547.484228 344.549824
545.974764 347.164291
545.471610 348.035780
544.968455 348.907269
543.962147 350.650248
543.458992 351.521737
542.452683 353.264715
541.949529 354.136204
539.936911 357.622160
538.930602 359.365138
538.427448 360.236627
537.924293 361.108116
536.917984 362.851094
536.414830 363.722583
535.911675 364.594072
535.408521 365.465561
534.905366 366.337050
532.892749 369.823007
532.389594 370.694496
531.886440 371.565985
531.383285 372.437474
530.880131 373.308963
529.873822 375.051941
528.867513 376.794919
527.861204 376.794919
526.854895 376.794919
525.848586 376.794919
524.842277 376.794919
519.810733 376.794919
518.804424 376.794919
516.791806 376.794919
515.785498 376.794919
514.779189 376.794919
513.772880 376.794919
512.766571 376.794919
507.735027 376.794919
505.722409 376.794919
504.716100 376.794919
503.709791 376.794919
502.703482 376.794919
499.684555 376.794919
498.678247 376.794919
497.671938 376.794919
496.665629 376.794919
494.653011 376.794919
493.646702 376.794919
491.634084 376.794919
488.615158 376.794919
486.602540 376.794919
487.608849 378.537897
488.615158 380.280875
489.118312 381.152364
490.124621 382.895342
490.627776 383.766832
491.130930 384.638321
492.640393 387.252788
493.143548 388.124277
494.149857 389.867255
495.156166 391.610233
496.665629 394.224700
497.168784 395.096190
497.671938 395.967679
498.175092 396.839168
498.678247 397.710657
499.181401 398.582146
499.684556 399.453635
500.690865 401.196613
501.697174 402.939591
502.200328 403.811080
502.703482 404.682569
503.709791 406.425547
504.212946 407.297036
504.716100 408.168526
505.219255 409.040015
505.722409 409.911504
506.728718 411.654482
507.735027 413.397460
506.228004 416.007700
505.223323 417.747859
503.716300 420.358099
503.213959 421.228179
498.190551 429.928978
488.646075 446.460495
482.617984 456.901454
482.115643 457.771534
477.092235 466.472332
474.580531 470.822732
473.575849 472.562891
472.571167 474.303051
468.552440 481.263690
467.045418 483.873930
466.040736 485.614089
465.538395 486.484169
462.524350 491.704649
460.012646 496.055048
456.496260 502.145607
455.993919 503.015687
453.482215 507.366086
452.477533 509.106246
451.472851 510.846406
444.440079 523.027524
443.435398 524.767684
439.416671 531.728323
438.411989 533.468482
437.909648 534.338562
436.904967 536.078722
432.886240 543.039361
430.374536 547.389760
427.862831 550.000000
423.844105 550.000000
422.839423 550.000000
420.830059 550.000000
418.820696 550.000000
415.806651 550.000000
409.778561 550.000000
407.769197 550.000000
406.764516 550.000000
401.741107 550.000000
399.731744 550.000000
394.708335 550.000000
381.647473 550.000000
380.642792 550.000000
378.633428 550.000000
375.619383 550.000000
373.610020 550.000000
372.605338 550.000000
367.581930 550.000000
366.577248 550.000000
363.563203 550.000000
358.539794 550.000000
354.521068 550.000000
343.469569 550.000000
330.408707 550.000000
326.389980 550.000000
324.380617 550.000000
322.371253 550.000000
320.361890 550.000000
319.357208 550.000000
310.315073 550.000000
309.310391 550.000000
302.277620 550.000000
300.268256 550.000000
299.263574 550.000000
298.258893 550.000000
297.254211 550.000000
294.240166 550.000000
291.226121 550.000000
279.169941 550.000000
275.151214 550.000000
270.629333 549.128511
270.126178 548.257022
269.623024 547.385533
269.119869 546.514044
268.616715 545.642555
268.113560 544.771066
266.604097 542.156599
266.100942 541.285110
265.597788 540.413620
265.094634 539.542131
264.591479 538.670642
264.088325 537.799153
263.585170 536.927664
262.578861 535.184686
261.572552 533.441708
260.566244 531.698730
260.063089 530.827241
258.553626 528.212774
257.547317 526.469796
256.541008 524.726818
255.534699 522.983840
255.031545 522.112350
254.528390 521.240861
254.025236 520.369372
253.018927 518.626394
252.515772 517.754905
252.012618 516.883416
251.509463 516.011927
251.006309 515.140438
250.503154 514.268949
250.000000 513.397460
250.000000 513.397460
249.496846 514.268949
248.993691 515.140438
248.490537 516.011927
247.987382 516.883416
247.484228 517.754905
246.981073 518.626394
246.477919 519.497883
245.974764 520.369372
245.471610 521.240861
244.968455 522.112350
244.465301 522.983840
243.962147 523.855329
243.458992 524.726818
242.955838 525.598307
241.949529 527.341285
241.446374 528.212774
240.943220 529.084263
240.440065 529.955752
239.433757 531.698730
237.924293 534.313197
237.421139 535.184686
236.414830 536.927664
235.911675 537.799153
234.905366 539.542131
234.402212 540.413620
233.899058 541.285110
233.395903 542.156599
232.892749 543.028088
232.389594 543.899577
230.376976 547.385533
229.873822 548.257022
229.370667 549.128511
228.867513 550.000000
228.867513 550.000000
224.840403 550.000000
222.826848 550.000000
217.792961 550.000000
214.772629 550.000000
210.745519 550.000000
208.731964 550.000000
204.704854 550.000000
202.691299 550.000000
201.684522 550.000000
198.664190 550.000000
191.616748 550.000000
190.609970 550.000000
183.562528 550.000000
181.548973 550.000000
180.542196 550.000000
172.487976 550.000000
171.481199 550.000000
168.460866 550.000000
167.454089 550.000000
165.440534 550.000000
164.433757 550.000000
158.393092 550.000000
157.386314 550.000000
155.372759 550.000000
147.318540 550.000000
146.311762 550.000000
145.304985 550.000000
143.291430 550.000000
141.277875 550.000000
137.250765 550.000000
135.237211 550.000000
133.223656 550.000000
130.203323 550.000000
127.182991 550.000000
126.176214 550.000000
120.135549 550.000000
119.128771 550.000000
118.121994 550.000000
117.115217 550.000000
115.101662 550.000000
114.094884 550.000000
113.088107 550.000000
104.027110 550.000000
101.006777 550.000000
