1620
101.000489 450.000000
102.000978 450.000000
103.001467 450.000000
104.001956 450.000000
106.002933 450.000000
107.003422 450.000000
109.004400 450.000000
112.005867 450.000000
114.006844 450.000000
115.007333 450.000000
118.008800 450.000000
119.009289 450.000000
120.009778 450.000000
121.010267 450.000000
122.010755 450.000000
125.012222 450.000000
126.012711 450.000000
138.018578 450.000000
143.021022 450.000000
145.022000 450.000000
148.023466 450.000000
150.024444 450.000000
153.025911 450.000000
156.027377 450.000000
157.027866 450.000000
158.028355 450.000000
160.029333 450.000000
162.030311 450.000000
163.030800 450.000000
164.031288 450.000000
165.031777 450.000000
167.032755 450.000000
169.033733 450.000000
170.034222 450.000000
174.036177 450.000000
175.036666 450.000000
177.037644 450.000000
178.038133 450.000000
180.039111 450.000000
184.041066 450.000000
186.042044 450.000000
189.043510 450.000000
191.044488 450.000000
195.046444 450.000000
199.048399 450.000000
202.049866 450.000000
206.051821 450.000000
208.052799 450.000000
211.054266 450.000000
214.055733 450.000000
215.056221 450.000000
216.056710 450.000000
221.059155 450.000000
222.059644 450.000000
223.060132 450.000000
225.061110 450.000000
226.061599 450.000000
232.064532 450.000000
236.066488 450.000000
237.066977 450.000000
239.067955 450.000000
242.069421 450.000000
248.072355 450.000000
250.073332 450.000000
252.074310 450.000000
258.077243 450.000000
260.078221 450.000000
264.080177 450.000000
265.080666 450.000000
266.081154 450.000000
267.081643 450.000000
274.085065 450.000000
275.085554 450.000000
276.086043 450.000000
277.086532 450.000000
278.087021 450.000000
281.088488 450.000000
282.088977 450.000000
284.089954 450.000000
288.091910 450.000000
289.092399 450.000000
291.093376 450.000000
293.094354 450.000000
294.094843 450.000000
295.095332 450.000000
296.095821 450.000000
297.096310 450.000000
299.097288 450.000000
300.097776 450.000000
301.098265 450.000000
302.098754 450.000000
303.099243 450.000000
306.100710 450.000000
312.103643 450.000000
314.104621 450.000000
315.105110 450.000000
318.106576 450.000000
319.107065 450.000000
320.107554 450.000000
322.108532 450.000000
324.109510 450.000000
327.110976 450.000000
329.111954 450.000000
330.112443 450.000000
331.112932 450.000000
336.115376 450.000000
338.116354 450.000000
340.117332 450.000000
343.118798 450.000000
344.119287 450.000000
347.120754 450.000000
353.123687 450.000000
356.125154 450.000000
360.127109 450.000000
361.127598 450.000000
365.129554 450.000000
367.130531 450.000000
369.131509 450.000000
370.131998 450.000000
371.132487 450.000000
371.635641 449.128511
372.138796 448.257022
372.641950 447.385533
373.145105 446.514044
373.648259 445.642555
374.151414 444.771066
374.654568 443.899577
375.157722 443.028088
375.660877 442.156599
376.164031 441.285110
376.667186 440.413620
377.170340 439.542131
377.673495 438.670642
378.176649 437.799153
378.679803 436.927664
379.182958 436.056175
379.686112 435.184686
380.189267 434.313197
380.692421 433.441708
381.195576 432.570219
381.698730 431.698730
382.201884 430.827241
382.705039 429.955752
383.208193 429.084263
383.711348 428.212774
384.214502 427.341285
384.717657 426.469796
385.220811 425.598307
385.723965 424.726818
386.227120 423.855329
386.730274 422.983840
387.233429 422.112350
387.736583 421.240861
388.239738 420.369372
388.742892 419.497883
389.246046 418.626394
389.749201 417.754905
390.252355 416.883416
390.755510 416.011927
391.258664 415.140438
391.761819 414.268949
392.264973 413.397460
390.757950 410.787220
388.246246 406.436821
386.739224 403.826581
386.236883 402.956501
385.734542 402.086422
385.232201 401.216342
384.227519 399.476182
383.222838 397.736022
382.720497 396.865942
382.218156 395.995862
381.213474 394.255703
380.208793 392.515543
379.706452 391.645463
379.204111 390.775383
378.701770 389.905303
378.199429 389.035223
377.697088 388.165144
376.692407 386.424984
376.190066 385.554904
375.687725 384.684824
374.683043 382.944664
374.180703 382.074584
373.176021 380.334425
372.673680 379.464345
371.668998 377.724185
368.654953 372.503706
366.143249 368.153306
365.640908 367.283226
365.138567 366.413147
364.636226 365.543067
364.133886 364.672987
363.129204 362.932827
361.622181 360.322587
360.617500 358.582428
360.115159 357.712348
359.612818 356.842268
359.110477 355.972188
356.598773 351.621789
356.096432 350.751709
354.589409 348.141469
354.087069 347.271389
353.584728 346.401309
352.580046 344.661150
351.073024 342.050910
350.068342 340.310750
349.063660 338.570590
348.561319 337.700511
347.556638 335.960351
346.049615 333.350111
345.547274 332.480031
345.044933 331.609951
343.537911 328.999712
343.035570 328.129632
342.030888 326.389472
340.523866 323.779232
340.021525 322.909153
339.519184 322.039073
338.514502 320.298913
337.007480 317.688673
336.505139 316.818593
335.500457 315.078434
334.998116 314.208354
334.495776 313.338274
332.988753 310.728034
332.486412 309.857954
331.481730 308.117795
330.477049 306.377635
327.965345 302.027235
327.463004 301.157156
326.458322 299.416996
325.453640 297.676836
324.951299 296.806756
324.448959 295.936676
323.946618 295.066596
322.439595 292.456357
321.937254 291.586277
320.932573 289.846117
319.927891 288.105957
318.420868 285.495718
317.918528 284.625638
316.913846 282.885478
316.411505 282.015398
315.406823 280.275239
314.402142 278.535079
313.397460 276.794919
315.406823 276.794919
316.411505 276.794919
317.416187 276.794919
318.420869 276.794919
324.448959 276.794919
326.458322 276.794919
329.472367 276.794919
331.481731 276.794919
332.486412 276.794919
333.491094 276.794919
337.509821 276.794919
339.519184 276.794919
341.528548 276.794919
342.533229 276.794919
344.542593 276.794919
348.561320 276.794919
349.566001 276.794919
351.575365 276.794919
352.580046 276.794919
354.589410 276.794919
356.598773 276.794919
357.603455 276.794919
359.612818 276.794919
360.617500 276.794919
361.622182 276.794919
362.626863 276.794919
363.631545 276.794919
365.640908 276.794919
366.645590 276.794919
367.650272 276.794919
368.654954 276.794919
374.683044 276.794919
375.687725 276.794919
376.692407 276.794919
377.697089 276.794919
379.706452 276.794919
380.711134 276.794919
382.720497 276.794919
383.725179 276.794919
385.734542 276.794919
386.739224 276.794919
387.743906 276.794919
389.753269 276.794919
390.757951 276.794919
392.767314 276.794919
394.776678 276.794919
396.786041 276.794919
397.790723 276.794919
398.795405 276.794919
399.800086 276.794919
400.804768 276.794919
401.809450 276.794919
403.818813 276.794919
404.823495 276.794919
406.832858 276.794919
407.837540 276.794919
408.842222 276.794919
409.846903 276.794919
410.851585 276.794919
416.879675 276.794919
418.889039 276.794919
421.903084 276.794919
427.931174 276.794919
428.935856 276.794919
430.945219 276.794919
431.949901 276.794919
434.963946 276.794919
435.968627 276.794919
437.977991 276.794919
438.982673 276.794919
443.001399 276.794919
444.006081 276.794919
445.010763 276.794919
446.015444 276.794919
447.020126 276.794919
448.024808 276.794919
449.029490 276.794919
452.043535 276.794919
453.048216 276.794919
454.052898 276.794919
456.062261 276.794919
458.071625 276.794919
459.076307 276.794919
460.080988 276.794919
461.085670 276.794919
462.090352 276.794919
464.099715 276.794919
465.104397 276.794919
467.113760 276.794919
468.118442 276.794919
469.123124 276.794919
470.127805 276.794919
471.132487 276.794919
471.634828 275.924839
472.137169 275.054759
472.639510 274.184679
473.644191 272.444520
475.151214 269.834280
475.653555 268.964200
476.658236 267.224040
478.165259 264.613801
479.169941 262.873641
479.672281 262.003561
480.174622 261.133481
481.179304 259.393322
482.183986 257.653162
482.686326 256.783082
484.193349 254.172842
484.695690 253.302762
485.198031 252.432683
486.202712 250.692523
486.705053 249.822443
487.207394 248.952363
487.709735 248.082283
488.212076 247.212203
488.714417 246.342123
489.216757 245.472044
490.221439 243.731884
490.723780 242.861804
491.728462 241.121644
492.230803 240.251564
492.733143 239.381484
493.737825 237.641325
494.240166 236.771245
494.742507 235.901165
495.747189 234.161005
496.751870 232.420845
497.254211 231.550766
497.756552 230.680686
498.258893 229.810606
499.263574 228.070446
500.268256 226.330286
501.272938 224.590127
501.775279 223.720047
502.277620 222.849967
503.282301 221.109807
503.784642 220.239727
504.286983 219.369647
505.291665 217.629488
506.296346 215.889328
506.798687 215.019248
507.301028 214.149168
508.808051 211.538929
509.310391 210.668849
510.315073 208.928689
511.319755 207.188529
512.826777 204.578290
513.329118 203.708210
513.831459 202.838130
514.836141 201.097970
518.854867 194.137331
519.859549 192.397171
520.864231 190.657012
521.366572 189.786932
521.868913 188.916852
522.873594 187.176692
523.375935 186.306612
523.878276 185.436532
524.882958 183.696373
525.385298 182.826293
525.887639 181.956213
527.897003 178.475893
528.901684 176.735734
529.404025 175.865654
529.906366 174.995574
530.408707 174.125494
530.911048 173.255414
531.413389 172.385334
532.418070 170.645175
534.427434 167.164855
537.441479 161.944376
538.446161 160.204216
538.948501 159.334136
541.460206 154.983737
543.469569 151.503417
543.971910 150.633337
544.474251 149.763258
545.478932 148.023098
545.981273 147.153018
546.483614 146.282938
547.990637 143.672698
548.995318 141.932539
549.497659 141.062459
550.000000 140.192379
550.502341 141.062459
551.507023 142.802619
552.511704 144.542778
553.014045 145.412858
554.521068 148.023098
555.525749 149.763258
556.530431 151.503417
557.032772 152.373497
557.535113 153.243577
558.037454 154.113657
559.042135 155.853817
559.544476 156.723897
560.046817 157.593976
560.549158 158.464056
561.051499 159.334136
561.553839 160.204216
562.056180 161.074296
564.065544 164.554615
564.567885 165.424695
565.070225 166.294775
566.074907 168.034935
566.577248 168.905015
568.084270 171.515254
572.102997 178.475893
572.605338 179.345973
573.107679 180.216053
573.610020 181.086133
574.112361 181.956213
575.117042 183.696373
575.619383 184.566453
576.624065 186.306612
577.126406 187.176692
577.628747 188.046772
578.131087 188.916852
580.140451 192.397171
580.642792 193.267251
582.149814 195.877491
583.154496 197.617651
583.656837 198.487730
584.661518 200.227890
585.163859 201.097970
585.666200 201.968050
586.168541 202.838130
586.670882 203.708210
587.173223 204.578290
587.675564 205.448369
588.177904 206.318449
588.680245 207.188529
589.182586 208.058609
591.191949 211.538929
591.694290 212.409008
592.698972 214.149168
594.205995 216.759408
595.713017 219.369647
596.215358 220.239727
596.717699 221.109807
597.722380 222.849967
598.224721 223.720047
599.229403 225.460207
599.731744 226.330286
600.736426 228.070446
601.238766 228.940526
602.243448 230.680686
602.745789 231.550766
603.248130 232.420845
604.755152 235.031085
605.257493 235.901165
605.759834 236.771245
606.262175 237.641325
606.764516 238.511405
608.271538 241.121644
609.276220 242.861804
609.778561 243.731884
611.285583 246.342123
612.290265 248.082283
612.792606 248.952363
613.294947 249.822443
613.797288 250.692523
614.801969 252.432683
615.304310 253.302762
615.806651 254.172842
617.313674 256.783082
617.816014 257.653162
618.318355 258.523242
618.820696 259.393322
619.825378 261.133481
620.327719 262.003561
621.332400 263.743721
621.834741 264.613801
622.337082 265.483881
622.839423 266.353961
623.341764 267.224040
623.844105 268.094120
624.346445 268.964200
625.351127 270.704360
626.355809 272.444520
626.858150 273.314600
627.360490 274.184679
627.862831 275.054759
628.365172 275.924839
628.867513 276.794919
632.886240 276.794919
633.890922 276.794919
635.900285 276.794919
637.909648 276.794919
638.914330 276.794919
639.919012 276.794919
640.923693 276.794919
641.928375 276.794919
642.933057 276.794919
644.942420 276.794919
645.947102 276.794919
647.956465 276.794919
649.965829 276.794919
650.970510 276.794919
652.979874 276.794919
653.984556 276.794919
654.989237 276.794919
656.998601 276.794919
660.012646 276.794919
661.017327 276.794919
663.026691 276.794919
665.036054 276.794919
668.050099 276.794919
673.073508 276.794919
674.078190 276.794919
676.087553 276.794919
678.096916 276.794919
679.101598 276.794919
680.106280 276.794919
684.125007 276.794919
685.129688 276.794919
686.134370 276.794919
693.167142 276.794919
694.171824 276.794919
695.176505 276.794919
697.185869 276.794919
700.199914 276.794919
701.204595 276.794919
702.209277 276.794919
704.218641 276.794919
710.246731 276.794919
712.256094 276.794919
717.279503 276.794919
718.284184 276.794919
720.293548 276.794919
722.302911 276.794919
723.307593 276.794919
724.312275 276.794919
727.326320 276.794919
729.335683 276.794919
731.345046 276.794919
732.349728 276.794919
734.359092 276.794919
735.363773 276.794919
736.368455 276.794919
739.382500 276.794919
744.405909 276.794919
745.410590 276.794919
747.419954 276.794919
748.424635 276.794919
749.429317 276.794919
750.433999 276.794919
751.438680 276.794919
756.462089 276.794919
758.471452 276.794919
761.485497 276.794919
765.504224 276.794919
766.508906 276.794919
768.518269 276.794919
769.522951 276.794919
771.532314 276.794919
772.536996 276.794919
773.541678 276.794919
774.546360 276.794919
777.560405 276.794919
778.565086 276.794919
780.574450 276.794919
786.602540 276.794919
786.602540 276.794919
786.100199 277.664999
785.597858 278.535079
784.593177 280.275239
784.090836 281.145318
783.588495 282.015398
782.081472 284.625638
781.579132 285.495718
781.076791 286.365798
779.569768 288.976037
779.067427 289.846117
778.062746 291.586277
777.560405 292.456357
776.555723 294.196517
775.551041 295.936676
775.048701 296.806756
774.546360 297.676836
774.044019 298.546916
773.541678 299.416996
771.532315 302.897315
769.020610 307.247715
768.518270 308.117795
768.015929 308.987875
767.011247 310.728034
766.508906 311.598114
766.006565 312.468194
765.504224 313.338274
764.499543 315.078434
763.997202 315.948514
763.494861 316.818593
762.992520 317.688673
762.490179 318.558753
761.485498 320.298913
760.983157 321.168993
760.480816 322.039073
759.978475 322.909153
759.476134 323.779232
758.973793 324.649312
757.969112 326.389472
757.466771 327.259552
755.959748 329.869792
754.955067 331.609951
754.452726 332.480031
753.950385 333.350111
753.448044 334.220191
752.945703 335.090271
750.936340 338.570590
750.433999 339.440670
749.931658 340.310750
749.429317 341.180830
748.424636 342.920990
747.922295 343.791070
746.917613 345.531229
745.410591 348.141469
744.908250 349.011549
743.401227 351.621789
742.396545 353.361948
741.391864 355.102108
740.387182 356.842268
739.884841 357.712348
738.377819 360.322587
737.875478 361.192667
737.373137 362.062747
736.368455 363.802907
735.866114 364.672987
733.856751 368.153306
733.354410 369.023386
732.852069 369.893466
732.349729 370.763546
731.847388 371.633626
731.345047 372.503706
730.340365 374.243865
729.335683 375.984025
728.833343 376.854105
728.331002 377.724185
727.326320 379.464345
726.321638 381.204504
725.819297 382.074584
725.316957 382.944664
724.312275 384.684824
723.809934 385.554904
721.800571 389.035223
721.298230 389.905303
720.795889 390.775383
719.791207 392.515543
719.288866 393.385623
718.786526 394.255703
717.781844 395.995862
717.279503 396.865942
715.270140 400.346262
713.763117 402.956501
713.260776 403.826581
712.758435 404.696661
711.753754 406.436821
711.251413 407.306901
710.246731 409.047061
709.744390 409.917140
709.242050 410.787220
708.739709 411.657300
707.735027 413.397460
707.735027 413.397460
708.238181 414.268949
708.741336 415.140438
709.244490 416.011927
709.747645 416.883416
710.250799 417.754905
710.753954 418.626394
711.257108 419.497883
711.760262 420.369372
712.263417 421.240861
713.269726 422.983840
713.772880 423.855329
714.276035 424.726818
714.779189 425.598307
715.282343 426.469796
715.785498 427.341285
716.288652 428.212774
716.791807 429.084263
717.294961 429.955752
717.798116 430.827241
718.301270 431.698730
719.307579 433.441708
719.810733 434.313197
720.313888 435.184686
720.817042 436.056175
721.320197 436.927664
721.823351 437.799153
722.326505 438.670642
722.829660 439.542131
723.332814 440.413620
723.835969 441.285110
724.339123 442.156599
724.842278 443.028088
725.345432 443.899577
725.848586 444.771066
726.854895 446.514044
727.358050 447.385533
727.861204 448.257022
728.364359 449.128511
728.867513 450.000000
728.867513 450.000000
729.868002 450.000000
731.868980 450.000000
733.869957 450.000000
734.870446 450.000000
736.871424 450.000000
737.871913 450.000000
744.875335 450.000000
750.878268 450.000000
751.878757 450.000000
754.880224 450.000000
757.881691 450.000000
768.887068 450.000000
772.889024 450.000000
777.891468 450.000000
778.891957 450.000000
782.893913 450.000000
785.895379 450.000000
786.895868 450.000000
794.899779 450.000000
795.900268 450.000000
798.901735 450.000000
799.902224 450.000000
800.902712 450.000000
804.904668 450.000000
806.905646 450.000000
807.906135 450.000000
809.907112 450.000000
810.907601 450.000000
811.908090 450.000000
812.908579 450.000000
814.909557 450.000000
815.910046 450.000000
817.911023 450.000000
819.912001 450.000000
820.912490 450.000000
821.912979 450.000000
822.913468 450.000000
823.913957 450.000000
824.914446 450.000000
826.915423 450.000000
827.915912 450.000000
828.916401 450.000000
830.917379 450.000000
831.917868 450.000000
833.918846 450.000000
834.919334 450.000000
835.919823 450.000000
839.921779 450.000000
840.922268 450.000000
841.922757 450.000000
842.923246 450.000000
843.923734 450.000000
844.924223 450.000000
848.926179 450.000000
849.926668 450.000000
851.927645 450.000000
852.928134 450.000000
856.930090 450.000000
858.931068 450.000000
860.932045 450.000000
861.932534 450.000000
864.934001 450.000000
867.935468 450.000000
873.938401 450.000000
879.941334 450.000000
881.942312 450.000000
884.943779 450.000000
886.944756 450.000000
888.945734 450.000000
892.947690 450.000000
896.949645 450.000000
901.952090 450.000000
902.952578 450.000000
903.953067 450.000000
906.954534 450.000000
909.956001 450.000000
910.956490 450.000000
911.956978 450.000000
914.958445 450.000000
915.958934 450.000000
917.959912 450.000000
918.960401 450.000000
927.964801 450.000000
929.965778 450.000000
930.966267 450.000000
934.968223 450.000000
935.968712 450.000000
936.969200 450.000000
938.970178 450.000000
940.971156 450.000000
941.971645 450.000000
942.972134 450.000000
944.973111 450.000000
945.973600 450.000000
947.974578 450.000000
948.975067 450.000000
949.975556 450.000000
951.976534 450.000000
956.978978 450.000000
958.979956 450.000000
959.980445 450.000000
962.981911 450.000000
965.983378 450.000000
968.984845 450.000000
970.985822 450.000000
976.988756 450.000000
978.989733 450.000000
982.991689 450.000000
985.993156 450.000000
988.994622 450.000000
989.995111 450.000000
990.995600 450.000000
996.998533 450.000000
997.999022 450.000000
1000.000000 451.000000
1000.000000 452.000000
1000.000000 453.000000
1000.000000 454.000000
1000.000000 455.000000
1000.000000 456.000000
1000.000000 458.000000
1000.000000 460.000000
1000.000000 461.000000
1000.000000 462.000000
1000.000000 464.000000
1000.000000 465.000000
1000.000000 466.000000
1000.000000 467.000000
1000.000000 468.000000
1000.000000 469.000000
1000.000000 470.000000
1000.000000 471.000000
1000.000000 472.000000
1000.000000 473.000000
1000.000000 475.000000
1000.000000 476.000000
1000.000000 477.000000
1000.000000 479.000000
1000.000000 482.000000
1000.000000 484.000000
1000.000000 485.000000
1000.000000 488.000000
1000.000000 489.000000
1000.000000 490.000000
1000.000000 492.000000
1000.000000 494.000000
1000.000000 495.000000
1000.000000 496.000000
1000.000000 497.000000
1000.000000 498.000000
1000.000000 499.000000
1000.000000 500.000000
1000.000000 502.000000
1000.000000 503.000000
1000.000000 504.000000
1000.000000 505.000000
1000.000000 506.000000
1000.000000 507.000000
1000.000000 508.000000
1000.000000 510.000000
1000.000000 511.000000
1000.000000 512.000000
1000.000000 513.000000
1000.000000 514.000000
1000.000000 515.000000
1000.000000 516.000000
1000.000000 519.000000
1000.000000 520.000000
1000.000000 521.000000
1000.000000 522.000000
1000.000000 524.000000
1000.000000 525.000000
1000.000000 526.000000
1000.000000 527.000000
1000.000000 528.000000
1000.000000 529.000000
1000.000000 530.000000
1000.000000 531.000000
1000.000000 532.000000
1000.000000 533.000000
1000.000000 534.000000
1000.000000 535.000000
1000.000000 537.000000
1000.000000 538.000000
1000.000000 539.000000
1000.000000 543.000000
1000.000000 544.000000
1000.000000 545.000000
1000.000000 546.000000
1000.000000 547.000000
1000.000000 549.000000
1000.000000 550.000000
1000.000000 550.000000
998.997355 550.000000
994.986776 550.000000
992.981486 550.000000
991.978841 550.000000
989.973551 550.000000
986.965617 550.000000
985.962972 550.000000
983.957682 550.000000
978.944458 550.000000
973.931234 550.000000
964.907430 550.000000
963.904785 550.000000
960.896851 550.000000
959.894206 550.000000
951.873047 550.000000
944.854533 550.000000
940.843953 550.000000
938.838664 550.000000
934.828084 550.000000
933.825439 550.000000
932.822795 550.000000
927.809570 550.000000
926.806925 550.000000
925.804281 550.000000
924.801636 550.000000
923.798991 550.000000
921.793701 550.000000
916.780477 550.000000
915.777832 550.000000
911.767253 550.000000
903.746094 550.000000
902.743449 550.000000
897.730225 550.000000
889.709066 550.000000
888.706421 550.000000
887.703776 550.000000
879.682617 550.000000
878.679972 550.000000
873.666748 550.000000
870.658813 550.000000
867.650879 550.000000
865.645589 550.000000
863.640299 550.000000
859.629720 550.000000
853.613851 550.000000
851.608561 550.000000
850.605916 550.000000
849.603271 550.000000
848.600627 550.000000
845.592692 550.000000
844.590047 550.000000
841.582113 550.000000
835.566243 550.000000
834.563599 550.000000
832.558309 550.000000
828.547730 550.000000
820.526571 550.000000
816.515991 550.000000
814.510702 550.000000
813.508057 550.000000
806.489543 550.000000
799.471029 550.000000
794.457804 550.000000
792.452515 550.000000
789.444580 550.000000
787.439290 550.000000
786.436646 550.000000
783.428711 550.000000
782.426066 550.000000
780.420776 550.000000
778.415487 550.000000
777.412842 550.000000
775.407552 550.000000
774.404907 550.000000
772.399618 550.000000
765.381104 550.000000
764.378459 550.000000
760.367879 550.000000
758.362590 550.000000
757.359945 550.000000
755.354655 550.000000
754.352010 550.000000
753.349365 550.000000
749.338786 550.000000
745.328206 550.000000
744.325562 550.000000
743.322917 550.000000
741.317627 550.000000
740.314982 550.000000
733.296468 550.000000
726.277954 550.000000
725.275309 550.000000
723.270020 550.000000
720.262085 550.000000
713.243571 550.000000
711.238281 550.000000
708.230347 550.000000
703.217122 550.000000
701.211833 550.000000
700.209188 550.000000
697.201253 550.000000
696.198608 550.000000
692.188029 550.000000
691.185384 550.000000
683.164225 550.000000
682.161580 550.000000
681.158936 550.000000
680.156291 550.000000
679.153646 550.000000
677.148356 550.000000
672.135132 550.000000
670.630146 549.129920
670.127805 548.259840
669.625464 547.389760
668.620783 545.649601
667.616101 543.909441
667.113760 543.039361
666.611419 542.169281
665.606738 540.429121
665.104397 539.559042
662.090352 534.338562
660.583329 531.728323
660.080988 530.858243
659.578647 529.988163
659.076307 529.118083
658.573966 528.248003
657.569284 526.507843
657.066943 525.637764
656.564602 524.767684
656.062261 523.897604
655.559921 523.027524
655.057580 522.157444
654.555239 521.287364
654.052898 520.417284
653.550557 519.547204
653.048216 518.677125
652.545875 517.807045
652.043535 516.936965
651.541194 516.066885
651.038853 515.196805
649.029489 511.716486
648.024808 509.976326
647.020126 508.236166
646.015444 506.496006
645.010763 504.755847
644.508422 503.885767
643.503740 502.145607
643.001399 501.275527
642.499058 500.405447
641.996717 499.535367
641.494377 498.665288
640.992036 497.795208
639.485013 495.184968
638.982672 494.314888
638.480332 493.444808
637.475650 491.704649
635.968627 489.094409
634.963946 487.354249
633.959264 485.614089
633.456923 484.744010
632.954582 483.873930
632.452241 483.003850
630.442878 479.523530
629.438196 477.783371
627.931174 475.173131
626.424151 472.562891
625.921810 471.692811
625.419469 470.822732
624.414788 469.082572
623.912447 468.212492
623.410106 467.342412
621.400743 463.862093
620.396061 462.121933
619.893720 461.251853
617.382016 456.901454
616.377334 455.161294
615.372652 453.421134
614.870311 452.551054
614.367971 451.680974
613.363289 449.940815
611.856266 447.330575
611.353925 446.460495
610.851585 445.590415
610.349244 444.720335
608.339880 441.240016
607.335199 439.499856
604.823494 435.149457
604.321153 434.279377
603.316472 432.539217
602.311790 430.799057
601.307108 429.058898
600.302427 427.318738
599.297745 425.578578
598.795404 424.708498
597.790722 422.968339
594.776677 417.747859
593.771996 416.007700
593.269655 415.137620
592.767314 414.267540
592.264973 413.397460
592.264973 413.397460
592.768127 412.525971
593.271282 411.654482
593.774436 410.782993
594.277591 409.911504
594.780745 409.040015
595.283900 408.168526
595.787054 407.297036
596.290209 406.425547
596.793363 405.554058
597.296518 404.682569
597.799672 403.811080
598.302826 402.939591
598.805981 402.068102
599.309135 401.196613
599.812290 400.325124
600.818599 398.582146
601.321753 397.710657
601.824908 396.839168
602.328062 395.967679
602.831216 395.096190
603.334371 394.224700
603.837525 393.353211
604.340680 392.481722
604.843834 391.610233
605.346989 390.738744
605.850143 389.867255
606.353298 388.995766
606.856452 388.124277
607.359607 387.252788
607.862761 386.381299
608.365915 385.509810
608.869070 384.638321
609.372224 383.766832
609.875379 382.895342
610.378533 382.023853
610.881688 381.152364
611.384842 380.280875
611.887997 379.409386
612.391151 378.537897
612.894306 377.666408
613.397460 376.794919
613.397460 376.794919
612.391151 376.794919
611.384842 376.794919
610.378533 376.794919
609.372224 376.794919
608.365916 376.794919
607.359607 376.794919
606.353298 376.794919
605.346989 376.794919
604.340680 376.794919
603.334371 376.794919
602.328062 376.794919
601.321753 376.794919
600.315445 376.794919
599.309136 376.794919
598.302827 376.794919
597.296518 376.794919
595.283900 376.794919
594.277591 376.794919
593.271282 376.794919
592.264973 376.794919
591.258665 376.794919
590.252356 376.794919
589.246047 376.794919
588.239738 376.794919
587.233429 376.794919
586.227120 376.794919
585.220811 376.794919
584.214502 376.794919
583.208194 376.794919
582.201885 376.794919
581.195576 376.794919
580.189267 376.794919
579.182958 376.794919
578.176649 376.794919
577.170340 376.794919
576.164031 376.794919
575.157723 376.794919
574.151414 376.794919
573.145105 376.794919
572.138796 376.794919
571.132487 376.794919
571.132487 376.794919
570.629333 375.923430
570.126178 375.051941
569.623024 374.180452
569.119869 373.308963
568.616715 372.437474
568.113560 371.565985
567.610406 370.694496
567.107251 369.823007
566.604097 368.951518
566.100942 368.080029
565.597788 367.208539
565.094634 366.337050
564.591479 365.465561
564.088325 364.594072
563.585170 363.722583
563.082016 362.851094
562.578861 361.979605
562.075707 361.108116
561.572552 360.236627
561.069398 359.365138
560.566243 358.493649
560.063089 357.622160
559.559935 356.750671
559.056780 355.879182
558.553626 355.007693
558.050471 354.136204
557.547317 353.264715
557.044162 352.393226
556.541008 351.521737
556.037853 350.650248
555.534699 349.778759
555.031545 348.907269
554.528390 348.035780
554.025236 347.164291
553.522081 346.292802
553.018927 345.421313
552.515772 344.549824
552.012618 343.678335
551.509463 342.806846
551.006309 341.935357
550.503154 341.063868
550.000000 340.192379
550.000000 340.192379
549.496846 341.063868
548.993691 341.935357
548.490537 342.806846
547.987382 343.678335
547.484228 344.549824
546.981073 345.421313
546.477919 346.292802
545.974764 347.164291
545.471610 348.035780
544.968455 348.907269
544.465301 349.778759
543.962147 350.650248
543.458992 351.521737
542.955838 352.393226
542.452683 353.264715
541.949529 354.136204
541.446374 355.007693
540.943220 355.879182
540.440065 356.750671
539.936911 357.622160
539.433757 358.493649
538.930602 359.365138
538.427448 360.236627
537.924293 361.108116
537.421139 361.979605
536.917984 362.851094
535.911675 364.594072
535.408521 365.465561
534.905366 366.337050
534.402212 367.208539
533.899058 368.080029
533.395903 368.951518
532.892749 369.823007
532.389594 370.694496
531.886440 371.565985
531.383285 372.437474
530.880131 373.308963
530.376976 374.180452
529.873822 375.051941
529.370667 375.923430
528.867513 376.794919
528.867513 376.794919
527.861204 376.794919
526.854895 376.794919
525.848586 376.794919
524.842277 376.794919
523.835969 376.794919
522.829660 376.794919
521.823351 376.794919
520.817042 376.794919
519.810733 376.794919
518.804424 376.794919
517.798115 376.794919
516.791806 376.794919
515.785498 376.794919
514.779189 376.794919
513.772880 376.794919
512.766571 376.794919
511.760262 376.794919
510.753953 376.794919
509.747644 376.794919
508.741335 376.794919
507.735027 376.794919
506.728718 376.794919
505.722409 376.794919
504.716100 376.794919
503.709791 376.794919
502.703482 376.794919
501.697173 376.794919
500.690864 376.794919
499.684555 376.794919
498.678247 376.794919
497.671938 376.794919
496.665629 376.794919
495.659320 376.794919
494.653011 376.794919
493.646702 376.794919
492.640393 376.794919
491.634084 376.794919
490.627776 376.794919
489.621467 376.794919
488.615158 376.794919
487.608849 376.794919
486.602540 376.794919
486.602540 376.794919
487.105694 377.666408
487.608849 378.537897
488.112003 379.409386
488.615158 380.280875
489.118312 381.152364
489.621467 382.023853
490.124621 382.895342
490.627776 383.766832
491.130930 384.638321
491.634085 385.509810
492.137239 386.381299
492.640393 387.252788
493.646702 388.995766
494.149857 389.867255
494.653011 390.738744
495.156166 391.610233
495.659320 392.481722
496.162475 393.353211
496.665629 394.224700
497.168784 395.096190
497.671938 395.967679
498.175092 396.839168
498.678247 397.710657
499.181401 398.582146
499.684556 399.453635
500.187710 400.325124
500.690865 401.196613
501.194019 402.068102
501.697174 402.939591
502.200328 403.811080
502.703482 404.682569
503.206637 405.554058
503.709791 406.425547
504.212946 407.297036
504.716100 408.168526
505.219255 409.040015
505.722409 409.911504
506.225564 410.782993
506.728718 411.654482
507.231873 412.525971
507.735027 413.397460
507.735027 413.397460
506.730345 415.137620
504.218641 419.488019
503.716300 420.358099
503.213959 421.228179
502.711618 422.098259
502.209278 422.968339
501.706937 423.838418
501.204596 424.708498
500.199914 426.448658
499.697573 427.318738
498.190551 429.928978
497.688210 430.799057
497.185869 431.669137
496.683528 432.539217
495.678847 434.279377
494.674165 436.019537
493.167142 438.629776
491.660120 441.240016
490.655438 442.980176
490.153097 443.850256
486.134370 450.810895
485.632029 451.680974
485.129689 452.551054
484.627348 453.421134
484.125007 454.291214
482.617984 456.901454
482.115643 457.771534
481.613303 458.641613
481.110962 459.511693
480.608621 460.381773
480.106280 461.251853
479.101598 462.992013
476.589894 467.342412
475.585212 469.082572
474.078190 471.692811
473.575849 472.562891
473.073508 473.432971
472.571167 474.303051
472.068826 475.173131
470.561804 477.783371
470.059463 478.653450
469.557122 479.523530
468.552440 481.263690
468.050100 482.133770
467.547759 483.003850
467.045418 483.873930
466.543077 484.744010
466.040736 485.614089
465.538395 486.484169
464.533714 488.224329
464.031373 489.094409
463.529032 489.964489
463.026691 490.834569
461.519668 493.444808
460.514987 495.184968
459.510305 496.925128
459.007964 497.795208
458.003283 499.535367
456.998601 501.275527
456.496260 502.145607
455.491578 503.885767
454.989237 504.755847
453.984556 506.496006
453.482215 507.366086
452.979874 508.236166
452.477533 509.106246
451.472851 510.846406
449.965829 513.456645
448.961147 515.196805
448.458806 516.066885
447.454125 517.807045
446.951784 518.677125
446.449443 519.547204
445.947102 520.417284
445.444761 521.287364
444.942420 522.157444
443.937739 523.897604
442.430716 526.507843
441.928375 527.377923
441.426034 528.248003
440.923693 529.118083
440.421353 529.988163
439.919012 530.858243
439.416671 531.728323
438.914330 532.598403
438.411989 533.468482
437.407308 535.208642
436.904967 536.078722
436.402626 536.948802
435.900285 537.818882
434.895603 539.559042
434.393262 540.429121
432.886240 543.039361
432.383899 543.909441
430.876876 546.519681
430.374536 547.389760
428.867513 550.000000
427.864868 550.000000
424.856934 550.000000
421.848999 550.000000
419.843709 550.000000
417.838420 550.000000
416.835775 550.000000
415.833130 550.000000
409.817261 550.000000
405.806681 550.000000
401.796102 550.000000
400.793457 550.000000
399.790812 550.000000
395.780233 550.000000
392.772298 550.000000
391.769653 550.000000
385.753784 550.000000
384.751139 550.000000
379.737915 550.000000
377.732625 550.000000
375.727336 550.000000
366.703532 550.000000
364.698242 550.000000
357.679728 550.000000
355.674438 550.000000
352.666504 550.000000
350.661214 550.000000
344.645345 550.000000
337.626831 550.000000
334.618896 550.000000
333.616252 550.000000
331.610962 550.000000
329.605672 550.000000
323.589803 550.000000
321.584513 550.000000
320.581868 550.000000
318.576579 550.000000
316.571289 550.000000
314.565999 550.000000
313.563354 550.000000
311.558065 550.000000
309.552775 550.000000
308.550130 550.000000
302.534261 550.000000
300.528971 550.000000
299.526326 550.000000
298.523682 550.000000
292.507812 550.000000
290.502523 550.000000
288.497233 550.000000
286.491943 550.000000
282.481364 550.000000
280.476074 550.000000
278.470784 550.000000
276.465495 550.000000
273.457560 550.000000
271.452270 550.000000
270.449626 550.000000
269.446981 550.000000
268.444336 550.000000
264.433756 550.000000
263.431112 550.000000
260.423177 550.000000
259.420532 550.000000
258.417887 550.000000
255.409953 550.000000
243.378215 550.000000
239.367635 550.000000
238.364990 550.000000
237.362345 550.000000
236.359701 550.000000
234.354411 550.000000
233.351766 550.000000
232.349121 550.000000
231.346476 550.000000
226.333252 550.000000
223.325317 550.000000
221.320028 550.000000
220.317383 550.000000
219.314738 550.000000
218.312093 550.000000
210.290934 550.000000
206.280355 550.000000
205.277710 550.000000
203.272420 550.000000
200.264486 550.000000
198.259196 550.000000
195.251261 550.000000
194.248617 550.000000
189.235392 550.000000
187.230103 550.000000
186.227458 550.000000
185.224813 550.000000
182.216878 550.000000
180.211589 550.000000
177.203654 550.000000
172.190430 550.000000
170.185140 550.000000
168.179850 550.000000
167.177205 550.000000
163.166626 550.000000
162.163981 550.000000
159.156047 550.000000
153.140177 550.000000
152.137533 550.000000
150.132243 550.000000
148.126953 550.000000
147.124308 550.000000
144.116374 550.000000
143.113729 550.000000
140.105794 550.000000
132.084635 550.000000
125.066121 550.000000
124.063477 550.000000
123.060832 550.000000
122.058187 550.000000
120.052897 550.000000
119.050252 550.000000
117.044963 550.000000
115.039673 550.000000
114.037028 550.000000
113.034383 550.000000
112.031738 550.000000
104.010579 550.000000
101.002645 550.000000
