1090
103.001467 450.000000
116.007822 450.000000
118.008800 450.000000
125.012222 450.000000
127.013200 450.000000
130.014666 450.000000
138.018578 450.000000
143.021022 450.000000
148.023466 450.000000
151.024933 450.000000
155.026889 450.000000
156.027377 450.000000
157.027866 450.000000
166.032266 450.000000
168.033244 450.000000
170.034222 450.000000
171.034711 450.000000
177.037644 450.000000
180.039111 450.000000
182.040088 450.000000
192.044977 450.000000
201.049377 450.000000
203.050355 450.000000
205.051333 450.000000
208.052799 450.000000
230.063555 450.000000
237.066977 450.000000
238.067466 450.000000
239.067955 450.000000
242.069421 450.000000
247.071866 450.000000
253.074799 450.000000
254.075288 450.000000
255.075777 450.000000
257.076754 450.000000
258.077243 450.000000
262.079199 450.000000
267.081643 450.000000
271.083599 450.000000
274.085065 450.000000
278.087021 450.000000
285.090443 450.000000
286.090932 450.000000
287.091421 450.000000
289.092399 450.000000
290.092888 450.000000
293.094354 450.000000
300.097776 450.000000
302.098754 450.000000
303.099243 450.000000
307.101199 450.000000
310.102665 450.000000
317.106087 450.000000
319.107065 450.000000
324.109510 450.000000
328.111465 450.000000
332.113421 450.000000
336.115376 450.000000
338.116354 450.000000
344.119287 450.000000
347.120754 450.000000
353.123687 450.000000
356.125154 450.000000
358.126132 450.000000
365.129554 450.000000
371.635641 449.128511
372.138796 448.257022
372.641950 447.385533
373.145105 446.514044
373.648259 445.642555
374.151414 444.771066
374.654568 443.899577
375.157722 443.028088
375.660877 442.156599
376.164031 441.285110
376.667186 440.413620
377.170340 439.542131
377.673495 438.670642
378.176649 437.799153
378.679803 436.927664
379.182958 436.056175
379.686112 435.184686
380.189267 434.313197
380.692421 433.441708
381.698730 431.698730
382.201884 430.827241
382.705039 429.955752
383.711348 428.212774
384.214502 427.341285
384.717657 426.469796
385.220811 425.598307
385.723965 424.726818
386.227120 423.855329
386.730274 422.983840
387.233429 422.112350
388.239738 420.369372
388.742892 419.497883
389.246046 418.626394
389.749201 417.754905
390.252355 416.883416
391.258664 415.140438
391.761819 414.268949
392.264973 413.397460
391.260291 411.657300
389.753269 409.047061
388.748587 407.306901
388.246246 406.436821
387.241565 404.696661
383.725179 398.606102
382.218156 395.995862
381.715815 395.125783
380.711134 393.385623
380.208793 392.515543
379.706452 391.645463
378.701770 389.905303
377.697088 388.165144
376.692407 386.424984
374.683043 382.944664
373.678362 381.204504
373.176021 380.334425
371.668998 377.724185
370.664317 375.984025
370.161976 375.113945
368.152612 371.633626
367.147931 369.893466
366.143249 368.153306
364.636226 365.543067
364.133886 364.672987
362.124522 361.192667
361.119840 359.452508
360.617500 358.582428
359.612818 356.842268
356.096432 350.751709
354.589409 348.141469
352.580046 344.661150
350.570683 341.180830
350.068342 340.310750
349.566001 339.440670
348.561319 337.700511
348.058978 336.830431
345.547274 332.480031
345.044933 331.609951
344.542593 330.739871
341.528547 325.519392
340.021525 322.909153
338.012162 319.428833
337.509821 318.558753
337.007480 317.688673
336.505139 316.818593
335.500457 315.078434
334.998116 314.208354
333.993435 312.468194
332.988753 310.728034
330.979390 307.247715
328.467685 302.897315
327.463004 301.157156
326.960663 300.287076
325.955981 298.546916
324.951299 296.806756
323.946618 295.066596
323.444277 294.196517
321.434914 290.716197
320.430232 288.976037
317.918528 284.625638
316.913846 282.885478
314.904483 279.405159
314.402142 278.535079
313.899801 277.664999
313.397460 276.794919
314.402142 276.794919
318.420869 276.794919
320.430232 276.794919
322.439595 276.794919
324.448959 276.794919
333.491094 276.794919
342.533229 276.794919
343.537911 276.794919
349.566001 276.794919
352.580046 276.794919
359.612818 276.794919
361.622182 276.794919
362.626863 276.794919
364.636227 276.794919
365.640908 276.794919
369.659635 276.794919
370.664317 276.794919
372.673680 276.794919
377.697089 276.794919
388.748588 276.794919
389.753269 276.794919
397.790723 276.794919
399.800086 276.794919
401.809450 276.794919
404.823495 276.794919
409.846903 276.794919
411.856267 276.794919
412.860948 276.794919
413.865630 276.794919
416.879675 276.794919
419.893720 276.794919
424.917129 276.794919
425.921810 276.794919
426.926492 276.794919
428.935856 276.794919
431.949901 276.794919
433.959264 276.794919
436.973309 276.794919
438.982673 276.794919
439.987354 276.794919
441.996718 276.794919
449.029490 276.794919
455.057580 276.794919
457.066943 276.794919
458.071625 276.794919
461.085670 276.794919
464.099715 276.794919
468.118442 276.794919
469.123124 276.794919
472.137169 275.054759
474.146532 271.574440
476.155895 268.094120
477.160577 266.353961
477.662918 265.483881
478.165259 264.613801
478.667600 263.743721
480.174622 261.133481
481.179304 259.393322
483.691008 255.042922
484.695690 253.302762
486.202712 250.692523
488.714417 246.342123
490.723780 242.861804
491.226121 241.991724
495.747189 234.161005
496.751870 232.420845
497.756552 230.680686
499.263574 228.070446
501.775279 223.720047
503.784642 220.239727
504.286983 219.369647
504.789324 218.499568
509.812732 209.798769
510.817414 208.058609
514.333800 201.968050
516.343163 198.487730
516.845504 197.617651
517.347845 196.747571
517.850186 195.877491
521.366572 189.786932
523.878276 185.436532
524.380617 184.566453
524.882958 183.696373
525.385298 182.826293
526.389980 181.086133
526.892321 180.216053
527.897003 178.475893
528.399344 177.605814
528.901684 176.735734
531.915730 171.515254
532.418070 170.645175
533.422752 168.905015
538.446161 160.204216
538.948501 159.334136
540.455524 156.723897
543.971910 150.633337
546.985955 145.412858
547.990637 143.672698
548.995318 141.932539
550.000000 140.192379
551.004682 141.932539
551.507023 142.802619
552.009363 143.672698
554.018727 147.153018
555.525749 149.763258
557.032772 152.373497
558.539794 154.983737
559.544476 156.723897
560.549158 158.464056
561.051499 159.334136
564.065544 164.554615
564.567885 165.424695
565.070225 166.294775
565.572566 167.164855
566.074907 168.034935
567.079589 169.775095
567.581930 170.645175
568.586611 172.385334
569.591293 174.125494
570.093634 174.995574
570.595975 175.865654
572.605338 179.345973
573.610020 181.086133
574.112361 181.956213
576.624065 186.306612
577.126406 187.176692
578.131087 188.916852
579.638110 191.527091
580.140451 192.397171
581.145133 194.137331
581.647473 195.007411
582.149814 195.877491
583.154496 197.617651
584.661518 200.227890
585.163859 201.097970
585.666200 201.968050
586.168541 202.838130
587.173223 204.578290
588.680245 207.188529
589.684927 208.928689
590.689609 210.668849
591.191949 211.538929
591.694290 212.409008
592.196631 213.279088
592.698972 214.149168
594.205995 216.759408
594.708335 217.629488
596.717699 221.109807
597.722380 222.849967
598.727062 224.590127
601.238766 228.940526
601.741107 229.810606
602.243448 230.680686
602.745789 231.550766
604.252811 234.161005
607.769197 240.251564
609.778561 243.731884
611.285583 246.342123
614.299628 251.562603
617.313674 256.783082
618.820696 259.393322
619.323037 260.263401
619.825378 261.133481
623.844105 268.094120
624.346445 268.964200
626.858150 273.314600
628.365172 275.924839
628.867513 276.794919
630.876876 276.794919
634.895603 276.794919
635.900285 276.794919
639.919012 276.794919
640.923693 276.794919
644.942420 276.794919
650.970510 276.794919
651.975192 276.794919
652.979874 276.794919
655.993919 276.794919
656.998601 276.794919
659.007964 276.794919
660.012646 276.794919
662.022009 276.794919
667.045418 276.794919
668.050099 276.794919
669.054781 276.794919
670.059463 276.794919
675.082871 276.794919
677.092235 276.794919
681.110961 276.794919
683.120325 276.794919
686.134370 276.794919
689.148415 276.794919
690.153097 276.794919
696.181187 276.794919
698.190550 276.794919
699.195232 276.794919
700.199914 276.794919
703.213959 276.794919
704.218641 276.794919
705.223322 276.794919
707.232686 276.794919
708.237367 276.794919
709.242049 276.794919
712.256094 276.794919
714.265458 276.794919
715.270139 276.794919
716.274821 276.794919
719.288866 276.794919
722.302911 276.794919
724.312275 276.794919
725.316956 276.794919
727.326320 276.794919
728.331001 276.794919
732.349728 276.794919
733.354410 276.794919
734.359092 276.794919
738.377818 276.794919
739.382500 276.794919
742.396545 276.794919
743.401227 276.794919
744.405909 276.794919
747.419954 276.794919
748.424635 276.794919
750.433999 276.794919
752.443362 276.794919
754.452726 276.794919
759.476134 276.794919
763.494861 276.794919
765.504224 276.794919
769.522951 276.794919
771.532314 276.794919
772.536996 276.794919
775.551041 276.794919
776.555723 276.794919
778.565086 276.794919
780.574450 276.794919
786.602540 276.794919
784.090836 281.145318
783.086154 282.885478
782.081472 284.625638
780.072109 288.105957
779.569768 288.976037
779.067427 289.846117
778.062746 291.586277
774.546360 297.676836
770.025292 305.507555
764.499543 315.078434
763.494861 316.818593
761.987838 319.428833
760.983157 321.168993
758.471453 325.519392
756.462089 328.999712
754.955067 331.609951
750.936340 338.570590
750.433999 339.440670
746.917613 345.531229
746.415272 346.401309
745.912931 347.271389
744.908250 349.011549
740.387182 356.842268
736.368455 363.802907
735.866114 364.672987
735.363774 365.543067
731.345047 372.503706
729.335683 375.984025
728.833343 376.854105
727.828661 378.594265
727.326320 379.464345
726.823979 380.334425
726.321638 381.204504
725.819297 382.074584
725.316957 382.944664
723.307593 386.424984
721.298230 389.905303
719.288866 393.385623
717.279503 396.865942
714.767799 401.216342
714.265458 402.086422
713.763117 402.956501
713.260776 403.826581
712.256095 405.566741
711.251413 407.306901
710.246731 409.047061
708.237368 412.527380
707.735027 413.397460
708.238181 414.268949
708.741336 415.140438
710.250799 417.754905
710.753954 418.626394
711.257108 419.497883
711.760262 420.369372
712.263417 421.240861
712.766571 422.112350
713.269726 422.983840
713.772880 423.855329
714.276035 424.726818
714.779189 425.598307
715.282343 426.469796
716.288652 428.212774
716.791807 429.084263
717.294961 429.955752
717.798116 430.827241
718.804424 432.570219
719.307579 433.441708
719.810733 434.313197
720.313888 435.184686
720.817042 436.056175
721.320197 436.927664
721.823351 437.799153
722.326505 438.670642
722.829660 439.542131
723.332814 440.413620
723.835969 441.285110
724.339123 442.156599
724.842278 443.028088
725.345432 443.899577
725.848586 444.771066
726.351741 445.642555
726.854895 446.514044
727.358050 447.385533
727.861204 448.257022
728.364359 449.128511
728.867513 450.000000
731.868980 450.000000
732.869469 450.000000
737.871913 450.000000
744.875335 450.000000
750.878268 450.000000
751.878757 450.000000
757.881691 450.000000
761.883646 450.000000
771.888535 450.000000
776.890979 450.000000
777.891468 450.000000
779.892446 450.000000
782.893913 450.000000
784.894890 450.000000
790.897824 450.000000
791.898313 450.000000
794.899779 450.000000
796.900757 450.000000
807.906135 450.000000
809.907112 450.000000
811.908090 450.000000
814.909557 450.000000
816.910535 450.000000
817.911023 450.000000
819.912001 450.000000
825.914935 450.000000
829.916890 450.000000
830.917379 450.000000
831.917868 450.000000
834.919334 450.000000
840.922268 450.000000
842.923246 450.000000
844.924223 450.000000
845.924712 450.000000
846.925201 450.000000
847.925690 450.000000
853.928623 450.000000
856.930090 450.000000
860.932045 450.000000
862.933023 450.000000
867.935468 450.000000
869.936445 450.000000
870.936934 450.000000
881.942312 450.000000
882.942801 450.000000
883.943290 450.000000
884.943779 450.000000
886.944756 450.000000
891.947201 450.000000
903.953067 450.000000
905.954045 450.000000
913.957956 450.000000
915.958934 450.000000
921.961867 450.000000
923.962845 450.000000
924.963334 450.000000
939.970667 450.000000
944.973111 450.000000
948.975067 450.000000
950.976045 450.000000
952.977023 450.000000
953.977511 450.000000
957.979467 450.000000
959.980445 450.000000
961.981422 450.000000
963.982400 450.000000
968.984845 450.000000
969.985334 450.000000
972.986800 450.000000
976.988756 450.000000
978.989733 450.000000
984.992667 450.000000
986.993645 450.000000
992.996578 450.000000
994.997556 450.000000
1000.000000 450.000000
1000.000000 451.000000
1000.000000 454.000000
1000.000000 455.000000
1000.000000 458.000000
1000.000000 459.000000
1000.000000 462.000000
1000.000000 470.000000
1000.000000 472.000000
1000.000000 474.000000
1000.000000 479.000000
1000.000000 480.000000
1000.000000 483.000000
1000.000000 484.000000
1000.000000 486.000000
1000.000000 487.000000
1000.000000 488.000000
1000.000000 489.000000
1000.000000 490.000000
1000.000000 491.000000
1000.000000 495.000000
1000.000000 497.000000
1000.000000 498.000000
1000.000000 499.000000
1000.000000 503.000000
1000.000000 504.000000
1000.000000 506.000000
1000.000000 507.000000
1000.000000 508.000000
1000.000000 509.000000
1000.000000 511.000000
1000.000000 513.000000
1000.000000 514.000000
1000.000000 515.000000
1000.000000 516.000000
1000.000000 517.000000
1000.000000 519.000000
1000.000000 520.000000
1000.000000 521.000000
1000.000000 522.000000
1000.000000 525.000000
1000.000000 527.000000
1000.000000 528.000000
1000.000000 529.000000
1000.000000 530.000000
1000.000000 531.000000
1000.000000 532.000000
1000.000000 534.000000
1000.000000 535.000000
1000.000000 536.000000
1000.000000 538.000000
1000.000000 539.000000
1000.000000 540.000000
1000.000000 541.000000
1000.000000 544.000000
1000.000000 546.000000
1000.000000 548.000000
1000.000000 549.000000
996.992065 550.000000
990.976196 550.000000
989.973551 550.000000
987.968262 550.000000
986.965617 550.000000
975.936523 550.000000
974.933879 550.000000
972.928589 550.000000
965.910075 550.000000
960.896851 550.000000
959.894206 550.000000
953.878337 550.000000
949.867757 550.000000
946.859823 550.000000
939.841309 550.000000
932.822795 550.000000
931.820150 550.000000
926.806925 550.000000
921.793701 550.000000
913.772542 550.000000
911.767253 550.000000
910.764608 550.000000
903.746094 550.000000
894.722290 550.000000
892.717000 550.000000
884.695841 550.000000
882.690552 550.000000
874.669393 550.000000
873.666748 550.000000
868.653524 550.000000
867.650879 550.000000
858.627075 550.000000
857.624430 550.000000
849.603271 550.000000
839.576823 550.000000
833.560954 550.000000
832.558309 550.000000
826.542440 550.000000
825.539795 550.000000
824.537150 550.000000
818.521281 550.000000
817.518636 550.000000
805.486898 550.000000
802.478963 550.000000
791.449870 550.000000
788.441935 550.000000
786.436646 550.000000
779.418132 550.000000
771.396973 550.000000
768.389038 550.000000
764.378459 550.000000
763.375814 550.000000
754.352010 550.000000
747.333496 550.000000
738.309692 550.000000
731.291178 550.000000
729.285889 550.000000
726.277954 550.000000
713.243571 550.000000
711.238281 550.000000
696.198608 550.000000
694.193319 550.000000
690.182739 550.000000
688.177450 550.000000
687.174805 550.000000
682.161580 550.000000
681.158936 550.000000
671.132487 550.000000
670.630146 549.129920
667.113760 543.039361
666.109078 541.299201
665.606738 540.429121
663.597374 536.948802
661.588011 533.468482
659.578647 529.988163
658.573966 528.248003
658.071625 527.377923
656.564602 524.767684
655.559921 523.027524
653.550557 519.547204
652.545875 517.807045
652.043535 516.936965
650.034171 513.456645
649.531830 512.586565
649.029489 511.716486
648.024808 509.976326
645.513103 505.625926
645.010763 504.755847
644.508422 503.885767
639.987354 496.055048
638.982672 494.314888
638.480332 493.444808
635.968627 489.094409
632.452241 483.003850
631.447560 481.263690
630.945219 480.393610
630.442878 479.523530
629.940537 478.653450
628.935855 476.913291
627.428833 474.303051
626.424151 472.562891
625.921810 471.692811
625.419469 470.822732
624.917128 469.952652
624.414788 469.082572
623.410106 467.342412
622.907765 466.472332
622.405424 465.602252
621.903083 464.732172
621.400743 463.862093
620.898402 462.992013
620.396061 462.121933
619.391379 460.381773
618.889038 459.511693
618.386697 458.641613
617.884357 457.771534
616.377334 455.161294
614.870311 452.551054
614.367971 451.680974
613.865630 450.810895
610.349244 444.720335
609.344562 442.980176
607.335199 439.499856
606.832858 438.629776
606.330517 437.759696
605.325835 436.019537
604.823494 435.149457
601.307108 429.058898
599.800086 426.448658
597.790722 422.968339
595.781359 419.488019
594.776677 417.747859
592.264973 413.397460
592.768127 412.525971
593.271282 411.654482
593.774436 410.782993
594.277591 409.911504
594.780745 409.040015
595.283900 408.168526
596.290209 406.425547
596.793363 405.554058
597.296518 404.682569
597.799672 403.811080
598.302826 402.939591
598.805981 402.068102
599.309135 401.196613
599.812290 400.325124
600.315444 399.453635
600.818599 398.582146
601.321753 397.710657
601.824908 396.839168
602.328062 395.967679
602.831216 395.096190
603.837525 393.353211
604.340680 392.481722
604.843834 391.610233
605.346989 390.738744
606.353298 388.995766
606.856452 388.124277
607.359607 387.252788
607.862761 386.381299
608.365915 385.509810
608.869070 384.638321
609.372224 383.766832
609.875379 382.895342
610.378533 382.023853
610.881688 381.152364
611.384842 380.280875
611.887997 379.409386
612.391151 378.537897
612.894306 377.666408
613.397460 376.794919
613.397460 376.794919
612.391151 376.794919
611.384842 376.794919
610.378533 376.794919
609.372224 376.794919
608.365916 376.794919
606.353298 376.794919
605.346989 376.794919
604.340680 376.794919
603.334371 376.794919
602.328062 376.794919
601.321753 376.794919
599.309136 376.794919
597.296518 376.794919
595.283900 376.794919
593.271282 376.794919
592.264973 376.794919
591.258665 376.794919
590.252356 376.794919
589.246047 376.794919
588.239738 376.794919
587.233429 376.794919
586.227120 376.794919
585.220811 376.794919
583.208194 376.794919
582.201885 376.794919
581.195576 376.794919
576.164031 376.794919
575.157723 376.794919
574.151414 376.794919
571.132487 376.794919
571.132487 376.794919
570.629333 375.923430
570.126178 375.051941
569.623024 374.180452
569.119869 373.308963
568.616715 372.437474
568.113560 371.565985
567.610406 370.694496
567.107251 369.823007
566.100942 368.080029
565.597788 367.208539
564.591479 365.465561
564.088325 364.594072
563.585170 363.722583
563.082016 362.851094
562.578861 361.979605
561.572552 360.236627
561.069398 359.365138
560.566243 358.493649
560.063089 357.622160
559.056780 355.879182
558.553626 355.007693
558.050471 354.136204
557.547317 353.264715
557.044162 352.393226
556.541008 351.521737
556.037853 350.650248
555.534699 349.778759
555.031545 348.907269
554.528390 348.035780
554.025236 347.164291
553.522081 346.292802
553.018927 345.421313
552.012618 343.678335
551.509463 342.806846
551.006309 341.935357
550.000000 340.192379
550.000000 340.192379
549.496846 341.063868
548.490537 342.806846
547.987382 343.678335
547.484228 344.549824
546.477919 346.292802
545.974764 347.164291
544.968455 348.907269
543.962147 350.650248
543.458992 351.521737
542.955838 352.393226
542.452683 353.264715
541.949529 354.136204
541.446374 355.007693
540.943220 355.879182
540.440065 356.750671
539.936911 357.622160
539.433757 358.493649
537.924293 361.108116
537.421139 361.979605
536.917984 362.851094
535.911675 364.594072
535.408521 365.465561
534.905366 366.337050
533.899058 368.080029
533.395903 368.951518
532.389594 370.694496
531.886440 371.565985
531.383285 372.437474
530.880131 373.308963
530.376976 374.180452
529.873822 375.051941
529.370667 375.923430
528.867513 376.794919
528.867513 376.794919
527.861204 376.794919
526.854895 376.794919
525.848586 376.794919
523.835969 376.794919
522.829660 376.794919
521.823351 376.794919
520.817042 376.794919
518.804424 376.794919
517.798115 376.794919
516.791806 376.794919
515.785498 376.794919
514.779189 376.794919
512.766571 376.794919
511.760262 376.794919
510.753953 376.794919
509.747644 376.794919
508.741335 376.794919
507.735027 376.794919
506.728718 376.794919
505.722409 376.794919
503.709791 376.794919
502.703482 376.794919
501.697173 376.794919
500.690864 376.794919
498.678247 376.794919
497.671938 376.794919
496.665629 376.794919
494.653011 376.794919
493.646702 376.794919
492.640393 376.794919
491.634084 376.794919
490.627776 376.794919
488.615158 376.794919
487.608849 376.794919
486.602540 376.794919
486.602540 376.794919
487.105694 377.666408
487.608849 378.537897
488.112003 379.409386
488.615158 380.280875
489.621467 382.023853
490.124621 382.895342
490.627776 383.766832
491.130930 384.638321
491.634085 385.509810
492.137239 386.381299
492.640393 387.252788
493.143548 388.124277
493.646702 388.995766
494.149857 389.867255
494.653011 390.738744
495.659320 392.481722
496.162475 393.353211
496.665629 394.224700
497.168784 395.096190
498.678247 397.710657
499.684556 399.453635
500.187710 400.325124
500.690865 401.196613
501.194019 402.068102
501.697174 402.939591
502.200328 403.811080
502.703482 404.682569
503.206637 405.554058
504.212946 407.297036
504.716100 408.168526
505.219255 409.040015
505.722409 409.911504
506.225564 410.782993
506.728718 411.654482
507.231873 412.525971
507.735027 413.397460
505.725664 416.877779
504.218641 419.488019
503.716300 420.358099
502.209278 422.968339
496.683528 432.539217
495.176506 435.149457
494.674165 436.019537
494.171824 436.889617
493.669483 437.759696
492.664801 439.499856
492.162461 440.369936
491.660120 441.240016
490.655438 442.980176
490.153097 443.850256
489.650756 444.720335
489.148415 445.590415
487.641393 448.200655
487.139052 449.070735
486.134370 450.810895
485.632029 451.680974
485.129689 452.551054
483.622666 455.161294
482.115643 457.771534
481.110962 459.511693
478.096917 464.732172
476.589894 467.342412
474.580531 470.822732
473.073508 473.432971
472.571167 474.303051
471.566486 476.043211
470.561804 477.783371
470.059463 478.653450
469.557122 479.523530
466.040736 485.614089
465.036054 487.354249
464.031373 489.094409
463.529032 489.964489
462.524350 491.704649
461.519668 493.444808
459.510305 496.925128
456.998601 501.275527
455.993919 503.015687
454.989237 504.755847
453.984556 506.496006
451.472851 510.846406
450.468170 512.586565
449.463488 514.326725
448.961147 515.196805
447.454125 517.807045
446.449443 519.547204
445.947102 520.417284
445.444761 521.287364
443.937739 523.897604
442.933057 525.637764
440.923693 529.118083
439.416671 531.728323
438.914330 532.598403
437.407308 535.208642
435.397944 538.688962
433.890922 541.299201
431.379217 545.649601
429.872195 548.259840
428.867513 550.000000
427.864868 550.000000
423.854289 550.000000
415.833130 550.000000
413.827840 550.000000
406.809326 550.000000
404.804036 550.000000
401.796102 550.000000
396.782878 550.000000
391.769653 550.000000
389.764364 550.000000
384.751139 550.000000
380.740560 550.000000
374.724691 550.000000
373.722046 550.000000
365.700887 550.000000
364.698242 550.000000
358.682373 550.000000
350.661214 550.000000
344.645345 550.000000
343.642700 550.000000
339.632121 550.000000
332.613607 550.000000
330.608317 550.000000
324.592448 550.000000
320.581868 550.000000
317.573934 550.000000
316.571289 550.000000
311.558065 550.000000
300.528971 550.000000
296.518392 550.000000
280.476074 550.000000
273.457560 550.000000
265.436401 550.000000
254.407308 550.000000
253.404663 550.000000
252.402018 550.000000
248.391439 550.000000
234.354411 550.000000
232.349121 550.000000
217.309448 550.000000
216.306803 550.000000
199.261841 550.000000
194.248617 550.000000
191.240682 550.000000
189.235392 550.000000
175.198364 550.000000
167.177205 550.000000
159.156047 550.000000
148.126953 550.000000
145.119019 550.000000
140.105794 550.000000
127.071411 550.000000
125.066121 550.000000
114.037028 550.000000
109.023804 550.000000
