1030
100.000000 450.000000
105.002444 450.000000
107.003422 450.000000
113.006355 450.000000
117.008311 450.000000
119.009289 450.000000
120.009778 450.000000
122.010755 450.000000
127.013200 450.000000
131.015155 450.000000
140.019555 450.000000
141.020044 450.000000
143.021022 450.000000
152.025422 450.000000
157.027866 450.000000
158.028355 450.000000
165.031777 450.000000
167.032755 450.000000
177.037644 450.000000
179.038622 450.000000
182.040088 450.000000
195.046444 450.000000
200.048888 450.000000
207.052310 450.000000
211.054266 450.000000
217.057199 450.000000
222.059644 450.000000
223.060132 450.000000
225.061110 450.000000
227.062088 450.000000
231.064044 450.000000
234.065510 450.000000
235.065999 450.000000
236.066488 450.000000
237.066977 450.000000
242.069421 450.000000
243.069910 450.000000
247.071866 450.000000
269.082621 450.000000
279.087510 450.000000
281.088488 450.000000
291.093376 450.000000
293.094354 450.000000
301.098265 450.000000
309.102176 450.000000
317.106087 450.000000
320.107554 450.000000
321.108043 450.000000
347.120754 450.000000
348.121243 450.000000
352.123198 450.000000
354.124176 450.000000
357.125643 450.000000
361.127598 450.000000
364.129065 450.000000
369.131509 450.000000
371.132487 450.000000
371.132487 450.000000
371.635641 449.128511
373.648259 445.642555
374.151414 444.771066
374.654568 443.899577
375.157722 443.028088
375.660877 442.156599
376.164031 441.285110
376.667186 440.413620
377.170340 439.542131
378.176649 437.799153
378.679803 436.927664
379.182958 436.056175
379.686112 435.184686
380.189267 434.313197
380.692421 433.441708
381.195576 432.570219
382.201884 430.827241
383.208193 429.084263
383.711348 428.212774
384.214502 427.341285
384.717657 426.469796
386.227120 423.855329
386.730274 422.983840
387.736583 421.240861
388.239738 420.369372
388.742892 419.497883
389.246046 418.626394
389.749201 417.754905
390.252355 416.883416
390.755510 416.011927
391.258664 415.140438
391.761819 414.268949
392.264973 413.397460
391.762632 412.527380
390.757950 410.787220
390.255610 409.917140
389.250928 408.176981
388.748587 407.306901
388.246246 406.436821
385.734542 402.086422
381.715815 395.125783
378.701770 389.905303
378.199429 389.035223
377.697088 388.165144
377.194748 387.295064
376.692407 386.424984
376.190066 385.554904
374.180703 382.074584
372.673680 379.464345
369.157294 373.373786
368.152612 371.633626
367.650271 370.763546
367.147931 369.893466
363.631545 363.802907
362.124522 361.192667
360.617500 358.582428
359.110477 355.972188
358.608136 355.102108
357.101114 352.491868
356.096432 350.751709
355.091750 349.011549
354.589409 348.141469
354.087069 347.271389
353.082387 345.531229
352.580046 344.661150
352.077705 343.791070
351.575364 342.920990
350.570683 341.180830
350.068342 340.310750
347.556638 335.960351
346.551956 334.220191
345.547274 332.480031
344.542593 330.739871
342.030888 326.389472
341.026207 324.649312
340.523866 323.779232
338.012162 319.428833
336.002798 315.948514
334.998116 314.208354
334.495776 313.338274
332.988753 310.728034
331.481730 308.117795
330.477049 306.377635
329.974708 305.507555
328.970026 303.767395
327.965345 302.027235
324.951299 296.806756
324.448959 295.936676
322.941936 293.326437
322.439595 292.456357
318.420868 285.495718
317.918528 284.625638
317.416187 283.755558
316.913846 282.885478
315.909164 281.145318
314.904483 279.405159
314.402142 278.535079
316.411505 276.794919
320.430232 276.794919
323.444277 276.794919
324.448959 276.794919
325.453640 276.794919
329.472367 276.794919
331.481731 276.794919
338.514503 276.794919
344.542593 276.794919
346.551956 276.794919
350.570683 276.794919
353.584728 276.794919
354.589410 276.794919
357.603455 276.794919
360.617500 276.794919
361.622182 276.794919
369.659635 276.794919
370.664317 276.794919
378.701771 276.794919
381.715816 276.794919
386.739224 276.794919
387.743906 276.794919
389.753269 276.794919
390.757951 276.794919
392.767314 276.794919
395.781359 276.794919
398.795405 276.794919
399.800086 276.794919
400.804768 276.794919
403.818813 276.794919
405.828176 276.794919
409.846903 276.794919
413.865630 276.794919
414.870312 276.794919
423.912447 276.794919
424.917129 276.794919
426.926492 276.794919
434.963946 276.794919
438.982673 276.794919
441.996718 276.794919
443.001399 276.794919
446.015444 276.794919
454.052898 276.794919
457.066943 276.794919
462.090352 276.794919
463.095033 276.794919
469.123124 276.794919
471.132487 276.794919
474.648873 270.704360
475.653555 268.964200
478.165259 264.613801
479.169941 262.873641
480.676963 260.263401
484.193349 254.172842
484.695690 253.302762
485.198031 252.432683
486.705053 249.822443
488.212076 247.212203
488.714417 246.342123
489.719098 244.601964
492.230803 240.251564
492.733143 239.381484
493.737825 237.641325
494.240166 236.771245
494.742507 235.901165
495.244848 235.031085
500.770597 225.460207
501.775279 223.720047
504.789324 218.499568
505.794005 216.759408
506.296346 215.889328
509.310391 210.668849
510.315073 208.928689
511.319755 207.188529
513.329118 203.708210
514.333800 201.968050
515.338482 200.227890
515.840822 199.357810
516.845504 197.617651
517.850186 195.877491
519.859549 192.397171
520.361890 191.527091
520.864231 190.657012
521.868913 188.916852
522.371253 188.046772
522.873594 187.176692
524.882958 183.696373
525.385298 182.826293
525.887639 181.956213
527.394662 179.345973
527.897003 178.475893
530.408707 174.125494
531.413389 172.385334
533.422752 168.905015
534.427434 167.164855
535.432115 165.424695
538.948501 159.334136
539.450842 158.464056
542.967228 152.373497
543.971910 150.633337
544.474251 149.763258
545.478932 148.023098
546.483614 146.282938
546.985955 145.412858
547.488296 144.542778
549.497659 141.062459
551.507023 142.802619
552.511704 144.542778
555.525749 149.763258
559.042135 155.853817
561.051499 159.334136
562.056180 161.074296
562.558521 161.944376
563.563203 163.684536
565.572566 167.164855
569.088952 173.255414
570.093634 174.995574
571.098316 176.735734
571.600656 177.605814
573.107679 180.216053
573.610020 181.086133
574.614702 182.826293
577.126406 187.176692
577.628747 188.046772
580.140451 192.397171
582.652155 196.747571
583.656837 198.487730
585.163859 201.097970
586.670882 203.708210
587.675564 205.448369
588.177904 206.318449
589.182586 208.058609
590.689609 210.668849
591.694290 212.409008
596.215358 220.239727
596.717699 221.109807
598.224721 223.720047
598.727062 224.590127
599.229403 225.460207
599.731744 226.330286
600.234085 227.200366
602.243448 230.680686
602.745789 231.550766
603.750471 233.290925
604.252811 234.161005
604.755152 235.031085
606.262175 237.641325
607.769197 240.251564
609.276220 242.861804
609.778561 243.731884
610.783243 245.472044
611.787924 247.212203
613.294947 249.822443
613.797288 250.692523
615.304310 253.302762
616.811333 255.913002
617.816014 257.653162
619.825378 261.133481
620.327719 262.003561
620.830059 262.873641
622.337082 265.483881
623.341764 267.224040
624.346445 268.964200
624.848786 269.834280
628.365172 275.924839
628.867513 276.794919
632.886240 276.794919
633.890922 276.794919
637.909648 276.794919
638.914330 276.794919
639.919012 276.794919
643.937739 276.794919
645.947102 276.794919
650.970510 276.794919
652.979874 276.794919
653.984556 276.794919
654.989237 276.794919
655.993919 276.794919
656.998601 276.794919
659.007964 276.794919
662.022009 276.794919
663.026691 276.794919
669.054781 276.794919
670.059463 276.794919
671.064144 276.794919
675.082871 276.794919
681.110961 276.794919
682.115643 276.794919
683.120325 276.794919
684.125007 276.794919
686.134370 276.794919
687.139052 276.794919
688.143733 276.794919
691.157778 276.794919
699.195232 276.794919
707.232686 276.794919
709.242049 276.794919
715.270139 276.794919
716.274821 276.794919
717.279503 276.794919
718.284184 276.794919
724.312275 276.794919
725.316956 276.794919
733.354410 276.794919
736.368455 276.794919
737.373137 276.794919
738.377818 276.794919
742.396545 276.794919
754.452726 276.794919
756.462089 276.794919
757.466771 276.794919
760.480816 276.794919
765.504224 276.794919
766.508906 276.794919
767.513588 276.794919
770.527633 276.794919
772.536996 276.794919
776.555723 276.794919
777.560405 276.794919
778.565086 276.794919
784.593177 276.794919
785.597858 276.794919
786.100199 277.664999
785.095517 279.405159
784.090836 281.145318
783.086154 282.885478
782.081472 284.625638
780.574450 287.235878
779.067427 289.846117
778.565086 290.716197
777.560405 292.456357
776.053382 295.066596
772.536996 301.157156
771.532315 302.897315
771.029974 303.767395
768.015929 308.987875
767.513588 309.857954
767.011247 310.728034
765.504224 313.338274
765.001884 314.208354
760.983157 321.168993
759.978475 322.909153
758.973793 324.649312
756.964430 328.129632
756.462089 328.999712
754.955067 331.609951
750.433999 339.440670
748.424636 342.920990
744.405909 349.881629
743.903568 350.751709
740.387182 356.842268
739.884841 357.712348
738.880160 359.452508
737.875478 361.192667
736.368455 363.802907
735.363774 365.543067
725.316957 382.944664
722.805252 387.295064
720.293548 391.645463
718.284185 395.125783
717.781844 395.995862
715.772481 399.476182
713.763117 402.956501
712.256095 405.566741
708.237368 412.527380
707.735027 413.397460
708.238181 414.268949
708.741336 415.140438
709.244490 416.011927
710.753954 418.626394
711.760262 420.369372
712.263417 421.240861
713.269726 422.983840
714.779189 425.598307
715.282343 426.469796
716.288652 428.212774
716.791807 429.084263
717.294961 429.955752
717.798116 430.827241
718.301270 431.698730
718.804424 432.570219
719.307579 433.441708
720.313888 435.184686
720.817042 436.056175
721.320197 436.927664
722.326505 438.670642
722.829660 439.542131
723.332814 440.413620
723.835969 441.285110
724.339123 442.156599
725.848586 444.771066
726.351741 445.642555
726.854895 446.514044
727.358050 447.385533
727.861204 448.257022
728.364359 449.128511
728.867513 450.000000
728.867513 450.000000
730.868491 450.000000
733.869957 450.000000
738.872402 450.000000
744.875335 450.000000
746.876313 450.000000
751.878757 450.000000
754.880224 450.000000
755.880713 450.000000
758.882179 450.000000
760.883157 450.000000
765.885602 450.000000
768.887068 450.000000
770.888046 450.000000
773.889513 450.000000
778.891957 450.000000
781.893424 450.000000
784.894890 450.000000
796.900757 450.000000
797.901246 450.000000
800.902712 450.000000
804.904668 450.000000
809.907112 450.000000
814.909557 450.000000
815.910046 450.000000
818.911512 450.000000
820.912490 450.000000
823.913957 450.000000
831.917868 450.000000
835.919823 450.000000
836.920312 450.000000
845.924712 450.000000
848.926179 450.000000
851.927645 450.000000
852.928134 450.000000
854.929112 450.000000
855.929601 450.000000
856.930090 450.000000
857.930579 450.000000
858.931068 450.000000
859.931557 450.000000
865.934490 450.000000
872.937912 450.000000
873.938401 450.000000
876.939868 450.000000
879.941334 450.000000
880.941823 450.000000
881.942312 450.000000
885.944267 450.000000
888.945734 450.000000
891.947201 450.000000
892.947690 450.000000
896.949645 450.000000
899.951112 450.000000
900.951601 450.000000
903.953067 450.000000
904.953556 450.000000
908.955512 450.000000
915.958934 450.000000
917.959912 450.000000
918.960401 450.000000
919.960889 450.000000
923.962845 450.000000
928.965289 450.000000
935.968712 450.000000
941.971645 450.000000
950.976045 450.000000
956.978978 450.000000
957.979467 450.000000
964.982889 450.000000
971.986311 450.000000
982.991689 450.000000
986.993645 450.000000
989.995111 450.000000
991.996089 450.000000
992.996578 450.000000
997.999022 450.000000
1000.000000 450.000000
1000.000000 452.000000
1000.000000 455.000000
1000.000000 462.000000
1000.000000 463.000000
1000.000000 464.000000
1000.000000 468.000000
1000.000000 471.000000
1000.000000 475.000000
1000.000000 478.000000
1000.000000 481.000000
1000.000000 482.000000
1000.000000 483.000000
1000.000000 485.000000
1000.000000 486.000000
1000.000000 490.000000
1000.000000 491.000000
1000.000000 492.000000
1000.000000 493.000000
1000.000000 495.000000
1000.000000 502.000000
1000.000000 504.000000
1000.000000 505.000000
1000.000000 507.000000
1000.000000 511.000000
1000.000000 513.000000
1000.000000 515.000000
1000.000000 520.000000
1000.000000 524.000000
1000.000000 527.000000
1000.000000 528.000000
1000.000000 531.000000
1000.000000 533.000000
1000.000000 534.000000
1000.000000 535.000000
1000.000000 538.000000
1000.000000 539.000000
1000.000000 540.000000
1000.000000 542.000000
1000.000000 543.000000
1000.000000 546.000000
1000.000000 547.000000
1000.000000 548.000000
1000.000000 549.000000
1000.000000 550.000000
996.992065 550.000000
992.981486 550.000000
989.973551 550.000000
984.960327 550.000000
983.957682 550.000000
980.949748 550.000000
977.941813 550.000000
974.933879 550.000000
968.918009 550.000000
964.907430 550.000000
960.896851 550.000000
959.894206 550.000000
945.857178 550.000000
943.851888 550.000000
935.830729 550.000000
931.820150 550.000000
926.806925 550.000000
913.772542 550.000000
906.754028 550.000000
901.740804 550.000000
892.717000 550.000000
885.698486 550.000000
881.687907 550.000000
874.669393 550.000000
872.664103 550.000000
870.658813 550.000000
864.642944 550.000000
862.637655 550.000000
860.632365 550.000000
852.611206 550.000000
848.600627 550.000000
846.595337 550.000000
835.566243 550.000000
833.560954 550.000000
831.555664 550.000000
821.529216 550.000000
818.521281 550.000000
817.518636 550.000000
806.489543 550.000000
803.481608 550.000000
798.468384 550.000000
794.457804 550.000000
773.402262 550.000000
768.389038 550.000000
767.386393 550.000000
763.375814 550.000000
760.367879 550.000000
753.349365 550.000000
750.341431 550.000000
748.336141 550.000000
746.330851 550.000000
745.328206 550.000000
744.325562 550.000000
739.312337 550.000000
738.309692 550.000000
734.299113 550.000000
726.277954 550.000000
720.262085 550.000000
711.238281 550.000000
709.232992 550.000000
707.227702 550.000000
701.211833 550.000000
682.161580 550.000000
677.148356 550.000000
675.143066 550.000000
674.140422 550.000000
671.132487 550.000000
669.625464 547.389760
669.123124 546.519681
668.620783 545.649601
664.099715 537.818882
663.095033 536.078722
661.588011 533.468482
661.085670 532.598403
660.583329 531.728323
660.080988 530.858243
659.578647 529.988163
659.076307 529.118083
658.071625 527.377923
656.564602 524.767684
656.062261 523.897604
652.043535 516.936965
651.541194 516.066885
650.536512 514.326725
649.531830 512.586565
648.527149 510.846406
646.517785 507.366086
646.015444 506.496006
645.010763 504.755847
643.503740 502.145607
641.996717 499.535367
641.494377 498.665288
640.992036 497.795208
639.485013 495.184968
638.982672 494.314888
637.977991 492.574728
632.452241 483.003850
629.940537 478.653450
628.433514 476.043211
626.926492 473.432971
625.419469 470.822732
624.414788 469.082572
623.410106 467.342412
621.903083 464.732172
621.400743 463.862093
620.396061 462.121933
619.391379 460.381773
617.884357 457.771534
614.367971 451.680974
613.363289 449.940815
612.860948 449.070735
612.358607 448.200655
611.856266 447.330575
609.344562 442.980176
607.335199 439.499856
599.800086 426.448658
599.297745 425.578578
598.795404 424.708498
597.790722 422.968339
593.771996 416.007700
592.768127 412.525971
593.271282 411.654482
594.277591 409.911504
594.780745 409.040015
595.283900 408.168526
595.787054 407.297036
596.290209 406.425547
598.302826 402.939591
598.805981 402.068102
599.309135 401.196613
599.812290 400.325124
600.315444 399.453635
600.818599 398.582146
601.824908 396.839168
602.328062 395.967679
603.837525 393.353211
604.843834 391.610233
605.346989 390.738744
606.353298 388.995766
607.359607 387.252788
607.862761 386.381299
608.365915 385.509810
608.869070 384.638321
609.372224 383.766832
609.875379 382.895342
610.881688 381.152364
611.887997 379.409386
612.391151 378.537897
612.894306 377.666408
613.397460 376.794919
612.391151 376.794919
611.384842 376.794919
609.372224 376.794919
608.365916 376.794919
607.359607 376.794919
606.353298 376.794919
605.346989 376.794919
604.340680 376.794919
603.334371 376.794919
602.328062 376.794919
601.321753 376.794919
600.315445 376.794919
599.309136 376.794919
598.302827 376.794919
597.296518 376.794919
595.283900 376.794919
594.277591 376.794919
592.264973 376.794919
591.258665 376.794919
590.252356 376.794919
589.246047 376.794919
588.239738 376.794919
587.233429 376.794919
586.227120 376.794919
585.220811 376.794919
584.214502 376.794919
583.208194 376.794919
582.201885 376.794919
581.195576 376.794919
580.189267 376.794919
579.182958 376.794919
577.170340 376.794919
576.164031 376.794919
575.157723 376.794919
574.151414 376.794919
573.145105 376.794919
572.138796 376.794919
571.132487 376.794919
571.132487 376.794919
570.629333 375.923430
570.126178 375.051941
569.119869 373.308963
568.616715 372.437474
568.113560 371.565985
567.610406 370.694496
567.107251 369.823007
566.604097 368.951518
566.100942 368.080029
565.597788 367.208539
564.591479 365.465561
564.088325 364.594072
563.585170 363.722583
563.082016 362.851094
562.578861 361.979605
562.075707 361.108116
561.069398 359.365138
560.566243 358.493649
559.559935 356.750671
559.056780 355.879182
558.553626 355.007693
558.050471 354.136204
557.547317 353.264715
557.044162 352.393226
556.541008 351.521737
556.037853 350.650248
555.534699 349.778759
555.031545 348.907269
554.528390 348.035780
554.025236 347.164291
553.522081 346.292802
552.012618 343.678335
551.509463 342.806846
551.006309 341.935357
550.000000 340.192379
549.496846 341.063868
548.993691 341.935357
548.490537 342.806846
547.987382 343.678335
547.484228 344.549824
546.981073 345.421313
546.477919 346.292802
545.471610 348.035780
543.962147 350.650248
543.458992 351.521737
542.955838 352.393226
542.452683 353.264715
541.949529 354.136204
541.446374 355.007693
540.440065 356.750671
539.936911 357.622160
539.433757 358.493649
538.930602 359.365138
538.427448 360.236627
537.924293 361.108116
536.917984 362.851094
536.414830 363.722583
535.408521 365.465561
534.905366 366.337050
534.402212 367.208539
533.395903 368.951518
532.892749 369.823007
532.389594 370.694496
531.886440 371.565985
530.880131 373.308963
530.376976 374.180452
529.873822 375.051941
529.370667 375.923430
528.867513 376.794919
528.867513 376.794919
527.861204 376.794919
526.854895 376.794919
525.848586 376.794919
524.842277 376.794919
523.835969 376.794919
522.829660 376.794919
521.823351 376.794919
520.817042 376.794919
519.810733 376.794919
517.798115 376.794919
516.791806 376.794919
515.785498 376.794919
514.779189 376.794919
513.772880 376.794919
512.766571 376.794919
511.760262 376.794919
510.753953 376.794919
507.735027 376.794919
506.728718 376.794919
503.709791 376.794919
502.703482 376.794919
501.697173 376.794919
500.690864 376.794919
499.684555 376.794919
498.678247 376.794919
497.671938 376.794919
496.665629 376.794919
495.659320 376.794919
494.653011 376.794919
493.646702 376.794919
492.640393 376.794919
491.634084 376.794919
490.627776 376.794919
489.621467 376.794919
488.615158 376.794919
487.608849 376.794919
486.602540 376.794919
486.602540 376.794919
487.105694 377.666408
487.608849 378.537897
488.615158 380.280875
489.118312 381.152364
489.621467 382.023853
490.124621 382.895342
490.627776 383.766832
491.130930 384.638321
491.634085 385.509810
492.137239 386.381299
493.143548 388.124277
493.646702 388.995766
494.149857 389.867255
494.653011 390.738744
495.156166 391.610233
495.659320 392.481722
496.162475 393.353211
496.665629 394.224700
497.168784 395.096190
497.671938 395.967679
498.678247 397.710657
499.181401 398.582146
499.684556 399.453635
500.690865 401.196613
501.697174 402.939591
502.200328 403.811080
502.703482 404.682569
503.206637 405.554058
504.212946 407.297036
504.716100 408.168526
505.722409 409.911504
506.225564 410.782993
506.728718 411.654482
507.231873 412.525971
507.735027 413.397460
507.735027 413.397460
507.232686 414.267540
504.720982 418.617939
504.218641 419.488019
503.716300 420.358099
501.706937 423.838418
501.204596 424.708498
500.199914 426.448658
499.697573 427.318738
499.195232 428.188818
498.692892 429.058898
494.171824 436.889617
493.167142 438.629776
492.162461 440.369936
491.660120 441.240016
489.650756 444.720335
489.148415 445.590415
484.627348 453.421134
481.613303 458.641613
480.106280 461.251853
478.599257 463.862093
478.096917 464.732172
477.092235 466.472332
476.087553 468.212492
473.575849 472.562891
472.068826 475.173131
471.064145 476.913291
469.557122 479.523530
468.050100 482.133770
465.036054 487.354249
463.529032 489.964489
462.022009 492.574728
461.017328 494.314888
459.007964 497.795208
458.505623 498.665288
457.500942 500.405447
454.486897 505.625926
453.482215 507.366086
451.975192 509.976326
449.965829 513.456645
448.458806 516.066885
446.951784 518.677125
445.947102 520.417284
444.942420 522.157444
443.435398 524.767684
442.933057 525.637764
442.430716 526.507843
441.928375 527.377923
440.923693 529.118083
440.421353 529.988163
439.416671 531.728323
438.914330 532.598403
437.909648 534.338562
436.904967 536.078722
435.397944 538.688962
431.881558 544.779521
429.872195 548.259840
424.856934 550.000000
420.846354 550.000000
417.838420 550.000000
416.835775 550.000000
409.817261 550.000000
404.804036 550.000000
402.798747 550.000000
396.782878 550.000000
390.767008 550.000000
387.759074 550.000000
385.753784 550.000000
384.751139 550.000000
381.743205 550.000000
376.729980 550.000000
371.716756 550.000000
354.671794 550.000000
352.666504 550.000000
348.655924 550.000000
346.650635 550.000000
336.624186 550.000000
334.618896 550.000000
332.613607 550.000000
327.600382 550.000000
324.592448 550.000000
320.581868 550.000000
319.579224 550.000000
315.568644 550.000000
312.560710 550.000000
311.558065 550.000000
305.542196 550.000000
304.539551 550.000000
299.526326 550.000000
297.521037 550.000000
295.515747 550.000000
293.510457 550.000000
279.473429 550.000000
273.457560 550.000000
271.452270 550.000000
269.446981 550.000000
262.428467 550.000000
256.412598 550.000000
249.394084 550.000000
245.383504 550.000000
237.362345 550.000000
235.357056 550.000000
234.354411 550.000000
230.343831 550.000000
224.327962 550.000000
222.322673 550.000000
209.288289 550.000000
204.275065 550.000000
202.269775 550.000000
191.240682 550.000000
182.216878 550.000000
172.190430 550.000000
156.148112 550.000000
154.142822 550.000000
149.129598 550.000000
148.126953 550.000000
145.119019 550.000000
135.092570 550.000000
129.076701 550.000000
122.058187 550.000000
116.042318 550.000000
112.031738 550.000000
109.023804 550.000000
108.021159 550.000000
