1520
100.000000 450.000000
101.000489 450.000000
102.000978 450.000000
105.002444 450.000000
106.002933 450.000000
110.004889 450.000000
112.005867 450.000000
113.006355 450.000000
119.009289 450.000000
123.011244 450.000000
124.011733 450.000000
127.013200 450.000000
132.015644 450.000000
137.018089 450.000000
138.018578 450.000000
139.019066 450.000000
140.019555 450.000000
142.020533 450.000000
146.022489 450.000000
147.022977 450.000000
149.023955 450.000000
150.024444 450.000000
152.025422 450.000000
153.025911 450.000000
154.026400 450.000000
164.031288 450.000000
167.032755 450.000000
168.033244 450.000000
170.034222 450.000000
172.035199 450.000000
174.036177 450.000000
175.036666 450.000000
176.037155 450.000000
177.037644 450.000000
178.038133 450.000000
180.039111 450.000000
181.039599 450.000000
184.041066 450.000000
190.043999 450.000000
191.044488 450.000000
192.044977 450.000000
196.046933 450.000000
197.047422 450.000000
199.048399 450.000000
203.050355 450.000000
205.051333 450.000000
209.053288 450.000000
211.054266 450.000000
214.055733 450.000000
216.056710 450.000000
217.057199 450.000000
224.060621 450.000000
225.061110 450.000000
229.063066 450.000000
232.064532 450.000000
235.065999 450.000000
236.066488 450.000000
239.067955 450.000000
242.069421 450.000000
244.070399 450.000000
245.070888 450.000000
253.074799 450.000000
256.076266 450.000000
260.078221 450.000000
261.078710 450.000000
268.082132 450.000000
273.084577 450.000000
277.086532 450.000000
280.087999 450.000000
281.088488 450.000000
284.089954 450.000000
288.091910 450.000000
292.093865 450.000000
299.097288 450.000000
300.097776 450.000000
302.098754 450.000000
305.100221 450.000000
306.100710 450.000000
307.101199 450.000000
308.101687 450.000000
311.103154 450.000000
313.104132 450.000000
317.106087 450.000000
320.107554 450.000000
323.109021 450.000000
328.111465 450.000000
337.115865 450.000000
338.116354 450.000000
340.117332 450.000000
346.120265 450.000000
350.122220 450.000000
360.127109 450.000000
361.127598 450.000000
362.128087 450.000000
366.130043 450.000000
368.131020 450.000000
369.131509 450.000000
370.131998 450.000000
371.132487 450.000000
371.635641 449.128511
372.138796 448.257022
372.641950 447.385533
373.145105 446.514044
373.648259 445.642555
374.151414 444.771066
374.654568 443.899577
375.157722 443.028088
375.660877 442.156599
376.164031 441.285110
376.667186 440.413620
377.170340 439.542131
377.673495 438.670642
378.679803 436.927664
379.182958 436.056175
379.686112 435.184686
380.189267 434.313197
380.692421 433.441708
381.195576 432.570219
381.698730 431.698730
382.201884 430.827241
383.711348 428.212774
384.214502 427.341285
384.717657 426.469796
385.220811 425.598307
385.723965 424.726818
386.227120 423.855329
386.730274 422.983840
387.233429 422.112350
387.736583 421.240861
388.239738 420.369372
388.742892 419.497883
389.246046 418.626394
389.749201 417.754905
390.252355 416.883416
390.755510 416.011927
391.258664 415.140438
391.761819 414.268949
392.264973 413.397460
391.260291 411.657300
389.753269 409.047061
389.250928 408.176981
388.246246 406.436821
387.743905 405.566741
387.241565 404.696661
386.739224 403.826581
386.236883 402.956501
385.734542 402.086422
385.232201 401.216342
384.227519 399.476182
383.725179 398.606102
383.222838 397.736022
382.720497 396.865942
381.213474 394.255703
380.711134 393.385623
379.204111 390.775383
377.697088 388.165144
377.194748 387.295064
376.190066 385.554904
375.687725 384.684824
375.185384 383.814744
374.180703 382.074584
373.678362 381.204504
372.673680 379.464345
372.171339 378.594265
371.166657 376.854105
370.664317 375.984025
370.161976 375.113945
369.659635 374.243865
368.152612 371.633626
367.650271 370.763546
366.645590 369.023386
365.138567 366.413147
363.129204 362.932827
362.124522 361.192667
361.622181 360.322587
361.119840 359.452508
360.617500 358.582428
359.612818 356.842268
358.608136 355.102108
358.105795 354.232028
357.603455 353.361948
357.101114 352.491868
356.598773 351.621789
356.096432 350.751709
355.594091 349.881629
355.091750 349.011549
353.584728 346.401309
352.580046 344.661150
352.077705 343.791070
351.575364 342.920990
351.073024 342.050910
350.068342 340.310750
349.063660 338.570590
347.556638 335.960351
347.054297 335.090271
346.551956 334.220191
343.537911 328.999712
343.035570 328.129632
342.030888 326.389472
341.528547 325.519392
341.026207 324.649312
340.523866 323.779232
339.519184 322.039073
338.514502 320.298913
338.012162 319.428833
336.505139 316.818593
336.002798 315.948514
334.998116 314.208354
334.495776 313.338274
333.491094 311.598114
332.988753 310.728034
331.984071 308.987875
329.974708 305.507555
329.472367 304.637475
326.960663 300.287076
325.955981 298.546916
324.448959 295.936676
323.946618 295.066596
322.941936 293.326437
321.434914 290.716197
320.430232 288.976037
318.420868 285.495718
316.913846 282.885478
316.411505 282.015398
315.406823 280.275239
313.397460 276.794919
314.402142 276.794919
315.406823 276.794919
317.416187 276.794919
318.420869 276.794919
320.430232 276.794919
322.439595 276.794919
323.444277 276.794919
324.448959 276.794919
325.453640 276.794919
327.463004 276.794919
329.472367 276.794919
330.477049 276.794919
334.495776 276.794919
336.505139 276.794919
337.509821 276.794919
339.519184 276.794919
340.523866 276.794919
342.533229 276.794919
343.537911 276.794919
344.542593 276.794919
345.547274 276.794919
349.566001 276.794919
350.570683 276.794919
351.575365 276.794919
354.589410 276.794919
355.594091 276.794919
356.598773 276.794919
357.603455 276.794919
358.608137 276.794919
361.622182 276.794919
363.631545 276.794919
367.650272 276.794919
368.654954 276.794919
370.664317 276.794919
371.668999 276.794919
372.673680 276.794919
377.697089 276.794919
378.701771 276.794919
380.711134 276.794919
381.715816 276.794919
383.725179 276.794919
384.729861 276.794919
385.734542 276.794919
389.753269 276.794919
390.757951 276.794919
394.776678 276.794919
396.786041 276.794919
400.804768 276.794919
401.809450 276.794919
402.814131 276.794919
403.818813 276.794919
405.828176 276.794919
410.851585 276.794919
412.860948 276.794919
413.865630 276.794919
414.870312 276.794919
415.874993 276.794919
417.884357 276.794919
418.889039 276.794919
421.903084 276.794919
426.926492 276.794919
427.931174 276.794919
428.935856 276.794919
429.940537 276.794919
432.954582 276.794919
435.968627 276.794919
436.973309 276.794919
437.977991 276.794919
438.982673 276.794919
441.996718 276.794919
443.001399 276.794919
444.006081 276.794919
445.010763 276.794919
446.015444 276.794919
447.020126 276.794919
449.029490 276.794919
450.034171 276.794919
451.038853 276.794919
454.052898 276.794919
456.062261 276.794919
458.071625 276.794919
460.080988 276.794919
461.085670 276.794919
462.090352 276.794919
464.099715 276.794919
465.104397 276.794919
467.113760 276.794919
468.118442 276.794919
471.132487 276.794919
471.132487 276.794919
472.137169 275.054759
473.141850 273.314600
474.146532 271.574440
474.648873 270.704360
475.151214 269.834280
476.155895 268.094120
477.662918 265.483881
478.667600 263.743721
479.672281 262.003561
480.676963 260.263401
481.179304 259.393322
481.681645 258.523242
482.686326 256.783082
483.188667 255.913002
483.691008 255.042922
484.193349 254.172842
485.198031 252.432683
485.700372 251.562603
486.705053 249.822443
487.207394 248.952363
487.709735 248.082283
489.216757 245.472044
491.728462 241.121644
492.230803 240.251564
492.733143 239.381484
494.240166 236.771245
494.742507 235.901165
495.244848 235.031085
496.751870 232.420845
497.756552 230.680686
499.263574 228.070446
499.765915 227.200366
500.268256 226.330286
500.770597 225.460207
501.775279 223.720047
502.277620 222.849967
503.784642 220.239727
504.286983 219.369647
504.789324 218.499568
506.296346 215.889328
506.798687 215.019248
507.301028 214.149168
508.305710 212.409008
512.324436 205.448369
513.329118 203.708210
514.333800 201.968050
515.840822 199.357810
516.343163 198.487730
517.850186 195.877491
518.854867 194.137331
519.357208 193.267251
519.859549 192.397171
520.361890 191.527091
520.864231 190.657012
522.371253 188.046772
522.873594 187.176692
523.375935 186.306612
523.878276 185.436532
524.380617 184.566453
524.882958 183.696373
525.385298 182.826293
525.887639 181.956213
526.389980 181.086133
526.892321 180.216053
527.394662 179.345973
527.897003 178.475893
529.404025 175.865654
530.408707 174.125494
531.915730 171.515254
532.418070 170.645175
532.920411 169.775095
533.422752 168.905015
534.929775 166.294775
535.934456 164.554615
536.939138 162.814456
537.441479 161.944376
537.943820 161.074296
539.953183 157.593976
540.957865 155.853817
542.464887 153.243577
542.967228 152.373497
545.478932 148.023098
545.981273 147.153018
546.985955 145.412858
547.990637 143.672698
548.492977 142.802619
550.000000 140.192379
550.000000 140.192379
550.502341 141.062459
551.004682 141.932539
551.507023 142.802619
552.009363 143.672698
552.511704 144.542778
553.014045 145.412858
553.516386 146.282938
554.018727 147.153018
555.023408 148.893178
556.530431 151.503417
557.032772 152.373497
558.037454 154.113657
558.539794 154.983737
559.042135 155.853817
559.544476 156.723897
560.046817 157.593976
563.060862 162.814456
563.563203 163.684536
564.567885 165.424695
565.070225 166.294775
565.572566 167.164855
566.074907 168.034935
566.577248 168.905015
568.084270 171.515254
568.586611 172.385334
569.088952 173.255414
570.093634 174.995574
570.595975 175.865654
571.098316 176.735734
571.600656 177.605814
572.605338 179.345973
573.107679 180.216053
574.614702 182.826293
575.117042 183.696373
576.624065 186.306612
577.126406 187.176692
578.131087 188.916852
578.633428 189.786932
579.135769 190.657012
580.642792 193.267251
581.145133 194.137331
581.647473 195.007411
583.154496 197.617651
585.163859 201.097970
585.666200 201.968050
587.173223 204.578290
587.675564 205.448369
591.191949 211.538929
591.694290 212.409008
592.196631 213.279088
593.201313 215.019248
594.205995 216.759408
594.708335 217.629488
595.210676 218.499568
595.713017 219.369647
596.215358 220.239727
596.717699 221.109807
597.220040 221.979887
598.224721 223.720047
599.229403 225.460207
599.731744 226.330286
600.234085 227.200366
601.741107 229.810606
602.243448 230.680686
602.745789 231.550766
603.248130 232.420845
603.750471 233.290925
604.755152 235.031085
605.257493 235.901165
605.759834 236.771245
606.262175 237.641325
607.266857 239.381484
607.769197 240.251564
608.271538 241.121644
608.773879 241.991724
609.778561 243.731884
610.280902 244.601964
610.783243 245.472044
611.787924 247.212203
612.792606 248.952363
613.294947 249.822443
614.801969 252.432683
615.304310 253.302762
616.308992 255.042922
616.811333 255.913002
617.313674 256.783082
617.816014 257.653162
618.820696 259.393322
619.825378 261.133481
620.327719 262.003561
621.332400 263.743721
621.834741 264.613801
622.337082 265.483881
622.839423 266.353961
623.341764 267.224040
623.844105 268.094120
624.346445 268.964200
626.355809 272.444520
626.858150 273.314600
627.360490 274.184679
627.862831 275.054759
628.867513 276.794919
628.867513 276.794919
629.872195 276.794919
630.876876 276.794919
631.881558 276.794919
632.886240 276.794919
633.890922 276.794919
635.900285 276.794919
638.914330 276.794919
642.933057 276.794919
643.937739 276.794919
646.951784 276.794919
650.970510 276.794919
653.984556 276.794919
654.989237 276.794919
656.998601 276.794919
661.017327 276.794919
662.022009 276.794919
663.026691 276.794919
667.045418 276.794919
669.054781 276.794919
670.059463 276.794919
671.064144 276.794919
672.068826 276.794919
673.073508 276.794919
674.078190 276.794919
675.082871 276.794919
680.106280 276.794919
682.115643 276.794919
683.120325 276.794919
686.134370 276.794919
687.139052 276.794919
688.143733 276.794919
689.148415 276.794919
692.162460 276.794919
693.167142 276.794919
694.171824 276.794919
697.185869 276.794919
698.190550 276.794919
699.195232 276.794919
700.199914 276.794919
701.204595 276.794919
705.223322 276.794919
706.228004 276.794919
707.232686 276.794919
709.242049 276.794919
712.256094 276.794919
715.270139 276.794919
716.274821 276.794919
717.279503 276.794919
718.284184 276.794919
721.298229 276.794919
722.302911 276.794919
724.312275 276.794919
725.316956 276.794919
726.321638 276.794919
729.335683 276.794919
732.349728 276.794919
733.354410 276.794919
734.359092 276.794919
735.363773 276.794919
737.373137 276.794919
738.377818 276.794919
740.387182 276.794919
746.415272 276.794919
748.424635 276.794919
749.429317 276.794919
751.438680 276.794919
752.443362 276.794919
755.457407 276.794919
757.466771 276.794919
758.471452 276.794919
759.476134 276.794919
760.480816 276.794919
761.485497 276.794919
762.490179 276.794919
763.494861 276.794919
764.499543 276.794919
765.504224 276.794919
767.513588 276.794919
768.518269 276.794919
769.522951 276.794919
770.527633 276.794919
771.532314 276.794919
772.536996 276.794919
773.541678 276.794919
776.555723 276.794919
777.560405 276.794919
779.569768 276.794919
780.574450 276.794919
781.579131 276.794919
782.583813 276.794919
784.593177 276.794919
785.597858 276.794919
786.602540 276.794919
786.100199 277.664999
785.597858 278.535079
781.579132 285.495718
780.574450 287.235878
778.565086 290.716197
776.555723 294.196517
775.551041 295.936676
775.048701 296.806756
774.044019 298.546916
773.541678 299.416996
772.536996 301.157156
772.034655 302.027235
771.029974 303.767395
770.025292 305.507555
769.020610 307.247715
768.518270 308.117795
768.015929 308.987875
767.513588 309.857954
767.011247 310.728034
766.508906 311.598114
765.001884 314.208354
763.997202 315.948514
761.987838 319.428833
760.983157 321.168993
758.973793 324.649312
757.466771 327.259552
756.964430 328.129632
756.462089 328.999712
753.950385 333.350111
751.941022 336.830431
749.931658 340.310750
749.429317 341.180830
747.922295 343.791070
747.419954 344.661150
746.917613 345.531229
746.415272 346.401309
745.912931 347.271389
745.410591 348.141469
743.903568 350.751709
743.401227 351.621789
742.898886 352.491868
742.396545 353.361948
741.894205 354.232028
740.889523 355.972188
740.387182 356.842268
739.382500 358.582428
738.377819 360.322587
737.373137 362.062747
736.870796 362.932827
735.866114 364.672987
735.363774 365.543067
734.359092 367.283226
733.856751 368.153306
731.345047 372.503706
728.331002 377.724185
727.828661 378.594265
726.823979 380.334425
726.321638 381.204504
725.819297 382.074584
725.316957 382.944664
723.809934 385.554904
723.307593 386.424984
722.805252 387.295064
722.302912 388.165144
721.298230 389.905303
720.293548 391.645463
718.786526 394.255703
718.284185 395.125783
717.781844 395.995862
717.279503 396.865942
715.270140 400.346262
714.767799 401.216342
714.265458 402.086422
713.763117 402.956501
713.260776 403.826581
712.758435 404.696661
711.753754 406.436821
711.251413 407.306901
710.749072 408.176981
709.744390 409.917140
709.242050 410.787220
708.739709 411.657300
707.735027 413.397460
708.238181 414.268949
708.741336 415.140438
709.747645 416.883416
710.250799 417.754905
710.753954 418.626394
711.257108 419.497883
711.760262 420.369372
712.263417 421.240861
712.766571 422.112350
713.269726 422.983840
713.772880 423.855329
714.276035 424.726818
714.779189 425.598307
715.282343 426.469796
715.785498 427.341285
716.288652 428.212774
716.791807 429.084263
717.294961 429.955752
717.798116 430.827241
718.301270 431.698730
718.804424 432.570219
719.810733 434.313197
720.313888 435.184686
720.817042 436.056175
721.320197 436.927664
721.823351 437.799153
722.326505 438.670642
722.829660 439.542131
723.332814 440.413620
723.835969 441.285110
724.339123 442.156599
724.842278 443.028088
725.345432 443.899577
725.848586 444.771066
726.351741 445.642555
726.854895 446.514044
727.358050 447.385533
727.861204 448.257022
728.364359 449.128511
728.867513 450.000000
731.868980 450.000000
732.869469 450.000000
734.870446 450.000000
736.871424 450.000000
739.872891 450.000000
741.873868 450.000000
742.874357 450.000000
743.874846 450.000000
748.877291 450.000000
753.879735 450.000000
754.880224 450.000000
756.881202 450.000000
757.881691 450.000000
759.882668 450.000000
762.884135 450.000000
764.885113 450.000000
765.885602 450.000000
766.886091 450.000000
768.887068 450.000000
771.888535 450.000000
774.890002 450.000000
775.890490 450.000000
776.890979 450.000000
778.891957 450.000000
780.892935 450.000000
782.893913 450.000000
784.894890 450.000000
787.896357 450.000000
789.897335 450.000000
790.897824 450.000000
791.898313 450.000000
792.898801 450.000000
798.901735 450.000000
801.903201 450.000000
804.904668 450.000000
806.905646 450.000000
809.907112 450.000000
810.907601 450.000000
815.910046 450.000000
816.910535 450.000000
817.911023 450.000000
818.911512 450.000000
825.914935 450.000000
831.917868 450.000000
832.918357 450.000000
835.919823 450.000000
836.920312 450.000000
837.920801 450.000000
838.921290 450.000000
839.921779 450.000000
841.922757 450.000000
844.924223 450.000000
847.925690 450.000000
850.927157 450.000000
851.927645 450.000000
852.928134 450.000000
854.929112 450.000000
855.929601 450.000000
862.933023 450.000000
866.934979 450.000000
867.935468 450.000000
871.937423 450.000000
872.937912 450.000000
879.941334 450.000000
880.941823 450.000000
885.944267 450.000000
889.946223 450.000000
890.946712 450.000000
893.948179 450.000000
894.948667 450.000000
895.949156 450.000000
900.951601 450.000000
903.953067 450.000000
904.953556 450.000000
906.954534 450.000000
907.955023 450.000000
909.956001 450.000000
910.956490 450.000000
915.958934 450.000000
917.959912 450.000000
918.960401 450.000000
920.961378 450.000000
921.961867 450.000000
928.965289 450.000000
929.965778 450.000000
936.969200 450.000000
938.970178 450.000000
940.971156 450.000000
944.973111 450.000000
945.973600 450.000000
946.974089 450.000000
948.975067 450.000000
951.976534 450.000000
953.977511 450.000000
954.978000 450.000000
958.979956 450.000000
961.981422 450.000000
962.981911 450.000000
965.983378 450.000000
971.986311 450.000000
975.988267 450.000000
978.989733 450.000000
979.990222 450.000000
980.990711 450.000000
983.992178 450.000000
984.992667 450.000000
985.993156 450.000000
995.998044 450.000000
996.998533 450.000000
1000.000000 450.000000
1000.000000 452.000000
1000.000000 453.000000
1000.000000 455.000000
1000.000000 457.000000
1000.000000 458.000000
1000.000000 459.000000
1000.000000 464.000000
1000.000000 471.000000
1000.000000 473.000000
1000.000000 474.000000
1000.000000 477.000000
1000.000000 478.000000
1000.000000 479.000000
1000.000000 480.000000
1000.000000 481.000000
1000.000000 482.000000
1000.000000 484.000000
1000.000000 487.000000
1000.000000 488.000000
1000.000000 489.000000
1000.000000 490.000000
1000.000000 491.000000
1000.000000 492.000000
1000.000000 493.000000
1000.000000 494.000000
1000.000000 495.000000
1000.000000 497.000000
1000.000000 498.000000
1000.000000 499.000000
1000.000000 500.000000
1000.000000 501.000000
1000.000000 504.000000
1000.000000 508.000000
1000.000000 509.000000
1000.000000 512.000000
1000.000000 513.000000
1000.000000 514.000000
1000.000000 515.000000
1000.000000 517.000000
1000.000000 518.000000
1000.000000 519.000000
1000.000000 520.000000
1000.000000 521.000000
1000.000000 522.000000
1000.000000 523.000000
1000.000000 524.000000
1000.000000 529.000000
1000.000000 530.000000
1000.000000 531.000000
1000.000000 533.000000
1000.000000 534.000000
1000.000000 535.000000
1000.000000 536.000000
1000.000000 537.000000
1000.000000 539.000000
1000.000000 540.000000
1000.000000 541.000000
1000.000000 542.000000
1000.000000 543.000000
1000.000000 544.000000
1000.000000 545.000000
1000.000000 546.000000
1000.000000 549.000000
1000.000000 550.000000
998.997355 550.000000
992.981486 550.000000
986.965617 550.000000
982.955037 550.000000
981.952393 550.000000
980.949748 550.000000
979.947103 550.000000
975.936523 550.000000
969.920654 550.000000
968.918009 550.000000
963.904785 550.000000
962.902140 550.000000
961.899495 550.000000
960.896851 550.000000
958.891561 550.000000
954.880981 550.000000
953.878337 550.000000
951.873047 550.000000
947.862467 550.000000
945.857178 550.000000
944.854533 550.000000
941.846598 550.000000
940.843953 550.000000
939.841309 550.000000
933.825439 550.000000
929.814860 550.000000
927.809570 550.000000
926.806925 550.000000
924.801636 550.000000
920.791056 550.000000
919.788411 550.000000
905.751383 550.000000
892.717000 550.000000
890.711711 550.000000
889.709066 550.000000
888.706421 550.000000
879.682617 550.000000
878.679972 550.000000
873.666748 550.000000
872.664103 550.000000
866.648234 550.000000
864.642944 550.000000
863.640299 550.000000
862.637655 550.000000
861.635010 550.000000
855.619141 550.000000
851.608561 550.000000
843.587402 550.000000
832.558309 550.000000
831.555664 550.000000
830.553019 550.000000
828.547730 550.000000
827.545085 550.000000
824.537150 550.000000
819.523926 550.000000
817.518636 550.000000
816.515991 550.000000
815.513346 550.000000
813.508057 550.000000
811.502767 550.000000
809.497477 550.000000
806.489543 550.000000
804.484253 550.000000
802.478963 550.000000
795.460449 550.000000
793.455160 550.000000
784.431356 550.000000
780.420776 550.000000
779.418132 550.000000
777.412842 550.000000
776.410197 550.000000
772.399618 550.000000
770.394328 550.000000
764.378459 550.000000
762.373169 550.000000
761.370524 550.000000
758.362590 550.000000
755.354655 550.000000
754.352010 550.000000
751.344076 550.000000
748.336141 550.000000
747.333496 550.000000
746.330851 550.000000
744.325562 550.000000
742.320272 550.000000
739.312337 550.000000
738.309692 550.000000
734.299113 550.000000
728.283244 550.000000
723.270020 550.000000
720.262085 550.000000
718.256795 550.000000
715.248861 550.000000
713.243571 550.000000
709.232992 550.000000
705.222412 550.000000
703.217122 550.000000
702.214478 550.000000
699.206543 550.000000
693.190674 550.000000
692.188029 550.000000
688.177450 550.000000
684.166870 550.000000
682.161580 550.000000
678.151001 550.000000
674.140422 550.000000
670.127805 548.259840
669.625464 547.389760
669.123124 546.519681
668.620783 545.649601
667.113760 543.039361
666.109078 541.299201
665.606738 540.429121
665.104397 539.559042
664.602056 538.688962
661.588011 533.468482
658.071625 527.377923
657.569284 526.507843
655.559921 523.027524
655.057580 522.157444
654.052898 520.417284
653.048216 518.677125
652.545875 517.807045
650.536512 514.326725
650.034171 513.456645
649.531830 512.586565
649.029489 511.716486
648.527149 510.846406
648.024808 509.976326
647.522467 509.106246
647.020126 508.236166
645.513103 505.625926
644.508422 503.885767
643.001399 501.275527
641.996717 499.535367
641.494377 498.665288
640.489695 496.925128
638.982672 494.314888
638.480332 493.444808
637.977991 492.574728
637.475650 491.704649
636.973309 490.834569
636.470968 489.964489
635.466286 488.224329
634.963946 487.354249
634.461605 486.484169
633.959264 485.614089
633.456923 484.744010
632.452241 483.003850
631.447560 481.263690
630.945219 480.393610
630.442878 479.523530
629.438196 477.783371
628.433514 476.043211
627.931174 475.173131
626.424151 472.562891
625.921810 471.692811
624.917128 469.952652
624.414788 469.082572
623.912447 468.212492
621.903083 464.732172
621.400743 463.862093
620.898402 462.992013
620.396061 462.121933
619.893720 461.251853
618.889038 459.511693
618.386697 458.641613
617.884357 457.771534
616.879675 456.031374
614.367971 451.680974
613.865630 450.810895
613.363289 449.940815
612.860948 449.070735
611.353925 446.460495
610.851585 445.590415
609.846903 443.850256
609.344562 442.980176
606.330517 437.759696
605.325835 436.019537
604.823494 435.149457
603.818813 433.409297
602.814131 431.669137
600.302427 427.318738
599.800086 426.448658
598.795404 424.708498
597.790722 422.968339
597.288382 422.098259
596.786041 421.228179
595.279018 418.617939
594.776677 417.747859
594.274336 416.877779
593.771996 416.007700
592.264973 413.397460
592.768127 412.525971
593.271282 411.654482
593.774436 410.782993
594.277591 409.911504
594.780745 409.040015
595.283900 408.168526
595.787054 407.297036
596.290209 406.425547
596.793363 405.554058
597.799672 403.811080
598.302826 402.939591
598.805981 402.068102
599.309135 401.196613
599.812290 400.325124
600.315444 399.453635
600.818599 398.582146
601.321753 397.710657
601.824908 396.839168
602.328062 395.967679
602.831216 395.096190
603.334371 394.224700
603.837525 393.353211
604.340680 392.481722
604.843834 391.610233
605.346989 390.738744
605.850143 389.867255
606.353298 388.995766
606.856452 388.124277
607.359607 387.252788
607.862761 386.381299
608.365915 385.509810
608.869070 384.638321
609.372224 383.766832
610.378533 382.023853
610.881688 381.152364
611.384842 380.280875
611.887997 379.409386
612.391151 378.537897
612.894306 377.666408
613.397460 376.794919
613.397460 376.794919
612.391151 376.794919
611.384842 376.794919
609.372224 376.794919
608.365916 376.794919
607.359607 376.794919
606.353298 376.794919
605.346989 376.794919
604.340680 376.794919
603.334371 376.794919
602.328062 376.794919
601.321753 376.794919
600.315445 376.794919
599.309136 376.794919
598.302827 376.794919
597.296518 376.794919
596.290209 376.794919
595.283900 376.794919
594.277591 376.794919
593.271282 376.794919
591.258665 376.794919
590.252356 376.794919
589.246047 376.794919
588.239738 376.794919
587.233429 376.794919
586.227120 376.794919
585.220811 376.794919
584.214502 376.794919
583.208194 376.794919
582.201885 376.794919
581.195576 376.794919
580.189267 376.794919
579.182958 376.794919
578.176649 376.794919
577.170340 376.794919
576.164031 376.794919
575.157723 376.794919
574.151414 376.794919
573.145105 376.794919
572.138796 376.794919
571.132487 376.794919
571.132487 376.794919
570.629333 375.923430
570.126178 375.051941
569.623024 374.180452
569.119869 373.308963
568.616715 372.437474
568.113560 371.565985
567.610406 370.694496
567.107251 369.823007
566.604097 368.951518
566.100942 368.080029
565.597788 367.208539
565.094634 366.337050
564.591479 365.465561
564.088325 364.594072
563.082016 362.851094
562.578861 361.979605
562.075707 361.108116
561.572552 360.236627
561.069398 359.365138
560.566243 358.493649
560.063089 357.622160
559.559935 356.750671
559.056780 355.879182
558.553626 355.007693
558.050471 354.136204
557.547317 353.264715
557.044162 352.393226
556.541008 351.521737
556.037853 350.650248
555.534699 349.778759
555.031545 348.907269
554.528390 348.035780
554.025236 347.164291
553.522081 346.292802
553.018927 345.421313
552.515772 344.549824
552.012618 343.678335
551.509463 342.806846
551.006309 341.935357
550.503154 341.063868
550.000000 340.192379
550.000000 340.192379
549.496846 341.063868
548.993691 341.935357
547.987382 343.678335
547.484228 344.549824
546.981073 345.421313
546.477919 346.292802
545.974764 347.164291
545.471610 348.035780
544.968455 348.907269
543.962147 350.650248
543.458992 351.521737
542.955838 352.393226
542.452683 353.264715
541.949529 354.136204
541.446374 355.007693
540.943220 355.879182
540.440065 356.750671
539.936911 357.622160
539.433757 358.493649
538.930602 359.365138
538.427448 360.236627
537.924293 361.108116
537.421139 361.979605
536.917984 362.851094
536.414830 363.722583
535.911675 364.594072
535.408521 365.465561
534.905366 366.337050
534.402212 367.208539
533.899058 368.080029
533.395903 368.951518
532.892749 369.823007
532.389594 370.694496
531.886440 371.565985
531.383285 372.437474
530.880131 373.308963
530.376976 374.180452
529.873822 375.051941
528.867513 376.794919
528.867513 376.794919
527.861204 376.794919
525.848586 376.794919
524.842277 376.794919
523.835969 376.794919
522.829660 376.794919
521.823351 376.794919
520.817042 376.794919
518.804424 376.794919
517.798115 376.794919
516.791806 376.794919
515.785498 376.794919
514.779189 376.794919
513.772880 376.794919
512.766571 376.794919
511.760262 376.794919
510.753953 376.794919
509.747644 376.794919
508.741335 376.794919
507.735027 376.794919
506.728718 376.794919
505.722409 376.794919
504.716100 376.794919
503.709791 376.794919
502.703482 376.794919
501.697173 376.794919
500.690864 376.794919
499.684555 376.794919
498.678247 376.794919
497.671938 376.794919
496.665629 376.794919
495.659320 376.794919
494.653011 376.794919
493.646702 376.794919
492.640393 376.794919
491.634084 376.794919
490.627776 376.794919
489.621467 376.794919
488.615158 376.794919
487.608849 376.794919
486.602540 376.794919
486.602540 376.794919
487.105694 377.666408
487.608849 378.537897
488.112003 379.409386
488.615158 380.280875
489.118312 381.152364
489.621467 382.023853
490.124621 382.895342
490.627776 383.766832
492.137239 386.381299
492.640393 387.252788
493.143548 388.124277
493.646702 388.995766
494.149857 389.867255
494.653011 390.738744
495.156166 391.610233
495.659320 392.481722
496.162475 393.353211
496.665629 394.224700
497.168784 395.096190
497.671938 395.967679
498.175092 396.839168
498.678247 397.710657
499.181401 398.582146
499.684556 399.453635
500.187710 400.325124
500.690865 401.196613
501.194019 402.068102
501.697174 402.939591
502.200328 403.811080
502.703482 404.682569
503.206637 405.554058
503.709791 406.425547
504.212946 407.297036
504.716100 408.168526
505.219255 409.040015
505.722409 409.911504
506.225564 410.782993
506.728718 411.654482
507.231873 412.525971
507.735027 413.397460
505.725664 416.877779
503.716300 420.358099
501.204596 424.708498
500.702255 425.578578
499.195232 428.188818
498.190551 429.928978
497.688210 430.799057
496.683528 432.539217
496.181187 433.409297
495.176506 435.149457
494.674165 436.019537
494.171824 436.889617
493.669483 437.759696
493.167142 438.629776
492.664801 439.499856
492.162461 440.369936
491.157779 442.110096
490.655438 442.980176
490.153097 443.850256
489.650756 444.720335
489.148415 445.590415
488.143734 447.330575
487.139052 449.070735
486.636711 449.940815
486.134370 450.810895
485.632029 451.680974
484.627348 453.421134
483.622666 455.161294
482.617984 456.901454
482.115643 457.771534
481.613303 458.641613
481.110962 459.511693
480.608621 460.381773
480.106280 461.251853
479.603939 462.121933
478.599257 463.862093
478.096917 464.732172
477.594576 465.602252
476.087553 468.212492
474.580531 470.822732
473.575849 472.562891
472.068826 475.173131
471.566486 476.043211
470.059463 478.653450
469.557122 479.523530
469.054781 480.393610
468.552440 481.263690
467.547759 483.003850
466.543077 484.744010
465.538395 486.484169
465.036054 487.354249
464.533714 488.224329
464.031373 489.094409
462.524350 491.704649
461.017328 494.314888
460.514987 495.184968
459.510305 496.925128
459.007964 497.795208
457.500942 500.405447
456.998601 501.275527
455.491578 503.885767
452.979874 508.236166
452.477533 509.106246
451.975192 509.976326
451.472851 510.846406
450.970511 511.716486
450.468170 512.586565
449.965829 513.456645
446.449443 519.547204
445.947102 520.417284
445.444761 521.287364
444.942420 522.157444
442.933057 525.637764
441.426034 528.248003
439.919012 530.858243
438.411989 533.468482
437.909648 534.338562
437.407308 535.208642
436.402626 536.948802
435.900285 537.818882
435.397944 538.688962
433.890922 541.299201
433.388581 542.169281
431.881558 544.779521
431.379217 545.649601
430.374536 547.389760
429.872195 548.259840
425.859578 550.000000
422.851644 550.000000
421.848999 550.000000
414.830485 550.000000
413.827840 550.000000
405.806681 550.000000
402.798747 550.000000
400.793457 550.000000
399.790812 550.000000
397.785522 550.000000
394.777588 550.000000
392.772298 550.000000
386.756429 550.000000
383.748494 550.000000
379.737915 550.000000
376.729980 550.000000
374.724691 550.000000
371.716756 550.000000
369.711466 550.000000
367.706177 550.000000
366.703532 550.000000
363.695597 550.000000
361.690308 550.000000
357.679728 550.000000
355.674438 550.000000
354.671794 550.000000
351.663859 550.000000
348.655924 550.000000
338.629476 550.000000
337.626831 550.000000
335.621541 550.000000
334.618896 550.000000
329.605672 550.000000
328.603027 550.000000
326.597738 550.000000
324.592448 550.000000
320.581868 550.000000
318.576579 550.000000
315.568644 550.000000
313.563354 550.000000
307.547485 550.000000
297.521037 550.000000
290.502523 550.000000
284.486654 550.000000
278.470784 550.000000
277.468140 550.000000
272.454915 550.000000
269.446981 550.000000
267.441691 550.000000
261.425822 550.000000
259.420532 550.000000
256.412598 550.000000
252.402018 550.000000
248.391439 550.000000
245.383504 550.000000
236.359701 550.000000
235.357056 550.000000
233.351766 550.000000
232.349121 550.000000
227.335897 550.000000
224.327962 550.000000
222.322673 550.000000
219.314738 550.000000
216.306803 550.000000
215.304159 550.000000
214.301514 550.000000
211.293579 550.000000
210.290934 550.000000
207.283000 550.000000
206.280355 550.000000
203.272420 550.000000
198.259196 550.000000
197.256551 550.000000
196.253906 550.000000
191.240682 550.000000
188.232747 550.000000
187.230103 550.000000
185.224813 550.000000
177.203654 550.000000
175.198364 550.000000
170.185140 550.000000
169.182495 550.000000
162.163981 550.000000
161.161336 550.000000
156.148112 550.000000
155.145467 550.000000
153.140177 550.000000
151.134888 550.000000
148.126953 550.000000
142.111084 550.000000
131.081991 550.000000
129.076701 550.000000
127.071411 550.000000
123.060832 550.000000
112.031738 550.000000
111.029093 550.000000
106.015869 550.000000
101.002645 550.000000
