1420
101.001866 450.000000
102.003732 450.000000
106.011196 450.000000
109.016794 450.000000
115.027990 450.000000
119.035454 450.000000
120.037320 450.000000
121.039186 450.000000
122.041052 450.000000
123.042918 450.000000
124.044784 450.000000
125.046650 450.000000
127.050382 450.000000
130.055980 450.000000
131.057846 450.000000
132.059712 450.000000
133.061578 450.000000
135.065310 450.000000
136.067177 450.000000
138.070909 450.000000
139.072775 450.000000
140.074641 450.000000
141.076507 450.000000
142.078373 450.000000
143.080239 450.000000
144.082105 450.000000
146.085837 450.000000
149.091435 450.000000
151.095167 450.000000
152.097033 450.000000
154.100765 450.000000
155.102631 450.000000
158.108229 450.000000
159.110095 450.000000
161.113827 450.000000
167.125023 450.000000
168.126889 450.000000
169.128755 450.000000
170.130621 450.000000
171.132487 450.000000
171.132487 450.000000
172.137169 448.259840
174.146532 444.779521
177.160577 439.559042
178.165259 437.818882
181.179304 432.598403
181.681645 431.728323
182.183986 430.858243
183.691008 428.248003
184.193349 427.377923
185.198031 425.637764
188.714417 419.547204
192.230803 413.456645
193.235484 411.716486
194.240166 409.976326
196.249529 406.496006
197.254211 404.755847
198.761234 402.145607
200.770597 398.665288
201.272938 397.795208
203.282301 394.314888
204.789324 391.704649
205.291665 390.834569
205.794005 389.964489
207.803369 386.484169
209.812732 383.003850
211.822096 379.523530
212.324436 378.653450
213.831459 376.043211
214.333800 375.173131
214.836141 374.303051
215.840822 372.562891
217.347845 369.952652
220.864231 363.862093
221.366572 362.992013
221.868913 362.121933
223.375935 359.511693
224.380617 357.771534
224.882958 356.901454
227.394662 352.551054
227.897003 351.680974
228.901684 349.940815
230.408707 347.330575
230.911048 346.460495
232.418070 343.850256
232.920411 342.980176
235.432115 338.629776
236.436797 336.889617
238.446161 333.409297
239.953183 330.799057
241.460206 328.188818
241.962546 327.318738
243.469569 324.708498
243.971910 323.838418
244.976592 322.098259
245.478932 321.228179
245.981273 320.358099
248.995318 315.137620
250.000000 313.397460
251.507023 316.007700
254.018727 320.358099
254.521068 321.228179
255.023408 322.098259
255.525749 322.968339
257.032772 325.578578
257.535113 326.448658
259.544476 329.928978
262.056180 334.279377
264.065544 337.759696
266.074907 341.240016
266.577248 342.110096
268.084270 344.720335
270.595975 349.070735
272.102997 351.680974
273.107679 353.421134
274.112361 355.161294
278.633428 362.992013
280.642792 366.472332
282.149814 369.082572
282.652155 369.952652
283.656837 371.692811
284.661518 373.432971
285.163859 374.303051
285.666200 375.173131
288.177904 379.523530
288.680245 380.393610
291.191949 384.744010
291.694290 385.614089
293.201313 388.224329
300.234085 400.405447
302.745789 404.755847
304.755152 408.236166
308.773879 415.196805
309.276220 416.066885
310.280902 417.807045
311.787924 420.417284
314.801969 425.637764
316.308992 428.248003
317.313674 429.988163
319.323037 433.468482
319.825378 434.338562
321.332400 436.948802
321.834741 437.818882
322.337082 438.688962
322.839423 439.559042
323.341764 440.429121
324.346445 442.169281
325.853468 444.779521
326.858150 446.519681
327.862831 448.259840
328.365172 449.129920
328.867513 450.000000
329.873822 450.000000
330.880131 450.000000
331.886440 450.000000
333.899058 450.000000
334.905366 450.000000
335.911675 450.000000
337.924293 450.000000
339.936911 450.000000
340.943220 450.000000
341.949529 450.000000
342.955838 450.000000
344.968455 450.000000
345.974764 450.000000
346.981073 450.000000
347.987382 450.000000
348.993691 450.000000
350.000000 450.000000
351.006309 450.000000
352.012618 450.000000
353.018927 450.000000
355.031545 450.000000
356.037853 450.000000
357.044162 450.000000
358.050471 450.000000
359.056780 450.000000
360.063089 450.000000
361.069398 450.000000
362.075707 450.000000
363.082016 450.000000
364.088325 450.000000
367.107251 450.000000
369.119869 450.000000
370.126178 450.000000
371.132487 450.000000
371.635641 449.128511
372.138796 448.257022
372.641950 447.385533
373.145105 446.514044
373.648259 445.642555
374.151414 444.771066
374.654568 443.899577
375.157722 443.028088
376.667186 440.413620
377.673495 438.670642
378.176649 437.799153
378.679803 436.927664
379.182958 436.056175
379.686112 435.184686
380.189267 434.313197
380.692421 433.441708
381.195576 432.570219
381.698730 431.698730
382.201884 430.827241
382.705039 429.955752
383.711348 428.212774
384.214502 427.341285
384.717657 426.469796
385.723965 424.726818
386.227120 423.855329
387.736583 421.240861
388.239738 420.369372
388.742892 419.497883
389.246046 418.626394
390.252355 416.883416
390.755510 416.011927
391.258664 415.140438
391.761819 414.268949
391.762632 412.527380
388.246246 406.436821
386.739224 403.826581
385.734542 402.086422
382.720497 396.865942
381.715815 395.125783
380.711134 393.385623
379.706452 391.645463
377.697088 388.165144
375.687725 384.684824
374.180703 382.074584
373.678362 381.204504
372.171339 378.594265
370.664317 375.984025
369.157294 373.373786
368.152612 371.633626
367.147931 369.893466
366.645590 369.023386
364.133886 364.672987
363.129204 362.932827
361.622181 360.322587
359.612818 356.842268
358.608136 355.102108
355.594091 349.881629
352.580046 344.661150
351.073024 342.050910
349.566001 339.440670
348.561319 337.700511
346.551956 334.220191
345.547274 332.480031
344.542593 330.739871
343.537911 328.999712
343.035570 328.129632
340.523866 323.779232
337.509821 318.558753
331.984071 308.987875
329.974708 305.507555
328.467685 302.897315
327.463004 301.157156
326.458322 299.416996
325.453640 297.676836
324.448959 295.936676
323.946618 295.066596
322.941936 293.326437
322.439595 292.456357
321.434914 290.716197
319.927891 288.105957
317.416187 283.755558
316.411505 282.015398
315.909164 281.145318
315.406823 280.275239
314.402142 278.535079
318.420869 276.794919
322.439595 276.794919
327.463004 276.794919
329.472367 276.794919
330.477049 276.794919
335.500457 276.794919
337.509821 276.794919
338.514503 276.794919
339.519184 276.794919
352.580046 276.794919
359.612818 276.794919
361.622182 276.794919
362.626863 276.794919
367.650272 276.794919
368.654954 276.794919
372.673680 276.794919
374.683044 276.794919
376.692407 276.794919
377.697089 276.794919
379.706452 276.794919
383.725179 276.794919
385.734542 276.794919
386.739224 276.794919
388.748588 276.794919
389.753269 276.794919
390.757951 276.794919
394.776678 276.794919
395.781359 276.794919
400.804768 276.794919
402.814131 276.794919
405.828176 276.794919
411.856267 276.794919
413.865630 276.794919
415.874993 276.794919
417.884357 276.794919
419.893720 276.794919
426.926492 276.794919
427.931174 276.794919
434.963946 276.794919
439.987354 276.794919
441.996718 276.794919
444.006081 276.794919
447.020126 276.794919
452.043535 276.794919
454.052898 276.794919
458.071625 276.794919
459.076307 276.794919
461.085670 276.794919
463.095033 276.794919
464.099715 276.794919
470.127805 276.794919
471.634828 275.924839
472.137169 275.054759
472.639510 274.184679
473.141850 273.314600
473.644191 272.444520
474.146532 271.574440
477.662918 265.483881
478.165259 264.613801
479.169941 262.873641
480.174622 261.133481
482.686326 256.783082
483.188667 255.913002
483.691008 255.042922
484.193349 254.172842
485.198031 252.432683
486.202712 250.692523
487.207394 248.952363
487.709735 248.082283
489.719098 244.601964
491.226121 241.991724
494.742507 235.901165
495.747189 234.161005
496.751870 232.420845
497.756552 230.680686
498.258893 229.810606
499.263574 228.070446
499.765915 227.200366
506.798687 215.019248
507.803369 213.279088
508.305710 212.409008
509.310391 210.668849
511.822096 206.318449
512.826777 204.578290
513.831459 202.838130
515.338482 200.227890
516.845504 197.617651
517.347845 196.747571
518.352527 195.007411
520.864231 190.657012
521.868913 188.916852
522.873594 187.176692
523.878276 185.436532
526.389980 181.086133
526.892321 180.216053
527.394662 179.345973
527.897003 178.475893
528.399344 177.605814
528.901684 176.735734
529.404025 175.865654
529.906366 174.995574
530.408707 174.125494
533.925093 168.034935
538.446161 160.204216
539.953183 157.593976
542.464887 153.243577
543.971910 150.633337
544.474251 149.763258
545.981273 147.153018
547.488296 144.542778
547.990637 143.672698
548.492977 142.802619
552.009363 143.672698
553.014045 145.412858
553.516386 146.282938
556.530431 151.503417
557.032772 152.373497
558.539794 154.983737
559.042135 155.853817
559.544476 156.723897
560.549158 158.464056
561.553839 160.204216
562.056180 161.074296
563.060862 162.814456
563.563203 163.684536
564.065544 164.554615
565.070225 166.294775
568.586611 172.385334
569.088952 173.255414
570.093634 174.995574
573.107679 180.216053
577.126406 187.176692
579.135769 190.657012
580.642792 193.267251
582.652155 196.747571
583.656837 198.487730
585.666200 201.968050
586.168541 202.838130
587.173223 204.578290
587.675564 205.448369
588.177904 206.318449
591.191949 211.538929
592.196631 213.279088
593.201313 215.019248
598.224721 223.720047
600.234085 227.200366
601.741107 229.810606
604.252811 234.161005
605.257493 235.901165
609.778561 243.731884
610.280902 244.601964
611.285583 246.342123
611.787924 247.212203
613.294947 249.822443
614.299628 251.562603
615.304310 253.302762
615.806651 254.172842
616.308992 255.042922
619.825378 261.133481
621.834741 264.613801
622.839423 266.353961
623.341764 267.224040
625.351127 270.704360
626.355809 272.444520
627.360490 274.184679
630.876876 276.794919
631.881558 276.794919
633.890922 276.794919
640.923693 276.794919
642.933057 276.794919
643.937739 276.794919
644.942420 276.794919
647.956465 276.794919
650.970510 276.794919
666.040736 276.794919
667.045418 276.794919
671.064144 276.794919
674.078190 276.794919
679.101598 276.794919
683.120325 276.794919
686.134370 276.794919
687.139052 276.794919
688.143733 276.794919
691.157778 276.794919
696.181187 276.794919
697.185869 276.794919
698.190550 276.794919
699.195232 276.794919
700.199914 276.794919
702.209277 276.794919
708.237367 276.794919
711.251412 276.794919
715.270139 276.794919
716.274821 276.794919
719.288866 276.794919
722.302911 276.794919
731.345046 276.794919
733.354410 276.794919
734.359092 276.794919
736.368455 276.794919
739.382500 276.794919
740.387182 276.794919
743.401227 276.794919
744.405909 276.794919
748.424635 276.794919
749.429317 276.794919
751.438680 276.794919
755.457407 276.794919
757.466771 276.794919
761.485497 276.794919
769.522951 276.794919
770.527633 276.794919
779.569768 276.794919
783.588495 276.794919
786.602540 276.794919
786.100199 277.664999
782.583813 283.755558
780.072109 288.105957
778.062746 291.586277
777.560405 292.456357
776.555723 294.196517
776.053382 295.066596
775.551041 295.936676
775.048701 296.806756
774.546360 297.676836
774.044019 298.546916
773.039337 300.287076
771.532315 302.897315
771.029974 303.767395
767.513588 309.857954
766.508906 311.598114
765.001884 314.208354
764.499543 315.078434
761.987838 319.428833
760.480816 322.039073
759.476134 323.779232
758.471453 325.519392
756.462089 328.999712
753.448044 334.220191
752.443362 335.960351
750.433999 339.440670
748.926976 342.050910
742.898886 352.491868
741.894205 354.232028
741.391864 355.102108
740.387182 356.842268
739.884841 357.712348
738.377819 360.322587
737.373137 362.062747
735.866114 364.672987
733.856751 368.153306
733.354410 369.023386
731.847388 371.633626
730.842706 373.373786
729.335683 375.984025
728.833343 376.854105
726.823979 380.334425
722.302912 388.165144
721.298230 389.905303
720.795889 390.775383
720.293548 391.645463
719.791207 392.515543
717.781844 395.995862
716.777162 397.736022
714.265458 402.086422
712.758435 404.696661
709.744390 409.917140
708.739709 411.657300
708.741336 415.140438
709.747645 416.883416
710.250799 417.754905
710.753954 418.626394
711.257108 419.497883
711.760262 420.369372
712.766571 422.112350
713.772880 423.855329
714.276035 424.726818
714.779189 425.598307
715.282343 426.469796
715.785498 427.341285
716.288652 428.212774
716.791807 429.084263
717.294961 429.955752
717.798116 430.827241
718.301270 431.698730
718.804424 432.570219
719.307579 433.441708
719.810733 434.313197
722.829660 439.542131
724.339123 442.156599
724.842278 443.028088
725.848586 444.771066
726.351741 445.642555
726.854895 446.514044
727.358050 447.385533
727.861204 448.257022
728.867513 450.000000
728.867513 450.000000
730.880131 450.000000
731.886440 450.000000
732.892749 450.000000
734.905366 450.000000
735.911675 450.000000
736.917984 450.000000
737.924293 450.000000
738.930602 450.000000
739.936911 450.000000
740.943220 450.000000
743.962147 450.000000
745.974764 450.000000
746.981073 450.000000
747.987382 450.000000
748.993691 450.000000
750.000000 450.000000
751.006309 450.000000
752.012618 450.000000
753.018927 450.000000
754.025236 450.000000
755.031545 450.000000
756.037853 450.000000
757.044162 450.000000
759.056780 450.000000
760.063089 450.000000
763.082016 450.000000
764.088325 450.000000
766.100942 450.000000
767.107251 450.000000
768.113560 450.000000
771.132487 450.000000
772.639510 447.389760
773.644191 445.649601
775.151214 443.039361
776.155895 441.299201
778.165259 437.818882
778.667600 436.948802
784.695690 426.507843
786.705053 423.027524
787.207394 422.157444
788.212076 420.417284
788.714417 419.547204
789.719098 417.807045
790.723780 416.066885
791.226121 415.196805
792.230803 413.456645
793.737825 410.846406
794.240166 409.976326
794.742507 409.106246
797.756552 403.885767
798.258893 403.015687
799.765915 400.405447
801.775279 396.925128
802.277620 396.055048
802.779960 395.184968
803.784642 393.444808
804.789324 391.704649
808.305710 385.614089
809.812732 383.003850
810.817414 381.263690
811.319755 380.393610
813.831459 376.043211
816.845504 370.822732
817.850186 369.082572
818.352527 368.212492
819.859549 365.602252
821.868913 362.121933
823.878276 358.641613
824.380617 357.771534
825.385298 356.031374
826.892321 353.421134
828.399344 350.810895
830.408707 347.330575
831.413389 345.590415
833.925093 341.240016
835.934456 337.759696
836.939138 336.019537
839.450842 331.669137
839.953183 330.799057
840.455524 329.928978
842.464887 326.448658
843.971910 323.838418
845.478932 321.228179
846.483614 319.488019
846.985955 318.617939
847.488296 317.747859
850.000000 313.397460
850.000000 313.397460
851.004682 315.137620
851.507023 316.007700
854.018727 320.358099
855.023408 322.098259
856.028090 323.838418
856.530431 324.708498
857.535113 326.448658
866.577248 342.110096
867.581930 343.850256
868.586611 345.590415
869.591293 347.330575
870.093634 348.200655
871.098316 349.940815
872.102997 351.680974
872.605338 352.551054
874.112361 355.161294
874.614702 356.031374
877.126406 360.381773
877.628747 361.251853
878.131087 362.121933
878.633428 362.992013
886.168541 376.043211
887.173223 377.783371
887.675564 378.653450
888.177904 379.523530
890.187268 383.003850
890.689609 383.873930
894.708335 390.834569
898.224721 396.925128
900.736426 401.275527
902.243448 403.885767
903.248130 405.625926
904.755152 408.236166
905.257493 409.106246
905.759834 409.976326
906.262175 410.846406
908.773879 415.196805
912.290265 421.287364
913.294947 423.027524
915.806651 427.377923
918.820696 432.598403
919.825378 434.338562
920.830059 436.078722
921.332400 436.948802
923.341764 440.429121
923.844105 441.299201
925.853468 444.779521
926.355809 445.649601
927.862831 448.259840
928.365172 449.129920
928.867513 450.000000
929.869379 450.000000
931.873111 450.000000
933.876843 450.000000
935.880575 450.000000
936.882441 450.000000
937.884307 450.000000
938.886173 450.000000
939.888039 450.000000
942.893637 450.000000
943.895503 450.000000
944.897369 450.000000
945.899235 450.000000
948.904833 450.000000
949.906699 450.000000
950.908565 450.000000
951.910431 450.000000
954.916029 450.000000
956.919761 450.000000
957.921627 450.000000
959.925359 450.000000
961.929091 450.000000
962.930957 450.000000
963.932823 450.000000
964.934690 450.000000
965.936556 450.000000
966.938422 450.000000
967.940288 450.000000
968.942154 450.000000
969.944020 450.000000
972.949618 450.000000
973.951484 450.000000
974.953350 450.000000
975.955216 450.000000
978.960814 450.000000
979.962680 450.000000
981.966412 450.000000
986.975742 450.000000
987.977608 450.000000
989.981340 450.000000
990.983206 450.000000
991.985072 450.000000
992.986938 450.000000
993.988804 450.000000
994.990670 450.000000
996.994402 450.000000
997.996268 450.000000
1000.000000 450.000000
1000.000000 451.000000
1000.000000 453.000000
1000.000000 457.000000
1000.000000 459.000000
1000.000000 462.000000
1000.000000 468.000000
1000.000000 471.000000
1000.000000 472.000000
1000.000000 477.000000
1000.000000 478.000000
1000.000000 480.000000
1000.000000 481.000000
1000.000000 483.000000
1000.000000 487.000000
1000.000000 489.000000
1000.000000 494.000000
1000.000000 495.000000
1000.000000 496.000000
1000.000000 499.000000
1000.000000 503.000000
1000.000000 505.000000
1000.000000 507.000000
1000.000000 509.000000
1000.000000 510.000000
1000.000000 512.000000
1000.000000 513.000000
1000.000000 515.000000
1000.000000 516.000000
1000.000000 520.000000
1000.000000 521.000000
1000.000000 522.000000
1000.000000 524.000000
1000.000000 525.000000
1000.000000 527.000000
1000.000000 533.000000
1000.000000 534.000000
1000.000000 535.000000
1000.000000 536.000000
1000.000000 538.000000
1000.000000 540.000000
1000.000000 541.000000
1000.000000 544.000000
1000.000000 545.000000
1000.000000 546.000000
1000.000000 547.000000
1000.000000 550.000000
998.993223 550.000000
997.986445 550.000000
996.979668 550.000000
995.972890 550.000000
994.966113 550.000000
991.945780 550.000000
989.932226 550.000000
985.905116 550.000000
984.898338 550.000000
982.884783 550.000000
981.878006 550.000000
976.844119 550.000000
972.817009 550.000000
969.796677 550.000000
965.769567 550.000000
962.749235 550.000000
957.715347 550.000000
956.708570 550.000000
955.701792 550.000000
946.640795 550.000000
942.613686 550.000000
940.600131 550.000000
938.586576 550.000000
933.552689 550.000000
931.539134 550.000000
929.525579 550.000000
928.518801 550.000000
927.512024 550.000000
923.484914 550.000000
920.464582 550.000000
917.444249 550.000000
915.430695 550.000000
913.417140 550.000000
911.403585 550.000000
910.396807 550.000000
909.390030 550.000000
908.383252 550.000000
903.349365 550.000000
902.342588 550.000000
901.335810 550.000000
896.301923 550.000000
892.274813 550.000000
885.227371 550.000000
884.220594 550.000000
879.186707 550.000000
872.139264 550.000000
870.629333 549.128511
870.126178 548.257022
868.113560 544.771066
867.610406 543.899577
867.107251 543.028088
866.604097 542.156599
866.100942 541.285110
865.597788 540.413620
865.094634 539.542131
863.082016 536.056175
862.578861 535.184686
862.075707 534.313197
861.572552 533.441708
861.069398 532.570219
860.566243 531.698730
860.063089 530.827241
859.559935 529.955752
859.056780 529.084263
858.553626 528.212774
858.050471 527.341285
856.037853 523.855329
855.534699 522.983840
855.031545 522.112350
854.025236 520.369372
853.018927 518.626394
852.012618 516.883416
851.509463 516.011927
851.006309 515.140438
850.503154 514.268949
850.000000 513.397460
850.000000 513.397460
848.993691 515.140438
848.490537 516.011927
847.987382 516.883416
846.981073 518.626394
846.477919 519.497883
845.471610 521.240861
844.968455 522.112350
843.962147 523.855329
843.458992 524.726818
842.955838 525.598307
842.452683 526.469796
840.943220 529.084263
840.440065 529.955752
839.936911 530.827241
839.433757 531.698730
838.930602 532.570219
838.427448 533.441708
837.924293 534.313197
837.421139 535.184686
836.917984 536.056175
835.911675 537.799153
835.408521 538.670642
834.905366 539.542131
833.899058 541.285110
833.395903 542.156599
832.892749 543.028088
832.389594 543.899577
831.886440 544.771066
830.880131 546.514044
830.376976 547.385533
829.873822 548.257022
829.370667 549.128511
828.867513 550.000000
828.867513 550.000000
825.853468 550.000000
824.848786 550.000000
822.839423 550.000000
820.830059 550.000000
818.820696 550.000000
817.816014 550.000000
816.811333 550.000000
814.801969 550.000000
808.773879 550.000000
807.769197 550.000000
805.759834 550.000000
804.755152 550.000000
798.727062 550.000000
797.722380 550.000000
795.713017 550.000000
794.708335 550.000000
790.689609 550.000000
786.670882 550.000000
783.656837 550.000000
777.628747 550.000000
774.614702 550.000000
773.610020 550.000000
772.605338 550.000000
771.600656 550.000000
770.595975 550.000000
765.572566 550.000000
760.549158 550.000000
759.544476 550.000000
755.525749 550.000000
748.492977 550.000000
745.478932 550.000000
743.469569 550.000000
737.441479 550.000000
736.436797 550.000000
730.408707 550.000000
725.385298 550.000000
724.380617 550.000000
723.375935 550.000000
722.371253 550.000000
719.357208 550.000000
716.343163 550.000000
703.282301 550.000000
692.230803 550.000000
690.221439 550.000000
689.216757 550.000000
688.212076 550.000000
687.207394 550.000000
683.188667 550.000000
676.155895 550.000000
674.146532 550.000000
671.132487 550.000000
670.127805 548.259840
668.620783 545.649601
665.606738 540.429121
665.104397 539.559042
664.099715 537.818882
663.095033 536.078722
662.592692 535.208642
660.080988 530.858243
659.076307 529.118083
658.573966 528.248003
658.071625 527.377923
656.062261 523.897604
655.559921 523.027524
655.057580 522.157444
653.550557 519.547204
649.531830 512.586565
649.029489 511.716486
648.527149 510.846406
645.513103 505.625926
643.001399 501.275527
640.992036 497.795208
636.973309 490.834569
636.470968 489.964489
635.466286 488.224329
629.438196 477.783371
627.931174 475.173131
627.428833 474.303051
626.926492 473.432971
625.921810 471.692811
623.912447 468.212492
622.405424 465.602252
621.903083 464.732172
618.386697 458.641613
617.884357 457.771534
615.874993 454.291214
612.860948 449.070735
611.353925 446.460495
608.842221 442.110096
608.339880 441.240016
607.837539 440.369936
604.823494 435.149457
601.307108 429.058898
600.302427 427.318738
599.800086 426.448658
599.297745 425.578578
598.293063 423.838418
592.767314 414.267540
592.264973 413.397460
592.768127 412.525971
593.271282 411.654482
593.774436 410.782993
594.277591 409.911504
594.780745 409.040015
595.283900 408.168526
596.290209 406.425547
597.296518 404.682569
597.799672 403.811080
598.805981 402.068102
599.309135 401.196613
599.812290 400.325124
600.818599 398.582146
601.321753 397.710657
601.824908 396.839168
602.328062 395.967679
603.837525 393.353211
604.340680 392.481722
604.843834 391.610233
605.346989 390.738744
606.353298 388.995766
607.862761 386.381299
608.365915 385.509810
608.869070 384.638321
609.372224 383.766832
609.875379 382.895342
610.881688 381.152364
611.384842 380.280875
612.391151 378.537897
612.894306 377.666408
613.397460 376.794919
613.397460 376.794919
611.384842 376.794919
608.365916 376.794919
606.353298 376.794919
605.346989 376.794919
604.340680 376.794919
603.334371 376.794919
602.328062 376.794919
601.321753 376.794919
600.315445 376.794919
599.309136 376.794919
597.296518 376.794919
595.283900 376.794919
594.277591 376.794919
593.271282 376.794919
592.264973 376.794919
591.258665 376.794919
590.252356 376.794919
589.246047 376.794919
587.233429 376.794919
584.214502 376.794919
583.208194 376.794919
582.201885 376.794919
581.195576 376.794919
580.189267 376.794919
579.182958 376.794919
578.176649 376.794919
577.170340 376.794919
576.164031 376.794919
575.157723 376.794919
574.151414 376.794919
573.145105 376.794919
572.138796 376.794919
571.132487 376.794919
571.132487 376.794919
570.629333 375.923430
570.126178 375.051941
569.623024 374.180452
569.119869 373.308963
568.616715 372.437474
568.113560 371.565985
567.610406 370.694496
567.107251 369.823007
566.604097 368.951518
565.597788 367.208539
564.088325 364.594072
563.585170 363.722583
563.082016 362.851094
562.578861 361.979605
562.075707 361.108116
560.566243 358.493649
560.063089 357.622160
559.056780 355.879182
558.553626 355.007693
558.050471 354.136204
557.044162 352.393226
556.541008 351.521737
556.037853 350.650248
555.534699 349.778759
555.031545 348.907269
554.025236 347.164291
553.522081 346.292802
552.012618 343.678335
551.509463 342.806846
551.006309 341.935357
550.503154 341.063868
550.000000 340.192379
550.000000 340.192379
549.496846 341.063868
548.993691 341.935357
548.490537 342.806846
547.484228 344.549824
546.981073 345.421313
546.477919 346.292802
545.974764 347.164291
545.471610 348.035780
544.465301 349.778759
543.962147 350.650248
543.458992 351.521737
542.955838 352.393226
541.446374 355.007693
540.440065 356.750671
539.936911 357.622160
538.930602 359.365138
537.924293 361.108116
536.917984 362.851094
536.414830 363.722583
535.911675 364.594072
535.408521 365.465561
534.905366 366.337050
534.402212 367.208539
533.899058 368.080029
533.395903 368.951518
532.892749 369.823007
531.886440 371.565985
531.383285 372.437474
530.376976 374.180452
529.370667 375.923430
528.867513 376.794919
528.867513 376.794919
526.854895 376.794919
522.829660 376.794919
521.823351 376.794919
520.817042 376.794919
519.810733 376.794919
518.804424 376.794919
517.798115 376.794919
516.791806 376.794919
515.785498 376.794919
514.779189 376.794919
513.772880 376.794919
511.760262 376.794919
510.753953 376.794919
509.747644 376.794919
508.741335 376.794919
507.735027 376.794919
505.722409 376.794919
504.716100 376.794919
503.709791 376.794919
502.703482 376.794919
501.697173 376.794919
500.690864 376.794919
499.684555 376.794919
497.671938 376.794919
495.659320 376.794919
494.653011 376.794919
493.646702 376.794919
492.640393 376.794919
491.634084 376.794919
490.627776 376.794919
489.621467 376.794919
487.608849 376.794919
487.105694 377.666408
487.608849 378.537897
488.112003 379.409386
488.615158 380.280875
489.118312 381.152364
489.621467 382.023853
490.124621 382.895342
490.627776 383.766832
491.634085 385.509810
492.137239 386.381299
492.640393 387.252788
493.143548 388.124277
493.646702 388.995766
494.149857 389.867255
495.156166 391.610233
496.162475 393.353211
496.665629 394.224700
497.168784 395.096190
498.175092 396.839168
499.181401 398.582146
499.684556 399.453635
500.187710 400.325124
500.690865 401.196613
501.697174 402.939591
502.703482 404.682569
503.206637 405.554058
503.709791 406.425547
504.212946 407.297036
504.716100 408.168526
505.219255 409.040015
505.722409 409.911504
507.231873 412.525971
507.735027 413.397460
506.730345 415.137620
506.228004 416.007700
505.725664 416.877779
504.720982 418.617939
499.195232 428.188818
498.190551 429.928978
497.688210 430.799057
494.171824 436.889617
491.660120 441.240016
490.153097 443.850256
489.148415 445.590415
486.636711 449.940815
482.617984 456.901454
482.115643 457.771534
478.599257 463.862093
476.589894 467.342412
475.585212 469.082572
473.575849 472.562891
473.073508 473.432971
472.571167 474.303051
472.068826 475.173131
467.547759 483.003850
464.031373 489.094409
463.026691 490.834569
460.514987 495.184968
456.998601 501.275527
456.496260 502.145607
455.491578 503.885767
454.989237 504.755847
453.984556 506.496006
453.482215 507.366086
451.975192 509.976326
448.458806 516.066885
445.947102 520.417284
444.440079 523.027524
443.937739 523.897604
438.914330 532.598403
437.909648 534.338562
437.407308 535.208642
436.402626 536.948802
435.900285 537.818882
435.397944 538.688962
434.393262 540.429121
433.890922 541.299201
432.886240 543.039361
431.379217 545.649601
430.876876 546.519681
419.825378 550.000000
414.801969 550.000000
413.797288 550.000000
409.778561 550.000000
406.764516 550.000000
404.755152 550.000000
403.750471 550.000000
402.745789 550.000000
401.741107 550.000000
400.736426 550.000000
398.727062 550.000000
395.713017 550.000000
392.698972 550.000000
389.684927 550.000000
388.680245 550.000000
387.675564 550.000000
386.670882 550.000000
384.661518 550.000000
379.638110 550.000000
378.633428 550.000000
371.600656 550.000000
365.572566 550.000000
363.563203 550.000000
361.553839 550.000000
350.502341 550.000000
348.492977 550.000000
346.483614 550.000000
344.474251 550.000000
340.455524 550.000000
332.418070 550.000000
325.385298 550.000000
324.380617 550.000000
314.333800 550.000000
306.296346 550.000000
304.286983 550.000000
298.258893 550.000000
294.240166 550.000000
292.230803 550.000000
291.226121 550.000000
290.221439 550.000000
287.207394 550.000000
286.202712 550.000000
284.193349 550.000000
279.169941 550.000000
278.165259 550.000000
276.155895 550.000000
275.151214 550.000000
273.141850 550.000000
272.137169 550.000000
271.132487 550.000000
271.132487 550.000000
270.629333 549.128511
269.623024 547.385533
269.119869 546.514044
268.616715 545.642555
267.610406 543.899577
267.107251 543.028088
266.604097 542.156599
266.100942 541.285110
264.591479 538.670642
264.088325 537.799153
263.585170 536.927664
263.082016 536.056175
262.075707 534.313197
261.572552 533.441708
261.069398 532.570219
260.566244 531.698730
260.063089 530.827241
259.559935 529.955752
259.056780 529.084263
258.050471 527.341285
257.547317 526.469796
257.044162 525.598307
256.541008 524.726818
256.037853 523.855329
255.534699 522.983840
255.031545 522.112350
254.025236 520.369372
253.522081 519.497883
252.515772 517.754905
252.012618 516.883416
251.006309 515.140438
250.503154 514.268949
250.000000 513.397460
250.000000 513.397460
248.993691 515.140438
247.987382 516.883416
247.484228 517.754905
246.981073 518.626394
246.477919 519.497883
245.974764 520.369372
244.968455 522.112350
244.465301 522.983840
243.962147 523.855329
243.458992 524.726818
242.955838 525.598307
242.452683 526.469796
241.949529 527.341285
241.446374 528.212774
240.943220 529.084263
240.440065 529.955752
239.433757 531.698730
238.427448 533.441708
237.924293 534.313197
235.911675 537.799153
235.408521 538.670642
234.905366 539.542131
234.402212 540.413620
233.899058 541.285110
233.395903 542.156599
232.892749 543.028088
230.376976 547.385533
229.873822 548.257022
229.370667 549.128511
228.867513 550.000000
227.860736 550.000000
221.820071 550.000000
219.806516 550.000000
217.792961 550.000000
215.779406 550.000000
213.765851 550.000000
212.759074 550.000000
207.725187 550.000000
206.718409 550.000000
205.711632 550.000000
204.704854 550.000000
201.684522 550.000000
196.650635 550.000000
195.643857 550.000000
191.616748 550.000000
184.569305 550.000000
175.508308 550.000000
173.494754 550.000000
171.481199 550.000000
162.420202 550.000000
161.413424 550.000000
158.393092 550.000000
157.386314 550.000000
156.379537 550.000000
154.365982 550.000000
150.338872 550.000000
148.325317 550.000000
146.311762 550.000000
144.298208 550.000000
140.271098 550.000000
139.264320 550.000000
134.230433 550.000000
133.223656 550.000000
132.216878 550.000000
130.203323 550.000000
129.196546 550.000000
128.189768 550.000000
125.169436 550.000000
122.149104 550.000000
121.142326 550.000000
116.108439 550.000000
113.088107 550.000000
111.074552 550.000000
109.060997 550.000000
107.047442 550.000000
106.040665 550.000000
105.033887 550.000000
104.027110 550.000000
102.013555 550.000000
101.006777 550.000000
100.000000 550.000000
