1330
101.000489 450.000000
104.001956 450.000000
105.002444 450.000000
106.002933 450.000000
109.004400 450.000000
110.004889 450.000000
111.005378 450.000000
113.006355 450.000000
114.006844 450.000000
116.007822 450.000000
119.009289 450.000000
124.011733 450.000000
127.013200 450.000000
128.013689 450.000000
129.014178 450.000000
130.014666 450.000000
131.015155 450.000000
132.015644 450.000000
134.016622 450.000000
135.017111 450.000000
138.018577 450.000000
140.019555 450.000000
141.020044 450.000000
142.020533 450.000000
143.021022 450.000000
145.022000 450.000000
147.022977 450.000000
149.023955 450.000000
153.025911 450.000000
154.026400 450.000000
155.026888 450.000000
156.027377 450.000000
159.028844 450.000000
160.029333 450.000000
163.030799 450.000000
164.031288 450.000000
170.034222 450.000000
171.034710 450.000000
174.036177 450.000000
178.038133 450.000000
179.038622 450.000000
180.039110 450.000000
181.039599 450.000000
183.040577 450.000000
184.041066 450.000000
185.041555 450.000000
187.042533 450.000000
188.043021 450.000000
189.043510 450.000000
191.044488 450.000000
192.044977 450.000000
193.045466 450.000000
195.046444 450.000000
196.046933 450.000000
198.047910 450.000000
199.048399 450.000000
200.048888 450.000000
201.049377 450.000000
203.050355 450.000000
205.051332 450.000000
206.051821 450.000000
209.053288 450.000000
211.054266 450.000000
213.055243 450.000000
214.055732 450.000000
215.056221 450.000000
217.057199 450.000000
219.058177 450.000000
224.060621 450.000000
225.061110 450.000000
228.062577 450.000000
229.063066 450.000000
232.064532 450.000000
235.065999 450.000000
236.066488 450.000000
239.067954 450.000000
240.068443 450.000000
242.069421 450.000000
243.069910 450.000000
244.070399 450.000000
245.070888 450.000000
246.071377 450.000000
249.072843 450.000000
250.073332 450.000000
251.073821 450.000000
252.074310 450.000000
253.074799 450.000000
256.076265 450.000000
257.076754 450.000000
258.077243 450.000000
259.077732 450.000000
260.078221 450.000000
261.078710 450.000000
266.081154 450.000000
267.081643 450.000000
268.082132 450.000000
272.084087 450.000000
273.084576 450.000000
276.086043 450.000000
277.086532 450.000000
278.087021 450.000000
282.088976 450.000000
283.089465 450.000000
284.089954 450.000000
285.090443 450.000000
287.091421 450.000000
289.092398 450.000000
291.093376 450.000000
292.093865 450.000000
293.094354 450.000000
298.096798 450.000000
299.097287 450.000000
300.097776 450.000000
302.098754 450.000000
303.099243 450.000000
304.099732 450.000000
306.100709 450.000000
307.101198 450.000000
309.102176 450.000000
310.102665 450.000000
311.103154 450.000000
314.104620 450.000000
316.105598 450.000000
317.106087 450.000000
320.107554 450.000000
321.108043 450.000000
322.108531 450.000000
323.109020 450.000000
324.109509 450.000000
325.109998 450.000000
326.110487 450.000000
327.110976 450.000000
328.111465 450.000000
332.113420 450.000000
334.114398 450.000000
336.115376 450.000000
340.117331 450.000000
341.117820 450.000000
344.119287 450.000000
345.119776 450.000000
347.120753 450.000000
348.121242 450.000000
350.122220 450.000000
351.122709 450.000000
354.124176 450.000000
355.124664 450.000000
356.125153 450.000000
357.125642 450.000000
358.126131 450.000000
364.129064 450.000000
365.129553 450.000000
366.130042 450.000000
370.131998 450.000000
371.132487 450.000000
372.134545 448.264383
373.136604 446.528766
374.639693 443.925341
376.643810 440.454107
377.144840 439.586298
377.645869 438.718490
378.146899 437.850682
381.153076 432.643831
381.654105 431.776022
383.157193 429.172597
383.658223 428.304788
384.660282 426.569172
385.161311 425.701363
386.163370 423.965746
387.666458 421.362321
389.670576 417.891087
390.672635 416.155470
391.674694 414.419853
392.676753 412.684236
393.678812 410.948619
394.179841 410.080811
396.183959 406.609577
397.186018 404.873960
398.188077 403.138343
400.192195 399.667109
402.196312 396.195875
405.202489 390.989025
405.703519 390.121216
406.204548 389.253408
406.705577 388.385599
408.208666 385.782174
409.711754 383.178748
410.713813 381.443131
411.715872 379.707515
412.717931 377.971898
413.218960 377.104089
413.719990 376.236281
415.223078 373.632855
416.225137 371.897238
417.728225 369.293813
418.730284 367.558196
419.231314 366.690388
420.734402 364.086962
421.736461 362.351345
422.237490 361.483537
423.239549 359.747920
423.740579 358.880111
427.748814 351.937644
428.249844 351.069835
428.750873 350.202027
429.251903 349.334218
430.754991 346.730793
431.256020 345.862984
431.757050 344.995176
433.761168 341.523942
434.262197 340.656134
434.763227 339.788325
435.264256 338.920517
435.765286 338.052708
436.767344 336.317091
439.773521 331.110241
440.274551 330.242432
441.276609 328.506815
441.777639 327.639007
442.779698 325.903390
443.280727 325.035581
443.781757 324.167773
444.282786 323.299964
445.284845 321.564348
449.293081 314.621880
450.796169 312.018454
452.800287 308.547221
453.301316 307.679412
453.802346 306.811604
454.804405 305.075987
455.305434 304.208178
455.806464 303.340370
458.812640 298.133519
459.313670 297.265711
459.814699 296.397902
460.315729 295.530094
461.317787 293.794477
462.319846 292.058860
463.822935 289.455434
464.323964 288.587626
467.330141 283.380775
467.831170 282.512967
468.332200 281.645158
468.833229 280.777350
469.835288 279.041733
470.837347 277.306116
472.841465 273.834882
473.342494 272.967074
473.843524 272.099265
474.344553 271.231457
475.847641 268.628031
476.849700 266.892414
477.350730 266.024606
479.354848 262.553372
480.857936 259.949947
481.358965 259.082138
482.361024 257.346521
483.363083 255.610904
484.365142 253.875287
485.868230 251.271862
487.872348 247.800628
488.373378 246.932820
488.874407 246.065011
489.876466 244.329394
490.377496 243.461586
491.379554 241.725969
491.880584 240.858161
492.381613 239.990352
492.882643 239.122544
494.385731 236.519118
495.387790 234.783501
496.389849 233.047884
497.391908 231.312267
499.396026 227.841034
500.398085 226.105417
500.899114 225.237608
501.400143 224.369800
501.901173 223.501991
502.402202 222.634183
502.903232 221.766374
503.404261 220.898566
505.408379 217.427332
506.410438 215.691715
507.913526 213.088290
508.414556 212.220481
510.418673 208.749247
511.420732 207.013630
511.921762 206.145822
512.422791 205.278014
513.424850 203.542397
513.925880 202.674588
514.426909 201.806780
515.929997 199.203354
516.431027 198.335546
517.433086 196.599929
517.934115 195.732120
518.936174 193.996504
519.938233 192.260887
520.940292 190.525270
521.942351 188.789653
522.443380 187.921844
522.944410 187.054036
524.447498 184.450610
524.948528 183.582802
525.449557 182.714994
525.950586 181.847185
526.451616 180.979377
527.453675 179.243760
528.455734 177.508143
529.958822 174.904717
530.960881 173.169100
531.962940 171.433484
533.466028 168.830058
533.967058 167.962250
535.971175 164.491016
536.973234 162.755399
537.975293 161.019782
539.478382 158.416357
539.979411 157.548548
540.480440 156.680740
540.981470 155.812931
541.983529 154.077314
542.985588 152.341697
543.486617 151.473889
543.987647 150.606080
544.488676 149.738272
546.492794 146.267038
546.993823 145.399230
547.995882 143.663613
548.496912 142.795804
549.498971 141.060187
550.000000 140.192379
550.000000 140.192379
554.509265 148.002655
555.010294 148.870463
556.513383 151.473889
558.016471 154.077314
561.523677 160.151974
562.525736 161.887590
564.529854 165.358824
565.030883 166.226633
568.538090 172.301292
569.540149 174.036909
570.041178 174.904717
570.542207 175.772526
571.043237 176.640334
571.544266 177.508143
572.045296 178.375951
572.546325 179.243760
574.049414 181.847185
574.550443 182.714994
576.554561 186.186227
578.057649 188.789653
578.558679 189.657461
579.560738 191.393078
580.562796 193.128695
581.063826 193.996504
582.065885 195.732120
582.566914 196.599929
584.070003 199.203354
587.577209 205.278014
588.078238 206.145822
590.583385 210.484864
591.084415 211.352673
591.585444 212.220481
592.086474 213.088290
594.090592 216.559524
594.591621 217.427332
595.092650 218.295140
596.094709 220.030757
596.595739 220.898566
597.096768 221.766374
597.597798 222.634183
598.098827 223.501991
598.599857 224.369800
599.100886 225.237608
600.102945 226.973225
600.603974 227.841034
601.105004 228.708842
602.107063 230.444459
603.109122 232.180076
604.612210 234.783501
605.614269 236.519118
608.620446 241.725969
610.123534 244.329394
610.624563 245.197203
611.125593 246.065011
612.127652 247.800628
612.628681 248.668437
615.133828 253.007479
616.636917 255.610904
617.638976 257.346521
618.140005 258.214330
618.641035 259.082138
619.643093 260.817755
620.645152 262.553372
621.146182 263.421181
622.649270 266.024606
623.150300 266.892414
625.655447 271.231457
626.156476 272.099265
626.657506 272.967074
627.659565 274.702691
628.661624 276.438307
629.162653 277.306116
629.663682 278.173924
630.164712 279.041733
631.667800 281.645158
632.168830 282.512967
634.673977 286.852009
635.676036 288.587626
636.177065 289.455434
636.678095 290.323243
639.183242 294.662285
639.684271 295.530094
641.187360 298.133519
643.692507 302.472561
646.197654 306.811604
646.698684 307.679412
647.199713 308.547221
648.201772 310.282838
648.702802 311.150646
650.205890 313.754071
652.210008 317.225305
653.212067 318.960922
654.214125 320.696539
654.715155 321.564348
655.216184 322.432156
655.717214 323.299964
658.222361 327.639007
658.723391 328.506815
659.224420 329.374624
660.226479 331.110241
664.735744 338.920517
665.737803 340.656134
666.739862 342.391751
669.245009 346.730793
670.247068 348.466410
670.748097 349.334218
673.754274 354.541069
674.255303 355.408878
674.756333 356.276686
675.758392 358.012303
676.760451 359.747920
677.261480 360.615728
678.263539 362.351345
679.265598 364.086962
681.269716 367.558196
681.770745 368.426005
684.776922 373.632855
685.277951 374.500664
686.781040 377.104089
687.282069 377.971898
689.286187 381.443131
689.787216 382.310940
691.290305 384.914365
693.294423 388.385599
694.797511 390.989025
696.300599 393.592450
696.801629 394.460258
697.803688 396.195875
698.304717 397.063684
698.805746 397.931492
699.306776 398.799301
700.308835 400.534918
701.310894 402.270535
701.811923 403.138343
702.813982 404.873960
706.321188 410.948619
706.822218 411.816428
708.826335 415.287661
709.327365 416.155470
710.329424 417.891087
710.830453 418.758895
711.331483 419.626704
713.335601 423.097938
713.836630 423.965746
714.337659 424.833555
714.838689 425.701363
716.842807 429.172597
717.343836 430.040405
718.345895 431.776022
719.848983 434.379448
720.851042 436.115065
721.853101 437.850682
722.354131 438.718490
722.855160 439.586298
724.358248 442.189724
725.861337 444.793149
726.863396 446.528766
728.366484 449.132192
728.867513 450.000000
731.868980 450.000000
732.869469 450.000000
733.869958 450.000000
740.873380 450.000000
743.874847 450.000000
744.875336 450.000000
745.875824 450.000000
748.877291 450.000000
749.877780 450.000000
752.879247 450.000000
754.880224 450.000000
755.880713 450.000000
757.881691 450.000000
760.883158 450.000000
762.884135 450.000000
763.884624 450.000000
764.885113 450.000000
766.886091 450.000000
768.887069 450.000000
769.887558 450.000000
771.888535 450.000000
774.890002 450.000000
775.890491 450.000000
778.891957 450.000000
779.892446 450.000000
783.894402 450.000000
784.894891 450.000000
785.895380 450.000000
787.896357 450.000000
790.897824 450.000000
792.898802 450.000000
794.899780 450.000000
796.900757 450.000000
797.901246 450.000000
798.901735 450.000000
800.902713 450.000000
801.903202 450.000000
808.906624 450.000000
809.907113 450.000000
811.908091 450.000000
812.908579 450.000000
813.909068 450.000000
814.909557 450.000000
815.910046 450.000000
816.910535 450.000000
820.912490 450.000000
821.912979 450.000000
822.913468 450.000000
823.913957 450.000000
825.914935 450.000000
830.917379 450.000000
831.917868 450.000000
833.918846 450.000000
834.919335 450.000000
835.919824 450.000000
836.920313 450.000000
839.921779 450.000000
840.922268 450.000000
841.922757 450.000000
842.923246 450.000000
843.923735 450.000000
844.924224 450.000000
845.924712 450.000000
846.925201 450.000000
847.925690 450.000000
850.927157 450.000000
851.927646 450.000000
853.928623 450.000000
854.929112 450.000000
855.929601 450.000000
856.930090 450.000000
859.931557 450.000000
860.932046 450.000000
861.932535 450.000000
864.934001 450.000000
865.934490 450.000000
866.934979 450.000000
867.935468 450.000000
868.935957 450.000000
869.936446 450.000000
870.936934 450.000000
873.938401 450.000000
874.938890 450.000000
875.939379 450.000000
876.939868 450.000000
877.940357 450.000000
881.942312 450.000000
884.943779 450.000000
886.944757 450.000000
887.945245 450.000000
888.945734 450.000000
890.946712 450.000000
891.947201 450.000000
892.947690 450.000000
894.948668 450.000000
897.950134 450.000000
898.950623 450.000000
899.951112 450.000000
900.951601 450.000000
901.952090 450.000000
903.953067 450.000000
904.953556 450.000000
906.954534 450.000000
907.955023 450.000000
910.956490 450.000000
912.957467 450.000000
913.957956 450.000000
914.958445 450.000000
915.958934 450.000000
916.959423 450.000000
919.960890 450.000000
922.962356 450.000000
924.963334 450.000000
925.963823 450.000000
926.964312 450.000000
927.964801 450.000000
930.966267 450.000000
932.967245 450.000000
934.968223 450.000000
936.969201 450.000000
940.971156 450.000000
945.973600 450.000000
946.974089 450.000000
948.975067 450.000000
950.976045 450.000000
951.976534 450.000000
952.977023 450.000000
953.977512 450.000000
955.978489 450.000000
956.978978 450.000000
959.980445 450.000000
963.982400 450.000000
964.982889 450.000000
965.983378 450.000000
966.983867 450.000000
967.984356 450.000000
969.985334 450.000000
972.986800 450.000000
973.987289 450.000000
975.988267 450.000000
976.988756 450.000000
978.989734 450.000000
979.990222 450.000000
981.991200 450.000000
983.992178 450.000000
985.993156 450.000000
986.993645 450.000000
990.995600 450.000000
991.996089 450.000000
992.996578 450.000000
994.997556 450.000000
995.998044 450.000000
1000.000000 451.000000
1000.000000 452.000000
1000.000000 453.000000
1000.000000 454.000000
1000.000000 456.000000
1000.000000 457.000000
1000.000000 458.000000
1000.000000 460.000000
1000.000000 461.000000
1000.000000 462.000000
1000.000000 463.000000
1000.000000 464.000000
1000.000000 465.000000
1000.000000 466.000000
1000.000000 467.000000
1000.000000 468.000000
1000.000000 469.000000
1000.000000 470.000000
1000.000000 471.000000
1000.000000 473.000000
1000.000000 475.000000
1000.000000 477.000000
1000.000000 478.000000
1000.000000 479.000000
1000.000000 480.000000
1000.000000 481.000000
1000.000000 482.000000
1000.000000 483.000000
1000.000000 485.000000
1000.000000 486.000000
1000.000000 487.000000
1000.000000 488.000000
1000.000000 489.000000
1000.000000 490.000000
1000.000000 491.000000
1000.000000 492.000000
1000.000000 493.000000
1000.000000 495.000000
1000.000000 496.000000
1000.000000 498.000000
1000.000000 499.000000
1000.000000 500.000000
1000.000000 501.000000
1000.000000 502.000000
1000.000000 503.000000
1000.000000 504.000000
1000.000000 505.000000
1000.000000 506.000000
1000.000000 507.000000
1000.000000 509.000000
1000.000000 510.000000
1000.000000 512.000000
1000.000000 513.000000
1000.000000 514.000000
1000.000000 515.000000
1000.000000 516.000000
1000.000000 518.000000
1000.000000 519.000000
1000.000000 520.000000
1000.000000 521.000000
1000.000000 522.000000
1000.000000 523.000000
1000.000000 524.000000
1000.000000 525.000000
1000.000000 526.000000
1000.000000 528.000000
1000.000000 529.000000
1000.000000 530.000000
1000.000000 531.000000
1000.000000 532.000000
1000.000000 533.000000
1000.000000 534.000000
1000.000000 535.000000
1000.000000 536.000000
1000.000000 537.000000
1000.000000 538.000000
1000.000000 539.000000
1000.000000 540.000000
1000.000000 541.000000
1000.000000 543.000000
1000.000000 544.000000
1000.000000 545.000000
1000.000000 546.000000
1000.000000 547.000000
1000.000000 548.000000
1000.000000 549.000000
1000.000000 550.000000
995.989421 550.000000
993.984131 550.000000
992.981486 550.000000
989.973551 550.000000
986.965617 550.000000
985.962972 550.000000
978.944458 550.000000
976.939168 550.000000
975.936523 550.000000
974.933879 550.000000
973.931234 550.000000
972.928589 550.000000
971.925944 550.000000
969.920654 550.000000
967.915365 550.000000
966.912720 550.000000
964.907430 550.000000
961.899495 550.000000
960.896851 550.000000
959.894206 550.000000
958.891561 550.000000
957.888916 550.000000
955.883626 550.000000
954.880981 550.000000
953.878337 550.000000
952.875692 550.000000
950.870402 550.000000
949.867757 550.000000
948.865112 550.000000
947.862467 550.000000
944.854533 550.000000
942.849243 550.000000
941.846598 550.000000
940.843953 550.000000
936.833374 550.000000
930.817505 550.000000
929.814860 550.000000
928.812215 550.000000
927.809570 550.000000
926.806925 550.000000
925.804280 550.000000
924.801636 550.000000
923.798991 550.000000
922.796346 550.000000
920.791056 550.000000
919.788411 550.000000
918.785766 550.000000
916.780477 550.000000
914.775187 550.000000
911.767252 550.000000
910.764608 550.000000
909.761963 550.000000
905.751383 550.000000
901.740804 550.000000
896.727580 550.000000
895.724935 550.000000
894.722290 550.000000
890.711710 550.000000
889.709066 550.000000
887.703776 550.000000
884.695841 550.000000
880.685262 550.000000
879.682617 550.000000
878.679972 550.000000
877.677327 550.000000
875.672038 550.000000
874.669393 550.000000
870.658813 550.000000
866.648234 550.000000
864.642944 550.000000
863.640299 550.000000
860.632365 550.000000
859.629720 550.000000
858.627075 550.000000
856.621785 550.000000
855.619140 550.000000
854.616496 550.000000
852.611206 550.000000
851.608561 550.000000
850.605916 550.000000
849.603271 550.000000
847.597982 550.000000
843.587402 550.000000
842.584757 550.000000
841.582112 550.000000
839.576823 550.000000
836.568888 550.000000
835.566243 550.000000
825.539795 550.000000
821.529215 550.000000
820.526570 550.000000
817.518636 550.000000
814.510701 550.000000
811.502767 550.000000
809.497477 550.000000
806.489542 550.000000
805.486898 550.000000
804.484253 550.000000
803.481608 550.000000
801.476318 550.000000
800.473673 550.000000
798.468384 550.000000
797.465739 550.000000
795.460449 550.000000
789.444580 550.000000
788.441935 550.000000
787.439290 550.000000
786.436645 550.000000
784.431356 550.000000
783.428711 550.000000
782.426066 550.000000
779.418131 550.000000
777.412841 550.000000
776.410197 550.000000
775.407552 550.000000
773.402262 550.000000
772.399617 550.000000
768.389038 550.000000
767.386393 550.000000
764.378458 550.000000
756.357299 550.000000
755.354655 550.000000
753.349365 550.000000
749.338785 550.000000
748.336141 550.000000
746.330851 550.000000
739.312337 550.000000
738.309692 550.000000
736.304402 550.000000
735.301757 550.000000
734.299113 550.000000
730.288533 550.000000
729.285888 550.000000
727.280599 550.000000
726.277954 550.000000
724.272664 550.000000
722.267374 550.000000
721.264729 550.000000
720.262085 550.000000
719.259440 550.000000
718.256795 550.000000
717.254150 550.000000
714.246215 550.000000
712.240926 550.000000
711.238281 550.000000
710.235636 550.000000
708.230346 550.000000
706.225057 550.000000
705.222412 550.000000
704.219767 550.000000
702.214477 550.000000
700.209187 550.000000
698.203898 550.000000
697.201253 550.000000
696.198608 550.000000
695.195963 550.000000
694.193318 550.000000
693.190673 550.000000
688.177449 550.000000
683.164225 550.000000
681.158935 550.000000
679.153645 550.000000
678.151001 550.000000
677.148356 550.000000
675.143066 550.000000
674.140421 550.000000
673.137776 550.000000
670.631939 549.133026
670.131392 548.266053
669.630844 547.399079
669.130297 546.532105
668.629749 545.665132
667.628654 543.931185
666.127012 541.330264
665.125917 539.596316
664.625369 538.729343
664.124822 537.862369
662.623180 535.261448
662.122632 534.394474
661.622085 533.527501
661.121537 532.660527
659.119347 529.192633
658.618800 528.325659
657.617705 526.591712
655.615515 523.123817
655.114968 522.256843
654.614420 521.389870
652.612230 517.921975
652.111683 517.055002
649.108398 511.853160
647.106208 508.385265
646.605661 507.518292
646.105113 506.651318
645.104018 504.917371
644.603471 504.050397
644.102923 503.183423
643.602376 502.316450
643.101828 501.449476
642.100734 499.715529
640.599091 497.114608
639.597996 495.380661
638.596901 493.646713
637.595806 491.912766
636.094164 489.311845
635.093069 487.577898
634.091974 485.843951
632.590332 483.243030
631.088689 480.642109
630.588142 479.775135
630.087594 478.908161
629.587047 478.041188
628.085405 475.440267
627.584857 474.573293
627.084310 473.706320
626.583762 472.839346
625.582667 471.105399
625.082120 470.238425
624.581572 469.371451
623.580477 467.637504
623.079930 466.770530
620.577193 462.435662
620.076645 461.568689
619.576098 460.701715
619.075550 459.834741
618.074455 458.100794
617.073360 456.366847
616.572813 455.499873
616.072265 454.632899
615.071170 452.898952
614.570623 452.031979
613.569528 450.298031
613.068981 449.431058
612.568433 448.564084
612.067886 447.697110
611.567338 446.830137
611.066791 445.963163
610.566243 445.096189
610.065696 444.229216
608.564053 441.628295
608.063506 440.761321
607.562958 439.894348
606.561864 438.160400
606.061316 437.293427
604.559674 434.692506
604.059126 433.825532
603.058031 432.091585
602.557484 431.224611
602.056936 430.357638
601.055841 428.623690
598.553104 424.288822
598.052557 423.421848
597.552009 422.554875
597.051462 421.687901
596.550914 420.820927
596.050367 419.953954
594.048177 416.486059
592.546535 413.885138
592.045987 413.018165
591.044892 411.284217
590.043797 409.550270
589.543250 408.683297
589.042702 407.816323
588.542155 406.949349
587.541060 405.215402
584.537775 400.013560
583.036133 397.412639
582.535585 396.545666
581.033943 393.944745
580.533395 393.077771
580.032848 392.210797
579.031753 390.476850
578.531206 389.609876
577.530111 387.875929
577.029563 387.008955
576.529016 386.141982
574.526826 382.674087
574.026278 381.807114
572.524636 379.206193
572.024088 378.339219
571.022994 376.605272
570.522446 375.738298
569.521351 374.004351
568.520256 372.270404
568.019709 371.403430
565.516971 367.068562
564.015329 364.467641
563.514782 363.600667
562.013139 360.999746
561.012044 359.265799
560.511497 358.398825
559.510402 356.664878
559.009854 355.797904
558.509307 354.930931
558.008759 354.063957
557.508212 353.196983
555.506022 349.729089
555.005475 348.862115
554.504927 347.995142
553.503832 346.261194
553.003285 345.394221
552.502737 344.527247
552.002190 343.660273
551.501642 342.793300
551.001095 341.926326
549.499453 341.059353
547.997810 343.660273
546.996715 345.394221
546.496168 346.261194
545.495073 347.995142
544.994525 348.862115
544.493978 349.729089
543.492883 351.463036
542.992335 352.330010
542.491788 353.196983
541.490693 354.930931
539.989051 357.531852
539.488503 358.398825
538.987956 359.265799
538.487408 360.132773
537.986861 360.999746
537.486313 361.866720
536.985766 362.733694
536.485218 363.600667
535.984671 364.467641
534.983576 366.201588
534.483029 367.068562
533.982481 367.935535
532.981386 369.669483
532.480839 370.536456
531.479744 372.270404
530.979196 373.137377
530.478649 374.004351
529.477554 375.738298
528.977006 376.605272
526.974817 380.073166
526.474269 380.940140
525.473174 382.674087
524.972627 383.541061
524.472079 384.408035
523.971532 385.275008
522.970437 387.008955
521.969342 388.742903
521.468794 389.609876
520.968247 390.476850
519.967152 392.210797
519.466605 393.077771
517.964962 395.678692
517.464415 396.545666
516.963867 397.412639
516.463320 398.279613
515.962772 399.146586
515.462225 400.013560
514.961677 400.880534
513.960583 402.614481
513.460035 403.481455
511.958393 406.082376
511.457845 406.949349
510.957298 407.816323
510.456750 408.683297
509.455655 410.417244
508.454560 412.151191
507.954013 413.018165
506.952918 414.752112
506.452371 415.619086
505.451276 417.353033
502.948538 421.687901
502.447991 422.554875
501.947443 423.421848
501.446896 424.288822
500.946348 425.155796
500.445801 426.022769
499.945253 426.889743
499.444706 427.756717
498.443611 429.490664
497.442516 431.224611
496.941969 432.091585
496.441421 432.958558
495.940874 433.825532
495.440326 434.692506
494.939779 435.559479
491.936494 440.761321
491.435947 441.628295
490.935399 442.495269
490.434852 443.362242
489.433757 445.096189
488.933209 445.963163
487.431567 448.564084
485.929924 451.165005
484.428282 453.765926
483.427187 455.499873
482.926640 456.366847
481.925545 458.100794
480.423902 460.701715
479.923355 461.568689
477.921165 465.036583
473.916785 471.972372
472.415143 474.573293
470.412953 478.041188
468.911311 480.642109
467.409668 483.243030
465.407478 486.710924
464.406383 488.444871
463.905836 489.311845
463.405289 490.178819
462.904741 491.045792
461.903646 492.779740
460.902551 494.513687
460.402004 495.380661
459.901456 496.247634
457.899266 499.715529
456.898172 501.449476
455.897077 503.183423
455.396529 504.050397
454.895982 504.917371
454.395434 505.784344
453.894887 506.651318
453.394339 507.518292
452.893792 508.385265
452.393244 509.252239
451.392149 510.986186
450.891602 511.853160
450.391054 512.720133
449.389960 514.454081
448.388865 516.188028
447.888317 517.055002
446.887222 518.788949
444.885032 522.256843
444.384485 523.123817
443.883937 523.990791
442.882842 525.724738
442.382295 526.591712
441.881748 527.458685
441.381200 528.325659
440.380105 530.059606
438.377915 533.527501
437.877368 534.394474
436.876273 536.128422
433.872988 541.330264
433.372441 542.197237
432.871893 543.064211
432.371346 543.931185
430.869703 546.532105
430.369156 547.399079
429.868608 548.266053
429.368061 549.133026
428.867513 550.000000
428.867513 550.000000
427.864869 550.000000
426.862224 550.000000
424.856934 550.000000
423.854289 550.000000
420.846355 550.000000
419.843710 550.000000
418.841065 550.000000
417.838420 550.000000
413.827841 550.000000
411.822551 550.000000
410.819906 550.000000
409.817261 550.000000
406.809327 550.000000
405.806682 550.000000
403.801392 550.000000
396.782878 550.000000
395.780233 550.000000
393.774943 550.000000
391.769654 550.000000
390.767009 550.000000
389.764364 550.000000
387.759074 550.000000
383.748495 550.000000
381.743205 550.000000
377.732626 550.000000
374.724691 550.000000
372.719401 550.000000
370.714112 550.000000
368.708822 550.000000
367.706177 550.000000
362.692953 550.000000
358.682373 550.000000
354.671794 550.000000
350.661215 550.000000
349.658570 550.000000
344.645345 550.000000
342.640056 550.000000
341.637411 550.000000
340.634766 550.000000
339.632121 550.000000
338.629476 550.000000
331.610962 550.000000
328.603028 550.000000
327.600383 550.000000
326.597738 550.000000
324.592448 550.000000
323.589803 550.000000
314.566000 550.000000
312.560710 550.000000
311.558065 550.000000
310.555420 550.000000
309.552775 550.000000
308.550130 550.000000
307.547486 550.000000
306.544841 550.000000
303.536906 550.000000
302.534261 550.000000
298.523682 550.000000
297.521037 550.000000
296.518392 550.000000
295.515747 550.000000
291.505168 550.000000
289.499878 550.000000
277.468140 550.000000
275.462850 550.000000
271.452271 550.000000
270.449626 550.000000
269.446981 550.000000
264.433757 550.000000
261.425822 550.000000
260.423177 550.000000
258.417888 550.000000
254.407308 550.000000
253.404663 550.000000
251.399374 550.000000
250.396729 550.000000
249.394084 550.000000
246.386149 550.000000
244.380860 550.000000
243.378215 550.000000
242.375570 550.000000
241.372925 550.000000
240.370280 550.000000
238.364990 550.000000
237.362346 550.000000
234.354411 550.000000
232.349121 550.000000
227.335897 550.000000
226.333252 550.000000
225.330607 550.000000
223.325318 550.000000
215.304159 550.000000
213.298869 550.000000
212.296224 550.000000
207.283000 550.000000
203.272420 550.000000
202.269776 550.000000
201.267131 550.000000
200.264486 550.000000
199.261841 550.000000
198.259196 550.000000
195.251262 550.000000
192.243327 550.000000
190.238037 550.000000
188.232748 550.000000
186.227458 550.000000
184.222168 550.000000
183.219523 550.000000
181.214234 550.000000
180.211589 550.000000
178.206299 550.000000
176.201009 550.000000
175.198364 550.000000
174.195720 550.000000
173.193075 550.000000
172.190430 550.000000
170.185140 550.000000
169.182495 550.000000
167.177205 550.000000
166.174561 550.000000
165.171916 550.000000
164.169271 550.000000
163.166626 550.000000
161.161336 550.000000
155.145467 550.000000
151.134888 550.000000
149.129598 550.000000
148.126953 550.000000
147.124308 550.000000
146.121663 550.000000
141.108439 550.000000
140.105794 550.000000
136.095215 550.000000
132.084635 550.000000
131.081991 550.000000
130.079346 550.000000
126.068766 550.000000
125.066121 550.000000
121.055542 550.000000
120.052897 550.000000
119.050252 550.000000
118.047607 550.000000
117.044963 550.000000
116.042318 550.000000
115.039673 550.000000
112.031738 550.000000
111.029093 550.000000
108.021159 550.000000
107.018514 550.000000
104.010579 550.000000
102.005290 550.000000
101.002645 550.000000
100.000000 550.000000
