1970
100.000000 450.000000
101.001866 450.000000
102.003732 450.000000
103.005598 450.000000
105.009330 450.000000
106.011196 450.000000
107.013062 450.000000
108.014928 450.000000
109.016794 450.000000
110.018660 450.000000
111.020526 450.000000
112.022392 450.000000
114.026124 450.000000
115.027990 450.000000
116.029856 450.000000
117.031722 450.000000
118.033588 450.000000
119.035454 450.000000
120.037320 450.000000
121.039186 450.000000
123.042918 450.000000
126.048516 450.000000
127.050382 450.000000
128.052248 450.000000
129.054114 450.000000
130.055980 450.000000
131.057846 450.000000
133.061578 450.000000
134.063444 450.000000
135.065310 450.000000
136.067177 450.000000
137.069043 450.000000
138.070909 450.000000
139.072775 450.000000
141.076507 450.000000
142.078373 450.000000
143.080239 450.000000
144.082105 450.000000
145.083971 450.000000
147.087703 450.000000
148.089569 450.000000
150.093301 450.000000
151.095167 450.000000
152.097033 450.000000
153.098899 450.000000
154.100765 450.000000
155.102631 450.000000
156.104497 450.000000
157.106363 450.000000
158.108229 450.000000
159.110095 450.000000
160.111961 450.000000
161.113827 450.000000
162.115693 450.000000
164.119425 450.000000
165.121291 450.000000
166.123157 450.000000
167.125023 450.000000
168.126889 450.000000
170.130621 450.000000
171.132487 450.000000
172.137169 448.259840
172.639510 447.389760
173.141850 446.519681
174.146532 444.779521
175.151214 443.039361
175.653555 442.169281
176.155895 441.299201
178.165259 437.818882
178.667600 436.948802
180.174622 434.338562
180.676963 433.468482
182.183986 430.858243
183.188667 429.118083
184.193349 427.377923
185.198031 425.637764
186.202712 423.897604
186.705053 423.027524
187.709735 421.287364
188.212076 420.417284
188.714417 419.547204
191.728462 414.326725
192.230803 413.456645
193.235484 411.716486
193.737825 410.846406
194.240166 409.976326
194.742507 409.106246
197.254211 404.755847
198.258893 403.015687
199.263574 401.275527
200.770597 398.665288
202.277620 396.055048
202.779960 395.184968
203.784642 393.444808
204.789324 391.704649
205.291665 390.834569
207.803369 386.484169
209.812732 383.003850
211.319755 380.393610
211.822096 379.523530
212.324436 378.653450
212.826777 377.783371
213.831459 376.043211
215.338482 373.432971
215.840822 372.562891
216.845504 370.822732
217.347845 369.952652
218.854867 367.342412
219.357208 366.472332
219.859549 365.602252
220.864231 363.862093
221.366572 362.992013
222.873594 360.381773
223.375935 359.511693
224.380617 357.771534
224.882958 356.901454
225.887639 355.161294
226.389980 354.291214
226.892321 353.421134
227.394662 352.551054
229.404025 349.070735
230.408707 347.330575
231.915730 344.720335
232.920411 342.980176
233.422752 342.110096
234.929775 339.499856
235.934456 337.759696
236.436797 336.889617
237.441479 335.149457
238.446161 333.409297
239.953183 330.799057
240.957865 329.058898
241.460206 328.188818
245.478932 321.228179
246.483614 319.488019
248.492977 316.007700
248.995318 315.137620
249.497659 314.267540
250.000000 313.397460
251.004682 315.137620
252.009363 316.877779
252.511704 317.747859
253.014045 318.617939
253.516386 319.488019
255.023408 322.098259
256.028090 323.838418
256.530431 324.708498
257.535113 326.448658
258.539794 328.188818
259.042135 329.058898
259.544476 329.928978
260.549158 331.669137
261.051499 332.539217
261.553839 333.409297
262.558521 335.149457
263.060862 336.019537
265.070225 339.499856
267.581930 343.850256
268.084270 344.720335
269.088952 346.460495
269.591293 347.330575
270.093634 348.200655
270.595975 349.070735
271.600656 350.810895
272.102997 351.680974
273.107679 353.421134
273.610020 354.291214
275.117042 356.901454
277.126406 360.381773
277.628747 361.251853
278.633428 362.992013
279.135769 363.862093
280.642792 366.472332
283.656837 371.692811
285.163859 374.303051
286.168541 376.043211
286.670882 376.913291
287.675564 378.653450
288.177904 379.523530
288.680245 380.393610
289.182586 381.263690
289.684927 382.133770
292.196631 386.484169
293.703654 389.094409
294.708335 390.834569
295.713017 392.574728
296.717699 394.314888
299.731744 399.535367
300.234085 400.405447
301.741107 403.015687
302.745789 404.755847
303.248130 405.625926
303.750471 406.496006
305.257493 409.106246
305.759834 409.976326
306.764516 411.716486
307.769197 413.456645
308.773879 415.196805
310.783243 418.677125
311.285583 419.547204
312.792606 422.157444
313.294947 423.027524
314.801969 425.637764
316.308992 428.248003
317.313674 429.988163
319.825378 434.338562
322.337082 438.688962
323.844105 441.299201
324.848786 443.039361
325.351127 443.909441
325.853468 444.779521
327.862831 448.259840
328.867513 450.000000
330.880131 450.000000
331.886440 450.000000
332.892749 450.000000
333.899058 450.000000
334.905366 450.000000
335.911675 450.000000
336.917984 450.000000
337.924293 450.000000
339.936911 450.000000
340.943220 450.000000
341.949529 450.000000
342.955838 450.000000
344.968455 450.000000
345.974764 450.000000
346.981073 450.000000
347.987382 450.000000
350.000000 450.000000
351.006309 450.000000
352.012618 450.000000
353.018927 450.000000
354.025236 450.000000
355.031545 450.000000
357.044162 450.000000
358.050471 450.000000
359.056780 450.000000
360.063089 450.000000
361.069398 450.000000
362.075707 450.000000
363.082016 450.000000
364.088325 450.000000
365.094634 450.000000
366.100942 450.000000
367.107251 450.000000
368.113560 450.000000
369.119869 450.000000
370.126178 450.000000
371.132487 450.000000
371.132487 450.000000
371.635641 449.128511
372.138796 448.257022
372.641950 447.385533
373.145105 446.514044
373.648259 445.642555
374.151414 444.771066
374.654568 443.899577
375.157722 443.028088
375.660877 442.156599
376.164031 441.285110
376.667186 440.413620
377.170340 439.542131
377.673495 438.670642
378.176649 437.799153
378.679803 436.927664
379.686112 435.184686
380.692421 433.441708
381.698730 431.698730
382.201884 430.827241
382.705039 429.955752
383.208193 429.084263
383.711348 428.212774
384.214502 427.341285
384.717657 426.469796
385.220811 425.598307
385.723965 424.726818
386.227120 423.855329
386.730274 422.983840
387.233429 422.112350
387.736583 421.240861
388.239738 420.369372
388.742892 419.497883
389.246046 418.626394
389.749201 417.754905
390.252355 416.883416
390.755510 416.011927
391.258664 415.140438
391.761819 414.268949
392.264973 413.397460
389.250928 408.176981
388.748587 407.306901
388.246246 406.436821
386.739224 403.826581
385.734542 402.086422
384.729860 400.346262
383.725179 398.606102
382.218156 395.995862
381.715815 395.125783
381.213474 394.255703
380.208793 392.515543
377.194748 387.295064
376.692407 386.424984
375.687725 384.684824
375.185384 383.814744
374.180703 382.074584
373.678362 381.204504
372.673680 379.464345
372.171339 378.594265
371.166657 376.854105
370.664317 375.984025
370.161976 375.113945
369.157294 373.373786
368.654953 372.503706
368.152612 371.633626
367.147931 369.893466
366.645590 369.023386
366.143249 368.153306
365.640908 367.283226
365.138567 366.413147
364.636226 365.543067
363.129204 362.932827
361.622181 360.322587
361.119840 359.452508
359.612818 356.842268
359.110477 355.972188
357.101114 352.491868
356.096432 350.751709
355.091750 349.011549
354.589409 348.141469
354.087069 347.271389
353.584728 346.401309
353.082387 345.531229
352.077705 343.791070
351.575364 342.920990
351.073024 342.050910
350.570683 341.180830
350.068342 340.310750
349.063660 338.570590
348.561319 337.700511
348.058978 336.830431
347.556638 335.960351
346.551956 334.220191
344.542593 330.739871
344.040252 329.869792
343.035570 328.129632
341.026207 324.649312
340.021525 322.909153
339.519184 322.039073
338.012162 319.428833
336.002798 315.948514
334.998116 314.208354
334.495776 313.338274
333.993435 312.468194
333.491094 311.598114
332.486412 309.857954
331.481730 308.117795
330.979390 307.247715
327.965345 302.027235
327.463004 301.157156
326.960663 300.287076
325.955981 298.546916
324.448959 295.936676
323.946618 295.066596
323.444277 294.196517
322.941936 293.326437
322.439595 292.456357
320.430232 288.976037
319.425550 287.235878
318.923209 286.365798
317.416187 283.755558
316.411505 282.015398
315.909164 281.145318
315.406823 280.275239
314.402142 278.535079
313.397460 276.794919
314.402142 276.794919
315.406823 276.794919
316.411505 276.794919
319.425550 276.794919
320.430232 276.794919
323.444277 276.794919
333.491094 276.794919
334.495776 276.794919
336.505139 276.794919
337.509821 276.794919
339.519184 276.794919
340.523866 276.794919
343.537911 276.794919
344.542593 276.794919
345.547274 276.794919
352.580046 276.794919
354.589410 276.794919
360.617500 276.794919
362.626863 276.794919
364.636227 276.794919
365.640908 276.794919
366.645590 276.794919
367.650272 276.794919
369.659635 276.794919
370.664317 276.794919
372.673680 276.794919
373.678362 276.794919
375.687725 276.794919
376.692407 276.794919
377.697089 276.794919
378.701771 276.794919
379.706452 276.794919
381.715816 276.794919
384.729861 276.794919
385.734542 276.794919
387.743906 276.794919
388.748588 276.794919
389.753269 276.794919
390.757951 276.794919
393.771996 276.794919
394.776678 276.794919
396.786041 276.794919
397.790723 276.794919
401.809450 276.794919
402.814131 276.794919
405.828176 276.794919
408.842222 276.794919
412.860948 276.794919
413.865630 276.794919
416.879675 276.794919
420.898402 276.794919
422.907765 276.794919
423.912447 276.794919
425.921810 276.794919
428.935856 276.794919
429.940537 276.794919
430.945219 276.794919
432.954582 276.794919
434.963946 276.794919
435.968627 276.794919
441.996718 276.794919
443.001399 276.794919
445.010763 276.794919
446.015444 276.794919
450.034171 276.794919
452.043535 276.794919
455.057580 276.794919
457.066943 276.794919
458.071625 276.794919
459.076307 276.794919
460.080988 276.794919
461.085670 276.794919
462.090352 276.794919
464.099715 276.794919
467.113760 276.794919
468.118442 276.794919
469.123124 276.794919
470.127805 276.794919
471.132487 276.794919
474.648873 270.704360
475.151214 269.834280
475.653555 268.964200
476.155895 268.094120
476.658236 267.224040
477.662918 265.483881
478.165259 264.613801
480.174622 261.133481
480.676963 260.263401
481.179304 259.393322
481.681645 258.523242
482.686326 256.783082
483.188667 255.913002
483.691008 255.042922
484.695690 253.302762
485.198031 252.432683
485.700372 251.562603
486.705053 249.822443
487.207394 248.952363
488.212076 247.212203
490.221439 243.731884
491.226121 241.991724
491.728462 241.121644
492.230803 240.251564
493.235484 238.511405
494.240166 236.771245
494.742507 235.901165
495.747189 234.161005
496.249529 233.290925
497.254211 231.550766
499.263574 228.070446
501.272938 224.590127
502.779960 221.979887
503.282301 221.109807
506.296346 215.889328
506.798687 215.019248
507.301028 214.149168
507.803369 213.279088
508.305710 212.409008
508.808051 211.538929
510.315073 208.928689
511.319755 207.188529
511.822096 206.318449
512.324436 205.448369
512.826777 204.578290
514.836141 201.097970
515.338482 200.227890
515.840822 199.357810
516.845504 197.617651
520.361890 191.527091
521.366572 189.786932
524.380617 184.566453
525.887639 181.956213
526.892321 180.216053
530.911048 173.255414
531.413389 172.385334
532.418070 170.645175
533.422752 168.905015
534.427434 167.164855
535.432115 165.424695
537.441479 161.944376
537.943820 161.074296
540.455524 156.723897
541.460206 154.983737
541.962546 154.113657
542.464887 153.243577
542.967228 152.373497
544.474251 149.763258
544.976592 148.893178
545.478932 148.023098
545.981273 147.153018
546.483614 146.282938
546.985955 145.412858
547.990637 143.672698
548.995318 141.932539
549.497659 141.062459
550.000000 140.192379
550.502341 141.062459
551.004682 141.932539
552.009363 143.672698
552.511704 144.542778
553.516386 146.282938
555.525749 149.763258
556.028090 150.633337
556.530431 151.503417
558.037454 154.113657
558.539794 154.983737
559.042135 155.853817
559.544476 156.723897
560.549158 158.464056
562.558521 161.944376
563.060862 162.814456
563.563203 163.684536
564.065544 164.554615
564.567885 165.424695
565.070225 166.294775
565.572566 167.164855
568.084270 171.515254
568.586611 172.385334
569.591293 174.125494
570.093634 174.995574
570.595975 175.865654
571.098316 176.735734
572.605338 179.345973
573.107679 180.216053
574.112361 181.956213
575.117042 183.696373
575.619383 184.566453
576.121724 185.436532
576.624065 186.306612
578.131087 188.916852
579.638110 191.527091
580.642792 193.267251
581.647473 195.007411
582.149814 195.877491
582.652155 196.747571
585.163859 201.097970
585.666200 201.968050
586.168541 202.838130
586.670882 203.708210
587.173223 204.578290
589.182586 208.058609
592.196631 213.279088
594.708335 217.629488
595.210676 218.499568
596.717699 221.109807
597.220040 221.979887
597.722380 222.849967
598.727062 224.590127
600.234085 227.200366
602.243448 230.680686
604.252811 234.161005
605.759834 236.771245
606.262175 237.641325
606.764516 238.511405
607.769197 240.251564
608.773879 241.991724
609.276220 242.861804
610.783243 245.472044
611.285583 246.342123
612.290265 248.082283
613.797288 250.692523
615.304310 253.302762
616.811333 255.913002
618.820696 259.393322
619.323037 260.263401
620.830059 262.873641
621.332400 263.743721
621.834741 264.613801
622.337082 265.483881
622.839423 266.353961
624.848786 269.834280
625.351127 270.704360
625.853468 271.574440
626.355809 272.444520
627.862831 275.054759
628.867513 276.794919
628.867513 276.794919
629.872195 276.794919
630.876876 276.794919
632.886240 276.794919
634.895603 276.794919
635.900285 276.794919
637.909648 276.794919
639.919012 276.794919
641.928375 276.794919
642.933057 276.794919
643.937739 276.794919
648.961147 276.794919
649.965829 276.794919
651.975192 276.794919
652.979874 276.794919
656.998601 276.794919
658.003282 276.794919
659.007964 276.794919
663.026691 276.794919
664.031373 276.794919
665.036054 276.794919
667.045418 276.794919
668.050099 276.794919
669.054781 276.794919
670.059463 276.794919
672.068826 276.794919
673.073508 276.794919
674.078190 276.794919
677.092235 276.794919
679.101598 276.794919
680.106280 276.794919
681.110961 276.794919
683.120325 276.794919
687.139052 276.794919
688.143733 276.794919
690.153097 276.794919
691.157778 276.794919
692.162460 276.794919
694.171824 276.794919
695.176505 276.794919
696.181187 276.794919
699.195232 276.794919
700.199914 276.794919
701.204595 276.794919
703.213959 276.794919
704.218641 276.794919
708.237367 276.794919
709.242049 276.794919
711.251412 276.794919
713.260776 276.794919
717.279503 276.794919
719.288866 276.794919
722.302911 276.794919
724.312275 276.794919
727.326320 276.794919
728.331001 276.794919
731.345046 276.794919
733.354410 276.794919
734.359092 276.794919
740.387182 276.794919
741.391863 276.794919
743.401227 276.794919
746.415272 276.794919
751.438680 276.794919
754.452726 276.794919
756.462089 276.794919
757.466771 276.794919
758.471452 276.794919
762.490179 276.794919
765.504224 276.794919
769.522951 276.794919
770.527633 276.794919
771.532314 276.794919
775.551041 276.794919
776.555723 276.794919
777.560405 276.794919
778.565086 276.794919
779.569768 276.794919
780.574450 276.794919
781.579131 276.794919
786.602540 276.794919
785.597858 278.535079
784.593177 280.275239
783.588495 282.015398
783.086154 282.885478
782.081472 284.625638
781.579132 285.495718
779.569768 288.976037
779.067427 289.846117
778.565086 290.716197
778.062746 291.586277
776.053382 295.066596
775.551041 295.936676
775.048701 296.806756
772.034655 302.027235
771.532315 302.897315
771.029974 303.767395
770.527633 304.637475
770.025292 305.507555
769.522951 306.377635
769.020610 307.247715
767.513588 309.857954
766.508906 311.598114
766.006565 312.468194
765.001884 314.208354
763.997202 315.948514
762.992520 317.688673
761.987838 319.428833
760.983157 321.168993
759.476134 323.779232
758.973793 324.649312
757.969112 326.389472
756.964430 328.129632
756.462089 328.999712
754.452726 332.480031
752.945703 335.090271
752.443362 335.960351
748.926976 342.050910
747.922295 343.791070
747.419954 344.661150
746.917613 345.531229
745.912931 347.271389
744.405909 349.881629
742.898886 352.491868
742.396545 353.361948
741.391864 355.102108
740.889523 355.972188
740.387182 356.842268
739.884841 357.712348
739.382500 358.582428
738.377819 360.322587
737.875478 361.192667
737.373137 362.062747
736.870796 362.932827
736.368455 363.802907
735.866114 364.672987
735.363774 365.543067
734.861433 366.413147
734.359092 367.283226
733.354410 369.023386
729.838024 375.113945
728.833343 376.854105
726.321638 381.204504
724.814616 383.814744
723.809934 385.554904
721.298230 389.905303
720.795889 390.775383
720.293548 391.645463
719.791207 392.515543
719.288866 393.385623
718.284185 395.125783
717.781844 395.995862
717.279503 396.865942
715.270140 400.346262
714.767799 401.216342
714.265458 402.086422
713.763117 402.956501
713.260776 403.826581
712.256095 405.566741
711.251413 407.306901
709.744390 409.917140
708.739709 411.657300
707.735027 413.397460
708.238181 414.268949
708.741336 415.140438
709.244490 416.011927
709.747645 416.883416
710.250799 417.754905
711.257108 419.497883
711.760262 420.369372
712.766571 422.112350
713.269726 422.983840
713.772880 423.855329
714.276035 424.726818
714.779189 425.598307
715.282343 426.469796
715.785498 427.341285
716.288652 428.212774
716.791807 429.084263
717.294961 429.955752
717.798116 430.827241
718.301270 431.698730
718.804424 432.570219
719.307579 433.441708
719.810733 434.313197
720.313888 435.184686
720.817042 436.056175
721.320197 436.927664
721.823351 437.799153
722.326505 438.670642
722.829660 439.542131
723.332814 440.413620
723.835969 441.285110
724.339123 442.156599
724.842278 443.028088
725.345432 443.899577
725.848586 444.771066
726.351741 445.642555
726.854895 446.514044
727.358050 447.385533
727.861204 448.257022
728.364359 449.128511
728.867513 450.000000
728.867513 450.000000
729.873822 450.000000
730.880131 450.000000
731.886440 450.000000
732.892749 450.000000
734.905366 450.000000
735.911675 450.000000
736.917984 450.000000
737.924293 450.000000
738.930602 450.000000
739.936911 450.000000
740.943220 450.000000
741.949529 450.000000
742.955838 450.000000
743.962147 450.000000
744.968455 450.000000
745.974764 450.000000
746.981073 450.000000
747.987382 450.000000
748.993691 450.000000
750.000000 450.000000
751.006309 450.000000
753.018927 450.000000
754.025236 450.000000
755.031545 450.000000
756.037853 450.000000
758.050471 450.000000
759.056780 450.000000
760.063089 450.000000
761.069398 450.000000
762.075707 450.000000
764.088325 450.000000
765.094634 450.000000
766.100942 450.000000
767.107251 450.000000
768.113560 450.000000
769.119869 450.000000
770.126178 450.000000
771.132487 450.000000
771.132487 450.000000
771.634828 449.129920
772.639510 447.389760
773.141850 446.519681
773.644191 445.649601
774.146532 444.779521
777.160577 439.559042
777.662918 438.688962
778.667600 436.948802
779.169941 436.078722
779.672281 435.208642
781.179304 432.598403
781.681645 431.728323
782.183986 430.858243
783.691008 428.248003
784.193349 427.377923
785.700372 424.767684
787.709735 421.287364
790.723780 416.066885
791.226121 415.196805
791.728462 414.326725
792.230803 413.456645
792.733143 412.586565
793.235484 411.716486
793.737825 410.846406
794.240166 409.976326
798.761234 402.145607
799.765915 400.405447
800.268256 399.535367
801.272938 397.795208
801.775279 396.925128
803.784642 393.444808
806.296346 389.094409
808.305710 385.614089
808.808051 384.744010
809.812732 383.003850
811.319755 380.393610
812.324436 378.653450
812.826777 377.783371
813.831459 376.043211
815.338482 373.432971
815.840822 372.562891
816.343163 371.692811
816.845504 370.822732
818.854867 367.342412
819.357208 366.472332
821.366572 362.992013
822.371253 361.251853
822.873594 360.381773
823.375935 359.511693
823.878276 358.641613
824.882958 356.901454
826.389980 354.291214
829.404025 349.070735
831.915730 344.720335
833.422752 342.110096
833.925093 341.240016
834.427434 340.369936
836.436797 336.889617
836.939138 336.019537
839.450842 331.669137
839.953183 330.799057
840.957865 329.058898
841.962546 327.318738
842.464887 326.448658
843.971910 323.838418
844.474251 322.968339
844.976592 322.098259
845.981273 320.358099
846.483614 319.488019
846.985955 318.617939
847.990637 316.877779
848.492977 316.007700
849.497659 314.267540
850.000000 313.397460
850.000000 313.397460
850.502341 314.267540
851.507023 316.007700
852.009363 316.877779
852.511704 317.747859
858.037454 327.318738
859.544476 329.928978
861.051499 332.539217
862.558521 335.149457
863.060862 336.019537
865.070225 339.499856
867.581930 343.850256
868.084270 344.720335
868.586611 345.590415
870.093634 348.200655
871.600656 350.810895
872.102997 351.680974
872.605338 352.551054
874.112361 355.161294
876.121724 358.641613
878.633428 362.992013
880.140451 365.602252
880.642792 366.472332
883.154496 370.822732
883.656837 371.692811
884.159178 372.562891
885.163859 374.303051
885.666200 375.173131
886.168541 376.043211
888.177904 379.523530
889.182586 381.263690
889.684927 382.133770
890.689609 383.873930
891.694290 385.614089
892.698972 387.354249
893.703654 389.094409
895.210676 391.704649
896.215358 393.444808
897.220040 395.184968
898.727062 397.795208
899.229403 398.665288
900.736426 401.275527
901.741107 403.015687
902.243448 403.885767
902.745789 404.755847
903.750471 406.496006
904.252811 407.366086
904.755152 408.236166
905.257493 409.106246
905.759834 409.976326
906.262175 410.846406
908.773879 415.196805
910.280902 417.807045
912.792606 422.157444
914.299628 424.767684
915.304310 426.507843
915.806651 427.377923
918.820696 432.598403
919.323037 433.468482
919.825378 434.338562
920.327719 435.208642
920.830059 436.078722
921.834741 437.818882
926.355809 445.649601
926.858150 446.519681
928.867513 450.000000
929.869379 450.000000
930.871245 450.000000
931.873111 450.000000
932.874977 450.000000
934.878709 450.000000
936.882441 450.000000
938.886173 450.000000
939.888039 450.000000
940.889905 450.000000
941.891771 450.000000
942.893637 450.000000
943.895503 450.000000
944.897369 450.000000
945.899235 450.000000
946.901101 450.000000
947.902967 450.000000
949.906699 450.000000
950.908565 450.000000
951.910431 450.000000
952.912297 450.000000
954.916029 450.000000
955.917895 450.000000
957.921627 450.000000
958.923493 450.000000
959.925359 450.000000
960.927225 450.000000
961.929091 450.000000
962.930957 450.000000
963.932823 450.000000
965.936556 450.000000
966.938422 450.000000
968.942154 450.000000
969.944020 450.000000
970.945886 450.000000
971.947752 450.000000
973.951484 450.000000
974.953350 450.000000
978.960814 450.000000
979.962680 450.000000
980.964546 450.000000
982.968278 450.000000
983.970144 450.000000
984.972010 450.000000
985.973876 450.000000
986.975742 450.000000
987.977608 450.000000
988.979474 450.000000
990.983206 450.000000
992.986938 450.000000
993.988804 450.000000
994.990670 450.000000
995.992536 450.000000
997.996268 450.000000
998.998134 450.000000
1000.000000 450.000000
1000.000000 450.000000
1000.000000 455.000000
1000.000000 457.000000
1000.000000 458.000000
1000.000000 460.000000
1000.000000 461.000000
1000.000000 462.000000
1000.000000 463.000000
1000.000000 466.000000
1000.000000 467.000000
1000.000000 468.000000
1000.000000 469.000000
1000.000000 471.000000
1000.000000 473.000000
1000.000000 474.000000
1000.000000 475.000000
1000.000000 476.000000
1000.000000 479.000000
1000.000000 483.000000
1000.000000 485.000000
1000.000000 486.000000
1000.000000 487.000000
1000.000000 488.000000
1000.000000 489.000000
1000.000000 490.000000
1000.000000 491.000000
1000.000000 493.000000
1000.000000 494.000000
1000.000000 495.000000
1000.000000 496.000000
1000.000000 497.000000
1000.000000 498.000000
1000.000000 499.000000
1000.000000 500.000000
1000.000000 502.000000
1000.000000 503.000000
1000.000000 504.000000
1000.000000 505.000000
1000.000000 509.000000
1000.000000 511.000000
1000.000000 512.000000
1000.000000 513.000000
1000.000000 514.000000
1000.000000 515.000000
1000.000000 518.000000
1000.000000 519.000000
1000.000000 520.000000
1000.000000 521.000000
1000.000000 523.000000
1000.000000 524.000000
1000.000000 525.000000
1000.000000 526.000000
1000.000000 527.000000
1000.000000 529.000000
1000.000000 531.000000
1000.000000 532.000000
1000.000000 534.000000
1000.000000 535.000000
1000.000000 538.000000
1000.000000 539.000000
1000.000000 540.000000
1000.000000 541.000000
1000.000000 545.000000
1000.000000 547.000000
1000.000000 548.000000
1000.000000 549.000000
1000.000000 550.000000
997.986445 550.000000
996.979668 550.000000
994.966113 550.000000
990.939003 550.000000
985.905116 550.000000
983.891561 550.000000
982.884783 550.000000
981.878006 550.000000
980.871229 550.000000
979.864451 550.000000
976.844119 550.000000
975.837341 550.000000
974.830564 550.000000
972.817009 550.000000
971.810232 550.000000
969.796677 550.000000
968.789899 550.000000
967.783122 550.000000
966.776344 550.000000
963.756012 550.000000
959.728902 550.000000
957.715347 550.000000
956.708570 550.000000
955.701792 550.000000
954.695015 550.000000
950.667905 550.000000
947.647573 550.000000
946.640795 550.000000
944.627241 550.000000
941.606908 550.000000
940.600131 550.000000
937.579798 550.000000
936.573021 550.000000
935.566243 550.000000
934.559466 550.000000
933.552689 550.000000
932.545911 550.000000
931.539134 550.000000
930.532356 550.000000
927.512024 550.000000
925.498469 550.000000
923.484914 550.000000
921.471359 550.000000
917.444249 550.000000
916.437472 550.000000
915.430695 550.000000
910.396807 550.000000
909.390030 550.000000
908.383252 550.000000
907.376475 550.000000
906.369698 550.000000
905.362920 550.000000
904.356143 550.000000
902.342588 550.000000
900.329033 550.000000
899.322255 550.000000
895.295146 550.000000
894.288368 550.000000
891.268036 550.000000
889.254481 550.000000
885.227371 550.000000
882.207039 550.000000
880.193484 550.000000
878.179929 550.000000
877.173152 550.000000
873.146042 550.000000
872.139264 550.000000
871.132487 550.000000
870.629333 549.128511
870.126178 548.257022
869.623024 547.385533
869.119869 546.514044
868.616715 545.642555
868.113560 544.771066
867.610406 543.899577
867.107251 543.028088
866.604097 542.156599
866.100942 541.285110
865.597788 540.413620
865.094634 539.542131
864.591479 538.670642
864.088325 537.799153
863.585170 536.927664
863.082016 536.056175
862.578861 535.184686
862.075707 534.313197
861.572552 533.441708
861.069398 532.570219
860.566243 531.698730
860.063089 530.827241
859.559935 529.955752
859.056780 529.084263
858.553626 528.212774
858.050471 527.341285
857.547317 526.469796
857.044162 525.598307
856.541008 524.726818
856.037853 523.855329
855.534699 522.983840
855.031545 522.112350
854.528390 521.240861
854.025236 520.369372
853.522081 519.497883
853.018927 518.626394
852.012618 516.883416
851.509463 516.011927
851.006309 515.140438
850.503154 514.268949
850.000000 513.397460
850.000000 513.397460
849.496846 514.268949
848.993691 515.140438
848.490537 516.011927
847.987382 516.883416
847.484228 517.754905
846.981073 518.626394
846.477919 519.497883
845.974764 520.369372
845.471610 521.240861
844.968455 522.112350
844.465301 522.983840
843.962147 523.855329
843.458992 524.726818
842.955838 525.598307
842.452683 526.469796
841.949529 527.341285
841.446374 528.212774
840.943220 529.084263
840.440065 529.955752
839.936911 530.827241
839.433757 531.698730
838.930602 532.570219
838.427448 533.441708
837.924293 534.313197
837.421139 535.184686
836.917984 536.056175
836.414830 536.927664
835.911675 537.799153
835.408521 538.670642
834.905366 539.542131
834.402212 540.413620
833.899058 541.285110
833.395903 542.156599
832.892749 543.028088
832.389594 543.899577
831.886440 544.771066
831.383285 545.642555
830.880131 546.514044
830.376976 547.385533
829.873822 548.257022
829.370667 549.128511
828.867513 550.000000
828.867513 550.000000
827.862831 550.000000
826.858150 550.000000
825.853468 550.000000
824.848786 550.000000
821.834741 550.000000
815.806651 550.000000
814.801969 550.000000
811.787924 550.000000
809.778561 550.000000
808.773879 550.000000
805.759834 550.000000
804.755152 550.000000
802.745789 550.000000
801.741107 550.000000
797.722380 550.000000
796.717699 550.000000
794.708335 550.000000
793.703654 550.000000
792.698972 550.000000
791.694290 550.000000
789.684927 550.000000
786.670882 550.000000
784.661518 550.000000
783.656837 550.000000
782.652155 550.000000
779.638110 550.000000
777.628747 550.000000
770.595975 550.000000
769.591293 550.000000
768.586611 550.000000
767.581930 550.000000
763.563203 550.000000
762.558521 550.000000
761.553839 550.000000
757.535113 550.000000
754.521068 550.000000
752.511704 550.000000
751.507023 550.000000
750.502341 550.000000
747.488296 550.000000
742.464887 550.000000
738.446161 550.000000
731.413389 550.000000
730.408707 550.000000
729.404025 550.000000
727.394662 550.000000
726.389980 550.000000
724.380617 550.000000
721.366572 550.000000
720.361890 550.000000
719.357208 550.000000
716.343163 550.000000
715.338482 550.000000
713.329118 550.000000
711.319755 550.000000
710.315073 550.000000
708.305710 550.000000
702.277620 550.000000
701.272938 550.000000
694.240166 550.000000
692.230803 550.000000
691.226121 550.000000
690.221439 550.000000
688.212076 550.000000
687.207394 550.000000
686.202712 550.000000
684.193349 550.000000
683.188667 550.000000
678.165259 550.000000
676.155895 550.000000
675.151214 550.000000
674.146532 550.000000
671.132487 550.000000
669.123124 546.519681
667.616101 543.909441
667.113760 543.039361
666.611419 542.169281
666.109078 541.299201
665.606738 540.429121
664.602056 538.688962
664.099715 537.818882
663.095033 536.078722
662.592692 535.208642
662.090352 534.338562
661.588011 533.468482
660.583329 531.728323
660.080988 530.858243
659.076307 529.118083
658.573966 528.248003
658.071625 527.377923
657.569284 526.507843
657.066943 525.637764
656.062261 523.897604
655.559921 523.027524
654.555239 521.287364
651.038853 515.196805
650.536512 514.326725
649.029489 511.716486
648.527149 510.846406
648.024808 509.976326
647.522467 509.106246
647.020126 508.236166
646.517785 507.366086
643.503740 502.145607
642.499058 500.405447
641.494377 498.665288
639.987354 496.055048
638.480332 493.444808
637.977991 492.574728
637.475650 491.704649
635.968627 489.094409
634.963946 487.354249
633.456923 484.744010
631.949900 482.133770
630.442878 479.523530
628.433514 476.043211
626.926492 473.432971
626.424151 472.562891
625.921810 471.692811
625.419469 470.822732
624.917128 469.952652
624.414788 469.082572
623.912447 468.212492
623.410106 467.342412
622.405424 465.602252
621.903083 464.732172
621.400743 463.862093
620.898402 462.992013
619.893720 461.251853
617.382016 456.901454
615.372652 453.421134
613.865630 450.810895
613.363289 449.940815
612.860948 449.070735
612.358607 448.200655
611.856266 447.330575
611.353925 446.460495
610.349244 444.720335
608.842221 442.110096
608.339880 441.240016
607.335199 439.499856
605.325835 436.019537
604.321153 434.279377
602.814131 431.669137
602.311790 430.799057
601.307108 429.058898
600.804768 428.188818
600.302427 427.318738
597.790722 422.968339
595.279018 418.617939
594.776677 417.747859
593.771996 416.007700
593.269655 415.137620
592.264973 413.397460
592.264973 413.397460
593.774436 410.782993
594.277591 409.911504
594.780745 409.040015
595.283900 408.168526
595.787054 407.297036
596.290209 406.425547
596.793363 405.554058
597.296518 404.682569
597.799672 403.811080
598.302826 402.939591
598.805981 402.068102
599.309135 401.196613
599.812290 400.325124
600.315444 399.453635
600.818599 398.582146
601.321753 397.710657
601.824908 396.839168
603.334371 394.224700
603.837525 393.353211
604.340680 392.481722
604.843834 391.610233
605.346989 390.738744
605.850143 389.867255
606.353298 388.995766
606.856452 388.124277
607.359607 387.252788
607.862761 386.381299
608.365915 385.509810
608.869070 384.638321
609.372224 383.766832
609.875379 382.895342
610.378533 382.023853
610.881688 381.152364
611.384842 380.280875
611.887997 379.409386
612.391151 378.537897
612.894306 377.666408
613.397460 376.794919
613.397460 376.794919
612.391151 376.794919
611.384842 376.794919
610.378533 376.794919
609.372224 376.794919
607.359607 376.794919
606.353298 376.794919
605.346989 376.794919
604.340680 376.794919
603.334371 376.794919
602.328062 376.794919
601.321753 376.794919
600.315445 376.794919
599.309136 376.794919
598.302827 376.794919
596.290209 376.794919
595.283900 376.794919
594.277591 376.794919
593.271282 376.794919
591.258665 376.794919
590.252356 376.794919
589.246047 376.794919
588.239738 376.794919
587.233429 376.794919
586.227120 376.794919
585.220811 376.794919
583.208194 376.794919
582.201885 376.794919
581.195576 376.794919
580.189267 376.794919
578.176649 376.794919
577.170340 376.794919
576.164031 376.794919
575.157723 376.794919
573.145105 376.794919
572.138796 376.794919
571.132487 376.794919
571.132487 376.794919
570.629333 375.923430
570.126178 375.051941
569.623024 374.180452
569.119869 373.308963
568.616715 372.437474
568.113560 371.565985
567.610406 370.694496
567.107251 369.823007
566.604097 368.951518
566.100942 368.080029
565.597788 367.208539
565.094634 366.337050
564.591479 365.465561
563.585170 363.722583
563.082016 362.851094
562.578861 361.979605
561.572552 360.236627
561.069398 359.365138
560.566243 358.493649
560.063089 357.622160
559.559935 356.750671
559.056780 355.879182
558.553626 355.007693
558.050471 354.136204
557.547317 353.264715
557.044162 352.393226
556.541008 351.521737
556.037853 350.650248
555.534699 349.778759
555.031545 348.907269
554.528390 348.035780
554.025236 347.164291
553.522081 346.292802
553.018927 345.421313
552.515772 344.549824
552.012618 343.678335
551.509463 342.806846
551.006309 341.935357
550.503154 341.063868
550.000000 340.192379
549.496846 341.063868
548.993691 341.935357
548.490537 342.806846
547.987382 343.678335
547.484228 344.549824
546.981073 345.421313
546.477919 346.292802
545.974764 347.164291
545.471610 348.035780
544.968455 348.907269
544.465301 349.778759
543.962147 350.650248
543.458992 351.521737
542.955838 352.393226
542.452683 353.264715
541.949529 354.136204
541.446374 355.007693
540.943220 355.879182
539.936911 357.622160
539.433757 358.493649
538.930602 359.365138
538.427448 360.236627
537.924293 361.108116
537.421139 361.979605
536.917984 362.851094
536.414830 363.722583
535.911675 364.594072
535.408521 365.465561
534.905366 366.337050
534.402212 367.208539
533.899058 368.080029
533.395903 368.951518
532.892749 369.823007
532.389594 370.694496
531.886440 371.565985
531.383285 372.437474
530.880131 373.308963
530.376976 374.180452
529.873822 375.051941
529.370667 375.923430
528.867513 376.794919
528.867513 376.794919
527.861204 376.794919
526.854895 376.794919
525.848586 376.794919
524.842277 376.794919
523.835969 376.794919
521.823351 376.794919
520.817042 376.794919
519.810733 376.794919
518.804424 376.794919
517.798115 376.794919
516.791806 376.794919
515.785498 376.794919
514.779189 376.794919
513.772880 376.794919
512.766571 376.794919
511.760262 376.794919
510.753953 376.794919
509.747644 376.794919
508.741335 376.794919
507.735027 376.794919
506.728718 376.794919
505.722409 376.794919
504.716100 376.794919
503.709791 376.794919
502.703482 376.794919
501.697173 376.794919
500.690864 376.794919
499.684555 376.794919
498.678247 376.794919
497.671938 376.794919
496.665629 376.794919
495.659320 376.794919
494.653011 376.794919
493.646702 376.794919
491.634084 376.794919
490.627776 376.794919
489.621467 376.794919
488.615158 376.794919
487.608849 376.794919
486.602540 376.794919
487.105694 377.666408
487.608849 378.537897
488.112003 379.409386
488.615158 380.280875
489.118312 381.152364
489.621467 382.023853
490.124621 382.895342
490.627776 383.766832
491.130930 384.638321
491.634085 385.509810
492.137239 386.381299
492.640393 387.252788
493.143548 388.124277
493.646702 388.995766
494.653011 390.738744
495.156166 391.610233
495.659320 392.481722
496.162475 393.353211
497.671938 395.967679
498.175092 396.839168
498.678247 397.710657
499.181401 398.582146
499.684556 399.453635
500.187710 400.325124
500.690865 401.196613
501.697174 402.939591
502.703482 404.682569
503.206637 405.554058
503.709791 406.425547
504.212946 407.297036
504.716100 408.168526
505.219255 409.040015
505.722409 409.911504
506.225564 410.782993
506.728718 411.654482
507.735027 413.397460
507.735027 413.397460
505.725664 416.877779
505.223323 417.747859
504.218641 419.488019
503.213959 421.228179
502.209278 422.968339
501.706937 423.838418
501.204596 424.708498
500.199914 426.448658
499.697573 427.318738
499.195232 428.188818
498.692892 429.058898
498.190551 429.928978
497.688210 430.799057
497.185869 431.669137
496.683528 432.539217
495.678847 434.279377
494.674165 436.019537
494.171824 436.889617
493.669483 437.759696
492.664801 439.499856
492.162461 440.369936
490.655438 442.980176
490.153097 443.850256
489.650756 444.720335
489.148415 445.590415
487.641393 448.200655
485.129689 452.551054
483.622666 455.161294
483.120325 456.031374
480.106280 461.251853
479.101598 462.992013
478.599257 463.862093
478.096917 464.732172
477.092235 466.472332
476.589894 467.342412
476.087553 468.212492
474.580531 470.822732
473.575849 472.562891
473.073508 473.432971
472.068826 475.173131
471.566486 476.043211
471.064145 476.913291
470.561804 477.783371
470.059463 478.653450
467.547759 483.003850
466.040736 485.614089
464.533714 488.224329
463.529032 489.964489
463.026691 490.834569
461.519668 493.444808
461.017328 494.314888
459.007964 497.795208
456.998601 501.275527
455.491578 503.885767
454.989237 504.755847
454.486897 505.625926
451.975192 509.976326
449.463488 514.326725
448.961147 515.196805
448.458806 516.066885
447.956465 516.936965
447.454125 517.807045
446.449443 519.547204
443.937739 523.897604
442.933057 525.637764
441.928375 527.377923
436.402626 536.948802
435.900285 537.818882
434.895603 539.559042
432.886240 543.039361
432.383899 543.909441
430.374536 547.389760
429.872195 548.259840
429.369854 549.129920
428.867513 550.000000
422.839423 550.000000
421.834741 550.000000
415.806651 550.000000
414.801969 550.000000
413.797288 550.000000
408.773879 550.000000
404.755152 550.000000
402.745789 550.000000
401.741107 550.000000
397.722380 550.000000
394.708335 550.000000
391.694290 550.000000
389.684927 550.000000
388.680245 550.000000
386.670882 550.000000
384.661518 550.000000
383.656837 550.000000
382.652155 550.000000
380.642792 550.000000
378.633428 550.000000
376.624065 550.000000
375.619383 550.000000
374.614702 550.000000
373.610020 550.000000
371.600656 550.000000
369.591293 550.000000
367.581930 550.000000
365.572566 550.000000
363.563203 550.000000
361.553839 550.000000
360.549158 550.000000
359.544476 550.000000
358.539794 550.000000
355.525749 550.000000
354.521068 550.000000
351.507023 550.000000
348.492977 550.000000
347.488296 550.000000
342.464887 550.000000
341.460206 550.000000
339.450842 550.000000
337.441479 550.000000
336.436797 550.000000
332.418070 550.000000
331.413389 550.000000
329.404025 550.000000
328.399344 550.000000
326.389980 550.000000
325.385298 550.000000
320.361890 550.000000
319.357208 550.000000
316.343163 550.000000
315.338482 550.000000
314.333800 550.000000
313.329118 550.000000
311.319755 550.000000
310.315073 550.000000
308.305710 550.000000
306.296346 550.000000
304.286983 550.000000
303.282301 550.000000
302.277620 550.000000
300.268256 550.000000
299.263574 550.000000
297.254211 550.000000
294.240166 550.000000
293.235484 550.000000
292.230803 550.000000
291.226121 550.000000
289.216757 550.000000
288.212076 550.000000
287.207394 550.000000
283.188667 550.000000
282.183986 550.000000
276.155895 550.000000
274.146532 550.000000
273.141850 550.000000
272.137169 550.000000
271.132487 550.000000
271.132487 550.000000
270.629333 549.128511
270.126178 548.257022
269.623024 547.385533
269.119869 546.514044
268.616715 545.642555
268.113560 544.771066
267.610406 543.899577
267.107251 543.028088
266.604097 542.156599
266.100942 541.285110
265.597788 540.413620
265.094634 539.542131
264.591479 538.670642
264.088325 537.799153
263.585170 536.927664
263.082016 536.056175
262.578861 535.184686
262.075707 534.313197
261.572552 533.441708
261.069398 532.570219
260.566244 531.698730
260.063089 530.827241
259.056780 529.084263
258.553626 528.212774
258.050471 527.341285
257.547317 526.469796
256.541008 524.726818
256.037853 523.855329
255.534699 522.983840
255.031545 522.112350
254.025236 520.369372
253.522081 519.497883
253.018927 518.626394
252.515772 517.754905
252.012618 516.883416
251.509463 516.011927
251.006309 515.140438
250.503154 514.268949
250.000000 513.397460
250.000000 513.397460
249.496846 514.268949
248.993691 515.140438
248.490537 516.011927
246.981073 518.626394
246.477919 519.497883
245.974764 520.369372
245.471610 521.240861
244.465301 522.983840
243.962147 523.855329
243.458992 524.726818
242.955838 525.598307
242.452683 526.469796
241.949529 527.341285
241.446374 528.212774
240.943220 529.084263
240.440065 529.955752
239.936911 530.827241
239.433757 531.698730
238.930602 532.570219
238.427448 533.441708
237.924293 534.313197
236.917984 536.056175
236.414830 536.927664
235.911675 537.799153
235.408521 538.670642
234.905366 539.542131
234.402212 540.413620
233.899058 541.285110
233.395903 542.156599
232.892749 543.028088
232.389594 543.899577
231.886440 544.771066
231.383285 545.642555
230.880131 546.514044
230.376976 547.385533
229.873822 548.257022
229.370667 549.128511
228.867513 550.000000
227.860736 550.000000
226.853958 550.000000
223.833626 550.000000
222.826848 550.000000
220.813293 550.000000
217.792961 550.000000
216.786184 550.000000
215.779406 550.000000
214.772629 550.000000
210.745519 550.000000
207.725187 550.000000
206.718409 550.000000
205.711632 550.000000
203.698077 550.000000
201.684522 550.000000
199.670967 550.000000
198.664190 550.000000
196.650635 550.000000
194.637080 550.000000
193.630302 550.000000
190.609970 550.000000
189.603193 550.000000
187.589638 550.000000
186.582860 550.000000
185.576083 550.000000
184.569305 550.000000
183.562528 550.000000
180.542196 550.000000
179.535418 550.000000
176.515086 550.000000
175.508308 550.000000
174.501531 550.000000
173.494754 550.000000
172.487976 550.000000
170.474421 550.000000
169.467644 550.000000
165.440534 550.000000
164.433757 550.000000
163.426979 550.000000
159.399869 550.000000
158.393092 550.000000
157.386314 550.000000
156.379537 550.000000
155.372759 550.000000
153.359205 550.000000
150.338872 550.000000
149.332095 550.000000
146.311762 550.000000
145.304985 550.000000
144.298208 550.000000
143.291430 550.000000
142.284653 550.000000
141.277875 550.000000
140.271098 550.000000
137.250765 550.000000
136.243988 550.000000
135.237211 550.000000
131.210101 550.000000
130.203323 550.000000
129.196546 550.000000
128.189768 550.000000
126.176214 550.000000
125.169436 550.000000
124.162659 550.000000
122.149104 550.000000
118.121994 550.000000
117.115217 550.000000
114.094884 550.000000
113.088107 550.000000
112.081329 550.000000
111.074552 550.000000
110.067774 550.000000
109.060997 550.000000
107.047442 550.000000
105.033887 550.000000
104.027110 550.000000
100.000000 550.000000
