1630
100.000000 450.000000
101.001866 450.000000
103.005598 450.000000
104.007464 450.000000
106.011196 450.000000
108.014928 450.000000
109.016794 450.000000
110.018660 450.000000
111.020526 450.000000
112.022392 450.000000
114.026124 450.000000
116.029856 450.000000
117.031722 450.000000
119.035454 450.000000
120.037320 450.000000
122.041052 450.000000
125.046650 450.000000
127.050382 450.000000
128.052248 450.000000
130.055980 450.000000
131.057846 450.000000
132.059712 450.000000
133.061578 450.000000
134.063444 450.000000
135.065310 450.000000
136.067177 450.000000
137.069043 450.000000
141.076507 450.000000
143.080239 450.000000
144.082105 450.000000
146.085837 450.000000
147.087703 450.000000
148.089569 450.000000
149.091435 450.000000
150.093301 450.000000
152.097033 450.000000
155.102631 450.000000
156.104497 450.000000
157.106363 450.000000
158.108229 450.000000
162.115693 450.000000
164.119425 450.000000
166.123157 450.000000
167.125023 450.000000
168.126889 450.000000
169.128755 450.000000
171.132487 450.000000
172.137169 448.259840
177.160577 439.559042
178.667600 436.948802
179.169941 436.078722
180.676963 433.468482
182.686326 429.988163
185.198031 425.637764
185.700372 424.767684
187.207394 422.157444
187.709735 421.287364
188.714417 419.547204
190.723780 416.066885
193.235484 411.716486
195.244848 408.236166
196.249529 406.496006
196.751870 405.625926
197.254211 404.755847
199.765915 400.405447
202.277620 396.055048
207.301028 387.354249
208.305710 385.614089
208.808051 384.744010
209.310391 383.873930
209.812732 383.003850
210.315073 382.133770
212.826777 377.783371
214.333800 375.173131
215.338482 373.432971
215.840822 372.562891
216.845504 370.822732
217.850186 369.082572
220.864231 363.862093
222.371253 361.251853
224.882958 356.901454
225.385298 356.031374
225.887639 355.161294
226.389980 354.291214
226.892321 353.421134
230.408707 347.330575
231.413389 345.590415
231.915730 344.720335
232.418070 343.850256
232.920411 342.980176
234.427434 340.369936
235.432115 338.629776
235.934456 337.759696
236.436797 336.889617
237.943820 334.279377
238.446161 333.409297
238.948501 332.539217
239.953183 330.799057
240.957865 329.058898
242.967228 325.578578
243.469569 324.708498
243.971910 323.838418
244.976592 322.098259
245.478932 321.228179
248.995318 315.137620
249.497659 314.267540
250.000000 313.397460
250.502341 314.267540
251.507023 316.007700
252.511704 317.747859
253.014045 318.617939
253.516386 319.488019
255.525749 322.968339
256.028090 323.838418
256.530431 324.708498
257.535113 326.448658
260.549158 331.669137
262.056180 334.279377
262.558521 335.149457
263.060862 336.019537
264.065544 337.759696
265.070225 339.499856
267.079589 342.980176
267.581930 343.850256
268.084270 344.720335
273.107679 353.421134
274.614702 356.031374
276.624065 359.511693
278.131087 362.121933
278.633428 362.992013
280.140451 365.602252
281.647473 368.212492
282.652155 369.952652
283.154496 370.822732
283.656837 371.692811
284.661518 373.432971
285.666200 375.173131
287.173223 377.783371
288.177904 379.523530
291.694290 385.614089
292.196631 386.484169
293.703654 389.094409
294.708335 390.834569
295.210676 391.704649
295.713017 392.574728
296.215358 393.444808
297.220040 395.184968
297.722380 396.055048
299.229403 398.665288
299.731744 399.535367
300.234085 400.405447
302.745789 404.755847
305.257493 409.106246
305.759834 409.976326
308.773879 415.196805
309.276220 416.066885
310.280902 417.807045
310.783243 418.677125
311.787924 420.417284
312.290265 421.287364
312.792606 422.157444
314.299628 424.767684
317.816014 430.858243
318.318355 431.728323
318.820696 432.598403
319.825378 434.338562
320.327719 435.208642
321.834741 437.818882
323.844105 441.299201
324.848786 443.039361
325.351127 443.909441
326.355809 445.649601
326.858150 446.519681
327.862831 448.259840
328.365172 449.129920
329.873822 450.000000
330.880131 450.000000
331.886440 450.000000
333.899058 450.000000
334.905366 450.000000
335.911675 450.000000
336.917984 450.000000
337.924293 450.000000
338.930602 450.000000
339.936911 450.000000
340.943220 450.000000
341.949529 450.000000
342.955838 450.000000
344.968455 450.000000
345.974764 450.000000
346.981073 450.000000
348.993691 450.000000
350.000000 450.000000
351.006309 450.000000
352.012618 450.000000
353.018927 450.000000
354.025236 450.000000
356.037853 450.000000
357.044162 450.000000
358.050471 450.000000
359.056780 450.000000
360.063089 450.000000
361.069398 450.000000
364.088325 450.000000
365.094634 450.000000
366.100942 450.000000
367.107251 450.000000
368.113560 450.000000
369.119869 450.000000
370.126178 450.000000
371.132487 450.000000
371.132487 450.000000
371.635641 449.128511
372.138796 448.257022
372.641950 447.385533
373.145105 446.514044
373.648259 445.642555
374.151414 444.771066
374.654568 443.899577
375.157722 443.028088
375.660877 442.156599
376.164031 441.285110
376.667186 440.413620
377.170340 439.542131
377.673495 438.670642
378.176649 437.799153
378.679803 436.927664
379.182958 436.056175
379.686112 435.184686
380.189267 434.313197
380.692421 433.441708
381.195576 432.570219
381.698730 431.698730
382.201884 430.827241
382.705039 429.955752
383.208193 429.084263
383.711348 428.212774
384.717657 426.469796
385.220811 425.598307
385.723965 424.726818
387.233429 422.112350
388.239738 420.369372
388.742892 419.497883
389.749201 417.754905
390.252355 416.883416
390.755510 416.011927
391.258664 415.140438
391.761819 414.268949
392.264973 413.397460
391.762632 412.527380
390.757950 410.787220
387.743905 405.566741
385.232201 401.216342
381.213474 394.255703
380.711134 393.385623
379.204111 390.775383
378.701770 389.905303
377.697088 388.165144
377.194748 387.295064
375.185384 383.814744
374.683043 382.944664
374.180703 382.074584
373.678362 381.204504
372.673680 379.464345
371.668998 377.724185
369.157294 373.373786
367.650271 370.763546
366.645590 369.023386
365.640908 367.283226
364.636226 365.543067
363.631545 363.802907
361.119840 359.452508
360.115159 357.712348
359.612818 356.842268
358.608136 355.102108
355.594091 349.881629
355.091750 349.011549
352.580046 344.661150
352.077705 343.791070
351.073024 342.050910
349.063660 338.570590
348.058978 336.830431
345.547274 332.480031
343.035570 328.129632
342.533229 327.259552
341.026207 324.649312
340.021525 322.909153
338.012162 319.428833
337.007480 317.688673
336.002798 315.948514
334.495776 313.338274
333.993435 312.468194
332.486412 309.857954
331.481730 308.117795
330.979390 307.247715
330.477049 306.377635
329.974708 305.507555
329.472367 304.637475
328.970026 303.767395
328.467685 302.897315
326.960663 300.287076
324.951299 296.806756
324.448959 295.936676
321.434914 290.716197
319.425550 287.235878
316.913846 282.885478
316.411505 282.015398
314.402142 278.535079
313.397460 276.794919
315.406823 276.794919
316.411505 276.794919
317.416187 276.794919
323.444277 276.794919
329.472367 276.794919
330.477049 276.794919
334.495776 276.794919
335.500457 276.794919
343.537911 276.794919
344.542593 276.794919
345.547274 276.794919
346.551956 276.794919
349.566001 276.794919
351.575365 276.794919
352.580046 276.794919
355.594091 276.794919
356.598773 276.794919
357.603455 276.794919
359.612818 276.794919
362.626863 276.794919
363.631545 276.794919
364.636227 276.794919
368.654954 276.794919
370.664317 276.794919
371.668999 276.794919
373.678362 276.794919
375.687725 276.794919
378.701771 276.794919
383.725179 276.794919
384.729861 276.794919
385.734542 276.794919
389.753269 276.794919
390.757951 276.794919
391.762633 276.794919
393.771996 276.794919
395.781359 276.794919
402.814131 276.794919
403.818813 276.794919
404.823495 276.794919
413.865630 276.794919
414.870312 276.794919
416.879675 276.794919
418.889039 276.794919
420.898402 276.794919
423.912447 276.794919
426.926492 276.794919
428.935856 276.794919
433.959264 276.794919
434.963946 276.794919
438.982673 276.794919
441.996718 276.794919
443.001399 276.794919
444.006081 276.794919
446.015444 276.794919
448.024808 276.794919
450.034171 276.794919
452.043535 276.794919
453.048216 276.794919
456.062261 276.794919
458.071625 276.794919
459.076307 276.794919
463.095033 276.794919
466.109078 276.794919
467.113760 276.794919
471.132487 276.794919
471.132487 276.794919
473.141850 273.314600
475.151214 269.834280
476.155895 268.094120
476.658236 267.224040
477.160577 266.353961
480.174622 261.133481
480.676963 260.263401
482.686326 256.783082
484.695690 253.302762
485.198031 252.432683
486.202712 250.692523
487.207394 248.952363
487.709735 248.082283
488.212076 247.212203
488.714417 246.342123
490.221439 243.731884
490.723780 242.861804
491.226121 241.991724
492.230803 240.251564
493.737825 237.641325
495.747189 234.161005
498.761234 228.940526
499.765915 227.200366
500.268256 226.330286
501.272938 224.590127
501.775279 223.720047
503.282301 221.109807
503.784642 220.239727
504.286983 219.369647
504.789324 218.499568
505.794005 216.759408
506.296346 215.889328
506.798687 215.019248
507.803369 213.279088
508.305710 212.409008
508.808051 211.538929
509.310391 210.668849
510.817414 208.058609
513.831459 202.838130
515.338482 200.227890
516.845504 197.617651
517.347845 196.747571
520.864231 190.657012
521.366572 189.786932
521.868913 188.916852
522.371253 188.046772
523.375935 186.306612
523.878276 185.436532
524.380617 184.566453
524.882958 183.696373
525.385298 182.826293
525.887639 181.956213
528.399344 177.605814
530.911048 173.255414
531.413389 172.385334
531.915730 171.515254
532.418070 170.645175
532.920411 169.775095
534.427434 167.164855
536.436797 163.684536
537.943820 161.074296
539.953183 157.593976
540.957865 155.853817
542.464887 153.243577
543.971910 150.633337
544.976592 148.893178
546.483614 146.282938
546.985955 145.412858
547.488296 144.542778
548.492977 142.802619
548.995318 141.932539
549.497659 141.062459
551.004682 141.932539
552.009363 143.672698
552.511704 144.542778
560.046817 157.593976
561.051499 159.334136
562.056180 161.074296
563.563203 163.684536
566.074907 168.034935
567.581930 170.645175
570.595975 175.865654
571.600656 177.605814
572.605338 179.345973
574.614702 182.826293
578.633428 189.786932
580.642792 193.267251
581.647473 195.007411
582.149814 195.877491
583.656837 198.487730
584.661518 200.227890
585.163859 201.097970
585.666200 201.968050
586.168541 202.838130
586.670882 203.708210
587.675564 205.448369
589.182586 208.058609
590.689609 210.668849
591.694290 212.409008
592.196631 213.279088
594.708335 217.629488
596.215358 220.239727
597.220040 221.979887
598.727062 224.590127
599.229403 225.460207
600.736426 228.070446
601.741107 229.810606
603.750471 233.290925
604.252811 234.161005
606.262175 237.641325
606.764516 238.511405
608.271538 241.121644
610.280902 244.601964
610.783243 245.472044
611.787924 247.212203
615.806651 254.172842
616.308992 255.042922
620.327719 262.003561
621.332400 263.743721
621.834741 264.613801
622.839423 266.353961
623.341764 267.224040
623.844105 268.094120
624.346445 268.964200
624.848786 269.834280
625.351127 270.704360
626.355809 272.444520
629.872195 276.794919
630.876876 276.794919
631.881558 276.794919
632.886240 276.794919
640.923693 276.794919
641.928375 276.794919
644.942420 276.794919
646.951784 276.794919
647.956465 276.794919
652.979874 276.794919
654.989237 276.794919
658.003282 276.794919
660.012646 276.794919
662.022009 276.794919
667.045418 276.794919
670.059463 276.794919
672.068826 276.794919
673.073508 276.794919
676.087553 276.794919
681.110961 276.794919
684.125007 276.794919
688.143733 276.794919
690.153097 276.794919
693.167142 276.794919
694.171824 276.794919
700.199914 276.794919
701.204595 276.794919
702.209277 276.794919
705.223322 276.794919
710.246731 276.794919
716.274821 276.794919
717.279503 276.794919
719.288866 276.794919
721.298229 276.794919
724.312275 276.794919
726.321638 276.794919
727.326320 276.794919
730.340365 276.794919
733.354410 276.794919
735.363773 276.794919
737.373137 276.794919
740.387182 276.794919
741.391863 276.794919
742.396545 276.794919
750.433999 276.794919
751.438680 276.794919
753.448044 276.794919
759.476134 276.794919
762.490179 276.794919
763.494861 276.794919
766.508906 276.794919
769.522951 276.794919
772.536996 276.794919
773.541678 276.794919
775.551041 276.794919
778.565086 276.794919
779.569768 276.794919
782.583813 276.794919
784.593177 276.794919
784.090836 281.145318
783.588495 282.015398
783.086154 282.885478
782.081472 284.625638
779.569768 288.976037
779.067427 289.846117
778.062746 291.586277
777.560405 292.456357
776.053382 295.066596
775.048701 296.806756
773.039337 300.287076
772.536996 301.157156
771.532315 302.897315
769.020610 307.247715
768.518270 308.117795
767.011247 310.728034
766.508906 311.598114
766.006565 312.468194
765.001884 314.208354
764.499543 315.078434
763.997202 315.948514
763.494861 316.818593
762.992520 317.688673
762.490179 318.558753
761.987838 319.428833
760.983157 321.168993
760.480816 322.039073
758.973793 324.649312
758.471453 325.519392
757.969112 326.389472
756.964430 328.129632
756.462089 328.999712
753.950385 333.350111
751.438681 337.700511
750.936340 338.570590
749.931658 340.310750
749.429317 341.180830
747.419954 344.661150
746.917613 345.531229
744.405909 349.881629
743.401227 351.621789
742.898886 352.491868
742.396545 353.361948
738.880160 359.452508
738.377819 360.322587
736.870796 362.932827
735.363774 365.543067
734.861433 366.413147
733.856751 368.153306
732.349729 370.763546
731.345047 372.503706
730.842706 373.373786
729.335683 375.984025
727.828661 378.594265
726.823979 380.334425
722.302912 388.165144
720.795889 390.775383
719.791207 392.515543
718.786526 394.255703
717.279503 396.865942
715.270140 400.346262
714.265458 402.086422
713.260776 403.826581
711.753754 406.436821
711.251413 407.306901
710.749072 408.176981
710.246731 409.047061
707.735027 413.397460
708.238181 414.268949
708.741336 415.140438
709.747645 416.883416
710.250799 417.754905
710.753954 418.626394
711.257108 419.497883
711.760262 420.369372
712.263417 421.240861
712.766571 422.112350
713.269726 422.983840
713.772880 423.855329
714.276035 424.726818
714.779189 425.598307
715.282343 426.469796
716.288652 428.212774
716.791807 429.084263
717.294961 429.955752
717.798116 430.827241
718.301270 431.698730
718.804424 432.570219
719.307579 433.441708
719.810733 434.313197
720.313888 435.184686
721.320197 436.927664
722.326505 438.670642
723.332814 440.413620
723.835969 441.285110
724.339123 442.156599
724.842278 443.028088
725.345432 443.899577
725.848586 444.771066
727.358050 447.385533
727.861204 448.257022
728.364359 449.128511
728.867513 450.000000
728.867513 450.000000
729.873822 450.000000
730.880131 450.000000
732.892749 450.000000
733.899058 450.000000
734.905366 450.000000
735.911675 450.000000
736.917984 450.000000
737.924293 450.000000
739.936911 450.000000
741.949529 450.000000
743.962147 450.000000
744.968455 450.000000
745.974764 450.000000
746.981073 450.000000
748.993691 450.000000
750.000000 450.000000
751.006309 450.000000
752.012618 450.000000
753.018927 450.000000
754.025236 450.000000
755.031545 450.000000
756.037853 450.000000
757.044162 450.000000
758.050471 450.000000
759.056780 450.000000
760.063089 450.000000
761.069398 450.000000
764.088325 450.000000
765.094634 450.000000
766.100942 450.000000
767.107251 450.000000
768.113560 450.000000
769.119869 450.000000
770.126178 450.000000
771.132487 450.000000
771.132487 450.000000
773.141850 446.519681
774.146532 444.779521
776.658236 440.429121
777.160577 439.559042
778.165259 437.818882
779.169941 436.078722
782.183986 430.858243
782.686326 429.988163
783.188667 429.118083
787.709735 421.287364
788.212076 420.417284
789.216757 418.677125
790.221439 416.936965
792.230803 413.456645
793.235484 411.716486
794.742507 409.106246
796.249529 406.496006
798.258893 403.015687
798.761234 402.145607
799.263574 401.275527
799.765915 400.405447
801.775279 396.925128
802.779960 395.184968
804.286983 392.574728
805.794005 389.964489
806.798687 388.224329
807.301028 387.354249
808.808051 384.744010
809.310391 383.873930
810.817414 381.263690
812.324436 378.653450
814.836141 374.303051
815.840822 372.562891
816.343163 371.692811
817.347845 369.952652
817.850186 369.082572
818.352527 368.212492
818.854867 367.342412
820.361890 364.732172
820.864231 363.862093
824.380617 357.771534
824.882958 356.901454
826.389980 354.291214
826.892321 353.421134
827.394662 352.551054
827.897003 351.680974
828.901684 349.940815
829.906366 348.200655
831.413389 345.590415
835.432115 338.629776
835.934456 337.759696
836.436797 336.889617
837.441479 335.149457
839.953183 330.799057
840.957865 329.058898
841.460206 328.188818
842.464887 326.448658
843.469569 324.708498
846.985955 318.617939
850.000000 313.397460
850.502341 314.267540
852.009363 316.877779
856.530431 324.708498
858.539794 328.188818
861.051499 332.539217
862.056180 334.279377
863.060862 336.019537
866.074907 341.240016
868.084270 344.720335
869.088952 346.460495
869.591293 347.330575
870.595975 349.070735
871.600656 350.810895
872.605338 352.551054
874.614702 356.031374
875.117042 356.901454
875.619383 357.771534
876.121724 358.641613
877.126406 360.381773
877.628747 361.251853
879.638110 364.732172
882.652155 369.952652
884.159178 372.562891
884.661518 373.432971
887.675564 378.653450
889.684927 382.133770
891.191949 384.744010
892.196631 386.484169
893.201313 388.224329
897.722380 396.055048
898.224721 396.925128
899.229403 398.665288
900.234085 400.405447
901.238766 402.145607
902.745789 404.755847
903.750471 406.496006
904.755152 408.236166
905.759834 409.976326
906.262175 410.846406
906.764516 411.716486
907.266857 412.586565
909.276220 416.066885
913.294947 423.027524
914.299628 424.767684
915.304310 426.507843
917.816014 430.858243
919.323037 433.468482
920.327719 435.208642
922.337082 438.688962
923.341764 440.429121
927.862831 448.259840
928.867513 450.000000
930.871245 450.000000
932.874977 450.000000
933.876843 450.000000
936.882441 450.000000
940.889905 450.000000
941.891771 450.000000
942.893637 450.000000
944.897369 450.000000
947.902967 450.000000
949.906699 450.000000
954.916029 450.000000
955.917895 450.000000
957.921627 450.000000
958.923493 450.000000
959.925359 450.000000
961.929091 450.000000
962.930957 450.000000
964.934690 450.000000
965.936556 450.000000
967.940288 450.000000
969.944020 450.000000
970.945886 450.000000
971.947752 450.000000
973.951484 450.000000
974.953350 450.000000
975.955216 450.000000
976.957082 450.000000
979.962680 450.000000
980.964546 450.000000
983.970144 450.000000
984.972010 450.000000
985.973876 450.000000
986.975742 450.000000
988.979474 450.000000
989.981340 450.000000
990.983206 450.000000
991.985072 450.000000
993.988804 450.000000
994.990670 450.000000
995.992536 450.000000
996.994402 450.000000
997.996268 450.000000
1000.000000 450.000000
1000.000000 451.000000
1000.000000 452.000000
1000.000000 455.000000
1000.000000 456.000000
1000.000000 457.000000
1000.000000 460.000000
1000.000000 463.000000
1000.000000 464.000000
1000.000000 465.000000
1000.000000 466.000000
1000.000000 467.000000
1000.000000 470.000000
1000.000000 472.000000
1000.000000 473.000000
1000.000000 479.000000
1000.000000 480.000000
1000.000000 481.000000
1000.000000 482.000000
1000.000000 486.000000
1000.000000 491.000000
1000.000000 492.000000
1000.000000 493.000000
1000.000000 494.000000
1000.000000 497.000000
1000.000000 500.000000
1000.000000 504.000000
1000.000000 510.000000
1000.000000 513.000000
1000.000000 515.000000
1000.000000 516.000000
1000.000000 517.000000
1000.000000 518.000000
1000.000000 519.000000
1000.000000 521.000000
1000.000000 522.000000
1000.000000 526.000000
1000.000000 527.000000
1000.000000 528.000000
1000.000000 529.000000
1000.000000 530.000000
1000.000000 531.000000
1000.000000 532.000000
1000.000000 534.000000
1000.000000 535.000000
1000.000000 536.000000
1000.000000 537.000000
1000.000000 538.000000
1000.000000 542.000000
1000.000000 543.000000
1000.000000 545.000000
1000.000000 546.000000
1000.000000 549.000000
1000.000000 550.000000
998.993223 550.000000
997.986445 550.000000
996.979668 550.000000
993.959335 550.000000
992.952558 550.000000
989.932226 550.000000
985.905116 550.000000
982.884783 550.000000
981.878006 550.000000
973.823786 550.000000
968.789899 550.000000
967.783122 550.000000
965.769567 550.000000
964.762789 550.000000
963.756012 550.000000
962.749235 550.000000
961.742457 550.000000
960.735680 550.000000
958.722125 550.000000
957.715347 550.000000
956.708570 550.000000
955.701792 550.000000
953.688238 550.000000
952.681460 550.000000
951.674683 550.000000
938.586576 550.000000
936.573021 550.000000
935.566243 550.000000
933.552689 550.000000
929.525579 550.000000
928.518801 550.000000
926.505246 550.000000
921.471359 550.000000
920.464582 550.000000
919.457804 550.000000
916.437472 550.000000
915.430695 550.000000
911.403585 550.000000
910.396807 550.000000
908.383252 550.000000
904.356143 550.000000
903.349365 550.000000
902.342588 550.000000
901.335810 550.000000
899.322255 550.000000
898.315478 550.000000
897.308701 550.000000
896.301923 550.000000
895.295146 550.000000
894.288368 550.000000
892.274813 550.000000
891.268036 550.000000
887.240926 550.000000
886.234149 550.000000
883.213816 550.000000
879.186707 550.000000
877.173152 550.000000
873.146042 550.000000
872.139264 550.000000
871.132487 550.000000
870.629333 549.128511
870.126178 548.257022
868.616715 545.642555
868.113560 544.771066
867.610406 543.899577
867.107251 543.028088
866.604097 542.156599
865.597788 540.413620
865.094634 539.542131
863.082016 536.056175
862.578861 535.184686
862.075707 534.313197
861.069398 532.570219
860.566243 531.698730
860.063089 530.827241
859.559935 529.955752
859.056780 529.084263
858.553626 528.212774
857.547317 526.469796
856.541008 524.726818
856.037853 523.855329
855.534699 522.983840
855.031545 522.112350
854.528390 521.240861
854.025236 520.369372
853.522081 519.497883
853.018927 518.626394
852.515772 517.754905
852.012618 516.883416
851.509463 516.011927
851.006309 515.140438
850.503154 514.268949
850.000000 513.397460
850.000000 513.397460
848.993691 515.140438
847.484228 517.754905
846.981073 518.626394
846.477919 519.497883
845.974764 520.369372
845.471610 521.240861
844.968455 522.112350
844.465301 522.983840
843.458992 524.726818
842.955838 525.598307
842.452683 526.469796
841.949529 527.341285
841.446374 528.212774
840.943220 529.084263
840.440065 529.955752
839.936911 530.827241
839.433757 531.698730
838.427448 533.441708
837.924293 534.313197
837.421139 535.184686
836.917984 536.056175
836.414830 536.927664
835.911675 537.799153
835.408521 538.670642
834.402212 540.413620
833.899058 541.285110
833.395903 542.156599
832.389594 543.899577
831.383285 545.642555
830.880131 546.514044
830.376976 547.385533
829.873822 548.257022
826.858150 550.000000
818.820696 550.000000
815.806651 550.000000
814.801969 550.000000
812.792606 550.000000
807.769197 550.000000
806.764516 550.000000
805.759834 550.000000
804.755152 550.000000
802.745789 550.000000
800.736426 550.000000
799.731744 550.000000
796.717699 550.000000
795.713017 550.000000
788.680245 550.000000
783.656837 550.000000
782.652155 550.000000
781.647473 550.000000
778.633428 550.000000
776.624065 550.000000
774.614702 550.000000
771.600656 550.000000
769.591293 550.000000
767.581930 550.000000
761.553839 550.000000
757.535113 550.000000
755.525749 550.000000
751.507023 550.000000
749.497659 550.000000
748.492977 550.000000
744.474251 550.000000
743.469569 550.000000
742.464887 550.000000
741.460206 550.000000
739.450842 550.000000
737.441479 550.000000
736.436797 550.000000
731.413389 550.000000
727.394662 550.000000
726.389980 550.000000
725.385298 550.000000
722.371253 550.000000
720.361890 550.000000
716.343163 550.000000
714.333800 550.000000
711.319755 550.000000
708.305710 550.000000
707.301028 550.000000
705.291665 550.000000
701.272938 550.000000
699.263574 550.000000
697.254211 550.000000
692.230803 550.000000
690.221439 550.000000
681.179304 550.000000
679.169941 550.000000
676.155895 550.000000
675.151214 550.000000
674.146532 550.000000
671.132487 550.000000
670.127805 548.259840
668.620783 545.649601
668.118442 544.779521
667.616101 543.909441
666.611419 542.169281
666.109078 541.299201
665.606738 540.429121
662.592692 535.208642
661.588011 533.468482
660.583329 531.728323
659.076307 529.118083
658.573966 528.248003
657.066943 525.637764
656.564602 524.767684
655.057580 522.157444
654.555239 521.287364
653.048216 518.677125
652.043535 516.936965
651.038853 515.196805
649.029489 511.716486
647.522467 509.106246
647.020126 508.236166
646.517785 507.366086
646.015444 506.496006
645.513103 505.625926
644.508422 503.885767
641.996717 499.535367
641.494377 498.665288
639.987354 496.055048
639.485013 495.184968
638.982672 494.314888
638.480332 493.444808
637.977991 492.574728
637.475650 491.704649
636.470968 489.964489
635.968627 489.094409
632.954582 483.873930
630.945219 480.393610
627.931174 475.173131
626.424151 472.562891
622.907765 466.472332
622.405424 465.602252
621.400743 463.862093
619.893720 461.251853
618.889038 459.511693
617.884357 457.771534
617.382016 456.901454
616.879675 456.031374
616.377334 455.161294
615.874993 454.291214
614.367971 451.680974
613.865630 450.810895
613.363289 449.940815
612.860948 449.070735
610.851585 445.590415
610.349244 444.720335
609.846903 443.850256
608.339880 441.240016
606.832858 438.629776
605.325835 436.019537
603.818813 433.409297
598.795404 424.708498
598.293063 423.838418
596.786041 421.228179
595.781359 419.488019
595.279018 418.617939
593.269655 415.137620
592.264973 413.397460
592.264973 413.397460
592.768127 412.525971
593.271282 411.654482
594.277591 409.911504
594.780745 409.040015
595.283900 408.168526
595.787054 407.297036
596.290209 406.425547
596.793363 405.554058
597.296518 404.682569
597.799672 403.811080
598.302826 402.939591
598.805981 402.068102
599.309135 401.196613
599.812290 400.325124
600.315444 399.453635
600.818599 398.582146
601.321753 397.710657
601.824908 396.839168
602.328062 395.967679
602.831216 395.096190
603.334371 394.224700
603.837525 393.353211
604.340680 392.481722
604.843834 391.610233
605.346989 390.738744
605.850143 389.867255
606.856452 388.124277
607.359607 387.252788
607.862761 386.381299
608.869070 384.638321
609.372224 383.766832
609.875379 382.895342
610.378533 382.023853
611.384842 380.280875
612.894306 377.666408
613.397460 376.794919
613.397460 376.794919
612.391151 376.794919
611.384842 376.794919
610.378533 376.794919
609.372224 376.794919
607.359607 376.794919
606.353298 376.794919
605.346989 376.794919
604.340680 376.794919
602.328062 376.794919
601.321753 376.794919
600.315445 376.794919
599.309136 376.794919
598.302827 376.794919
597.296518 376.794919
596.290209 376.794919
595.283900 376.794919
594.277591 376.794919
593.271282 376.794919
592.264973 376.794919
590.252356 376.794919
589.246047 376.794919
588.239738 376.794919
587.233429 376.794919
586.227120 376.794919
585.220811 376.794919
584.214502 376.794919
583.208194 376.794919
582.201885 376.794919
581.195576 376.794919
580.189267 376.794919
579.182958 376.794919
578.176649 376.794919
577.170340 376.794919
575.157723 376.794919
574.151414 376.794919
573.145105 376.794919
572.138796 376.794919
571.132487 376.794919
571.132487 376.794919
570.629333 375.923430
570.126178 375.051941
569.623024 374.180452
569.119869 373.308963
568.616715 372.437474
568.113560 371.565985
567.107251 369.823007
566.604097 368.951518
566.100942 368.080029
565.597788 367.208539
565.094634 366.337050
564.088325 364.594072
563.585170 363.722583
563.082016 362.851094
562.578861 361.979605
562.075707 361.108116
561.572552 360.236627
561.069398 359.365138
560.566243 358.493649
560.063089 357.622160
559.559935 356.750671
559.056780 355.879182
558.553626 355.007693
558.050471 354.136204
557.547317 353.264715
557.044162 352.393226
556.037853 350.650248
555.534699 349.778759
555.031545 348.907269
554.528390 348.035780
554.025236 347.164291
553.522081 346.292802
553.018927 345.421313
552.515772 344.549824
552.012618 343.678335
551.509463 342.806846
550.503154 341.063868
550.000000 340.192379
550.000000 340.192379
549.496846 341.063868
548.993691 341.935357
547.987382 343.678335
547.484228 344.549824
546.981073 345.421313
546.477919 346.292802
545.974764 347.164291
545.471610 348.035780
544.968455 348.907269
544.465301 349.778759
543.962147 350.650248
543.458992 351.521737
541.949529 354.136204
541.446374 355.007693
540.440065 356.750671
539.433757 358.493649
538.930602 359.365138
538.427448 360.236627
537.924293 361.108116
537.421139 361.979605
536.917984 362.851094
536.414830 363.722583
535.911675 364.594072
535.408521 365.465561
534.402212 367.208539
533.899058 368.080029
533.395903 368.951518
532.892749 369.823007
532.389594 370.694496
531.886440 371.565985
531.383285 372.437474
530.880131 373.308963
529.370667 375.923430
528.867513 376.794919
527.861204 376.794919
526.854895 376.794919
525.848586 376.794919
524.842277 376.794919
523.835969 376.794919
521.823351 376.794919
520.817042 376.794919
519.810733 376.794919
518.804424 376.794919
516.791806 376.794919
515.785498 376.794919
513.772880 376.794919
512.766571 376.794919
510.753953 376.794919
509.747644 376.794919
508.741335 376.794919
505.722409 376.794919
504.716100 376.794919
503.709791 376.794919
502.703482 376.794919
501.697173 376.794919
500.690864 376.794919
497.671938 376.794919
496.665629 376.794919
491.634084 376.794919
490.627776 376.794919
489.621467 376.794919
487.608849 376.794919
486.602540 376.794919
487.608849 378.537897
488.112003 379.409386
488.615158 380.280875
489.118312 381.152364
489.621467 382.023853
490.124621 382.895342
490.627776 383.766832
491.130930 384.638321
491.634085 385.509810
492.137239 386.381299
492.640393 387.252788
493.143548 388.124277
493.646702 388.995766
494.653011 390.738744
495.659320 392.481722
496.162475 393.353211
496.665629 394.224700
497.168784 395.096190
497.671938 395.967679
498.175092 396.839168
498.678247 397.710657
499.684556 399.453635
500.187710 400.325124
500.690865 401.196613
501.194019 402.068102
501.697174 402.939591
502.703482 404.682569
503.709791 406.425547
504.212946 407.297036
504.716100 408.168526
505.219255 409.040015
505.722409 409.911504
506.225564 410.782993
506.728718 411.654482
507.231873 412.525971
507.735027 413.397460
507.232686 414.267540
504.218641 419.488019
503.213959 421.228179
502.711618 422.098259
502.209278 422.968339
501.706937 423.838418
501.204596 424.708498
500.702255 425.578578
499.697573 427.318738
499.195232 428.188818
497.688210 430.799057
495.678847 434.279377
495.176506 435.149457
493.167142 438.629776
492.162461 440.369936
490.655438 442.980176
488.646075 446.460495
485.632029 451.680974
483.622666 455.161294
482.617984 456.901454
480.608621 460.381773
480.106280 461.251853
478.599257 463.862093
477.594576 465.602252
477.092235 466.472332
475.585212 469.082572
475.082872 469.952652
474.078190 471.692811
472.068826 475.173131
471.064145 476.913291
469.557122 479.523530
468.050100 482.133770
466.040736 485.614089
465.036054 487.354249
464.533714 488.224329
463.529032 489.964489
462.022009 492.574728
460.012646 496.055048
459.510305 496.925128
459.007964 497.795208
457.500942 500.405447
454.989237 504.755847
454.486897 505.625926
453.482215 507.366086
452.979874 508.236166
451.975192 509.976326
450.468170 512.586565
448.961147 515.196805
448.458806 516.066885
447.956465 516.936965
446.951784 518.677125
444.942420 522.157444
443.937739 523.897604
443.435398 524.767684
442.933057 525.637764
441.426034 528.248003
439.919012 530.858243
437.407308 535.208642
435.900285 537.818882
435.397944 538.688962
433.890922 541.299201
433.388581 542.169281
432.886240 543.039361
431.881558 544.779521
431.379217 545.649601
430.374536 547.389760
429.369854 549.129920
428.867513 550.000000
428.867513 550.000000
426.858150 550.000000
425.853468 550.000000
424.848786 550.000000
423.844105 550.000000
421.834741 550.000000
416.811333 550.000000
411.787924 550.000000
409.778561 550.000000
408.773879 550.000000
406.764516 550.000000
405.759834 550.000000
403.750471 550.000000
398.727062 550.000000
393.703654 550.000000
392.698972 550.000000
391.694290 550.000000
389.684927 550.000000
388.680245 550.000000
380.642792 550.000000
377.628747 550.000000
374.614702 550.000000
372.605338 550.000000
371.600656 550.000000
370.595975 550.000000
369.591293 550.000000
368.586611 550.000000
361.553839 550.000000
358.539794 550.000000
357.535113 550.000000
350.502341 550.000000
347.488296 550.000000
346.483614 550.000000
343.469569 550.000000
342.464887 550.000000
337.441479 550.000000
333.422752 550.000000
332.418070 550.000000
331.413389 550.000000
330.408707 550.000000
328.399344 550.000000
325.385298 550.000000
322.371253 550.000000
320.361890 550.000000
318.352527 550.000000
313.329118 550.000000
307.301028 550.000000
303.282301 550.000000
298.258893 550.000000
294.240166 550.000000
292.230803 550.000000
291.226121 550.000000
289.216757 550.000000
287.207394 550.000000
286.202712 550.000000
283.188667 550.000000
281.179304 550.000000
280.174622 550.000000
275.151214 550.000000
274.146532 550.000000
272.137169 550.000000
271.132487 550.000000
270.629333 549.128511
269.623024 547.385533
269.119869 546.514044
268.616715 545.642555
268.113560 544.771066
267.610406 543.899577
266.604097 542.156599
266.100942 541.285110
265.094634 539.542131
264.591479 538.670642
264.088325 537.799153
263.585170 536.927664
263.082016 536.056175
262.075707 534.313197
261.572552 533.441708
261.069398 532.570219
260.566244 531.698730
259.559935 529.955752
259.056780 529.084263
258.553626 528.212774
257.547317 526.469796
257.044162 525.598307
255.534699 522.983840
255.031545 522.112350
254.025236 520.369372
253.522081 519.497883
253.018927 518.626394
252.515772 517.754905
251.006309 515.140438
250.503154 514.268949
250.000000 513.397460
249.496846 514.268949
248.490537 516.011927
247.987382 516.883416
247.484228 517.754905
246.981073 518.626394
245.974764 520.369372
245.471610 521.240861
244.968455 522.112350
244.465301 522.983840
243.962147 523.855329
243.458992 524.726818
242.955838 525.598307
242.452683 526.469796
241.949529 527.341285
241.446374 528.212774
240.943220 529.084263
240.440065 529.955752
239.936911 530.827241
238.930602 532.570219
237.924293 534.313197
237.421139 535.184686
236.917984 536.056175
235.911675 537.799153
235.408521 538.670642
234.905366 539.542131
234.402212 540.413620
233.899058 541.285110
233.395903 542.156599
232.892749 543.028088
232.389594 543.899577
231.886440 544.771066
231.383285 545.642555
230.880131 546.514044
230.376976 547.385533
229.370667 549.128511
228.867513 550.000000
228.867513 550.000000
227.860736 550.000000
224.840403 550.000000
219.806516 550.000000
217.792961 550.000000
211.752296 550.000000
209.738742 550.000000
208.731964 550.000000
207.725187 550.000000
205.711632 550.000000
201.684522 550.000000
200.677745 550.000000
198.664190 550.000000
197.657412 550.000000
195.643857 550.000000
194.637080 550.000000
182.555751 550.000000
178.528641 550.000000
176.515086 550.000000
175.508308 550.000000
174.501531 550.000000
173.494754 550.000000
172.487976 550.000000
170.474421 550.000000
167.454089 550.000000
166.447311 550.000000
164.433757 550.000000
161.413424 550.000000
159.399869 550.000000
156.379537 550.000000
155.372759 550.000000
154.365982 550.000000
150.338872 550.000000
149.332095 550.000000
146.311762 550.000000
142.284653 550.000000
139.264320 550.000000
137.250765 550.000000
133.223656 550.000000
132.216878 550.000000
131.210101 550.000000
130.203323 550.000000
126.176214 550.000000
125.169436 550.000000
121.142326 550.000000
120.135549 550.000000
116.108439 550.000000
113.088107 550.000000
112.081329 550.000000
111.074552 550.000000
110.067774 550.000000
109.060997 550.000000
108.054220 550.000000
107.047442 550.000000
102.013555 550.000000
