1400
100.000000 450.000000
103.005598 450.000000
105.009330 450.000000
106.011196 450.000000
107.013062 450.000000
110.018660 450.000000
111.020526 450.000000
112.022392 450.000000
113.024258 450.000000
114.026124 450.000000
115.027990 450.000000
116.029856 450.000000
117.031722 450.000000
118.033588 450.000000
119.035454 450.000000
120.037320 450.000000
121.039186 450.000000
122.041052 450.000000
123.042918 450.000000
124.044784 450.000000
125.046650 450.000000
127.050382 450.000000
128.052248 450.000000
129.054114 450.000000
133.061578 450.000000
135.065310 450.000000
136.067177 450.000000
137.069043 450.000000
139.072775 450.000000
145.083971 450.000000
146.085837 450.000000
148.089569 450.000000
149.091435 450.000000
150.093301 450.000000
151.095167 450.000000
154.100765 450.000000
156.104497 450.000000
159.110095 450.000000
160.111961 450.000000
161.113827 450.000000
162.115693 450.000000
165.121291 450.000000
166.123157 450.000000
167.125023 450.000000
168.126889 450.000000
169.128755 450.000000
170.130621 450.000000
172.639510 447.389760
173.141850 446.519681
173.644191 445.649601
174.146532 444.779521
178.667600 436.948802
179.169941 436.078722
180.174622 434.338562
181.179304 432.598403
181.681645 431.728323
182.183986 430.858243
182.686326 429.988163
184.193349 427.377923
185.198031 425.637764
189.216757 418.677125
190.221439 416.936965
191.226121 415.196805
196.249529 406.496006
197.756552 403.885767
198.258893 403.015687
199.263574 401.275527
199.765915 400.405447
200.268256 399.535367
202.779960 395.184968
203.784642 393.444808
209.310391 383.873930
210.315073 382.133770
211.319755 380.393610
211.822096 379.523530
212.826777 377.783371
214.333800 375.173131
214.836141 374.303051
215.338482 373.432971
216.845504 370.822732
220.361890 364.732172
221.868913 362.121933
222.873594 360.381773
223.375935 359.511693
224.380617 357.771534
227.897003 351.680974
228.901684 349.940815
232.920411 342.980176
237.441479 335.149457
240.455524 329.928978
240.957865 329.058898
241.962546 327.318738
242.967228 325.578578
243.469569 324.708498
246.483614 319.488019
247.990637 316.877779
250.502341 314.267540
251.507023 316.007700
252.009363 316.877779
254.018727 320.358099
255.023408 322.098259
256.028090 323.838418
257.032772 325.578578
259.042135 329.058898
260.046817 330.799057
263.060862 336.019537
263.563203 336.889617
265.070225 339.499856
266.577248 342.110096
267.079589 342.980176
268.084270 344.720335
269.088952 346.460495
270.595975 349.070735
272.605338 352.551054
274.614702 356.031374
276.121724 358.641613
277.628747 361.251853
278.131087 362.121933
279.135769 363.862093
280.140451 365.602252
281.145133 367.342412
282.652155 369.952652
283.656837 371.692811
284.661518 373.432971
287.675564 378.653450
289.684927 382.133770
292.196631 386.484169
293.703654 389.094409
294.205995 389.964489
295.210676 391.704649
296.215358 393.444808
296.717699 394.314888
298.727062 397.795208
302.243448 403.885767
304.252811 407.366086
305.257493 409.106246
305.759834 409.976326
311.787924 420.417284
317.313674 429.988163
317.816014 430.858243
318.820696 432.598403
320.830059 436.078722
321.834741 437.818882
323.341764 440.429121
326.355809 445.649601
328.867513 450.000000
330.880131 450.000000
331.886440 450.000000
334.905366 450.000000
335.911675 450.000000
336.917984 450.000000
337.924293 450.000000
338.930602 450.000000
339.936911 450.000000
340.943220 450.000000
341.949529 450.000000
342.955838 450.000000
343.962147 450.000000
344.968455 450.000000
345.974764 450.000000
346.981073 450.000000
347.987382 450.000000
350.000000 450.000000
352.012618 450.000000
353.018927 450.000000
354.025236 450.000000
356.037853 450.000000
357.044162 450.000000
358.050471 450.000000
359.056780 450.000000
360.063089 450.000000
361.069398 450.000000
362.075707 450.000000
364.088325 450.000000
365.094634 450.000000
366.100942 450.000000
367.107251 450.000000
368.113560 450.000000
370.126178 450.000000
371.132487 450.000000
371.132487 450.000000
371.635641 449.128511
372.138796 448.257022
372.641950 447.385533
373.145105 446.514044
373.648259 445.642555
374.151414 444.771066
374.654568 443.899577
375.157722 443.028088
375.660877 442.156599
376.164031 441.285110
376.667186 440.413620
377.170340 439.542131
377.673495 438.670642
378.176649 437.799153
378.679803 436.927664
379.182958 436.056175
379.686112 435.184686
380.189267 434.313197
380.692421 433.441708
381.195576 432.570219
382.705039 429.955752
383.208193 429.084263
383.711348 428.212774
384.214502 427.341285
384.717657 426.469796
385.723965 424.726818
386.227120 423.855329
387.233429 422.112350
387.736583 421.240861
388.239738 420.369372
388.742892 419.497883
389.246046 418.626394
390.252355 416.883416
391.258664 415.140438
391.761819 414.268949
389.753269 409.047061
388.748587 407.306901
388.246246 406.436821
383.222838 397.736022
382.720497 396.865942
380.208793 392.515543
379.706452 391.645463
379.204111 390.775383
377.697088 388.165144
374.180703 382.074584
372.673680 379.464345
370.664317 375.984025
368.152612 371.633626
367.147931 369.893466
364.133886 364.672987
363.129204 362.932827
362.626863 362.062747
360.115159 357.712348
359.110477 355.972188
357.603455 353.361948
354.087069 347.271389
353.082387 345.531229
351.073024 342.050910
348.058978 336.830431
347.556638 335.960351
345.044933 331.609951
343.537911 328.999712
343.035570 328.129632
338.012162 319.428833
337.509821 318.558753
336.505139 316.818593
334.495776 313.338274
332.486412 309.857954
328.970026 303.767395
328.467685 302.897315
327.965345 302.027235
326.960663 300.287076
320.932573 289.846117
316.411505 282.015398
315.406823 280.275239
313.899801 277.664999
313.397460 276.794919
315.406823 276.794919
318.420869 276.794919
320.430232 276.794919
332.486412 276.794919
333.491094 276.794919
337.509821 276.794919
342.533229 276.794919
350.570683 276.794919
356.598773 276.794919
357.603455 276.794919
358.608137 276.794919
359.612818 276.794919
360.617500 276.794919
366.645590 276.794919
377.697089 276.794919
380.711134 276.794919
389.753269 276.794919
392.767314 276.794919
398.795405 276.794919
400.804768 276.794919
401.809450 276.794919
404.823495 276.794919
409.846903 276.794919
410.851585 276.794919
422.907765 276.794919
423.912447 276.794919
424.917129 276.794919
428.935856 276.794919
435.968627 276.794919
439.987354 276.794919
445.010763 276.794919
447.020126 276.794919
449.029490 276.794919
458.071625 276.794919
460.080988 276.794919
461.085670 276.794919
464.099715 276.794919
469.123124 276.794919
471.132487 276.794919
471.132487 276.794919
471.634828 275.924839
472.639510 274.184679
475.151214 269.834280
475.653555 268.964200
476.658236 267.224040
477.662918 265.483881
478.165259 264.613801
479.169941 262.873641
480.676963 260.263401
481.179304 259.393322
483.691008 255.042922
486.705053 249.822443
488.714417 246.342123
489.216757 245.472044
491.226121 241.991724
492.733143 239.381484
493.235484 238.511405
495.747189 234.161005
496.751870 232.420845
497.756552 230.680686
498.258893 229.810606
499.263574 228.070446
503.784642 220.239727
504.286983 219.369647
507.803369 213.279088
508.305710 212.409008
509.812732 209.798769
512.826777 204.578290
514.333800 201.968050
515.840822 199.357810
522.873594 187.176692
525.887639 181.956213
527.394662 179.345973
528.901684 176.735734
529.906366 174.995574
532.418070 170.645175
532.920411 169.775095
533.422752 168.905015
533.925093 168.034935
534.427434 167.164855
534.929775 166.294775
535.432115 165.424695
536.939138 162.814456
538.446161 160.204216
538.948501 159.334136
539.953183 157.593976
541.460206 154.983737
542.967228 152.373497
545.981273 147.153018
546.985955 145.412858
547.488296 144.542778
548.995318 141.932539
549.497659 141.062459
550.502341 141.062459
553.014045 145.412858
554.018727 147.153018
554.521068 148.023098
557.535113 153.243577
558.037454 154.113657
559.544476 156.723897
561.051499 159.334136
561.553839 160.204216
562.056180 161.074296
562.558521 161.944376
563.060862 162.814456
563.563203 163.684536
564.065544 164.554615
567.079589 169.775095
567.581930 170.645175
568.586611 172.385334
570.093634 174.995574
571.600656 177.605814
574.112361 181.956213
575.117042 183.696373
576.624065 186.306612
580.642792 193.267251
581.145133 194.137331
582.652155 196.747571
585.666200 201.968050
587.173223 204.578290
591.694290 212.409008
592.196631 213.279088
592.698972 214.149168
595.210676 218.499568
595.713017 219.369647
596.717699 221.109807
597.220040 221.979887
598.224721 223.720047
603.750471 233.290925
605.759834 236.771245
606.262175 237.641325
608.773879 241.991724
610.280902 244.601964
610.783243 245.472044
611.285583 246.342123
612.290265 248.082283
614.801969 252.432683
617.313674 256.783082
622.337082 265.483881
623.341764 267.224040
623.844105 268.094120
624.848786 269.834280
626.858150 273.314600
627.862831 275.054759
628.867513 276.794919
629.872195 276.794919
632.886240 276.794919
633.890922 276.794919
634.895603 276.794919
641.928375 276.794919
652.979874 276.794919
653.984556 276.794919
654.989237 276.794919
659.007964 276.794919
660.012646 276.794919
667.045418 276.794919
669.054781 276.794919
670.059463 276.794919
675.082871 276.794919
678.096916 276.794919
682.115643 276.794919
683.120325 276.794919
684.125007 276.794919
691.157778 276.794919
696.181187 276.794919
699.195232 276.794919
710.246731 276.794919
712.256094 276.794919
716.274821 276.794919
719.288866 276.794919
722.302911 276.794919
727.326320 276.794919
728.331001 276.794919
738.377818 276.794919
739.382500 276.794919
740.387182 276.794919
741.391863 276.794919
743.401227 276.794919
744.405909 276.794919
745.410590 276.794919
749.429317 276.794919
754.452726 276.794919
759.476134 276.794919
761.485497 276.794919
764.499543 276.794919
766.508906 276.794919
768.518269 276.794919
771.532314 276.794919
774.546360 276.794919
775.551041 276.794919
776.555723 276.794919
778.565086 276.794919
780.574450 276.794919
782.583813 276.794919
785.597858 276.794919
786.602540 276.794919
780.574450 287.235878
775.048701 296.806756
771.029974 303.767395
770.025292 305.507555
768.015929 308.987875
763.997202 315.948514
753.448044 334.220191
752.443362 335.960351
750.433999 339.440670
749.931658 340.310750
749.429317 341.180830
748.926976 342.050910
745.912931 347.271389
744.405909 349.881629
743.903568 350.751709
741.391864 355.102108
739.884841 357.712348
739.382500 358.582428
737.875478 361.192667
737.373137 362.062747
733.354410 369.023386
730.340365 374.243865
727.828661 378.594265
725.819297 382.074584
724.814616 383.814744
719.288866 393.385623
718.284185 395.125783
716.777162 397.736022
716.274821 398.606102
715.270140 400.346262
710.749072 408.176981
710.246731 409.047061
708.237368 412.527380
708.238181 414.268949
708.741336 415.140438
709.244490 416.011927
710.753954 418.626394
711.257108 419.497883
711.760262 420.369372
712.263417 421.240861
712.766571 422.112350
713.772880 423.855329
714.276035 424.726818
715.282343 426.469796
715.785498 427.341285
716.288652 428.212774
716.791807 429.084263
717.294961 429.955752
717.798116 430.827241
718.301270 431.698730
718.804424 432.570219
719.307579 433.441708
720.313888 435.184686
720.817042 436.056175
721.320197 436.927664
722.326505 438.670642
722.829660 439.542131
723.332814 440.413620
723.835969 441.285110
724.339123 442.156599
724.842278 443.028088
725.848586 444.771066
726.351741 445.642555
726.854895 446.514044
727.358050 447.385533
727.861204 448.257022
728.364359 449.128511
728.867513 450.000000
729.873822 450.000000
730.880131 450.000000
732.892749 450.000000
733.899058 450.000000
734.905366 450.000000
735.911675 450.000000
737.924293 450.000000
738.930602 450.000000
739.936911 450.000000
740.943220 450.000000
741.949529 450.000000
742.955838 450.000000
744.968455 450.000000
745.974764 450.000000
746.981073 450.000000
747.987382 450.000000
748.993691 450.000000
751.006309 450.000000
752.012618 450.000000
754.025236 450.000000
755.031545 450.000000
757.044162 450.000000
758.050471 450.000000
759.056780 450.000000
760.063089 450.000000
761.069398 450.000000
762.075707 450.000000
763.082016 450.000000
764.088325 450.000000
765.094634 450.000000
766.100942 450.000000
767.107251 450.000000
769.119869 450.000000
770.126178 450.000000
773.141850 446.519681
774.146532 444.779521
775.151214 443.039361
776.155895 441.299201
776.658236 440.429121
780.676963 433.468482
782.183986 430.858243
782.686326 429.988163
784.193349 427.377923
786.202712 423.897604
786.705053 423.027524
787.709735 421.287364
788.714417 419.547204
790.221439 416.936965
791.728462 414.326725
793.235484 411.716486
794.240166 409.976326
795.244848 408.236166
796.249529 406.496006
796.751870 405.625926
797.756552 403.885767
801.775279 396.925128
802.277620 396.055048
803.282301 394.314888
804.286983 392.574728
804.789324 391.704649
805.794005 389.964489
806.296346 389.094409
806.798687 388.224329
807.301028 387.354249
812.324436 378.653450
812.826777 377.783371
813.329118 376.913291
813.831459 376.043211
814.333800 375.173131
815.338482 373.432971
815.840822 372.562891
817.850186 369.082572
819.357208 366.472332
820.361890 364.732172
820.864231 363.862093
822.873594 360.381773
823.878276 358.641613
824.380617 357.771534
824.882958 356.901454
829.404025 349.070735
830.911048 346.460495
832.920411 342.980176
835.934456 337.759696
838.948501 332.539217
840.957865 329.058898
842.464887 326.448658
846.483614 319.488019
847.990637 316.877779
853.014045 318.617939
854.018727 320.358099
857.032772 325.578578
857.535113 326.448658
860.549158 331.669137
861.051499 332.539217
862.558521 335.149457
863.060862 336.019537
865.070225 339.499856
866.577248 342.110096
867.079589 342.980176
867.581930 343.850256
869.088952 346.460495
869.591293 347.330575
871.600656 350.810895
872.102997 351.680974
873.107679 353.421134
873.610020 354.291214
875.619383 357.771534
878.131087 362.121933
879.135769 363.862093
879.638110 364.732172
881.145133 367.342412
882.149814 369.082572
882.652155 369.952652
883.154496 370.822732
884.661518 373.432971
885.163859 374.303051
885.666200 375.173131
886.670882 376.913291
889.182586 381.263690
890.689609 383.873930
896.717699 394.314888
897.220040 395.184968
899.229403 398.665288
901.741107 403.015687
904.252811 407.366086
905.257493 409.106246
905.759834 409.976326
906.262175 410.846406
906.764516 411.716486
907.266857 412.586565
908.271538 414.326725
910.280902 417.807045
910.783243 418.677125
911.285583 419.547204
913.797288 423.897604
915.304310 426.507843
919.825378 434.338562
920.327719 435.208642
921.332400 436.948802
922.337082 438.688962
924.848786 443.039361
925.853468 444.779521
926.355809 445.649601
927.862831 448.259840
928.867513 450.000000
931.873111 450.000000
932.874977 450.000000
935.880575 450.000000
937.884307 450.000000
940.889905 450.000000
941.891771 450.000000
942.893637 450.000000
943.895503 450.000000
948.904833 450.000000
950.908565 450.000000
954.916029 450.000000
955.917895 450.000000
956.919761 450.000000
957.921627 450.000000
959.925359 450.000000
960.927225 450.000000
961.929091 450.000000
964.934690 450.000000
966.938422 450.000000
968.942154 450.000000
970.945886 450.000000
973.951484 450.000000
976.957082 450.000000
977.958948 450.000000
978.960814 450.000000
979.962680 450.000000
980.964546 450.000000
981.966412 450.000000
983.970144 450.000000
985.973876 450.000000
987.977608 450.000000
989.981340 450.000000
991.985072 450.000000
992.986938 450.000000
993.988804 450.000000
994.990670 450.000000
996.994402 450.000000
998.998134 450.000000
1000.000000 450.000000
1000.000000 450.000000
1000.000000 452.000000
1000.000000 455.000000
1000.000000 459.000000
1000.000000 460.000000
1000.000000 461.000000
1000.000000 469.000000
1000.000000 470.000000
1000.000000 471.000000
1000.000000 472.000000
1000.000000 473.000000
1000.000000 481.000000
1000.000000 483.000000
1000.000000 484.000000
1000.000000 486.000000
1000.000000 487.000000
1000.000000 494.000000
1000.000000 495.000000
1000.000000 498.000000
1000.000000 499.000000
1000.000000 500.000000
1000.000000 501.000000
1000.000000 505.000000
1000.000000 509.000000
1000.000000 510.000000
1000.000000 512.000000
1000.000000 514.000000
1000.000000 515.000000
1000.000000 516.000000
1000.000000 523.000000
1000.000000 524.000000
1000.000000 526.000000
1000.000000 530.000000
1000.000000 531.000000
1000.000000 532.000000
1000.000000 533.000000
1000.000000 534.000000
1000.000000 536.000000
1000.000000 539.000000
1000.000000 540.000000
1000.000000 543.000000
1000.000000 545.000000
1000.000000 546.000000
1000.000000 548.000000
1000.000000 549.000000
997.986445 550.000000
996.979668 550.000000
995.972890 550.000000
989.932226 550.000000
985.905116 550.000000
983.891561 550.000000
981.878006 550.000000
980.871229 550.000000
979.864451 550.000000
973.823786 550.000000
971.810232 550.000000
970.803454 550.000000
967.783122 550.000000
961.742457 550.000000
960.735680 550.000000
959.728902 550.000000
950.667905 550.000000
948.654350 550.000000
947.647573 550.000000
945.634018 550.000000
944.627241 550.000000
943.620463 550.000000
941.606908 550.000000
936.573021 550.000000
932.545911 550.000000
931.539134 550.000000
929.525579 550.000000
928.518801 550.000000
926.505246 550.000000
925.498469 550.000000
923.484914 550.000000
921.471359 550.000000
920.464582 550.000000
915.430695 550.000000
911.403585 550.000000
907.376475 550.000000
905.362920 550.000000
903.349365 550.000000
898.315478 550.000000
894.288368 550.000000
893.281591 550.000000
892.274813 550.000000
890.261258 550.000000
886.234149 550.000000
881.200261 550.000000
880.193484 550.000000
879.186707 550.000000
876.166374 550.000000
875.159597 550.000000
873.146042 550.000000
871.132487 550.000000
871.132487 550.000000
869.119869 546.514044
868.616715 545.642555
867.610406 543.899577
867.107251 543.028088
866.604097 542.156599
866.100942 541.285110
865.597788 540.413620
865.094634 539.542131
864.591479 538.670642
864.088325 537.799153
863.082016 536.056175
862.578861 535.184686
862.075707 534.313197
861.572552 533.441708
861.069398 532.570219
860.063089 530.827241
859.559935 529.955752
859.056780 529.084263
858.050471 527.341285
857.547317 526.469796
857.044162 525.598307
856.541008 524.726818
856.037853 523.855329
855.534699 522.983840
855.031545 522.112350
854.025236 520.369372
853.018927 518.626394
852.515772 517.754905
852.012618 516.883416
851.509463 516.011927
851.006309 515.140438
850.000000 513.397460
850.000000 513.397460
849.496846 514.268949
848.993691 515.140438
848.490537 516.011927
847.987382 516.883416
847.484228 517.754905
846.477919 519.497883
845.974764 520.369372
845.471610 521.240861
844.968455 522.112350
843.458992 524.726818
842.955838 525.598307
841.949529 527.341285
841.446374 528.212774
840.943220 529.084263
840.440065 529.955752
839.936911 530.827241
838.427448 533.441708
837.924293 534.313197
837.421139 535.184686
836.917984 536.056175
835.911675 537.799153
835.408521 538.670642
834.905366 539.542131
833.395903 542.156599
832.892749 543.028088
832.389594 543.899577
831.886440 544.771066
830.376976 547.385533
829.873822 548.257022
829.370667 549.128511
828.867513 550.000000
822.839423 550.000000
821.834741 550.000000
817.816014 550.000000
812.792606 550.000000
810.783243 550.000000
805.759834 550.000000
801.741107 550.000000
798.727062 550.000000
797.722380 550.000000
794.708335 550.000000
793.703654 550.000000
791.694290 550.000000
787.675564 550.000000
785.666200 550.000000
782.652155 550.000000
780.642792 550.000000
776.624065 550.000000
771.600656 550.000000
769.591293 550.000000
766.577248 550.000000
763.563203 550.000000
759.544476 550.000000
757.535113 550.000000
754.521068 550.000000
752.511704 550.000000
748.492977 550.000000
746.483614 550.000000
741.460206 550.000000
740.455524 550.000000
739.450842 550.000000
737.441479 550.000000
735.432115 550.000000
732.418070 550.000000
727.394662 550.000000
724.380617 550.000000
723.375935 550.000000
718.352527 550.000000
713.329118 550.000000
712.324436 550.000000
711.319755 550.000000
709.310391 550.000000
705.291665 550.000000
702.277620 550.000000
701.272938 550.000000
696.249529 550.000000
695.244848 550.000000
694.240166 550.000000
693.235484 550.000000
689.216757 550.000000
684.193349 550.000000
680.174622 550.000000
679.169941 550.000000
677.160577 550.000000
674.146532 550.000000
670.630146 549.129920
670.127805 548.259840
667.616101 543.909441
667.113760 543.039361
666.611419 542.169281
666.109078 541.299201
665.104397 539.559042
663.597374 536.948802
663.095033 536.078722
662.090352 534.338562
661.588011 533.468482
660.080988 530.858243
658.573966 528.248003
658.071625 527.377923
655.559921 523.027524
654.555239 521.287364
653.550557 519.547204
649.531830 512.586565
647.522467 509.106246
647.020126 508.236166
646.517785 507.366086
643.001399 501.275527
642.499058 500.405447
641.494377 498.665288
639.987354 496.055048
635.968627 489.094409
635.466286 488.224329
634.963946 487.354249
633.456923 484.744010
632.954582 483.873930
632.452241 483.003850
630.945219 480.393610
627.931174 475.173131
627.428833 474.303051
623.410106 467.342412
621.400743 463.862093
620.898402 462.992013
620.396061 462.121933
619.391379 460.381773
617.382016 456.901454
611.856266 447.330575
611.353925 446.460495
610.851585 445.590415
610.349244 444.720335
609.846903 443.850256
606.832858 438.629776
606.330517 437.759696
604.321153 434.279377
603.818813 433.409297
603.316472 432.539217
602.814131 431.669137
602.311790 430.799057
600.804768 428.188818
598.795404 424.708498
598.293063 423.838418
597.790722 422.968339
594.776677 417.747859
593.771996 416.007700
592.264973 413.397460
592.768127 412.525971
593.774436 410.782993
594.277591 409.911504
594.780745 409.040015
595.283900 408.168526
596.290209 406.425547
596.793363 405.554058
597.296518 404.682569
597.799672 403.811080
598.302826 402.939591
598.805981 402.068102
599.309135 401.196613
600.315444 399.453635
601.321753 397.710657
601.824908 396.839168
602.328062 395.967679
603.334371 394.224700
604.340680 392.481722
604.843834 391.610233
605.346989 390.738744
605.850143 389.867255
606.353298 388.995766
607.862761 386.381299
609.372224 383.766832
609.875379 382.895342
610.378533 382.023853
610.881688 381.152364
611.384842 380.280875
612.391151 378.537897
613.397460 376.794919
612.391151 376.794919
611.384842 376.794919
609.372224 376.794919
608.365916 376.794919
607.359607 376.794919
605.346989 376.794919
603.334371 376.794919
601.321753 376.794919
597.296518 376.794919
596.290209 376.794919
592.264973 376.794919
590.252356 376.794919
589.246047 376.794919
587.233429 376.794919
585.220811 376.794919
584.214502 376.794919
583.208194 376.794919
581.195576 376.794919
579.182958 376.794919
577.170340 376.794919
576.164031 376.794919
575.157723 376.794919
574.151414 376.794919
573.145105 376.794919
572.138796 376.794919
571.132487 376.794919
570.629333 375.923430
570.126178 375.051941
569.119869 373.308963
568.616715 372.437474
568.113560 371.565985
567.610406 370.694496
567.107251 369.823007
566.604097 368.951518
566.100942 368.080029
565.597788 367.208539
565.094634 366.337050
564.088325 364.594072
563.585170 363.722583
562.578861 361.979605
561.572552 360.236627
560.566243 358.493649
560.063089 357.622160
559.559935 356.750671
559.056780 355.879182
558.050471 354.136204
557.547317 353.264715
557.044162 352.393226
556.541008 351.521737
555.534699 349.778759
555.031545 348.907269
553.522081 346.292802
552.515772 344.549824
552.012618 343.678335
551.006309 341.935357
550.503154 341.063868
550.000000 340.192379
550.000000 340.192379
549.496846 341.063868
548.993691 341.935357
548.490537 342.806846
547.987382 343.678335
547.484228 344.549824
546.981073 345.421313
546.477919 346.292802
545.471610 348.035780
544.968455 348.907269
544.465301 349.778759
543.458992 351.521737
542.955838 352.393226
541.949529 354.136204
541.446374 355.007693
540.943220 355.879182
540.440065 356.750671
539.936911 357.622160
539.433757 358.493649
538.427448 360.236627
537.924293 361.108116
537.421139 361.979605
536.917984 362.851094
536.414830 363.722583
535.911675 364.594072
535.408521 365.465561
534.905366 366.337050
534.402212 367.208539
533.899058 368.080029
533.395903 368.951518
532.389594 370.694496
531.886440 371.565985
531.383285 372.437474
530.880131 373.308963
529.370667 375.923430
528.867513 376.794919
528.867513 376.794919
526.854895 376.794919
524.842277 376.794919
522.829660 376.794919
521.823351 376.794919
519.810733 376.794919
518.804424 376.794919
517.798115 376.794919
516.791806 376.794919
515.785498 376.794919
513.772880 376.794919
511.760262 376.794919
510.753953 376.794919
509.747644 376.794919
508.741335 376.794919
505.722409 376.794919
504.716100 376.794919
502.703482 376.794919
499.684555 376.794919
498.678247 376.794919
497.671938 376.794919
496.665629 376.794919
495.659320 376.794919
494.653011 376.794919
493.646702 376.794919
492.640393 376.794919
491.634084 376.794919
490.627776 376.794919
488.615158 376.794919
487.608849 376.794919
486.602540 376.794919
486.602540 376.794919
487.105694 377.666408
487.608849 378.537897
488.615158 380.280875
489.118312 381.152364
490.124621 382.895342
491.130930 384.638321
491.634085 385.509810
492.137239 386.381299
492.640393 387.252788
493.143548 388.124277
493.646702 388.995766
495.156166 391.610233
495.659320 392.481722
496.162475 393.353211
496.665629 394.224700
497.168784 395.096190
497.671938 395.967679
498.175092 396.839168
498.678247 397.710657
499.181401 398.582146
500.187710 400.325124
500.690865 401.196613
501.194019 402.068102
501.697174 402.939591
502.703482 404.682569
503.206637 405.554058
503.709791 406.425547
504.212946 407.297036
504.716100 408.168526
505.219255 409.040015
505.722409 409.911504
506.728718 411.654482
507.231873 412.525971
507.735027 413.397460
507.232686 414.267540
506.730345 415.137620
506.228004 416.007700
505.725664 416.877779
505.223323 417.747859
503.716300 420.358099
501.706937 423.838418
497.185869 431.669137
496.181187 433.409297
495.678847 434.279377
495.176506 435.149457
494.674165 436.019537
492.162461 440.369936
491.157779 442.110096
486.636711 449.940815
486.134370 450.810895
485.129689 452.551054
483.120325 456.031374
480.608621 460.381773
479.101598 462.992013
478.599257 463.862093
477.594576 465.602252
475.585212 469.082572
474.580531 470.822732
473.575849 472.562891
471.064145 476.913291
470.059463 478.653450
469.054781 480.393610
467.045418 483.873930
465.538395 486.484169
464.533714 488.224329
464.031373 489.094409
462.524350 491.704649
461.519668 493.444808
461.017328 494.314888
459.007964 497.795208
456.496260 502.145607
455.491578 503.885767
454.989237 504.755847
453.984556 506.496006
451.472851 510.846406
450.970511 511.716486
449.463488 514.326725
448.458806 516.066885
445.947102 520.417284
443.937739 523.897604
443.435398 524.767684
440.421353 529.988163
438.914330 532.598403
438.411989 533.468482
435.900285 537.818882
434.393262 540.429121
433.890922 541.299201
432.383899 543.909441
431.881558 544.779521
430.374536 547.389760
429.872195 548.259840
428.867513 550.000000
427.862831 550.000000
426.858150 550.000000
414.801969 550.000000
413.797288 550.000000
411.787924 550.000000
410.783243 550.000000
408.773879 550.000000
407.769197 550.000000
404.755152 550.000000
402.745789 550.000000
399.731744 550.000000
398.727062 550.000000
397.722380 550.000000
396.717699 550.000000
395.713017 550.000000
393.703654 550.000000
392.698972 550.000000
390.689609 550.000000
388.680245 550.000000
374.614702 550.000000
373.610020 550.000000
370.595975 550.000000
369.591293 550.000000
361.553839 550.000000
357.535113 550.000000
353.516386 550.000000
352.511704 550.000000
351.507023 550.000000
350.502341 550.000000
346.483614 550.000000
338.446161 550.000000
336.436797 550.000000
335.432115 550.000000
327.394662 550.000000
326.389980 550.000000
325.385298 550.000000
324.380617 550.000000
323.375935 550.000000
322.371253 550.000000
321.366572 550.000000
320.361890 550.000000
318.352527 550.000000
316.343163 550.000000
315.338482 550.000000
313.329118 550.000000
310.315073 550.000000
307.301028 550.000000
302.277620 550.000000
299.263574 550.000000
295.244848 550.000000
293.235484 550.000000
291.226121 550.000000
290.221439 550.000000
287.207394 550.000000
286.202712 550.000000
284.193349 550.000000
281.179304 550.000000
279.169941 550.000000
278.165259 550.000000
271.132487 550.000000
270.629333 549.128511
270.126178 548.257022
269.623024 547.385533
269.119869 546.514044
268.616715 545.642555
268.113560 544.771066
267.107251 543.028088
266.604097 542.156599
266.100942 541.285110
265.094634 539.542131
264.088325 537.799153
263.585170 536.927664
263.082016 536.056175
262.075707 534.313197
261.572552 533.441708
261.069398 532.570219
260.566244 531.698730
260.063089 530.827241
259.559935 529.955752
258.553626 528.212774
258.050471 527.341285
257.044162 525.598307
256.541008 524.726818
255.534699 522.983840
255.031545 522.112350
254.528390 521.240861
254.025236 520.369372
253.522081 519.497883
253.018927 518.626394
252.515772 517.754905
252.012618 516.883416
251.006309 515.140438
250.000000 513.397460
250.000000 513.397460
249.496846 514.268949
248.993691 515.140438
248.490537 516.011927
247.987382 516.883416
245.974764 520.369372
245.471610 521.240861
244.968455 522.112350
244.465301 522.983840
243.962147 523.855329
242.955838 525.598307
242.452683 526.469796
241.949529 527.341285
241.446374 528.212774
240.943220 529.084263
239.936911 530.827241
239.433757 531.698730
238.930602 532.570219
237.924293 534.313197
237.421139 535.184686
236.414830 536.927664
235.911675 537.799153
235.408521 538.670642
234.905366 539.542131
234.402212 540.413620
232.892749 543.028088
232.389594 543.899577
231.383285 545.642555
230.376976 547.385533
229.873822 548.257022
229.370667 549.128511
228.867513 550.000000
228.867513 550.000000
227.860736 550.000000
224.840403 550.000000
223.833626 550.000000
218.799739 550.000000
212.759074 550.000000
211.752296 550.000000
209.738742 550.000000
205.711632 550.000000
204.704854 550.000000
201.684522 550.000000
200.677745 550.000000
197.657412 550.000000
196.650635 550.000000
193.630302 550.000000
192.623525 550.000000
189.603193 550.000000
188.596415 550.000000
187.589638 550.000000
184.569305 550.000000
181.548973 550.000000
180.542196 550.000000
179.535418 550.000000
178.528641 550.000000
175.508308 550.000000
174.501531 550.000000
173.494754 550.000000
172.487976 550.000000
171.481199 550.000000
169.467644 550.000000
167.454089 550.000000
155.372759 550.000000
148.325317 550.000000
146.311762 550.000000
133.223656 550.000000
130.203323 550.000000
127.182991 550.000000
126.176214 550.000000
122.149104 550.000000
121.142326 550.000000
118.121994 550.000000
117.115217 550.000000
115.101662 550.000000
114.094884 550.000000
112.081329 550.000000
111.074552 550.000000
108.054220 550.000000
101.006777 550.000000
