700
101.000489 450.000000
106.002933 450.000000
107.003422 450.000000
109.004400 450.000000
114.006844 450.000000
116.007822 450.000000
121.010266 450.000000
122.010755 450.000000
124.011733 450.000000
126.012711 450.000000
128.013689 450.000000
133.016133 450.000000
137.018089 450.000000
138.018577 450.000000
140.019555 450.000000
141.020044 450.000000
147.022977 450.000000
150.024444 450.000000
155.026888 450.000000
162.030311 450.000000
163.030799 450.000000
164.031288 450.000000
173.035688 450.000000
175.036666 450.000000
176.037155 450.000000
177.037644 450.000000
183.040577 450.000000
199.048399 450.000000
204.050844 450.000000
205.051332 450.000000
206.051821 450.000000
207.052310 450.000000
209.053288 450.000000
210.053777 450.000000
223.060132 450.000000
225.061110 450.000000
227.062088 450.000000
228.062577 450.000000
231.064043 450.000000
233.065021 450.000000
242.069421 450.000000
245.070888 450.000000
251.073821 450.000000
252.074310 450.000000
254.075288 450.000000
255.075776 450.000000
259.077732 450.000000
262.079199 450.000000
263.079687 450.000000
271.083599 450.000000
277.086532 450.000000
280.087998 450.000000
283.089465 450.000000
285.090443 450.000000
290.092887 450.000000
291.093376 450.000000
293.094354 450.000000
295.095332 450.000000
296.095821 450.000000
298.096798 450.000000
304.099732 450.000000
309.102176 450.000000
310.102665 450.000000
312.103643 450.000000
315.105109 450.000000
317.106087 450.000000
319.107065 450.000000
320.107554 450.000000
322.108531 450.000000
336.115376 450.000000
338.116353 450.000000
340.117331 450.000000
342.118309 450.000000
349.121731 450.000000
352.123198 450.000000
355.124664 450.000000
358.126131 450.000000
359.126620 450.000000
366.130042 450.000000
369.131509 450.000000
370.131998 450.000000
371.132487 450.000000
371.633516 449.132192
372.134545 448.264383
375.140722 443.057532
376.142781 441.321915
376.643810 440.454107
377.645869 438.718490
379.148958 436.115065
384.159252 427.436980
384.660282 426.569172
387.165429 422.230129
389.169547 418.758895
390.171606 417.023278
391.173665 415.287661
391.674694 414.419853
392.175723 413.552045
394.680871 409.213002
395.181900 408.345194
396.183959 406.609577
397.186018 404.873960
398.188077 403.138343
399.190136 401.402726
399.691165 400.534918
401.194254 397.931492
401.695283 397.063684
407.206607 387.517791
410.212784 382.310940
412.216901 378.839706
412.717931 377.971898
413.719990 376.236281
414.722049 374.500664
415.724108 372.765047
416.225137 371.897238
417.227196 370.161621
418.229255 368.426005
419.231314 366.690388
419.732343 365.822579
420.233373 364.954771
421.235431 363.219154
422.237490 361.483537
423.740579 358.880111
428.249844 351.069835
429.251903 349.334218
440.274551 330.242432
440.775580 329.374624
441.777639 327.639007
442.278668 326.771198
446.286904 319.828731
446.787933 318.960922
449.794110 313.754071
451.297198 311.150646
455.305434 304.208178
456.808522 301.604753
458.812640 298.133519
461.818817 292.926668
462.319846 292.058860
462.820876 291.191051
463.321905 290.323243
465.827052 285.984201
468.332200 281.645158
468.833229 280.777350
469.334259 279.909541
469.835288 279.041733
470.837347 277.306116
471.839406 275.570499
473.843524 272.099265
474.344553 271.231457
474.845583 270.363648
475.346612 269.495840
480.356907 260.817755
483.363083 255.610904
483.864113 254.743096
484.866172 253.007479
485.868230 251.271862
487.872348 247.800628
488.373378 246.932820
491.379554 241.725969
492.882643 239.122544
493.383672 238.254735
493.884702 237.386927
495.888819 233.915693
497.892937 230.444459
500.899114 225.237608
501.901173 223.501991
502.903232 221.766374
505.909408 216.559524
506.911467 214.823907
509.416615 210.484864
509.917644 209.617056
510.418673 208.749247
512.923821 204.410205
515.428968 200.071163
516.932056 197.467737
518.936174 193.996504
519.437204 193.128695
523.946469 185.318419
527.453675 179.243760
531.962940 171.433484
535.470146 165.358824
535.971175 164.491016
539.979411 157.548548
540.981470 155.812931
541.983529 154.077314
542.484558 153.209506
548.496912 142.795804
550.000000 140.192379
556.012353 150.606080
561.022648 159.284165
562.525736 161.887590
565.030883 166.226633
571.043237 176.640334
571.544266 177.508143
577.556620 187.921844
578.558679 189.657461
581.063826 193.996504
582.065885 195.732120
582.566914 196.599929
584.571032 200.071163
587.577209 205.278014
589.581327 208.749247
591.585444 212.220481
593.088533 214.823907
594.090592 216.559524
595.092650 218.295140
597.597798 222.634183
598.098827 223.501991
602.107063 230.444459
604.111181 233.915693
606.616328 238.254735
609.121475 242.593777
612.127652 247.800628
613.129711 249.536245
622.148241 265.156797
626.657506 272.967074
630.665741 279.909541
634.172948 285.984201
637.680154 292.058860
638.181183 292.926668
644.193536 303.340370
646.197654 306.811604
651.708978 316.357497
654.715155 321.564348
655.216184 322.432156
658.723391 328.506815
660.727508 331.978049
663.232656 336.317091
665.236773 339.788325
668.242950 344.995176
671.249127 350.202027
674.255303 355.408878
674.756333 356.276686
677.261480 360.615728
678.263539 362.351345
681.269716 367.558196
683.774863 371.897238
686.781040 377.104089
689.286187 381.443131
691.290305 384.914365
697.302658 395.328067
698.304717 397.063684
700.809864 401.402726
705.319129 409.213002
706.321188 410.948619
706.822218 411.816428
708.325306 414.419853
711.331483 419.626704
711.832512 420.494512
714.838689 425.701363
717.844866 430.908214
724.358248 442.189724
726.362366 445.660958
727.364425 447.396575
732.869469 450.000000
733.869958 450.000000
736.871425 450.000000
737.871913 450.000000
739.872891 450.000000
743.874847 450.000000
744.875336 450.000000
749.877780 450.000000
752.879247 450.000000
759.882669 450.000000
765.885602 450.000000
767.886580 450.000000
768.887069 450.000000
773.889513 450.000000
776.890980 450.000000
777.891469 450.000000
779.892446 450.000000
781.893424 450.000000
782.893913 450.000000
792.898802 450.000000
796.900757 450.000000
797.901246 450.000000
798.901735 450.000000
801.903202 450.000000
802.903691 450.000000
805.905157 450.000000
807.906135 450.000000
808.906624 450.000000
811.908091 450.000000
815.910046 450.000000
817.911024 450.000000
818.911513 450.000000
821.912979 450.000000
827.915913 450.000000
830.917379 450.000000
832.918357 450.000000
836.920313 450.000000
838.921290 450.000000
839.921779 450.000000
840.922268 450.000000
844.924224 450.000000
851.927646 450.000000
852.928135 450.000000
855.929601 450.000000
858.931068 450.000000
859.931557 450.000000
864.934001 450.000000
866.934979 450.000000
872.937912 450.000000
873.938401 450.000000
876.939868 450.000000
879.941334 450.000000
888.945734 450.000000
889.946223 450.000000
890.946712 450.000000
894.948668 450.000000
897.950134 450.000000
898.950623 450.000000
900.951601 450.000000
902.952579 450.000000
909.956001 450.000000
910.956490 450.000000
911.956979 450.000000
912.957467 450.000000
917.959912 450.000000
924.963334 450.000000
925.963823 450.000000
931.966756 450.000000
938.970178 450.000000
942.972134 450.000000
944.973112 450.000000
957.979467 450.000000
958.979956 450.000000
959.980445 450.000000
960.980934 450.000000
961.981423 450.000000
962.981911 450.000000
963.982400 450.000000
965.983378 450.000000
979.990222 450.000000
982.991689 450.000000
983.992178 450.000000
985.993156 450.000000
993.997067 450.000000
994.997556 450.000000
995.998044 450.000000
1000.000000 450.000000
1000.000000 452.000000
1000.000000 453.000000
1000.000000 454.000000
1000.000000 457.000000
1000.000000 458.000000
1000.000000 459.000000
1000.000000 460.000000
1000.000000 462.000000
1000.000000 465.000000
1000.000000 466.000000
1000.000000 468.000000
1000.000000 469.000000
1000.000000 473.000000
1000.000000 476.000000
1000.000000 477.000000
1000.000000 478.000000
1000.000000 479.000000
1000.000000 480.000000
1000.000000 481.000000
1000.000000 483.000000
1000.000000 486.000000
1000.000000 487.000000
1000.000000 488.000000
1000.000000 489.000000
1000.000000 490.000000
1000.000000 491.000000
1000.000000 492.000000
1000.000000 494.000000
1000.000000 496.000000
1000.000000 497.000000
1000.000000 498.000000
1000.000000 499.000000
1000.000000 500.000000
1000.000000 501.000000
1000.000000 503.000000
1000.000000 504.000000
1000.000000 506.000000
1000.000000 507.000000
1000.000000 508.000000
1000.000000 511.000000
1000.000000 512.000000
1000.000000 513.000000
1000.000000 515.000000
1000.000000 516.000000
1000.000000 519.000000
1000.000000 522.000000
1000.000000 523.000000
1000.000000 524.000000
1000.000000 525.000000
1000.000000 528.000000
1000.000000 529.000000
1000.000000 532.000000
1000.000000 533.000000
1000.000000 534.000000
1000.000000 535.000000
1000.000000 538.000000
1000.000000 539.000000
1000.000000 540.000000
1000.000000 541.000000
1000.000000 544.000000
1000.000000 546.000000
1000.000000 547.000000
1000.000000 549.000000
1000.000000 550.000000
1000.000000 550.000000
998.997355 550.000000
997.994710 550.000000
989.973551 550.000000
986.965617 550.000000
983.957682 550.000000
982.955037 550.000000
976.939168 550.000000
975.936523 550.000000
972.928589 550.000000
970.923299 550.000000
968.918009 550.000000
952.875692 550.000000
951.873047 550.000000
944.854533 550.000000
940.843953 550.000000
936.833374 550.000000
933.825439 550.000000
931.820150 550.000000
926.806925 550.000000
925.804280 550.000000
920.791056 550.000000
900.738159 550.000000
890.711710 550.000000
888.706421 550.000000
874.669393 550.000000
870.658813 550.000000
869.656168 550.000000
859.629720 550.000000
852.611206 550.000000
845.592692 550.000000
844.590047 550.000000
841.582112 550.000000
834.563598 550.000000
828.547729 550.000000
821.529215 550.000000
814.510701 550.000000
812.505412 550.000000
809.497477 550.000000
807.492187 550.000000
806.489542 550.000000
803.481608 550.000000
799.471028 550.000000
796.463094 550.000000
795.460449 550.000000
793.455159 550.000000
791.449870 550.000000
789.444580 550.000000
785.434000 550.000000
783.428711 550.000000
781.423421 550.000000
778.415486 550.000000
777.412841 550.000000
776.410197 550.000000
774.404907 550.000000
767.386393 550.000000
766.383748 550.000000
765.381103 550.000000
758.362589 550.000000
757.359944 550.000000
751.344075 550.000000
750.341430 550.000000
741.317627 550.000000
739.312337 550.000000
724.272664 550.000000
723.270019 550.000000
718.256795 550.000000
715.248860 550.000000
712.240926 550.000000
692.188029 550.000000
686.172159 550.000000
679.153645 550.000000
676.145711 550.000000
670.131392 548.266053
669.630844 547.399079
669.130297 546.532105
668.129202 544.798158
666.627559 542.197237
666.127012 541.330264
665.626464 540.463290
663.123727 536.128422
662.623180 535.261448
662.122632 534.394474
660.120442 530.926580
658.118252 527.458685
657.617705 526.591712
656.616610 524.857764
655.114968 522.256843
651.611135 516.188028
651.110588 515.321054
650.109493 513.587107
646.605661 507.518292
644.603471 504.050397
644.102923 503.183423
642.100734 499.715529
640.599091 497.114608
640.098544 496.247634
639.597996 495.380661
637.595806 491.912766
636.594711 490.178819
628.585952 476.307241
625.582667 471.105399
625.082120 470.238425
618.074455 458.100794
616.072265 454.632899
612.067886 447.697110
610.566243 445.096189
609.565148 443.362242
608.063506 440.761321
607.562958 439.894348
606.561864 438.160400
605.060221 435.559479
604.059126 433.825532
603.058031 432.091585
602.056936 430.357638
601.055841 428.623690
600.555294 427.756717
600.054747 426.889743
597.552009 422.554875
596.550914 420.820927
595.049272 418.220007
594.548724 417.353033
592.045987 413.018165
588.542155 406.949349
587.040512 404.348428
585.038323 400.880534
584.037228 399.146586
583.036133 397.412639
581.534490 394.811718
581.033943 393.944745
578.030658 388.742903
575.027373 383.541061
571.523541 377.472245
571.022994 376.605272
570.021899 374.871325
568.019709 371.403430
567.519161 370.536456
567.018614 369.669483
566.017519 367.935535
564.515876 365.334614
563.514782 363.600667
562.513687 361.866720
560.511497 358.398825
559.510402 356.664878
558.509307 354.930931
558.008759 354.063957
556.006570 350.596063
555.506022 349.729089
550.000000 340.192379
550.000000 340.192379
549.499453 341.059353
548.998905 341.926326
546.496168 346.261194
545.995620 347.128168
545.495073 347.995142
544.994525 348.862115
542.491788 353.196983
540.489598 356.664878
539.989051 357.531852
537.986861 360.999746
534.483029 367.068562
533.481934 368.802509
531.479744 372.270404
530.478649 374.004351
529.477554 375.738298
526.974817 380.073166
523.971532 385.275008
523.470984 386.141982
521.969342 388.742903
520.467700 391.343824
518.465510 394.811718
516.963867 397.412639
516.463320 398.279613
515.462225 400.013560
514.961677 400.880534
513.460035 403.481455
510.456750 408.683297
509.455655 410.417244
508.454560 412.151191
507.954013 413.018165
506.952918 414.752112
506.452371 415.619086
504.950728 418.220007
503.949633 419.953954
503.449086 420.820927
502.948538 421.687901
496.941969 432.091585
494.939779 435.559479
492.937589 439.027374
491.936494 440.761321
491.435947 441.628295
489.934304 444.229216
488.432662 446.830137
481.925545 458.100794
481.424997 458.967768
480.423902 460.701715
479.923355 461.568689
478.421712 464.169610
471.414048 476.307241
468.911311 480.642109
467.409668 483.243030
466.909121 484.110003
463.405289 490.178819
460.902551 494.513687
457.398719 500.582502
454.395434 505.784344
452.893792 508.385265
450.391054 512.720133
449.389960 514.454081
447.387770 517.921975
444.885032 522.256843
440.880653 529.192633
435.374631 538.729343
434.874083 539.596316
433.872988 541.330264
431.870798 544.798158
426.862224 550.000000
425.859579 550.000000
421.848999 550.000000
411.822551 550.000000
410.819906 550.000000
406.809327 550.000000
401.796102 550.000000
399.790813 550.000000
397.785523 550.000000
391.769654 550.000000
388.761719 550.000000
387.759074 550.000000
386.756429 550.000000
385.753785 550.000000
380.740560 550.000000
374.724691 550.000000
371.716757 550.000000
369.711467 550.000000
364.698243 550.000000
362.692953 550.000000
359.685018 550.000000
358.682373 550.000000
355.674439 550.000000
351.663859 550.000000
346.650635 550.000000
338.629476 550.000000
337.626831 550.000000
336.624187 550.000000
335.621542 550.000000
334.618897 550.000000
332.613607 550.000000
329.605673 550.000000
323.589803 550.000000
320.581869 550.000000
319.579224 550.000000
317.573934 550.000000
303.536906 550.000000
302.534261 550.000000
301.531616 550.000000
296.518392 550.000000
292.507813 550.000000
287.494588 550.000000
283.484009 550.000000
281.478719 550.000000
280.476074 550.000000
279.473430 550.000000
272.454916 550.000000
264.433757 550.000000
252.402018 550.000000
250.396729 550.000000
243.378215 550.000000
242.375570 550.000000
241.372925 550.000000
236.359701 550.000000
233.351766 550.000000
230.343832 550.000000
226.333252 550.000000
217.309448 550.000000
216.306804 550.000000
207.283000 550.000000
198.259196 550.000000
191.240682 550.000000
190.238037 550.000000
185.224813 550.000000
171.187785 550.000000
166.174561 550.000000
162.163981 550.000000
159.156047 550.000000
152.137533 550.000000
150.132243 550.000000
149.129598 550.000000
147.124308 550.000000
140.105794 550.000000
136.095215 550.000000
132.084635 550.000000
128.074056 550.000000
125.066121 550.000000
124.063477 550.000000
122.058187 550.000000
108.021159 550.000000
