1410
103.005598 450.000000
106.011196 450.000000
107.013062 450.000000
108.014928 450.000000
111.020526 450.000000
113.024258 450.000000
115.027990 450.000000
116.029856 450.000000
119.035454 450.000000
120.037320 450.000000
121.039186 450.000000
122.041052 450.000000
124.044784 450.000000
127.050382 450.000000
128.052248 450.000000
129.054114 450.000000
130.055980 450.000000
132.059712 450.000000
136.067177 450.000000
137.069043 450.000000
138.070909 450.000000
141.076507 450.000000
143.080239 450.000000
144.082105 450.000000
146.085837 450.000000
147.087703 450.000000
148.089569 450.000000
149.091435 450.000000
150.093301 450.000000
153.098899 450.000000
154.100765 450.000000
155.102631 450.000000
158.108229 450.000000
159.110095 450.000000
160.111961 450.000000
163.117559 450.000000
164.119425 450.000000
165.121291 450.000000
166.123157 450.000000
167.125023 450.000000
174.146532 444.779521
174.648873 443.909441
175.151214 443.039361
177.662918 438.688962
178.667600 436.948802
180.174622 434.338562
182.686326 429.988163
183.188667 429.118083
183.691008 428.248003
185.700372 424.767684
187.709735 421.287364
188.714417 419.547204
191.226121 415.196805
192.733143 412.586565
195.244848 408.236166
197.254211 404.755847
197.756552 403.885767
199.263574 401.275527
201.775279 396.925128
203.282301 394.314888
203.784642 393.444808
205.794005 389.964489
206.296346 389.094409
206.798687 388.224329
207.803369 386.484169
208.808051 384.744010
209.310391 383.873930
211.822096 379.523530
214.836141 374.303051
215.338482 373.432971
216.343163 371.692811
216.845504 370.822732
217.850186 369.082572
220.864231 363.862093
221.366572 362.992013
223.375935 359.511693
224.380617 357.771534
225.887639 355.161294
226.389980 354.291214
226.892321 353.421134
228.399344 350.810895
229.404025 349.070735
230.408707 347.330575
232.418070 343.850256
233.925093 341.240016
234.427434 340.369936
235.432115 338.629776
236.939138 336.019537
237.441479 335.149457
238.948501 332.539217
239.953183 330.799057
243.469569 324.708498
244.976592 322.098259
245.478932 321.228179
246.985955 318.617939
248.995318 315.137620
250.000000 313.397460
250.502341 314.267540
251.004682 315.137620
251.507023 316.007700
252.511704 317.747859
254.018727 320.358099
256.028090 323.838418
257.032772 325.578578
258.037454 327.318738
260.046817 330.799057
261.051499 332.539217
264.065544 337.759696
265.070225 339.499856
266.074907 341.240016
266.577248 342.110096
268.084270 344.720335
270.595975 349.070735
271.098316 349.940815
271.600656 350.810895
274.614702 356.031374
275.619383 357.771534
277.126406 360.381773
278.131087 362.121933
279.135769 363.862093
280.140451 365.602252
280.642792 366.472332
281.145133 367.342412
281.647473 368.212492
284.661518 373.432971
286.168541 376.043211
289.684927 382.133770
290.187268 383.003850
291.191949 384.744010
293.703654 389.094409
296.215358 393.444808
297.722380 396.055048
298.224721 396.925128
300.234085 400.405447
301.741107 403.015687
302.745789 404.755847
303.750471 406.496006
305.257493 409.106246
306.764516 411.716486
308.773879 415.196805
309.778561 416.936965
311.285583 419.547204
311.787924 420.417284
313.294947 423.027524
313.797288 423.897604
315.304310 426.507843
321.332400 436.948802
324.346445 442.169281
325.351127 443.909441
327.360490 447.389760
328.365172 449.129920
329.873822 450.000000
330.880131 450.000000
331.886440 450.000000
333.899058 450.000000
334.905366 450.000000
335.911675 450.000000
336.917984 450.000000
339.936911 450.000000
341.949529 450.000000
342.955838 450.000000
343.962147 450.000000
344.968455 450.000000
345.974764 450.000000
348.993691 450.000000
350.000000 450.000000
351.006309 450.000000
352.012618 450.000000
353.018927 450.000000
354.025236 450.000000
355.031545 450.000000
356.037853 450.000000
357.044162 450.000000
358.050471 450.000000
359.056780 450.000000
360.063089 450.000000
361.069398 450.000000
362.075707 450.000000
364.088325 450.000000
365.094634 450.000000
366.100942 450.000000
367.107251 450.000000
368.113560 450.000000
369.119869 450.000000
370.126178 450.000000
371.132487 450.000000
371.132487 450.000000
371.635641 449.128511
372.641950 447.385533
373.648259 445.642555
374.151414 444.771066
374.654568 443.899577
375.157722 443.028088
375.660877 442.156599
376.164031 441.285110
376.667186 440.413620
377.170340 439.542131
377.673495 438.670642
378.679803 436.927664
379.182958 436.056175
379.686112 435.184686
380.189267 434.313197
380.692421 433.441708
381.195576 432.570219
381.698730 431.698730
382.705039 429.955752
383.711348 428.212774
384.214502 427.341285
384.717657 426.469796
386.730274 422.983840
387.736583 421.240861
388.239738 420.369372
388.742892 419.497883
389.246046 418.626394
389.749201 417.754905
390.755510 416.011927
391.761819 414.268949
392.264973 413.397460
391.260291 411.657300
390.757950 410.787220
390.255610 409.917140
387.743905 405.566741
387.241565 404.696661
385.232201 401.216342
382.720497 396.865942
382.218156 395.995862
381.213474 394.255703
377.194748 387.295064
376.692407 386.424984
374.683043 382.944664
366.645590 369.023386
366.143249 368.153306
365.138567 366.413147
364.636226 365.543067
363.631545 363.802907
362.124522 361.192667
361.119840 359.452508
356.598773 351.621789
356.096432 350.751709
355.091750 349.011549
353.082387 345.531229
352.077705 343.791070
351.575364 342.920990
350.068342 340.310750
349.063660 338.570590
344.040252 329.869792
343.537911 328.999712
342.533229 327.259552
340.021525 322.909153
338.012162 319.428833
337.509821 318.558753
335.500457 315.078434
334.998116 314.208354
332.486412 309.857954
330.979390 307.247715
326.458322 299.416996
325.955981 298.546916
325.453640 297.676836
324.448959 295.936676
323.444277 294.196517
320.430232 288.976037
318.923209 286.365798
318.420868 285.495718
317.918528 284.625638
316.913846 282.885478
315.406823 280.275239
314.904483 279.405159
313.899801 277.664999
313.397460 276.794919
316.411505 276.794919
328.467686 276.794919
329.472367 276.794919
330.477049 276.794919
331.481731 276.794919
337.509821 276.794919
338.514503 276.794919
339.519184 276.794919
342.533229 276.794919
343.537911 276.794919
344.542593 276.794919
349.566001 276.794919
352.580046 276.794919
354.589410 276.794919
358.608137 276.794919
366.645590 276.794919
370.664317 276.794919
372.673680 276.794919
373.678362 276.794919
394.776678 276.794919
403.818813 276.794919
404.823495 276.794919
405.828176 276.794919
407.837540 276.794919
409.846903 276.794919
410.851585 276.794919
416.879675 276.794919
418.889039 276.794919
420.898402 276.794919
421.903084 276.794919
422.907765 276.794919
426.926492 276.794919
429.940537 276.794919
433.959264 276.794919
436.973309 276.794919
437.977991 276.794919
441.996718 276.794919
443.001399 276.794919
447.020126 276.794919
457.066943 276.794919
458.071625 276.794919
459.076307 276.794919
464.099715 276.794919
465.104397 276.794919
466.109078 276.794919
467.113760 276.794919
471.634828 275.924839
472.137169 275.054759
473.141850 273.314600
474.146532 271.574440
474.648873 270.704360
475.653555 268.964200
476.155895 268.094120
478.165259 264.613801
482.686326 256.783082
484.193349 254.172842
484.695690 253.302762
485.198031 252.432683
486.705053 249.822443
487.207394 248.952363
488.212076 247.212203
491.226121 241.991724
491.728462 241.121644
493.737825 237.641325
495.244848 235.031085
495.747189 234.161005
496.751870 232.420845
498.258893 229.810606
500.770597 225.460207
502.779960 221.979887
504.789324 218.499568
505.794005 216.759408
510.315073 208.928689
515.338482 200.227890
516.845504 197.617651
517.850186 195.877491
518.854867 194.137331
519.357208 193.267251
519.859549 192.397171
523.878276 185.436532
524.882958 183.696373
525.385298 182.826293
526.389980 181.086133
526.892321 180.216053
527.394662 179.345973
527.897003 178.475893
529.404025 175.865654
529.906366 174.995574
532.920411 169.775095
535.432115 165.424695
536.436797 163.684536
538.446161 160.204216
539.450842 158.464056
539.953183 157.593976
540.455524 156.723897
541.460206 154.983737
541.962546 154.113657
548.995318 141.932539
550.000000 140.192379
550.000000 140.192379
552.511704 144.542778
553.516386 146.282938
556.530431 151.503417
559.544476 156.723897
560.549158 158.464056
561.051499 159.334136
564.567885 165.424695
566.074907 168.034935
566.577248 168.905015
567.079589 169.775095
569.088952 173.255414
570.595975 175.865654
572.102997 178.475893
573.610020 181.086133
574.614702 182.826293
575.117042 183.696373
575.619383 184.566453
576.624065 186.306612
579.638110 191.527091
581.145133 194.137331
583.154496 197.617651
583.656837 198.487730
584.159178 199.357810
585.163859 201.097970
586.670882 203.708210
587.173223 204.578290
588.177904 206.318449
589.684927 208.928689
590.689609 210.668849
597.722380 222.849967
599.229403 225.460207
602.745789 231.550766
604.755152 235.031085
605.257493 235.901165
606.764516 238.511405
607.769197 240.251564
610.280902 244.601964
610.783243 245.472044
611.285583 246.342123
611.787924 247.212203
612.290265 248.082283
613.294947 249.822443
613.797288 250.692523
616.308992 255.042922
620.327719 262.003561
623.341764 267.224040
623.844105 268.094120
625.853468 271.574440
626.858150 273.314600
628.867513 276.794919
628.867513 276.794919
632.886240 276.794919
633.890922 276.794919
634.895603 276.794919
635.900285 276.794919
643.937739 276.794919
645.947102 276.794919
647.956465 276.794919
648.961147 276.794919
649.965829 276.794919
652.979874 276.794919
653.984556 276.794919
655.993919 276.794919
656.998601 276.794919
659.007964 276.794919
661.017327 276.794919
662.022009 276.794919
670.059463 276.794919
673.073508 276.794919
675.082871 276.794919
679.101598 276.794919
681.110961 276.794919
682.115643 276.794919
683.120325 276.794919
691.157778 276.794919
694.171824 276.794919
695.176505 276.794919
698.190550 276.794919
701.204595 276.794919
703.213959 276.794919
704.218641 276.794919
706.228004 276.794919
709.242049 276.794919
710.246731 276.794919
711.251412 276.794919
714.265458 276.794919
718.284184 276.794919
720.293548 276.794919
740.387182 276.794919
742.396545 276.794919
746.415272 276.794919
747.419954 276.794919
755.457407 276.794919
760.480816 276.794919
763.494861 276.794919
764.499543 276.794919
767.513588 276.794919
773.541678 276.794919
775.551041 276.794919
781.579131 276.794919
785.597858 278.535079
783.588495 282.015398
781.076791 286.365798
780.574450 287.235878
779.569768 288.976037
774.044019 298.546916
773.541678 299.416996
772.536996 301.157156
769.522951 306.377635
769.020610 307.247715
764.499543 315.078434
762.992520 317.688673
762.490179 318.558753
760.983157 321.168993
759.978475 322.909153
758.973793 324.649312
757.969112 326.389472
757.466771 327.259552
755.959748 329.869792
755.457407 330.739871
754.452726 332.480031
753.448044 334.220191
751.438681 337.700511
747.922295 343.791070
746.917613 345.531229
746.415272 346.401309
745.912931 347.271389
740.387182 356.842268
738.880160 359.452508
735.363774 365.543067
733.354410 369.023386
732.852069 369.893466
730.340365 374.243865
729.838024 375.113945
729.335683 375.984025
725.819297 382.074584
724.312275 384.684824
723.809934 385.554904
723.307593 386.424984
717.279503 396.865942
715.270140 400.346262
714.265458 402.086422
713.763117 402.956501
711.251413 407.306901
709.744390 409.917140
709.242050 410.787220
707.735027 413.397460
708.238181 414.268949
708.741336 415.140438
709.244490 416.011927
709.747645 416.883416
710.250799 417.754905
710.753954 418.626394
711.257108 419.497883
711.760262 420.369372
712.263417 421.240861
714.276035 424.726818
715.282343 426.469796
715.785498 427.341285
716.288652 428.212774
716.791807 429.084263
717.798116 430.827241
718.301270 431.698730
718.804424 432.570219
719.810733 434.313197
721.823351 437.799153
722.326505 438.670642
722.829660 439.542131
723.332814 440.413620
723.835969 441.285110
724.339123 442.156599
724.842278 443.028088
725.345432 443.899577
725.848586 444.771066
726.351741 445.642555
726.854895 446.514044
727.861204 448.257022
728.364359 449.128511
728.867513 450.000000
729.873822 450.000000
733.899058 450.000000
734.905366 450.000000
735.911675 450.000000
736.917984 450.000000
737.924293 450.000000
738.930602 450.000000
739.936911 450.000000
740.943220 450.000000
742.955838 450.000000
745.974764 450.000000
747.987382 450.000000
750.000000 450.000000
751.006309 450.000000
752.012618 450.000000
753.018927 450.000000
754.025236 450.000000
755.031545 450.000000
756.037853 450.000000
759.056780 450.000000
760.063089 450.000000
762.075707 450.000000
763.082016 450.000000
765.094634 450.000000
766.100942 450.000000
768.113560 450.000000
769.119869 450.000000
770.126178 450.000000
771.132487 450.000000
772.639510 447.389760
773.644191 445.649601
774.648873 443.909441
777.662918 438.688962
778.165259 437.818882
780.174622 434.338562
781.179304 432.598403
783.691008 428.248003
784.193349 427.377923
785.198031 425.637764
786.202712 423.897604
787.207394 422.157444
790.221439 416.936965
792.230803 413.456645
792.733143 412.586565
794.742507 409.106246
799.263574 401.275527
799.765915 400.405447
800.268256 399.535367
802.277620 396.055048
804.286983 392.574728
804.789324 391.704649
807.803369 386.484169
813.831459 376.043211
817.347845 369.952652
819.357208 366.472332
819.859549 365.602252
822.371253 361.251853
823.375935 359.511693
825.385298 356.031374
826.389980 354.291214
827.394662 352.551054
829.404025 349.070735
835.934456 337.759696
836.436797 336.889617
840.455524 329.928978
841.962546 327.318738
842.967228 325.578578
843.469569 324.708498
847.488296 317.747859
847.990637 316.877779
850.502341 314.267540
854.018727 320.358099
855.023408 322.098259
855.525749 322.968339
856.530431 324.708498
858.539794 328.188818
863.060862 336.019537
863.563203 336.889617
867.079589 342.980176
868.084270 344.720335
868.586611 345.590415
873.107679 353.421134
876.624065 359.511693
879.638110 364.732172
881.145133 367.342412
882.652155 369.952652
890.689609 383.873930
893.201313 388.224329
893.703654 389.094409
894.205995 389.964489
895.713017 392.574728
896.717699 394.314888
897.722380 396.055048
903.248130 405.625926
904.252811 407.366086
905.759834 409.976326
906.262175 410.846406
906.764516 411.716486
907.769197 413.456645
908.271538 414.326725
908.773879 415.196805
914.299628 424.767684
914.801969 425.637764
915.304310 426.507843
916.308992 428.248003
917.816014 430.858243
919.323037 433.468482
924.346445 442.169281
925.853468 444.779521
927.360490 447.389760
928.365172 449.129920
929.869379 450.000000
930.871245 450.000000
931.873111 450.000000
933.876843 450.000000
934.878709 450.000000
935.880575 450.000000
936.882441 450.000000
939.888039 450.000000
940.889905 450.000000
941.891771 450.000000
943.895503 450.000000
944.897369 450.000000
947.902967 450.000000
948.904833 450.000000
949.906699 450.000000
950.908565 450.000000
953.914163 450.000000
954.916029 450.000000
957.921627 450.000000
962.930957 450.000000
963.932823 450.000000
964.934690 450.000000
967.940288 450.000000
968.942154 450.000000
969.944020 450.000000
970.945886 450.000000
974.953350 450.000000
976.957082 450.000000
979.962680 450.000000
980.964546 450.000000
981.966412 450.000000
982.968278 450.000000
983.970144 450.000000
984.972010 450.000000
986.975742 450.000000
987.977608 450.000000
988.979474 450.000000
990.983206 450.000000
991.985072 450.000000
992.986938 450.000000
993.988804 450.000000
996.994402 450.000000
997.996268 450.000000
998.998134 450.000000
1000.000000 450.000000
1000.000000 451.000000
1000.000000 453.000000
1000.000000 455.000000
1000.000000 459.000000
1000.000000 460.000000
1000.000000 461.000000
1000.000000 463.000000
1000.000000 466.000000
1000.000000 469.000000
1000.000000 472.000000
1000.000000 473.000000
1000.000000 474.000000
1000.000000 476.000000
1000.000000 477.000000
1000.000000 478.000000
1000.000000 479.000000
1000.000000 480.000000
1000.000000 481.000000
1000.000000 484.000000
1000.000000 487.000000
1000.000000 490.000000
1000.000000 491.000000
1000.000000 493.000000
1000.000000 494.000000
1000.000000 498.000000
1000.000000 500.000000
1000.000000 502.000000
1000.000000 503.000000
1000.000000 506.000000
1000.000000 509.000000
1000.000000 514.000000
1000.000000 518.000000
1000.000000 523.000000
1000.000000 525.000000
1000.000000 528.000000
1000.000000 529.000000
1000.000000 532.000000
1000.000000 535.000000
1000.000000 536.000000
1000.000000 538.000000
1000.000000 539.000000
1000.000000 542.000000
1000.000000 543.000000
1000.000000 550.000000
1000.000000 550.000000
998.993223 550.000000
996.979668 550.000000
991.945780 550.000000
989.932226 550.000000
987.918671 550.000000
979.864451 550.000000
978.857674 550.000000
975.837341 550.000000
973.823786 550.000000
970.803454 550.000000
968.789899 550.000000
966.776344 550.000000
962.749235 550.000000
960.735680 550.000000
958.722125 550.000000
957.715347 550.000000
956.708570 550.000000
953.688238 550.000000
951.674683 550.000000
950.667905 550.000000
949.661128 550.000000
945.634018 550.000000
944.627241 550.000000
943.620463 550.000000
940.600131 550.000000
933.552689 550.000000
929.525579 550.000000
926.505246 550.000000
924.491692 550.000000
923.484914 550.000000
921.471359 550.000000
919.457804 550.000000
917.444249 550.000000
915.430695 550.000000
913.417140 550.000000
908.383252 550.000000
907.376475 550.000000
905.362920 550.000000
900.329033 550.000000
897.308701 550.000000
896.301923 550.000000
895.295146 550.000000
894.288368 550.000000
886.234149 550.000000
881.200261 550.000000
878.179929 550.000000
876.166374 550.000000
875.159597 550.000000
872.139264 550.000000
870.629333 549.128511
869.119869 546.514044
868.616715 545.642555
868.113560 544.771066
867.610406 543.899577
867.107251 543.028088
866.604097 542.156599
866.100942 541.285110
864.088325 537.799153
863.585170 536.927664
862.578861 535.184686
862.075707 534.313197
861.572552 533.441708
859.559935 529.955752
859.056780 529.084263
858.553626 528.212774
858.050471 527.341285
857.547317 526.469796
857.044162 525.598307
856.541008 524.726818
856.037853 523.855329
855.534699 522.983840
855.031545 522.112350
854.528390 521.240861
854.025236 520.369372
853.018927 518.626394
851.006309 515.140438
850.503154 514.268949
850.000000 513.397460
850.000000 513.397460
849.496846 514.268949
848.993691 515.140438
848.490537 516.011927
847.987382 516.883416
846.981073 518.626394
846.477919 519.497883
844.968455 522.112350
844.465301 522.983840
843.962147 523.855329
843.458992 524.726818
841.949529 527.341285
841.446374 528.212774
840.943220 529.084263
840.440065 529.955752
839.433757 531.698730
838.930602 532.570219
838.427448 533.441708
837.924293 534.313197
837.421139 535.184686
836.917984 536.056175
836.414830 536.927664
835.911675 537.799153
835.408521 538.670642
834.402212 540.413620
833.899058 541.285110
832.892749 543.028088
832.389594 543.899577
831.886440 544.771066
831.383285 545.642555
830.376976 547.385533
829.873822 548.257022
829.370667 549.128511
828.867513 550.000000
828.867513 550.000000
823.844105 550.000000
822.839423 550.000000
821.834741 550.000000
819.825378 550.000000
815.806651 550.000000
808.773879 550.000000
807.769197 550.000000
805.759834 550.000000
801.741107 550.000000
798.727062 550.000000
797.722380 550.000000
784.661518 550.000000
780.642792 550.000000
775.619383 550.000000
773.610020 550.000000
770.595975 550.000000
769.591293 550.000000
766.577248 550.000000
763.563203 550.000000
760.549158 550.000000
759.544476 550.000000
758.539794 550.000000
757.535113 550.000000
754.521068 550.000000
752.511704 550.000000
748.492977 550.000000
744.474251 550.000000
743.469569 550.000000
740.455524 550.000000
737.441479 550.000000
731.413389 550.000000
729.404025 550.000000
724.380617 550.000000
720.361890 550.000000
718.352527 550.000000
711.319755 550.000000
704.286983 550.000000
692.230803 550.000000
690.221439 550.000000
689.216757 550.000000
686.202712 550.000000
685.198031 550.000000
683.188667 550.000000
679.169941 550.000000
678.165259 550.000000
674.146532 550.000000
671.132487 550.000000
670.127805 548.259840
669.625464 547.389760
665.606738 540.429121
664.602056 538.688962
663.597374 536.948802
662.090352 534.338562
661.588011 533.468482
660.080988 530.858243
659.578647 529.988163
659.076307 529.118083
657.066943 525.637764
655.057580 522.157444
653.048216 518.677125
652.043535 516.936965
651.541194 516.066885
650.536512 514.326725
649.531830 512.586565
648.527149 510.846406
648.024808 509.976326
647.522467 509.106246
647.020126 508.236166
646.517785 507.366086
646.015444 506.496006
645.513103 505.625926
645.010763 504.755847
644.006081 503.015687
642.499058 500.405447
640.992036 497.795208
640.489695 496.925128
637.475650 491.704649
636.470968 489.964489
634.963946 487.354249
633.456923 484.744010
630.442878 479.523530
629.940537 478.653450
629.438196 477.783371
628.433514 476.043211
627.931174 475.173131
627.428833 474.303051
625.921810 471.692811
625.419469 470.822732
624.917128 469.952652
622.405424 465.602252
621.903083 464.732172
621.400743 463.862093
620.898402 462.992013
620.396061 462.121933
619.391379 460.381773
614.367971 451.680974
611.353925 446.460495
610.851585 445.590415
608.842221 442.110096
607.335199 439.499856
606.330517 437.759696
605.325835 436.019537
604.823494 435.149457
601.809449 429.928978
600.804768 428.188818
600.302427 427.318738
599.800086 426.448658
596.786041 421.228179
595.279018 418.617939
594.274336 416.877779
593.771996 416.007700
593.269655 415.137620
592.767314 414.267540
592.264973 413.397460
592.768127 412.525971
593.271282 411.654482
593.774436 410.782993
594.277591 409.911504
594.780745 409.040015
595.283900 408.168526
595.787054 407.297036
596.290209 406.425547
596.793363 405.554058
597.296518 404.682569
597.799672 403.811080
598.302826 402.939591
598.805981 402.068102
599.309135 401.196613
599.812290 400.325124
600.315444 399.453635
600.818599 398.582146
601.321753 397.710657
601.824908 396.839168
602.328062 395.967679
602.831216 395.096190
603.334371 394.224700
604.340680 392.481722
604.843834 391.610233
605.346989 390.738744
605.850143 389.867255
606.856452 388.124277
607.359607 387.252788
607.862761 386.381299
608.365915 385.509810
608.869070 384.638321
609.875379 382.895342
610.378533 382.023853
611.384842 380.280875
611.887997 379.409386
612.894306 377.666408
613.397460 376.794919
613.397460 376.794919
611.384842 376.794919
610.378533 376.794919
609.372224 376.794919
608.365916 376.794919
607.359607 376.794919
606.353298 376.794919
604.340680 376.794919
603.334371 376.794919
601.321753 376.794919
599.309136 376.794919
597.296518 376.794919
596.290209 376.794919
595.283900 376.794919
594.277591 376.794919
591.258665 376.794919
590.252356 376.794919
589.246047 376.794919
588.239738 376.794919
587.233429 376.794919
586.227120 376.794919
585.220811 376.794919
581.195576 376.794919
578.176649 376.794919
576.164031 376.794919
575.157723 376.794919
574.151414 376.794919
572.138796 376.794919
571.132487 376.794919
571.132487 376.794919
570.629333 375.923430
570.126178 375.051941
569.623024 374.180452
569.119869 373.308963
568.616715 372.437474
567.107251 369.823007
566.100942 368.080029
565.597788 367.208539
565.094634 366.337050
564.088325 364.594072
563.585170 363.722583
563.082016 362.851094
562.075707 361.108116
561.572552 360.236627
561.069398 359.365138
560.566243 358.493649
560.063089 357.622160
559.559935 356.750671
559.056780 355.879182
558.553626 355.007693
558.050471 354.136204
557.547317 353.264715
557.044162 352.393226
556.541008 351.521737
555.534699 349.778759
555.031545 348.907269
554.528390 348.035780
553.522081 346.292802
553.018927 345.421313
552.515772 344.549824
552.012618 343.678335
551.006309 341.935357
550.503154 341.063868
550.000000 340.192379
550.000000 340.192379
549.496846 341.063868
548.993691 341.935357
548.490537 342.806846
547.987382 343.678335
547.484228 344.549824
546.981073 345.421313
546.477919 346.292802
545.974764 347.164291
545.471610 348.035780
544.968455 348.907269
544.465301 349.778759
543.458992 351.521737
542.955838 352.393226
542.452683 353.264715
541.949529 354.136204
541.446374 355.007693
540.440065 356.750671
539.936911 357.622160
539.433757 358.493649
538.930602 359.365138
538.427448 360.236627
537.924293 361.108116
536.414830 363.722583
535.911675 364.594072
535.408521 365.465561
534.402212 367.208539
533.899058 368.080029
533.395903 368.951518
532.892749 369.823007
531.886440 371.565985
530.880131 373.308963
529.873822 375.051941
528.867513 376.794919
528.867513 376.794919
527.861204 376.794919
526.854895 376.794919
525.848586 376.794919
524.842277 376.794919
522.829660 376.794919
520.817042 376.794919
519.810733 376.794919
518.804424 376.794919
517.798115 376.794919
516.791806 376.794919
514.779189 376.794919
513.772880 376.794919
512.766571 376.794919
511.760262 376.794919
509.747644 376.794919
508.741335 376.794919
507.735027 376.794919
506.728718 376.794919
505.722409 376.794919
504.716100 376.794919
503.709791 376.794919
502.703482 376.794919
501.697173 376.794919
499.684555 376.794919
498.678247 376.794919
497.671938 376.794919
496.665629 376.794919
495.659320 376.794919
494.653011 376.794919
493.646702 376.794919
491.634084 376.794919
490.627776 376.794919
489.621467 376.794919
487.608849 376.794919
486.602540 376.794919
486.602540 376.794919
487.608849 378.537897
488.615158 380.280875
489.621467 382.023853
490.627776 383.766832
491.130930 384.638321
491.634085 385.509810
492.640393 387.252788
493.143548 388.124277
494.149857 389.867255
494.653011 390.738744
495.156166 391.610233
495.659320 392.481722
496.162475 393.353211
496.665629 394.224700
497.168784 395.096190
497.671938 395.967679
498.175092 396.839168
498.678247 397.710657
499.181401 398.582146
500.187710 400.325124
500.690865 401.196613
501.194019 402.068102
501.697174 402.939591
502.200328 403.811080
502.703482 404.682569
503.709791 406.425547
504.212946 407.297036
504.716100 408.168526
505.722409 409.911504
507.735027 413.397460
507.735027 413.397460
506.730345 415.137620
505.725664 416.877779
505.223323 417.747859
502.209278 422.968339
500.702255 425.578578
499.195232 428.188818
498.190551 429.928978
497.688210 430.799057
496.181187 433.409297
495.176506 435.149457
494.171824 436.889617
492.664801 439.499856
492.162461 440.369936
491.157779 442.110096
490.655438 442.980176
490.153097 443.850256
489.650756 444.720335
488.646075 446.460495
487.139052 449.070735
486.134370 450.810895
485.632029 451.680974
483.120325 456.031374
482.617984 456.901454
479.603939 462.121933
477.594576 465.602252
475.585212 469.082572
467.547759 483.003850
467.045418 483.873930
466.543077 484.744010
466.040736 485.614089
463.529032 489.964489
463.026691 490.834569
461.519668 493.444808
459.007964 497.795208
458.505623 498.665288
456.496260 502.145607
453.984556 506.496006
453.482215 507.366086
451.472851 510.846406
448.458806 516.066885
447.956465 516.936965
446.951784 518.677125
444.942420 522.157444
442.933057 525.637764
438.914330 532.598403
437.407308 535.208642
433.890922 541.299201
433.388581 542.169281
432.886240 543.039361
431.379217 545.649601
430.876876 546.519681
430.374536 547.389760
427.862831 550.000000
425.853468 550.000000
423.844105 550.000000
420.830059 550.000000
418.820696 550.000000
413.797288 550.000000
410.783243 550.000000
406.764516 550.000000
405.759834 550.000000
404.755152 550.000000
403.750471 550.000000
400.736426 550.000000
398.727062 550.000000
394.708335 550.000000
393.703654 550.000000
391.694290 550.000000
390.689609 550.000000
384.661518 550.000000
383.656837 550.000000
381.647473 550.000000
378.633428 550.000000
375.619383 550.000000
369.591293 550.000000
363.563203 550.000000
360.549158 550.000000
357.535113 550.000000
355.525749 550.000000
353.516386 550.000000
348.492977 550.000000
345.478932 550.000000
343.469569 550.000000
341.460206 550.000000
340.455524 550.000000
338.446161 550.000000
337.441479 550.000000
336.436797 550.000000
335.432115 550.000000
333.422752 550.000000
328.399344 550.000000
326.389980 550.000000
325.385298 550.000000
322.371253 550.000000
319.357208 550.000000
316.343163 550.000000
311.319755 550.000000
308.305710 550.000000
300.268256 550.000000
297.254211 550.000000
295.244848 550.000000
293.235484 550.000000
284.193349 550.000000
275.151214 550.000000
274.146532 550.000000
271.132487 550.000000
270.126178 548.257022
269.623024 547.385533
269.119869 546.514044
268.113560 544.771066
267.610406 543.899577
266.604097 542.156599
266.100942 541.285110
265.597788 540.413620
265.094634 539.542131
264.591479 538.670642
264.088325 537.799153
263.585170 536.927664
263.082016 536.056175
262.075707 534.313197
261.572552 533.441708
261.069398 532.570219
260.063089 530.827241
259.559935 529.955752
259.056780 529.084263
258.553626 528.212774
258.050471 527.341285
257.547317 526.469796
257.044162 525.598307
255.031545 522.112350
254.528390 521.240861
254.025236 520.369372
253.522081 519.497883
252.515772 517.754905
252.012618 516.883416
251.509463 516.011927
251.006309 515.140438
250.503154 514.268949
250.000000 513.397460
250.000000 513.397460
249.496846 514.268949
248.993691 515.140438
248.490537 516.011927
247.987382 516.883416
247.484228 517.754905
246.981073 518.626394
246.477919 519.497883
245.974764 520.369372
244.968455 522.112350
244.465301 522.983840
243.962147 523.855329
243.458992 524.726818
242.955838 525.598307
242.452683 526.469796
241.949529 527.341285
241.446374 528.212774
240.943220 529.084263
240.440065 529.955752
239.936911 530.827241
239.433757 531.698730
238.930602 532.570219
236.414830 536.927664
235.911675 537.799153
235.408521 538.670642
234.905366 539.542131
233.899058 541.285110
233.395903 542.156599
232.892749 543.028088
232.389594 543.899577
231.886440 544.771066
231.383285 545.642555
230.880131 546.514044
230.376976 547.385533
229.873822 548.257022
229.370667 549.128511
228.867513 550.000000
228.867513 550.000000
224.840403 550.000000
223.833626 550.000000
222.826848 550.000000
218.799739 550.000000
211.752296 550.000000
206.718409 550.000000
205.711632 550.000000
203.698077 550.000000
197.657412 550.000000
195.643857 550.000000
194.637080 550.000000
190.609970 550.000000
189.603193 550.000000
188.596415 550.000000
187.589638 550.000000
186.582860 550.000000
185.576083 550.000000
184.569305 550.000000
182.555751 550.000000
181.548973 550.000000
173.494754 550.000000
171.481199 550.000000
168.460866 550.000000
166.447311 550.000000
162.420202 550.000000
161.413424 550.000000
157.386314 550.000000
156.379537 550.000000
155.372759 550.000000
153.359205 550.000000
152.352427 550.000000
151.345650 550.000000
149.332095 550.000000
147.318540 550.000000
146.311762 550.000000
145.304985 550.000000
144.298208 550.000000
140.271098 550.000000
138.257543 550.000000
135.237211 550.000000
133.223656 550.000000
131.210101 550.000000
129.196546 550.000000
127.182991 550.000000
126.176214 550.000000
124.162659 550.000000
122.149104 550.000000
118.121994 550.000000
117.115217 550.000000
116.108439 550.000000
114.094884 550.000000
109.060997 550.000000
106.040665 550.000000
103.020332 550.000000
