1620
100.000000 450.000000
101.001866 450.000000
102.003732 450.000000
106.011196 450.000000
107.013062 450.000000
108.014928 450.000000
109.016794 450.000000
110.018660 450.000000
111.020526 450.000000
113.024258 450.000000
114.026124 450.000000
115.027990 450.000000
116.029856 450.000000
117.031722 450.000000
118.033588 450.000000
119.035454 450.000000
120.037320 450.000000
121.039186 450.000000
122.041052 450.000000
123.042918 450.000000
124.044784 450.000000
125.046650 450.000000
129.054114 450.000000
130.055980 450.000000
131.057846 450.000000
132.059712 450.000000
135.065310 450.000000
136.067177 450.000000
139.072775 450.000000
141.076507 450.000000
145.083971 450.000000
148.089569 450.000000
149.091435 450.000000
150.093301 450.000000
151.095167 450.000000
152.097033 450.000000
154.100765 450.000000
155.102631 450.000000
158.108229 450.000000
159.110095 450.000000
161.113827 450.000000
162.115693 450.000000
164.119425 450.000000
165.121291 450.000000
168.126889 450.000000
169.128755 450.000000
170.130621 450.000000
171.132487 450.000000
173.644191 445.649601
175.151214 443.039361
175.653555 442.169281
178.667600 436.948802
179.169941 436.078722
179.672281 435.208642
180.676963 433.468482
181.179304 432.598403
181.681645 431.728323
182.686326 429.988163
184.695690 426.507843
187.207394 422.157444
187.709735 421.287364
188.714417 419.547204
189.216757 418.677125
189.719098 417.807045
190.723780 416.066885
191.226121 415.196805
193.737825 410.846406
195.244848 408.236166
195.747189 407.366086
200.268256 399.535367
201.775279 396.925128
202.277620 396.055048
202.779960 395.184968
203.784642 393.444808
205.794005 389.964489
206.296346 389.094409
208.305710 385.614089
212.826777 377.783371
213.329118 376.913291
214.333800 375.173131
214.836141 374.303051
215.840822 372.562891
216.845504 370.822732
218.352527 368.212492
220.864231 363.862093
225.887639 355.161294
226.892321 353.421134
230.408707 347.330575
231.413389 345.590415
233.925093 341.240016
234.427434 340.369936
235.432115 338.629776
235.934456 337.759696
236.436797 336.889617
238.446161 333.409297
239.450842 331.669137
241.962546 327.318738
242.967228 325.578578
243.971910 323.838418
244.976592 322.098259
245.478932 321.228179
245.981273 320.358099
248.995318 315.137620
250.502341 314.267540
251.004682 315.137620
252.009363 316.877779
253.014045 318.617939
253.516386 319.488019
254.018727 320.358099
254.521068 321.228179
256.530431 324.708498
257.535113 326.448658
258.539794 328.188818
259.042135 329.058898
260.549158 331.669137
261.553839 333.409297
262.558521 335.149457
263.060862 336.019537
264.567885 338.629776
265.572566 340.369936
266.074907 341.240016
268.586611 345.590415
269.591293 347.330575
272.102997 351.680974
274.112361 355.161294
274.614702 356.031374
275.117042 356.901454
276.624065 359.511693
277.628747 361.251853
279.135769 363.862093
279.638110 364.732172
281.647473 368.212492
283.154496 370.822732
285.163859 374.303051
286.670882 376.913291
288.177904 379.523530
289.182586 381.263690
289.684927 382.133770
290.187268 383.003850
291.191949 384.744010
291.694290 385.614089
293.201313 388.224329
293.703654 389.094409
298.224721 396.925128
298.727062 397.795208
299.229403 398.665288
299.731744 399.535367
303.750471 406.496006
306.262175 410.846406
307.266857 412.586565
307.769197 413.456645
309.276220 416.066885
310.783243 418.677125
311.285583 419.547204
311.787924 420.417284
314.299628 424.767684
315.304310 426.507843
315.806651 427.377923
317.313674 429.988163
320.830059 436.078722
322.337082 438.688962
322.839423 439.559042
323.844105 441.299201
325.351127 443.909441
328.867513 450.000000
328.867513 450.000000
329.873822 450.000000
330.880131 450.000000
331.886440 450.000000
333.899058 450.000000
334.905366 450.000000
335.911675 450.000000
337.924293 450.000000
339.936911 450.000000
340.943220 450.000000
342.955838 450.000000
343.962147 450.000000
344.968455 450.000000
345.974764 450.000000
346.981073 450.000000
347.987382 450.000000
348.993691 450.000000
351.006309 450.000000
352.012618 450.000000
353.018927 450.000000
354.025236 450.000000
355.031545 450.000000
356.037853 450.000000
357.044162 450.000000
358.050471 450.000000
359.056780 450.000000
360.063089 450.000000
361.069398 450.000000
365.094634 450.000000
367.107251 450.000000
368.113560 450.000000
369.119869 450.000000
370.126178 450.000000
371.132487 450.000000
371.132487 450.000000
371.635641 449.128511
372.138796 448.257022
373.145105 446.514044
373.648259 445.642555
374.151414 444.771066
374.654568 443.899577
375.157722 443.028088
375.660877 442.156599
376.667186 440.413620
378.176649 437.799153
378.679803 436.927664
380.189267 434.313197
380.692421 433.441708
381.195576 432.570219
382.705039 429.955752
383.208193 429.084263
383.711348 428.212774
384.214502 427.341285
384.717657 426.469796
385.220811 425.598307
385.723965 424.726818
386.227120 423.855329
386.730274 422.983840
387.233429 422.112350
387.736583 421.240861
388.239738 420.369372
388.742892 419.497883
389.246046 418.626394
389.749201 417.754905
390.252355 416.883416
390.755510 416.011927
391.258664 415.140438
391.761819 414.268949
392.264973 413.397460
392.264973 413.397460
391.762632 412.527380
390.757950 410.787220
390.255610 409.917140
389.250928 408.176981
388.748587 407.306901
386.236883 402.956501
384.227519 399.476182
383.222838 397.736022
381.715815 395.125783
379.204111 390.775383
377.697088 388.165144
377.194748 387.295064
376.692407 386.424984
376.190066 385.554904
375.185384 383.814744
374.180703 382.074584
373.176021 380.334425
372.673680 379.464345
371.668998 377.724185
368.152612 371.633626
366.645590 369.023386
366.143249 368.153306
364.636226 365.543067
364.133886 364.672987
363.631545 363.802907
362.626863 362.062747
361.622181 360.322587
361.119840 359.452508
360.115159 357.712348
358.105795 354.232028
354.087069 347.271389
350.068342 340.310750
349.063660 338.570590
348.561319 337.700511
346.049615 333.350111
345.547274 332.480031
343.537911 328.999712
343.035570 328.129632
340.021525 322.909153
338.012162 319.428833
337.007480 317.688673
334.495776 313.338274
333.993435 312.468194
330.979390 307.247715
329.472367 304.637475
328.970026 303.767395
328.467685 302.897315
326.960663 300.287076
325.955981 298.546916
325.453640 297.676836
324.448959 295.936676
323.444277 294.196517
319.927891 288.105957
318.923209 286.365798
318.420868 285.495718
317.918528 284.625638
315.406823 280.275239
314.402142 278.535079
313.899801 277.664999
313.397460 276.794919
313.397460 276.794919
314.402142 276.794919
319.425550 276.794919
320.430232 276.794919
323.444277 276.794919
324.448959 276.794919
328.467686 276.794919
329.472367 276.794919
330.477049 276.794919
331.481731 276.794919
336.505139 276.794919
341.528548 276.794919
343.537911 276.794919
347.556638 276.794919
351.575365 276.794919
352.580046 276.794919
354.589410 276.794919
357.603455 276.794919
358.608137 276.794919
360.617500 276.794919
365.640908 276.794919
366.645590 276.794919
367.650272 276.794919
368.654954 276.794919
370.664317 276.794919
372.673680 276.794919
373.678362 276.794919
378.701771 276.794919
379.706452 276.794919
383.725179 276.794919
384.729861 276.794919
385.734542 276.794919
391.762633 276.794919
396.786041 276.794919
399.800086 276.794919
400.804768 276.794919
401.809450 276.794919
403.818813 276.794919
404.823495 276.794919
406.832858 276.794919
410.851585 276.794919
412.860948 276.794919
413.865630 276.794919
415.874993 276.794919
417.884357 276.794919
420.898402 276.794919
421.903084 276.794919
422.907765 276.794919
423.912447 276.794919
427.931174 276.794919
429.940537 276.794919
431.949901 276.794919
432.954582 276.794919
433.959264 276.794919
435.968627 276.794919
437.977991 276.794919
438.982673 276.794919
440.992036 276.794919
441.996718 276.794919
450.034171 276.794919
453.048216 276.794919
455.057580 276.794919
456.062261 276.794919
457.066943 276.794919
459.076307 276.794919
460.080988 276.794919
463.095033 276.794919
465.104397 276.794919
466.109078 276.794919
471.634828 275.924839
472.137169 275.054759
475.653555 268.964200
476.658236 267.224040
477.160577 266.353961
477.662918 265.483881
478.165259 264.613801
479.672281 262.003561
481.179304 259.393322
482.183986 257.653162
482.686326 256.783082
483.188667 255.913002
483.691008 255.042922
484.695690 253.302762
485.700372 251.562603
486.202712 250.692523
489.216757 245.472044
491.728462 241.121644
492.230803 240.251564
493.737825 237.641325
495.747189 234.161005
496.751870 232.420845
497.756552 230.680686
500.770597 225.460207
501.272938 224.590127
502.277620 222.849967
502.779960 221.979887
503.784642 220.239727
504.286983 219.369647
506.296346 215.889328
507.301028 214.149168
507.803369 213.279088
508.305710 212.409008
509.812732 209.798769
510.817414 208.058609
512.324436 205.448369
513.831459 202.838130
514.333800 201.968050
514.836141 201.097970
516.343163 198.487730
516.845504 197.617651
518.352527 195.007411
519.859549 192.397171
522.371253 188.046772
524.882958 183.696373
527.897003 178.475893
528.399344 177.605814
528.901684 176.735734
530.911048 173.255414
533.422752 168.905015
533.925093 168.034935
534.427434 167.164855
534.929775 166.294775
537.441479 161.944376
538.948501 159.334136
540.957865 155.853817
541.460206 154.983737
541.962546 154.113657
542.967228 152.373497
543.469569 151.503417
544.474251 149.763258
547.488296 144.542778
547.990637 143.672698
548.995318 141.932539
552.009363 143.672698
553.014045 145.412858
553.516386 146.282938
554.018727 147.153018
554.521068 148.023098
555.023408 148.893178
556.028090 150.633337
558.037454 154.113657
558.539794 154.983737
559.544476 156.723897
560.046817 157.593976
562.558521 161.944376
563.563203 163.684536
566.577248 168.905015
567.581930 170.645175
568.084270 171.515254
571.600656 177.605814
573.107679 180.216053
574.112361 181.956213
575.117042 183.696373
577.126406 187.176692
578.131087 188.916852
578.633428 189.786932
579.638110 191.527091
580.140451 192.397171
582.149814 195.877491
582.652155 196.747571
583.154496 197.617651
584.159178 199.357810
585.163859 201.097970
586.670882 203.708210
588.177904 206.318449
591.694290 212.409008
592.196631 213.279088
593.703654 215.889328
595.210676 218.499568
595.713017 219.369647
596.215358 220.239727
597.722380 222.849967
599.229403 225.460207
600.736426 228.070446
610.280902 244.601964
611.285583 246.342123
612.290265 248.082283
612.792606 248.952363
615.806651 254.172842
616.811333 255.913002
624.848786 269.834280
625.351127 270.704360
628.365172 275.924839
628.867513 276.794919
629.872195 276.794919
633.890922 276.794919
635.900285 276.794919
637.909648 276.794919
640.923693 276.794919
642.933057 276.794919
644.942420 276.794919
646.951784 276.794919
648.961147 276.794919
651.975192 276.794919
652.979874 276.794919
653.984556 276.794919
655.993919 276.794919
656.998601 276.794919
658.003282 276.794919
661.017327 276.794919
666.040736 276.794919
668.050099 276.794919
677.092235 276.794919
681.110961 276.794919
683.120325 276.794919
686.134370 276.794919
688.143733 276.794919
691.157778 276.794919
695.176505 276.794919
696.181187 276.794919
698.190550 276.794919
703.213959 276.794919
705.223322 276.794919
706.228004 276.794919
712.256094 276.794919
714.265458 276.794919
716.274821 276.794919
722.302911 276.794919
724.312275 276.794919
725.316956 276.794919
726.321638 276.794919
728.331001 276.794919
729.335683 276.794919
731.345046 276.794919
732.349728 276.794919
745.410590 276.794919
748.424635 276.794919
750.433999 276.794919
752.443362 276.794919
753.448044 276.794919
754.452726 276.794919
756.462089 276.794919
760.480816 276.794919
762.490179 276.794919
766.508906 276.794919
767.513588 276.794919
768.518269 276.794919
769.522951 276.794919
770.527633 276.794919
771.532314 276.794919
773.541678 276.794919
776.555723 276.794919
780.574450 276.794919
781.579131 276.794919
786.100199 277.664999
785.095517 279.405159
784.593177 280.275239
783.086154 282.885478
782.583813 283.755558
781.579132 285.495718
780.072109 288.105957
779.569768 288.976037
779.067427 289.846117
776.053382 295.066596
774.546360 297.676836
771.029974 303.767395
770.527633 304.637475
770.025292 305.507555
769.522951 306.377635
767.011247 310.728034
763.494861 316.818593
762.490179 318.558753
761.987838 319.428833
760.983157 321.168993
758.973793 324.649312
756.964430 328.129632
755.457407 330.739871
754.452726 332.480031
753.950385 333.350111
752.443362 335.960351
750.433999 339.440670
749.931658 340.310750
748.926976 342.050910
747.922295 343.791070
747.419954 344.661150
746.917613 345.531229
745.410591 348.141469
744.405909 349.881629
743.401227 351.621789
742.898886 352.491868
742.396545 353.361948
741.894205 354.232028
740.387182 356.842268
739.884841 357.712348
738.880160 359.452508
734.861433 366.413147
733.856751 368.153306
732.852069 369.893466
730.842706 373.373786
729.838024 375.113945
728.331002 377.724185
727.828661 378.594265
727.326320 379.464345
725.316957 382.944664
723.809934 385.554904
722.805252 387.295064
718.786526 394.255703
718.284185 395.125783
717.279503 396.865942
716.777162 397.736022
716.274821 398.606102
715.772481 399.476182
715.270140 400.346262
714.767799 401.216342
714.265458 402.086422
711.251413 407.306901
710.749072 408.176981
710.246731 409.047061
709.744390 409.917140
709.242050 410.787220
707.735027 413.397460
708.238181 414.268949
708.741336 415.140438
709.244490 416.011927
709.747645 416.883416
710.250799 417.754905
711.257108 419.497883
711.760262 420.369372
712.263417 421.240861
712.766571 422.112350
714.779189 425.598307
715.785498 427.341285
716.288652 428.212774
716.791807 429.084263
717.294961 429.955752
717.798116 430.827241
718.301270 431.698730
718.804424 432.570219
720.313888 435.184686
720.817042 436.056175
721.320197 436.927664
721.823351 437.799153
722.326505 438.670642
722.829660 439.542131
723.332814 440.413620
723.835969 441.285110
724.339123 442.156599
724.842278 443.028088
725.345432 443.899577
725.848586 444.771066
726.351741 445.642555
727.358050 447.385533
727.861204 448.257022
728.364359 449.128511
728.867513 450.000000
730.880131 450.000000
731.886440 450.000000
732.892749 450.000000
733.899058 450.000000
734.905366 450.000000
735.911675 450.000000
736.917984 450.000000
737.924293 450.000000
738.930602 450.000000
739.936911 450.000000
740.943220 450.000000
741.949529 450.000000
742.955838 450.000000
744.968455 450.000000
745.974764 450.000000
746.981073 450.000000
747.987382 450.000000
748.993691 450.000000
750.000000 450.000000
751.006309 450.000000
752.012618 450.000000
754.025236 450.000000
755.031545 450.000000
756.037853 450.000000
758.050471 450.000000
759.056780 450.000000
760.063089 450.000000
761.069398 450.000000
762.075707 450.000000
763.082016 450.000000
764.088325 450.000000
765.094634 450.000000
767.107251 450.000000
768.113560 450.000000
769.119869 450.000000
770.126178 450.000000
771.634828 449.129920
772.639510 447.389760
773.141850 446.519681
774.146532 444.779521
775.653555 442.169281
781.681645 431.728323
782.686326 429.988163
783.691008 428.248003
785.198031 425.637764
785.700372 424.767684
786.202712 423.897604
786.705053 423.027524
787.709735 421.287364
788.212076 420.417284
790.723780 416.066885
792.230803 413.456645
794.240166 409.976326
794.742507 409.106246
795.244848 408.236166
797.254211 404.755847
801.272938 397.795208
802.277620 396.055048
803.784642 393.444808
805.291665 390.834569
805.794005 389.964489
806.798687 388.224329
808.305710 385.614089
809.310391 383.873930
811.822096 379.523530
812.324436 378.653450
813.329118 376.913291
814.836141 374.303051
817.850186 369.082572
818.854867 367.342412
819.357208 366.472332
820.361890 364.732172
821.868913 362.121933
823.878276 358.641613
827.897003 351.680974
830.911048 346.460495
832.920411 342.980176
834.427434 340.369936
834.929775 339.499856
836.436797 336.889617
837.441479 335.149457
838.446161 333.409297
839.953183 330.799057
840.455524 329.928978
841.460206 328.188818
844.474251 322.968339
844.976592 322.098259
847.488296 317.747859
847.990637 316.877779
849.497659 314.267540
851.004682 315.137620
853.516386 319.488019
855.023408 322.098259
856.028090 323.838418
856.530431 324.708498
857.535113 326.448658
858.037454 327.318738
859.544476 329.928978
860.046817 330.799057
862.558521 335.149457
864.065544 337.759696
865.070225 339.499856
865.572566 340.369936
868.084270 344.720335
868.586611 345.590415
870.093634 348.200655
872.605338 352.551054
874.112361 355.161294
874.614702 356.031374
875.619383 357.771534
876.121724 358.641613
876.624065 359.511693
877.126406 360.381773
878.131087 362.121933
879.135769 363.862093
879.638110 364.732172
880.140451 365.602252
881.145133 367.342412
882.652155 369.952652
883.656837 371.692811
884.661518 373.432971
887.173223 377.783371
889.182586 381.263690
889.684927 382.133770
890.689609 383.873930
892.196631 386.484169
896.215358 393.444808
896.717699 394.314888
897.220040 395.184968
897.722380 396.055048
899.731744 399.535367
900.234085 400.405447
901.238766 402.145607
902.243448 403.885767
902.745789 404.755847
903.248130 405.625926
903.750471 406.496006
904.252811 407.366086
904.755152 408.236166
906.262175 410.846406
907.266857 412.586565
908.773879 415.196805
910.783243 418.677125
911.285583 419.547204
911.787924 420.417284
912.792606 422.157444
913.294947 423.027524
913.797288 423.897604
914.299628 424.767684
915.806651 427.377923
916.308992 428.248003
917.313674 429.988163
919.825378 434.338562
921.834741 437.818882
922.337082 438.688962
923.844105 441.299201
924.848786 443.039361
925.853468 444.779521
928.867513 450.000000
929.869379 450.000000
934.878709 450.000000
935.880575 450.000000
936.882441 450.000000
937.884307 450.000000
939.888039 450.000000
941.891771 450.000000
942.893637 450.000000
945.899235 450.000000
946.901101 450.000000
947.902967 450.000000
948.904833 450.000000
949.906699 450.000000
950.908565 450.000000
952.912297 450.000000
956.919761 450.000000
958.923493 450.000000
959.925359 450.000000
962.930957 450.000000
964.934690 450.000000
966.938422 450.000000
969.944020 450.000000
970.945886 450.000000
972.949618 450.000000
974.953350 450.000000
975.955216 450.000000
976.957082 450.000000
981.966412 450.000000
982.968278 450.000000
984.972010 450.000000
986.975742 450.000000
987.977608 450.000000
989.981340 450.000000
991.985072 450.000000
992.986938 450.000000
993.988804 450.000000
994.990670 450.000000
995.992536 450.000000
996.994402 450.000000
1000.000000 450.000000
1000.000000 450.000000
1000.000000 452.000000
1000.000000 457.000000
1000.000000 460.000000
1000.000000 464.000000
1000.000000 465.000000
1000.000000 466.000000
1000.000000 467.000000
1000.000000 473.000000
1000.000000 474.000000
1000.000000 477.000000
1000.000000 479.000000
1000.000000 481.000000
1000.000000 482.000000
1000.000000 483.000000
1000.000000 484.000000
1000.000000 485.000000
1000.000000 486.000000
1000.000000 488.000000
1000.000000 489.000000
1000.000000 490.000000
1000.000000 492.000000
1000.000000 493.000000
1000.000000 496.000000
1000.000000 499.000000
1000.000000 500.000000
1000.000000 502.000000
1000.000000 503.000000
1000.000000 505.000000
1000.000000 506.000000
1000.000000 514.000000
1000.000000 515.000000
1000.000000 516.000000
1000.000000 518.000000
1000.000000 519.000000
1000.000000 520.000000
1000.000000 522.000000
1000.000000 525.000000
1000.000000 526.000000
1000.000000 530.000000
1000.000000 532.000000
1000.000000 535.000000
1000.000000 536.000000
1000.000000 537.000000
1000.000000 538.000000
1000.000000 541.000000
1000.000000 542.000000
1000.000000 544.000000
1000.000000 546.000000
1000.000000 547.000000
1000.000000 548.000000
1000.000000 549.000000
998.993223 550.000000
997.986445 550.000000
995.972890 550.000000
993.959335 550.000000
992.952558 550.000000
990.939003 550.000000
988.925448 550.000000
987.918671 550.000000
986.911893 550.000000
985.905116 550.000000
982.884783 550.000000
981.878006 550.000000
980.871229 550.000000
977.850896 550.000000
976.844119 550.000000
974.830564 550.000000
973.823786 550.000000
972.817009 550.000000
970.803454 550.000000
968.789899 550.000000
962.749235 550.000000
960.735680 550.000000
959.728902 550.000000
957.715347 550.000000
956.708570 550.000000
954.695015 550.000000
952.681460 550.000000
951.674683 550.000000
949.661128 550.000000
948.654350 550.000000
947.647573 550.000000
945.634018 550.000000
942.613686 550.000000
940.600131 550.000000
939.593353 550.000000
936.573021 550.000000
932.545911 550.000000
926.505246 550.000000
920.464582 550.000000
919.457804 550.000000
914.423917 550.000000
910.396807 550.000000
909.390030 550.000000
906.369698 550.000000
904.356143 550.000000
901.335810 550.000000
899.322255 550.000000
889.254481 550.000000
886.234149 550.000000
884.220594 550.000000
880.193484 550.000000
878.179929 550.000000
877.173152 550.000000
875.159597 550.000000
874.152819 550.000000
873.146042 550.000000
872.139264 550.000000
871.132487 550.000000
870.629333 549.128511
870.126178 548.257022
869.623024 547.385533
869.119869 546.514044
868.616715 545.642555
868.113560 544.771066
867.610406 543.899577
866.604097 542.156599
866.100942 541.285110
865.597788 540.413620
865.094634 539.542131
864.591479 538.670642
864.088325 537.799153
863.585170 536.927664
863.082016 536.056175
862.075707 534.313197
861.572552 533.441708
861.069398 532.570219
860.063089 530.827241
859.559935 529.955752
858.553626 528.212774
858.050471 527.341285
857.547317 526.469796
857.044162 525.598307
856.037853 523.855329
855.534699 522.983840
854.528390 521.240861
854.025236 520.369372
853.522081 519.497883
853.018927 518.626394
852.515772 517.754905
852.012618 516.883416
851.006309 515.140438
850.503154 514.268949
850.000000 513.397460
850.000000 513.397460
849.496846 514.268949
848.993691 515.140438
847.987382 516.883416
847.484228 517.754905
846.981073 518.626394
846.477919 519.497883
845.974764 520.369372
845.471610 521.240861
844.968455 522.112350
843.458992 524.726818
842.955838 525.598307
842.452683 526.469796
841.949529 527.341285
841.446374 528.212774
840.943220 529.084263
839.936911 530.827241
839.433757 531.698730
838.930602 532.570219
838.427448 533.441708
837.924293 534.313197
837.421139 535.184686
836.917984 536.056175
835.911675 537.799153
835.408521 538.670642
834.905366 539.542131
834.402212 540.413620
833.899058 541.285110
833.395903 542.156599
832.892749 543.028088
832.389594 543.899577
831.886440 544.771066
831.383285 545.642555
830.880131 546.514044
830.376976 547.385533
829.873822 548.257022
829.370667 549.128511
828.867513 550.000000
826.858150 550.000000
821.834741 550.000000
819.825378 550.000000
817.816014 550.000000
816.811333 550.000000
815.806651 550.000000
813.797288 550.000000
811.787924 550.000000
810.783243 550.000000
809.778561 550.000000
807.769197 550.000000
804.755152 550.000000
802.745789 550.000000
799.731744 550.000000
794.708335 550.000000
792.698972 550.000000
789.684927 550.000000
788.680245 550.000000
786.670882 550.000000
782.652155 550.000000
777.628747 550.000000
776.624065 550.000000
774.614702 550.000000
772.605338 550.000000
768.586611 550.000000
767.581930 550.000000
762.558521 550.000000
759.544476 550.000000
756.530431 550.000000
753.516386 550.000000
752.511704 550.000000
746.483614 550.000000
738.446161 550.000000
737.441479 550.000000
736.436797 550.000000
733.422752 550.000000
731.413389 550.000000
728.399344 550.000000
727.394662 550.000000
721.366572 550.000000
720.361890 550.000000
718.352527 550.000000
717.347845 550.000000
716.343163 550.000000
715.338482 550.000000
714.333800 550.000000
713.329118 550.000000
712.324436 550.000000
711.319755 550.000000
709.310391 550.000000
701.272938 550.000000
700.268256 550.000000
699.263574 550.000000
698.258893 550.000000
696.249529 550.000000
693.235484 550.000000
692.230803 550.000000
689.216757 550.000000
685.198031 550.000000
683.188667 550.000000
682.183986 550.000000
681.179304 550.000000
678.165259 550.000000
677.160577 550.000000
674.146532 550.000000
671.132487 550.000000
670.127805 548.259840
669.625464 547.389760
667.113760 543.039361
666.109078 541.299201
661.085670 532.598403
657.569284 526.507843
655.559921 523.027524
651.541194 516.066885
648.527149 510.846406
646.517785 507.366086
642.499058 500.405447
640.489695 496.925128
638.982672 494.314888
636.973309 490.834569
635.466286 488.224329
631.447560 481.263690
630.945219 480.393610
629.940537 478.653450
628.433514 476.043211
627.931174 475.173131
626.926492 473.432971
626.424151 472.562891
625.921810 471.692811
623.912447 468.212492
622.907765 466.472332
621.400743 463.862093
618.889038 459.511693
617.884357 457.771534
616.879675 456.031374
615.372652 453.421134
612.358607 448.200655
611.856266 447.330575
611.353925 446.460495
610.349244 444.720335
609.846903 443.850256
608.842221 442.110096
607.837539 440.369936
605.828176 436.889617
602.311790 430.799057
601.809449 429.928978
601.307108 429.058898
600.804768 428.188818
600.302427 427.318738
599.800086 426.448658
597.790722 422.968339
597.288382 422.098259
596.786041 421.228179
595.279018 418.617939
592.264973 413.397460
592.768127 412.525971
593.271282 411.654482
593.774436 410.782993
594.277591 409.911504
594.780745 409.040015
595.283900 408.168526
595.787054 407.297036
596.290209 406.425547
596.793363 405.554058
597.296518 404.682569
597.799672 403.811080
598.302826 402.939591
598.805981 402.068102
599.309135 401.196613
599.812290 400.325124
600.315444 399.453635
600.818599 398.582146
601.321753 397.710657
601.824908 396.839168
602.328062 395.967679
602.831216 395.096190
603.334371 394.224700
603.837525 393.353211
604.843834 391.610233
605.850143 389.867255
606.353298 388.995766
607.359607 387.252788
607.862761 386.381299
608.365915 385.509810
608.869070 384.638321
609.372224 383.766832
609.875379 382.895342
610.378533 382.023853
610.881688 381.152364
611.384842 380.280875
611.887997 379.409386
612.391151 378.537897
612.894306 377.666408
613.397460 376.794919
612.391151 376.794919
611.384842 376.794919
610.378533 376.794919
609.372224 376.794919
608.365916 376.794919
607.359607 376.794919
606.353298 376.794919
605.346989 376.794919
604.340680 376.794919
603.334371 376.794919
602.328062 376.794919
601.321753 376.794919
600.315445 376.794919
599.309136 376.794919
598.302827 376.794919
597.296518 376.794919
596.290209 376.794919
595.283900 376.794919
594.277591 376.794919
593.271282 376.794919
592.264973 376.794919
590.252356 376.794919
589.246047 376.794919
588.239738 376.794919
587.233429 376.794919
586.227120 376.794919
585.220811 376.794919
584.214502 376.794919
583.208194 376.794919
581.195576 376.794919
580.189267 376.794919
579.182958 376.794919
578.176649 376.794919
576.164031 376.794919
574.151414 376.794919
573.145105 376.794919
572.138796 376.794919
571.132487 376.794919
571.132487 376.794919
570.629333 375.923430
570.126178 375.051941
569.119869 373.308963
568.113560 371.565985
567.610406 370.694496
567.107251 369.823007
566.604097 368.951518
566.100942 368.080029
565.094634 366.337050
564.591479 365.465561
564.088325 364.594072
563.082016 362.851094
562.578861 361.979605
562.075707 361.108116
561.572552 360.236627
561.069398 359.365138
560.566243 358.493649
560.063089 357.622160
559.559935 356.750671
559.056780 355.879182
558.553626 355.007693
558.050471 354.136204
557.547317 353.264715
557.044162 352.393226
556.037853 350.650248
555.534699 349.778759
555.031545 348.907269
554.528390 348.035780
554.025236 347.164291
553.522081 346.292802
551.509463 342.806846
551.006309 341.935357
550.503154 341.063868
550.000000 340.192379
550.000000 340.192379
549.496846 341.063868
548.993691 341.935357
547.987382 343.678335
547.484228 344.549824
546.981073 345.421313
546.477919 346.292802
545.974764 347.164291
545.471610 348.035780
544.968455 348.907269
544.465301 349.778759
543.962147 350.650248
543.458992 351.521737
542.955838 352.393226
542.452683 353.264715
541.446374 355.007693
540.943220 355.879182
540.440065 356.750671
539.936911 357.622160
539.433757 358.493649
538.930602 359.365138
537.924293 361.108116
537.421139 361.979605
536.917984 362.851094
535.911675 364.594072
535.408521 365.465561
534.905366 366.337050
534.402212 367.208539
533.899058 368.080029
533.395903 368.951518
532.892749 369.823007
532.389594 370.694496
531.886440 371.565985
531.383285 372.437474
530.376976 374.180452
529.873822 375.051941
529.370667 375.923430
528.867513 376.794919
527.861204 376.794919
526.854895 376.794919
525.848586 376.794919
524.842277 376.794919
523.835969 376.794919
522.829660 376.794919
521.823351 376.794919
520.817042 376.794919
519.810733 376.794919
518.804424 376.794919
517.798115 376.794919
516.791806 376.794919
515.785498 376.794919
514.779189 376.794919
513.772880 376.794919
512.766571 376.794919
511.760262 376.794919
510.753953 376.794919
509.747644 376.794919
508.741335 376.794919
507.735027 376.794919
505.722409 376.794919
504.716100 376.794919
503.709791 376.794919
502.703482 376.794919
501.697173 376.794919
500.690864 376.794919
498.678247 376.794919
497.671938 376.794919
496.665629 376.794919
495.659320 376.794919
494.653011 376.794919
493.646702 376.794919
492.640393 376.794919
491.634084 376.794919
490.627776 376.794919
489.621467 376.794919
487.608849 376.794919
486.602540 376.794919
487.105694 377.666408
487.608849 378.537897
488.112003 379.409386
488.615158 380.280875
489.118312 381.152364
489.621467 382.023853
490.124621 382.895342
490.627776 383.766832
491.130930 384.638321
491.634085 385.509810
492.137239 386.381299
492.640393 387.252788
493.143548 388.124277
493.646702 388.995766
494.149857 389.867255
496.162475 393.353211
496.665629 394.224700
497.168784 395.096190
497.671938 395.967679
498.175092 396.839168
498.678247 397.710657
499.181401 398.582146
499.684556 399.453635
500.187710 400.325124
500.690865 401.196613
501.194019 402.068102
501.697174 402.939591
502.703482 404.682569
503.206637 405.554058
503.709791 406.425547
504.212946 407.297036
504.716100 408.168526
505.722409 409.911504
506.728718 411.654482
507.231873 412.525971
507.735027 413.397460
506.228004 416.007700
504.720982 418.617939
503.716300 420.358099
503.213959 421.228179
502.209278 422.968339
499.195232 428.188818
498.692892 429.058898
498.190551 429.928978
497.688210 430.799057
495.678847 434.279377
494.171824 436.889617
493.669483 437.759696
493.167142 438.629776
492.162461 440.369936
491.660120 441.240016
490.153097 443.850256
489.148415 445.590415
488.143734 447.330575
487.641393 448.200655
485.129689 452.551054
481.613303 458.641613
481.110962 459.511693
479.603939 462.121933
479.101598 462.992013
478.599257 463.862093
477.594576 465.602252
476.589894 467.342412
473.073508 473.432971
472.571167 474.303051
471.064145 476.913291
469.557122 479.523530
469.054781 480.393610
464.533714 488.224329
463.529032 489.964489
462.524350 491.704649
462.022009 492.574728
460.514987 495.184968
460.012646 496.055048
457.500942 500.405447
456.496260 502.145607
455.993919 503.015687
454.989237 504.755847
454.486897 505.625926
453.482215 507.366086
451.975192 509.976326
448.961147 515.196805
448.458806 516.066885
447.956465 516.936965
445.444761 521.287364
444.440079 523.027524
443.937739 523.897604
442.933057 525.637764
440.923693 529.118083
440.421353 529.988163
436.904967 536.078722
435.900285 537.818882
434.895603 539.559042
433.388581 542.169281
431.881558 544.779521
431.379217 545.649601
420.830059 550.000000
418.820696 550.000000
417.816014 550.000000
416.811333 550.000000
412.792606 550.000000
411.787924 550.000000
408.773879 550.000000
403.750471 550.000000
399.731744 550.000000
395.713017 550.000000
393.703654 550.000000
392.698972 550.000000
391.694290 550.000000
388.680245 550.000000
384.661518 550.000000
383.656837 550.000000
382.652155 550.000000
381.647473 550.000000
380.642792 550.000000
379.638110 550.000000
378.633428 550.000000
376.624065 550.000000
375.619383 550.000000
374.614702 550.000000
372.605338 550.000000
371.600656 550.000000
369.591293 550.000000
368.586611 550.000000
366.577248 550.000000
364.567885 550.000000
363.563203 550.000000
355.525749 550.000000
354.521068 550.000000
349.497659 550.000000
348.492977 550.000000
343.469569 550.000000
341.460206 550.000000
333.422752 550.000000
331.413389 550.000000
330.408707 550.000000
328.399344 550.000000
326.389980 550.000000
321.366572 550.000000
318.352527 550.000000
315.338482 550.000000
312.324436 550.000000
309.310391 550.000000
302.277620 550.000000
298.258893 550.000000
297.254211 550.000000
296.249529 550.000000
295.244848 550.000000
293.235484 550.000000
289.216757 550.000000
288.212076 550.000000
287.207394 550.000000
286.202712 550.000000
284.193349 550.000000
280.174622 550.000000
277.160577 550.000000
272.137169 550.000000
270.629333 549.128511
270.126178 548.257022
269.623024 547.385533
269.119869 546.514044
268.616715 545.642555
268.113560 544.771066
267.610406 543.899577
267.107251 543.028088
266.604097 542.156599
266.100942 541.285110
265.597788 540.413620
265.094634 539.542131
264.088325 537.799153
263.585170 536.927664
263.082016 536.056175
262.578861 535.184686
262.075707 534.313197
261.572552 533.441708
261.069398 532.570219
260.566244 531.698730
260.063089 530.827241
259.559935 529.955752
258.553626 528.212774
258.050471 527.341285
257.547317 526.469796
256.541008 524.726818
256.037853 523.855329
255.534699 522.983840
255.031545 522.112350
254.528390 521.240861
254.025236 520.369372
253.522081 519.497883
253.018927 518.626394
252.515772 517.754905
252.012618 516.883416
251.509463 516.011927
251.006309 515.140438
250.503154 514.268949
250.000000 513.397460
250.000000 513.397460
249.496846 514.268949
248.490537 516.011927
247.987382 516.883416
247.484228 517.754905
246.981073 518.626394
246.477919 519.497883
245.974764 520.369372
245.471610 521.240861
244.968455 522.112350
244.465301 522.983840
243.962147 523.855329
243.458992 524.726818
242.452683 526.469796
241.949529 527.341285
240.943220 529.084263
240.440065 529.955752
239.936911 530.827241
238.427448 533.441708
237.924293 534.313197
237.421139 535.184686
236.917984 536.056175
235.911675 537.799153
235.408521 538.670642
234.905366 539.542131
234.402212 540.413620
233.899058 541.285110
233.395903 542.156599
231.886440 544.771066
231.383285 545.642555
230.376976 547.385533
229.873822 548.257022
229.370667 549.128511
228.867513 550.000000
228.867513 550.000000
227.860736 550.000000
224.840403 550.000000
222.826848 550.000000
218.799739 550.000000
215.779406 550.000000
214.772629 550.000000
213.765851 550.000000
211.752296 550.000000
208.731964 550.000000
206.718409 550.000000
202.691299 550.000000
201.684522 550.000000
200.677745 550.000000
199.670967 550.000000
197.657412 550.000000
194.637080 550.000000
193.630302 550.000000
192.623525 550.000000
191.616748 550.000000
190.609970 550.000000
188.596415 550.000000
187.589638 550.000000
184.569305 550.000000
182.555751 550.000000
174.501531 550.000000
173.494754 550.000000
171.481199 550.000000
169.467644 550.000000
168.460866 550.000000
166.447311 550.000000
164.433757 550.000000
161.413424 550.000000
160.406647 550.000000
159.399869 550.000000
158.393092 550.000000
154.365982 550.000000
153.359205 550.000000
152.352427 550.000000
150.338872 550.000000
148.325317 550.000000
146.311762 550.000000
145.304985 550.000000
143.291430 550.000000
142.284653 550.000000
140.271098 550.000000
136.243988 550.000000
134.230433 550.000000
133.223656 550.000000
130.203323 550.000000
129.196546 550.000000
126.176214 550.000000
125.169436 550.000000
123.155881 550.000000
122.149104 550.000000
119.128771 550.000000
118.121994 550.000000
116.108439 550.000000
115.101662 550.000000
114.094884 550.000000
110.067774 550.000000
107.047442 550.000000
106.040665 550.000000
103.020332 550.000000
