1690
100.000000 450.000000
101.000489 450.000000
102.000978 450.000000
104.001956 450.000000
109.004400 450.000000
110.004889 450.000000
111.005378 450.000000
112.005867 450.000000
114.006844 450.000000
115.007333 450.000000
122.010755 450.000000
123.011244 450.000000
125.012222 450.000000
126.012711 450.000000
127.013200 450.000000
128.013689 450.000000
131.015155 450.000000
134.016622 450.000000
136.017600 450.000000
140.019555 450.000000
141.020044 450.000000
142.020533 450.000000
143.021022 450.000000
145.022000 450.000000
150.024444 450.000000
151.024933 450.000000
154.026400 450.000000
167.032755 450.000000
172.035199 450.000000
176.037155 450.000000
180.039111 450.000000
183.040577 450.000000
185.041555 450.000000
187.042533 450.000000
189.043510 450.000000
193.045466 450.000000
194.045955 450.000000
197.047422 450.000000
198.047910 450.000000
201.049377 450.000000
202.049866 450.000000
203.050355 450.000000
204.050844 450.000000
209.053288 450.000000
211.054266 450.000000
214.055733 450.000000
215.056221 450.000000
216.056710 450.000000
217.057199 450.000000
218.057688 450.000000
219.058177 450.000000
220.058666 450.000000
221.059155 450.000000
224.060621 450.000000
232.064532 450.000000
233.065021 450.000000
235.065999 450.000000
236.066488 450.000000
238.067466 450.000000
240.068443 450.000000
241.068932 450.000000
242.069421 450.000000
243.069910 450.000000
247.071866 450.000000
248.072355 450.000000
249.072843 450.000000
250.073332 450.000000
251.073821 450.000000
257.076754 450.000000
260.078221 450.000000
261.078710 450.000000
262.079199 450.000000
265.080666 450.000000
266.081154 450.000000
267.081643 450.000000
268.082132 450.000000
272.084088 450.000000
276.086043 450.000000
278.087021 450.000000
281.088488 450.000000
282.088977 450.000000
286.090932 450.000000
292.093865 450.000000
299.097288 450.000000
302.098754 450.000000
304.099732 450.000000
308.101687 450.000000
309.102176 450.000000
310.102665 450.000000
314.104621 450.000000
318.106576 450.000000
323.109021 450.000000
324.109510 450.000000
325.109998 450.000000
327.110976 450.000000
334.114398 450.000000
335.114887 450.000000
336.115376 450.000000
337.115865 450.000000
339.116843 450.000000
341.117821 450.000000
342.118309 450.000000
346.120265 450.000000
347.120754 450.000000
348.121243 450.000000
349.121732 450.000000
351.122709 450.000000
352.123198 450.000000
354.124176 450.000000
356.125154 450.000000
357.125643 450.000000
359.126620 450.000000
362.128087 450.000000
363.128576 450.000000
366.130043 450.000000
367.130531 450.000000
368.131020 450.000000
369.131509 450.000000
371.132487 450.000000
371.635641 449.128511
372.138796 448.257022
372.641950 447.385533
373.145105 446.514044
373.648259 445.642555
374.151414 444.771066
374.654568 443.899577
375.157722 443.028088
375.660877 442.156599
376.164031 441.285110
376.667186 440.413620
377.170340 439.542131
377.673495 438.670642
378.176649 437.799153
378.679803 436.927664
379.182958 436.056175
379.686112 435.184686
380.189267 434.313197
380.692421 433.441708
381.195576 432.570219
381.698730 431.698730
382.201884 430.827241
382.705039 429.955752
383.208193 429.084263
383.711348 428.212774
384.214502 427.341285
384.717657 426.469796
385.220811 425.598307
385.723965 424.726818
386.227120 423.855329
386.730274 422.983840
387.233429 422.112350
387.736583 421.240861
388.239738 420.369372
388.742892 419.497883
389.246046 418.626394
389.749201 417.754905
390.252355 416.883416
390.755510 416.011927
391.258664 415.140438
391.761819 414.268949
392.264973 413.397460
391.762632 412.527380
391.260291 411.657300
389.753269 409.047061
389.250928 408.176981
388.748587 407.306901
387.743905 405.566741
387.241565 404.696661
384.729860 400.346262
384.227519 399.476182
383.725179 398.606102
383.222838 397.736022
382.218156 395.995862
380.711134 393.385623
380.208793 392.515543
379.204111 390.775383
378.701770 389.905303
378.199429 389.035223
377.697088 388.165144
375.185384 383.814744
374.180703 382.074584
373.678362 381.204504
373.176021 380.334425
372.673680 379.464345
371.668998 377.724185
371.166657 376.854105
370.664317 375.984025
369.157294 373.373786
368.654953 372.503706
368.152612 371.633626
367.650271 370.763546
366.645590 369.023386
365.640908 367.283226
365.138567 366.413147
363.631545 363.802907
363.129204 362.932827
362.626863 362.062747
362.124522 361.192667
361.119840 359.452508
360.115159 357.712348
359.110477 355.972188
358.608136 355.102108
358.105795 354.232028
357.603455 353.361948
356.598773 351.621789
356.096432 350.751709
355.594091 349.881629
355.091750 349.011549
354.589409 348.141469
352.580046 344.661150
352.077705 343.791070
351.073024 342.050910
350.570683 341.180830
349.566001 339.440670
349.063660 338.570590
348.561319 337.700511
347.556638 335.960351
346.049615 333.350111
345.044933 331.609951
343.537911 328.999712
343.035570 328.129632
342.533229 327.259552
341.528547 325.519392
340.523866 323.779232
339.519184 322.039073
339.016843 321.168993
338.012162 319.428833
337.007480 317.688673
336.505139 316.818593
336.002798 315.948514
335.500457 315.078434
334.998116 314.208354
333.993435 312.468194
332.988753 310.728034
332.486412 309.857954
331.984071 308.987875
330.979390 307.247715
330.477049 306.377635
328.970026 303.767395
328.467685 302.897315
327.965345 302.027235
326.960663 300.287076
325.453640 297.676836
324.951299 296.806756
324.448959 295.936676
323.444277 294.196517
322.439595 292.456357
321.937254 291.586277
321.434914 290.716197
320.932573 289.846117
320.430232 288.976037
319.927891 288.105957
318.923209 286.365798
318.420868 285.495718
317.918528 284.625638
317.416187 283.755558
316.913846 282.885478
316.411505 282.015398
315.909164 281.145318
315.406823 280.275239
314.904483 279.405159
313.899801 277.664999
313.397460 276.794919
314.402142 276.794919
315.406823 276.794919
316.411505 276.794919
318.420869 276.794919
319.425550 276.794919
322.439595 276.794919
323.444277 276.794919
325.453640 276.794919
326.458322 276.794919
327.463004 276.794919
329.472367 276.794919
330.477049 276.794919
331.481731 276.794919
332.486412 276.794919
333.491094 276.794919
335.500457 276.794919
336.505139 276.794919
337.509821 276.794919
338.514503 276.794919
339.519184 276.794919
341.528548 276.794919
342.533229 276.794919
343.537911 276.794919
344.542593 276.794919
345.547274 276.794919
346.551956 276.794919
348.561320 276.794919
350.570683 276.794919
351.575365 276.794919
352.580046 276.794919
357.603455 276.794919
358.608137 276.794919
359.612818 276.794919
360.617500 276.794919
361.622182 276.794919
364.636227 276.794919
365.640908 276.794919
366.645590 276.794919
367.650272 276.794919
368.654954 276.794919
372.673680 276.794919
376.692407 276.794919
380.711134 276.794919
381.715816 276.794919
383.725179 276.794919
385.734542 276.794919
388.748588 276.794919
390.757951 276.794919
392.767314 276.794919
393.771996 276.794919
394.776678 276.794919
398.795405 276.794919
400.804768 276.794919
401.809450 276.794919
404.823495 276.794919
405.828176 276.794919
406.832858 276.794919
408.842222 276.794919
412.860948 276.794919
414.870312 276.794919
417.884357 276.794919
418.889039 276.794919
419.893720 276.794919
420.898402 276.794919
421.903084 276.794919
424.917129 276.794919
425.921810 276.794919
427.931174 276.794919
433.959264 276.794919
438.982673 276.794919
439.987354 276.794919
447.020126 276.794919
449.029490 276.794919
451.038853 276.794919
453.048216 276.794919
454.052898 276.794919
455.057580 276.794919
459.076307 276.794919
461.085670 276.794919
463.095033 276.794919
465.104397 276.794919
467.113760 276.794919
470.127805 276.794919
471.132487 276.794919
471.132487 276.794919
471.634828 275.924839
472.137169 275.054759
473.141850 273.314600
473.644191 272.444520
474.146532 271.574440
474.648873 270.704360
475.151214 269.834280
475.653555 268.964200
476.155895 268.094120
476.658236 267.224040
477.662918 265.483881
478.165259 264.613801
479.169941 262.873641
479.672281 262.003561
480.676963 260.263401
481.179304 259.393322
482.183986 257.653162
482.686326 256.783082
483.188667 255.913002
483.691008 255.042922
484.193349 254.172842
485.198031 252.432683
485.700372 251.562603
486.705053 249.822443
487.709735 248.082283
488.212076 247.212203
488.714417 246.342123
489.719098 244.601964
490.221439 243.731884
491.226121 241.991724
491.728462 241.121644
492.230803 240.251564
493.235484 238.511405
495.244848 235.031085
495.747189 234.161005
497.756552 230.680686
498.761234 228.940526
501.272938 224.590127
501.775279 223.720047
503.282301 221.109807
503.784642 220.239727
505.291665 217.629488
506.798687 215.019248
507.803369 213.279088
508.305710 212.409008
508.808051 211.538929
509.310391 210.668849
509.812732 209.798769
510.817414 208.058609
511.319755 207.188529
511.822096 206.318449
512.826777 204.578290
513.831459 202.838130
514.333800 201.968050
515.338482 200.227890
516.845504 197.617651
517.850186 195.877491
518.854867 194.137331
519.859549 192.397171
520.361890 191.527091
520.864231 190.657012
521.366572 189.786932
521.868913 188.916852
522.371253 188.046772
522.873594 187.176692
523.375935 186.306612
523.878276 185.436532
524.380617 184.566453
525.887639 181.956213
526.389980 181.086133
526.892321 180.216053
527.394662 179.345973
527.897003 178.475893
528.399344 177.605814
530.911048 173.255414
531.413389 172.385334
531.915730 171.515254
532.418070 170.645175
532.920411 169.775095
533.422752 168.905015
534.427434 167.164855
534.929775 166.294775
535.432115 165.424695
536.436797 163.684536
538.948501 159.334136
539.450842 158.464056
539.953183 157.593976
540.957865 155.853817
541.962546 154.113657
542.967228 152.373497
543.971910 150.633337
544.976592 148.893178
545.981273 147.153018
546.483614 146.282938
546.985955 145.412858
547.488296 144.542778
548.492977 142.802619
549.497659 141.062459
550.000000 140.192379
550.502341 141.062459
551.004682 141.932539
552.009363 143.672698
552.511704 144.542778
553.014045 145.412858
553.516386 146.282938
554.018727 147.153018
554.521068 148.023098
555.023408 148.893178
555.525749 149.763258
556.028090 150.633337
556.530431 151.503417
557.535113 153.243577
558.539794 154.983737
560.046817 157.593976
560.549158 158.464056
561.051499 159.334136
563.060862 162.814456
563.563203 163.684536
565.070225 166.294775
565.572566 167.164855
566.074907 168.034935
567.079589 169.775095
567.581930 170.645175
569.088952 173.255414
569.591293 174.125494
570.093634 174.995574
570.595975 175.865654
571.098316 176.735734
571.600656 177.605814
572.605338 179.345973
573.107679 180.216053
573.610020 181.086133
574.112361 181.956213
574.614702 182.826293
575.117042 183.696373
575.619383 184.566453
576.121724 185.436532
577.126406 187.176692
579.638110 191.527091
580.140451 192.397171
581.647473 195.007411
582.149814 195.877491
582.652155 196.747571
583.154496 197.617651
583.656837 198.487730
584.159178 199.357810
584.661518 200.227890
585.666200 201.968050
586.670882 203.708210
587.173223 204.578290
587.675564 205.448369
588.177904 206.318449
588.680245 207.188529
590.187268 209.798769
590.689609 210.668849
591.191949 211.538929
591.694290 212.409008
592.196631 213.279088
592.698972 214.149168
593.201313 215.019248
593.703654 215.889328
594.205995 216.759408
594.708335 217.629488
596.215358 220.239727
597.220040 221.979887
598.224721 223.720047
599.731744 226.330286
600.736426 228.070446
601.238766 228.940526
601.741107 229.810606
602.243448 230.680686
603.248130 232.420845
603.750471 233.290925
604.252811 234.161005
604.755152 235.031085
605.759834 236.771245
606.764516 238.511405
607.769197 240.251564
608.271538 241.121644
608.773879 241.991724
610.783243 245.472044
611.787924 247.212203
612.290265 248.082283
612.792606 248.952363
613.797288 250.692523
614.801969 252.432683
615.304310 253.302762
615.806651 254.172842
616.811333 255.913002
617.816014 257.653162
618.820696 259.393322
619.323037 260.263401
619.825378 261.133481
620.327719 262.003561
620.830059 262.873641
621.332400 263.743721
622.839423 266.353961
623.341764 267.224040
624.848786 269.834280
626.355809 272.444520
626.858150 273.314600
627.360490 274.184679
627.862831 275.054759
628.867513 276.794919
630.876876 276.794919
633.890922 276.794919
634.895603 276.794919
636.904967 276.794919
641.928375 276.794919
642.933057 276.794919
643.937739 276.794919
651.975192 276.794919
653.984556 276.794919
654.989237 276.794919
655.993919 276.794919
656.998601 276.794919
659.007964 276.794919
661.017327 276.794919
666.040736 276.794919
667.045418 276.794919
668.050099 276.794919
671.064144 276.794919
676.087553 276.794919
677.092235 276.794919
678.096916 276.794919
680.106280 276.794919
681.110961 276.794919
682.115643 276.794919
683.120325 276.794919
684.125007 276.794919
686.134370 276.794919
688.143733 276.794919
689.148415 276.794919
692.162460 276.794919
694.171824 276.794919
695.176505 276.794919
701.204595 276.794919
702.209277 276.794919
703.213959 276.794919
705.223322 276.794919
707.232686 276.794919
710.246731 276.794919
714.265458 276.794919
715.270139 276.794919
716.274821 276.794919
717.279503 276.794919
718.284184 276.794919
719.288866 276.794919
721.298229 276.794919
723.307593 276.794919
724.312275 276.794919
727.326320 276.794919
729.335683 276.794919
731.345046 276.794919
733.354410 276.794919
735.363773 276.794919
736.368455 276.794919
738.377818 276.794919
739.382500 276.794919
740.387182 276.794919
741.391863 276.794919
743.401227 276.794919
744.405909 276.794919
745.410590 276.794919
747.419954 276.794919
749.429317 276.794919
750.433999 276.794919
751.438680 276.794919
753.448044 276.794919
754.452726 276.794919
757.466771 276.794919
759.476134 276.794919
760.480816 276.794919
762.490179 276.794919
764.499543 276.794919
767.513588 276.794919
768.518269 276.794919
771.532314 276.794919
773.541678 276.794919
774.546360 276.794919
776.555723 276.794919
777.560405 276.794919
779.569768 276.794919
781.579131 276.794919
783.588495 276.794919
786.602540 276.794919
786.100199 277.664999
785.597858 278.535079
785.095517 279.405159
784.090836 281.145318
783.588495 282.015398
783.086154 282.885478
782.583813 283.755558
782.081472 284.625638
781.579132 285.495718
781.076791 286.365798
780.574450 287.235878
780.072109 288.105957
779.569768 288.976037
779.067427 289.846117
778.565086 290.716197
778.062746 291.586277
777.560405 292.456357
777.058064 293.326437
776.053382 295.066596
775.048701 296.806756
774.546360 297.676836
774.044019 298.546916
773.541678 299.416996
772.034655 302.027235
770.527633 304.637475
769.522951 306.377635
769.020610 307.247715
768.518270 308.117795
768.015929 308.987875
767.513588 309.857954
766.508906 311.598114
765.001884 314.208354
763.997202 315.948514
763.494861 316.818593
762.992520 317.688673
762.490179 318.558753
761.987838 319.428833
761.485498 320.298913
760.983157 321.168993
759.978475 322.909153
758.973793 324.649312
755.457407 330.739871
754.955067 331.609951
754.452726 332.480031
753.950385 333.350111
752.945703 335.090271
752.443362 335.960351
751.941022 336.830431
749.429317 341.180830
748.424636 342.920990
747.922295 343.791070
746.917613 345.531229
746.415272 346.401309
745.912931 347.271389
744.908250 349.011549
744.405909 349.881629
743.903568 350.751709
743.401227 351.621789
742.396545 353.361948
741.391864 355.102108
739.884841 357.712348
738.880160 359.452508
738.377819 360.322587
737.875478 361.192667
737.373137 362.062747
736.870796 362.932827
736.368455 363.802907
735.866114 364.672987
734.861433 366.413147
734.359092 367.283226
733.856751 368.153306
733.354410 369.023386
732.852069 369.893466
732.349729 370.763546
731.847388 371.633626
730.842706 373.373786
730.340365 374.243865
729.838024 375.113945
729.335683 375.984025
727.828661 378.594265
726.321638 381.204504
725.819297 382.074584
725.316957 382.944664
724.312275 384.684824
722.805252 387.295064
721.800571 389.035223
721.298230 389.905303
720.795889 390.775383
720.293548 391.645463
719.791207 392.515543
718.786526 394.255703
718.284185 395.125783
716.777162 397.736022
715.772481 399.476182
714.265458 402.086422
713.763117 402.956501
713.260776 403.826581
712.758435 404.696661
711.251413 407.306901
710.749072 408.176981
710.246731 409.047061
709.744390 409.917140
709.242050 410.787220
708.739709 411.657300
708.237368 412.527380
707.735027 413.397460
707.735027 413.397460
708.238181 414.268949
708.741336 415.140438
709.244490 416.011927
709.747645 416.883416
710.250799 417.754905
710.753954 418.626394
711.257108 419.497883
711.760262 420.369372
712.263417 421.240861
712.766571 422.112350
713.269726 422.983840
713.772880 423.855329
714.276035 424.726818
714.779189 425.598307
715.282343 426.469796
715.785498 427.341285
716.288652 428.212774
717.294961 429.955752
717.798116 430.827241
718.301270 431.698730
718.804424 432.570219
719.307579 433.441708
719.810733 434.313197
720.313888 435.184686
720.817042 436.056175
721.320197 436.927664
721.823351 437.799153
722.326505 438.670642
722.829660 439.542131
723.332814 440.413620
723.835969 441.285110
724.339123 442.156599
724.842278 443.028088
725.345432 443.899577
725.848586 444.771066
726.351741 445.642555
726.854895 446.514044
727.358050 447.385533
727.861204 448.257022
728.364359 449.128511
728.867513 450.000000
728.867513 450.000000
730.868491 450.000000
731.868980 450.000000
733.869957 450.000000
735.870935 450.000000
737.871913 450.000000
738.872402 450.000000
739.872891 450.000000
740.873380 450.000000
742.874357 450.000000
746.876313 450.000000
754.880224 450.000000
756.881202 450.000000
757.881691 450.000000
758.882179 450.000000
763.884624 450.000000
764.885113 450.000000
765.885602 450.000000
768.887068 450.000000
771.888535 450.000000
774.890002 450.000000
775.890490 450.000000
777.891468 450.000000
780.892935 450.000000
781.893424 450.000000
783.894402 450.000000
784.894890 450.000000
788.896846 450.000000
789.897335 450.000000
792.898801 450.000000
793.899290 450.000000
794.899779 450.000000
800.902712 450.000000
803.904179 450.000000
806.905646 450.000000
807.906135 450.000000
808.906624 450.000000
812.908579 450.000000
814.909557 450.000000
817.911023 450.000000
821.912979 450.000000
823.913957 450.000000
825.914935 450.000000
826.915423 450.000000
828.916401 450.000000
839.921779 450.000000
841.922757 450.000000
843.923734 450.000000
844.924223 450.000000
846.925201 450.000000
847.925690 450.000000
851.927645 450.000000
852.928134 450.000000
854.929112 450.000000
857.930579 450.000000
858.931068 450.000000
861.932534 450.000000
862.933023 450.000000
866.934979 450.000000
867.935468 450.000000
869.936445 450.000000
871.937423 450.000000
874.938890 450.000000
875.939379 450.000000
880.941823 450.000000
886.944756 450.000000
887.945245 450.000000
889.946223 450.000000
890.946712 450.000000
892.947690 450.000000
895.949156 450.000000
897.950134 450.000000
898.950623 450.000000
903.953067 450.000000
905.954045 450.000000
907.955023 450.000000
909.956001 450.000000
910.956490 450.000000
914.958445 450.000000
915.958934 450.000000
916.959423 450.000000
918.960401 450.000000
919.960889 450.000000
926.964312 450.000000
930.966267 450.000000
932.967245 450.000000
933.967734 450.000000
934.968223 450.000000
939.970667 450.000000
942.972134 450.000000
944.973111 450.000000
945.973600 450.000000
948.975067 450.000000
949.975556 450.000000
955.978489 450.000000
958.979956 450.000000
959.980445 450.000000
960.980934 450.000000
961.981422 450.000000
963.982400 450.000000
964.982889 450.000000
973.987289 450.000000
974.987778 450.000000
978.989733 450.000000
984.992667 450.000000
988.994622 450.000000
990.995600 450.000000
992.996578 450.000000
998.999511 450.000000
1000.000000 450.000000
1000.000000 451.000000
1000.000000 452.000000
1000.000000 454.000000
1000.000000 456.000000
1000.000000 457.000000
1000.000000 458.000000
1000.000000 459.000000
1000.000000 460.000000
1000.000000 462.000000
1000.000000 464.000000
1000.000000 465.000000
1000.000000 466.000000
1000.000000 467.000000
1000.000000 468.000000
1000.000000 469.000000
1000.000000 471.000000
1000.000000 473.000000
1000.000000 474.000000
1000.000000 475.000000
1000.000000 477.000000
1000.000000 478.000000
1000.000000 479.000000
1000.000000 481.000000
1000.000000 485.000000
1000.000000 488.000000
1000.000000 489.000000
1000.000000 490.000000
1000.000000 491.000000
1000.000000 492.000000
1000.000000 493.000000
1000.000000 495.000000
1000.000000 497.000000
1000.000000 498.000000
1000.000000 499.000000
1000.000000 500.000000
1000.000000 501.000000
1000.000000 502.000000
1000.000000 503.000000
1000.000000 505.000000
1000.000000 506.000000
1000.000000 508.000000
1000.000000 509.000000
1000.000000 510.000000
1000.000000 511.000000
1000.000000 513.000000
1000.000000 514.000000
1000.000000 515.000000
1000.000000 516.000000
1000.000000 517.000000
1000.000000 519.000000
1000.000000 520.000000
1000.000000 521.000000
1000.000000 522.000000
1000.000000 523.000000
1000.000000 525.000000
1000.000000 528.000000
1000.000000 529.000000
1000.000000 530.000000
1000.000000 531.000000
1000.000000 532.000000
1000.000000 534.000000
1000.000000 537.000000
1000.000000 538.000000
1000.000000 539.000000
1000.000000 540.000000
1000.000000 541.000000
1000.000000 543.000000
1000.000000 544.000000
1000.000000 546.000000
1000.000000 547.000000
1000.000000 550.000000
1000.000000 550.000000
998.997355 550.000000
997.994710 550.000000
995.989421 550.000000
991.978841 550.000000
989.973551 550.000000
988.970907 550.000000
987.968262 550.000000
986.965617 550.000000
983.957682 550.000000
980.949748 550.000000
977.941813 550.000000
975.936523 550.000000
969.920654 550.000000
966.912720 550.000000
961.899495 550.000000
955.883626 550.000000
951.873047 550.000000
950.870402 550.000000
947.862467 550.000000
946.859823 550.000000
944.854533 550.000000
943.851888 550.000000
942.849243 550.000000
940.843953 550.000000
939.841309 550.000000
938.838664 550.000000
936.833374 550.000000
932.822795 550.000000
931.820150 550.000000
929.814860 550.000000
924.801636 550.000000
923.798991 550.000000
920.791056 550.000000
918.785767 550.000000
915.777832 550.000000
913.772542 550.000000
909.761963 550.000000
904.748739 550.000000
903.746094 550.000000
899.735514 550.000000
897.730225 550.000000
892.717000 550.000000
889.709066 550.000000
888.706421 550.000000
887.703776 550.000000
884.695841 550.000000
880.685262 550.000000
879.682617 550.000000
871.661458 550.000000
869.656169 550.000000
866.648234 550.000000
864.642944 550.000000
863.640299 550.000000
859.629720 550.000000
856.621785 550.000000
854.616496 550.000000
850.605916 550.000000
846.595337 550.000000
839.576823 550.000000
838.574178 550.000000
836.568888 550.000000
833.560954 550.000000
830.553019 550.000000
828.547730 550.000000
827.545085 550.000000
824.537150 550.000000
822.531860 550.000000
819.523926 550.000000
818.521281 550.000000
816.515991 550.000000
815.513346 550.000000
814.510702 550.000000
811.502767 550.000000
808.494832 550.000000
806.489543 550.000000
803.481608 550.000000
801.476318 550.000000
799.471029 550.000000
795.460449 550.000000
793.455160 550.000000
791.449870 550.000000
786.436646 550.000000
785.434001 550.000000
781.423421 550.000000
779.418132 550.000000
777.412842 550.000000
775.407552 550.000000
774.404907 550.000000
772.399618 550.000000
771.396973 550.000000
770.394328 550.000000
769.391683 550.000000
768.389038 550.000000
767.386393 550.000000
766.383748 550.000000
765.381104 550.000000
764.378459 550.000000
763.375814 550.000000
762.373169 550.000000
761.370524 550.000000
760.367879 550.000000
750.341431 550.000000
749.338786 550.000000
747.333496 550.000000
745.328206 550.000000
742.320272 550.000000
741.317627 550.000000
739.312337 550.000000
737.307048 550.000000
733.296468 550.000000
728.283244 550.000000
727.280599 550.000000
721.264730 550.000000
720.262085 550.000000
713.243571 550.000000
707.227702 550.000000
706.225057 550.000000
704.219767 550.000000
701.211833 550.000000
700.209188 550.000000
695.195964 550.000000
694.193319 550.000000
692.188029 550.000000
684.166870 550.000000
683.164225 550.000000
682.161580 550.000000
673.137777 550.000000
670.630146 549.129920
669.625464 547.389760
669.123124 546.519681
667.616101 543.909441
666.611419 542.169281
666.109078 541.299201
665.606738 540.429121
665.104397 539.559042
664.602056 538.688962
664.099715 537.818882
663.597374 536.948802
661.588011 533.468482
661.085670 532.598403
660.583329 531.728323
660.080988 530.858243
659.578647 529.988163
659.076307 529.118083
658.071625 527.377923
657.066943 525.637764
656.564602 524.767684
656.062261 523.897604
655.559921 523.027524
654.555239 521.287364
654.052898 520.417284
653.550557 519.547204
652.545875 517.807045
652.043535 516.936965
651.038853 515.196805
650.536512 514.326725
650.034171 513.456645
649.531830 512.586565
649.029489 511.716486
648.527149 510.846406
648.024808 509.976326
647.522467 509.106246
646.015444 506.496006
645.513103 505.625926
645.010763 504.755847
644.508422 503.885767
643.001399 501.275527
642.499058 500.405447
641.494377 498.665288
640.992036 497.795208
639.987354 496.055048
639.485013 495.184968
638.480332 493.444808
635.968627 489.094409
635.466286 488.224329
633.959264 485.614089
633.456923 484.744010
632.954582 483.873930
631.447560 481.263690
628.935855 476.913291
628.433514 476.043211
626.424151 472.562891
625.921810 471.692811
624.917128 469.952652
624.414788 469.082572
623.410106 467.342412
622.907765 466.472332
622.405424 465.602252
621.903083 464.732172
621.400743 463.862093
620.898402 462.992013
620.396061 462.121933
619.391379 460.381773
618.386697 458.641613
617.884357 457.771534
616.879675 456.031374
615.372652 453.421134
614.870311 452.551054
614.367971 451.680974
613.865630 450.810895
613.363289 449.940815
611.856266 447.330575
611.353925 446.460495
610.851585 445.590415
610.349244 444.720335
609.846903 443.850256
608.842221 442.110096
608.339880 441.240016
607.335199 439.499856
605.828176 436.889617
605.325835 436.019537
604.823494 435.149457
604.321153 434.279377
603.818813 433.409297
603.316472 432.539217
601.307108 429.058898
600.804768 428.188818
599.297745 425.578578
598.795404 424.708498
598.293063 423.838418
597.790722 422.968339
597.288382 422.098259
596.786041 421.228179
596.283700 420.358099
594.776677 417.747859
594.274336 416.877779
593.771996 416.007700
592.767314 414.267540
592.264973 413.397460
592.264973 413.397460
592.768127 412.525971
593.271282 411.654482
593.774436 410.782993
594.277591 409.911504
594.780745 409.040015
595.283900 408.168526
596.290209 406.425547
596.793363 405.554058
597.296518 404.682569
597.799672 403.811080
598.302826 402.939591
598.805981 402.068102
600.315444 399.453635
600.818599 398.582146
601.321753 397.710657
601.824908 396.839168
602.328062 395.967679
602.831216 395.096190
603.334371 394.224700
603.837525 393.353211
604.340680 392.481722
604.843834 391.610233
605.346989 390.738744
605.850143 389.867255
606.353298 388.995766
606.856452 388.124277
607.359607 387.252788
607.862761 386.381299
608.365915 385.509810
608.869070 384.638321
609.372224 383.766832
609.875379 382.895342
610.378533 382.023853
610.881688 381.152364
611.384842 380.280875
611.887997 379.409386
612.391151 378.537897
612.894306 377.666408
613.397460 376.794919
612.391151 376.794919
611.384842 376.794919
610.378533 376.794919
609.372224 376.794919
608.365916 376.794919
607.359607 376.794919
606.353298 376.794919
605.346989 376.794919
604.340680 376.794919
603.334371 376.794919
602.328062 376.794919
601.321753 376.794919
600.315445 376.794919
599.309136 376.794919
598.302827 376.794919
597.296518 376.794919
596.290209 376.794919
595.283900 376.794919
594.277591 376.794919
593.271282 376.794919
592.264973 376.794919
591.258665 376.794919
590.252356 376.794919
589.246047 376.794919
588.239738 376.794919
587.233429 376.794919
586.227120 376.794919
585.220811 376.794919
584.214502 376.794919
583.208194 376.794919
582.201885 376.794919
581.195576 376.794919
580.189267 376.794919
579.182958 376.794919
578.176649 376.794919
577.170340 376.794919
576.164031 376.794919
575.157723 376.794919
574.151414 376.794919
573.145105 376.794919
572.138796 376.794919
571.132487 376.794919
571.132487 376.794919
570.629333 375.923430
570.126178 375.051941
569.623024 374.180452
569.119869 373.308963
568.616715 372.437474
568.113560 371.565985
567.610406 370.694496
567.107251 369.823007
566.604097 368.951518
566.100942 368.080029
565.597788 367.208539
565.094634 366.337050
564.591479 365.465561
564.088325 364.594072
563.585170 363.722583
563.082016 362.851094
562.578861 361.979605
562.075707 361.108116
561.572552 360.236627
561.069398 359.365138
560.566243 358.493649
560.063089 357.622160
559.559935 356.750671
559.056780 355.879182
558.553626 355.007693
558.050471 354.136204
557.547317 353.264715
557.044162 352.393226
556.541008 351.521737
556.037853 350.650248
555.534699 349.778759
555.031545 348.907269
554.528390 348.035780
554.025236 347.164291
553.522081 346.292802
553.018927 345.421313
552.515772 344.549824
552.012618 343.678335
551.509463 342.806846
551.006309 341.935357
550.503154 341.063868
550.000000 340.192379
550.000000 340.192379
549.496846 341.063868
548.993691 341.935357
548.490537 342.806846
547.987382 343.678335
547.484228 344.549824
546.981073 345.421313
546.477919 346.292802
545.974764 347.164291
545.471610 348.035780
544.968455 348.907269
544.465301 349.778759
543.962147 350.650248
543.458992 351.521737
542.955838 352.393226
542.452683 353.264715
541.949529 354.136204
541.446374 355.007693
540.943220 355.879182
540.440065 356.750671
539.936911 357.622160
539.433757 358.493649
538.930602 359.365138
538.427448 360.236627
537.924293 361.108116
537.421139 361.979605
536.917984 362.851094
536.414830 363.722583
535.911675 364.594072
535.408521 365.465561
534.905366 366.337050
534.402212 367.208539
533.899058 368.080029
533.395903 368.951518
532.892749 369.823007
532.389594 370.694496
531.886440 371.565985
531.383285 372.437474
530.880131 373.308963
530.376976 374.180452
529.873822 375.051941
529.370667 375.923430
528.867513 376.794919
528.867513 376.794919
527.861204 376.794919
526.854895 376.794919
525.848586 376.794919
524.842277 376.794919
523.835969 376.794919
522.829660 376.794919
521.823351 376.794919
520.817042 376.794919
519.810733 376.794919
518.804424 376.794919
517.798115 376.794919
516.791806 376.794919
515.785498 376.794919
514.779189 376.794919
513.772880 376.794919
512.766571 376.794919
511.760262 376.794919
510.753953 376.794919
509.747644 376.794919
508.741335 376.794919
507.735027 376.794919
506.728718 376.794919
505.722409 376.794919
504.716100 376.794919
503.709791 376.794919
502.703482 376.794919
501.697173 376.794919
500.690864 376.794919
499.684555 376.794919
498.678247 376.794919
497.671938 376.794919
496.665629 376.794919
495.659320 376.794919
494.653011 376.794919
493.646702 376.794919
492.640393 376.794919
491.634084 376.794919
490.627776 376.794919
489.621467 376.794919
488.615158 376.794919
487.608849 376.794919
486.602540 376.794919
486.602540 376.794919
487.105694 377.666408
487.608849 378.537897
488.112003 379.409386
488.615158 380.280875
489.118312 381.152364
489.621467 382.023853
490.124621 382.895342
490.627776 383.766832
491.130930 384.638321
491.634085 385.509810
492.137239 386.381299
492.640393 387.252788
493.143548 388.124277
493.646702 388.995766
494.149857 389.867255
494.653011 390.738744
495.156166 391.610233
495.659320 392.481722
496.162475 393.353211
496.665629 394.224700
497.168784 395.096190
497.671938 395.967679
498.175092 396.839168
498.678247 397.710657
499.181401 398.582146
499.684556 399.453635
500.187710 400.325124
500.690865 401.196613
501.194019 402.068102
501.697174 402.939591
502.200328 403.811080
502.703482 404.682569
503.206637 405.554058
503.709791 406.425547
504.212946 407.297036
504.716100 408.168526
505.219255 409.040015
505.722409 409.911504
506.225564 410.782993
506.728718 411.654482
507.231873 412.525971
507.735027 413.397460
505.725664 416.877779
505.223323 417.747859
504.720982 418.617939
504.218641 419.488019
503.213959 421.228179
502.711618 422.098259
502.209278 422.968339
501.204596 424.708498
500.702255 425.578578
500.199914 426.448658
499.195232 428.188818
498.692892 429.058898
496.683528 432.539217
496.181187 433.409297
495.678847 434.279377
495.176506 435.149457
493.167142 438.629776
492.664801 439.499856
492.162461 440.369936
491.660120 441.240016
491.157779 442.110096
490.153097 443.850256
489.650756 444.720335
488.143734 447.330575
487.641393 448.200655
487.139052 449.070735
486.636711 449.940815
486.134370 450.810895
485.632029 451.680974
485.129689 452.551054
484.627348 453.421134
484.125007 454.291214
483.622666 455.161294
482.617984 456.901454
482.115643 457.771534
481.613303 458.641613
480.608621 460.381773
479.603939 462.121933
478.096917 464.732172
477.594576 465.602252
477.092235 466.472332
476.589894 467.342412
475.585212 469.082572
474.580531 470.822732
473.073508 473.432971
472.571167 474.303051
471.566486 476.043211
470.561804 477.783371
470.059463 478.653450
469.054781 480.393610
468.050100 482.133770
467.547759 483.003850
467.045418 483.873930
466.543077 484.744010
466.040736 485.614089
465.538395 486.484169
465.036054 487.354249
464.533714 488.224329
463.026691 490.834569
462.022009 492.574728
459.510305 496.925128
457.500942 500.405447
456.998601 501.275527
456.496260 502.145607
455.491578 503.885767
454.989237 504.755847
454.486897 505.625926
453.482215 507.366086
452.979874 508.236166
452.477533 509.106246
450.970511 511.716486
450.468170 512.586565
449.965829 513.456645
449.463488 514.326725
448.961147 515.196805
448.458806 516.066885
447.956465 516.936965
447.454125 517.807045
446.449443 519.547204
445.947102 520.417284
445.444761 521.287364
444.942420 522.157444
444.440079 523.027524
443.937739 523.897604
443.435398 524.767684
442.430716 526.507843
441.928375 527.377923
441.426034 528.248003
440.421353 529.988163
439.919012 530.858243
438.914330 532.598403
435.900285 537.818882
435.397944 538.688962
434.895603 539.559042
434.393262 540.429121
433.890922 541.299201
433.388581 542.169281
432.886240 543.039361
432.383899 543.909441
431.881558 544.779521
431.379217 545.649601
430.876876 546.519681
430.374536 547.389760
429.872195 548.259840
429.369854 549.129920
428.867513 550.000000
426.862223 550.000000
425.859578 550.000000
424.856934 550.000000
422.851644 550.000000
418.841064 550.000000
412.825195 550.000000
410.819906 550.000000
408.814616 550.000000
407.811971 550.000000
406.809326 550.000000
405.806681 550.000000
404.804036 550.000000
402.798747 550.000000
401.796102 550.000000
400.793457 550.000000
397.785522 550.000000
394.777588 550.000000
393.774943 550.000000
391.769653 550.000000
390.767008 550.000000
389.764364 550.000000
386.756429 550.000000
385.753784 550.000000
383.748494 550.000000
380.740560 550.000000
379.737915 550.000000
378.735270 550.000000
377.732625 550.000000
373.722046 550.000000
372.719401 550.000000
370.714111 550.000000
369.711466 550.000000
366.703532 550.000000
363.695597 550.000000
361.690308 550.000000
359.685018 550.000000
358.682373 550.000000
357.679728 550.000000
355.674438 550.000000
353.669149 550.000000
350.661214 550.000000
349.658569 550.000000
344.645345 550.000000
343.642700 550.000000
336.624186 550.000000
335.621541 550.000000
334.618896 550.000000
332.613607 550.000000
330.608317 550.000000
325.595093 550.000000
320.581868 550.000000
319.579224 550.000000
315.568644 550.000000
311.558065 550.000000
310.555420 550.000000
309.552775 550.000000
307.547485 550.000000
304.539551 550.000000
295.515747 550.000000
293.510457 550.000000
291.505168 550.000000
287.494588 550.000000
285.489298 550.000000
284.486654 550.000000
282.481364 550.000000
280.476074 550.000000
276.465495 550.000000
273.457560 550.000000
267.441691 550.000000
264.433756 550.000000
263.431112 550.000000
262.428467 550.000000
261.425822 550.000000
260.423177 550.000000
259.420532 550.000000
258.417887 550.000000
255.409953 550.000000
251.399373 550.000000
249.394084 550.000000
247.388794 550.000000
244.380859 550.000000
243.378215 550.000000
242.375570 550.000000
237.362345 550.000000
234.354411 550.000000
233.351766 550.000000
231.346476 550.000000
228.338542 550.000000
226.333252 550.000000
224.327962 550.000000
223.325317 550.000000
220.317383 550.000000
219.314738 550.000000
217.309448 550.000000
216.306803 550.000000
214.301514 550.000000
206.280355 550.000000
205.277710 550.000000
199.261841 550.000000
196.253906 550.000000
195.251261 550.000000
194.248617 550.000000
193.245972 550.000000
190.238037 550.000000
188.232747 550.000000
183.219523 550.000000
182.216878 550.000000
177.203654 550.000000
176.201009 550.000000
173.193075 550.000000
172.190430 550.000000
167.177205 550.000000
165.171916 550.000000
163.166626 550.000000
158.153402 550.000000
156.148112 550.000000
155.145467 550.000000
154.142822 550.000000
151.134888 550.000000
149.129598 550.000000
146.121663 550.000000
138.100505 550.000000
137.097860 550.000000
136.095215 550.000000
135.092570 550.000000
134.089925 550.000000
124.063477 550.000000
123.060832 550.000000
122.058187 550.000000
120.052897 550.000000
119.050252 550.000000
116.042318 550.000000
112.031738 550.000000
109.023804 550.000000
108.021159 550.000000
106.015869 550.000000
103.007935 550.000000
