1080
100.000000 450.000000
102.000978 450.000000
103.001467 450.000000
105.002444 450.000000
106.002933 450.000000
107.003422 450.000000
108.003911 450.000000
111.005378 450.000000
112.005867 450.000000
116.007822 450.000000
121.010267 450.000000
123.011244 450.000000
127.013200 450.000000
129.014178 450.000000
133.016133 450.000000
135.017111 450.000000
136.017600 450.000000
139.019066 450.000000
142.020533 450.000000
143.021022 450.000000
145.022000 450.000000
147.022977 450.000000
150.024444 450.000000
152.025422 450.000000
158.028355 450.000000
160.029333 450.000000
162.030311 450.000000
174.036177 450.000000
177.037644 450.000000
188.043022 450.000000
190.043999 450.000000
193.045466 450.000000
196.046933 450.000000
204.050844 450.000000
213.055244 450.000000
215.056221 450.000000
218.057688 450.000000
221.059155 450.000000
222.059644 450.000000
224.060621 450.000000
227.062088 450.000000
232.064532 450.000000
234.065510 450.000000
241.068932 450.000000
244.070399 450.000000
249.072843 450.000000
251.073821 450.000000
252.074310 450.000000
253.074799 450.000000
259.077732 450.000000
261.078710 450.000000
266.081154 450.000000
267.081643 450.000000
276.086043 450.000000
279.087510 450.000000
283.089465 450.000000
289.092399 450.000000
294.094843 450.000000
297.096310 450.000000
299.097288 450.000000
302.098754 450.000000
304.099732 450.000000
315.105110 450.000000
316.105598 450.000000
325.109998 450.000000
327.110976 450.000000
330.112443 450.000000
331.112932 450.000000
332.113421 450.000000
333.113909 450.000000
340.117332 450.000000
343.118798 450.000000
346.120265 450.000000
353.123687 450.000000
362.128087 450.000000
364.129065 450.000000
366.130043 450.000000
371.132487 450.000000
371.132487 450.000000
371.635641 449.128511
372.138796 448.257022
373.145105 446.514044
373.648259 445.642555
374.151414 444.771066
374.654568 443.899577
375.157722 443.028088
375.660877 442.156599
376.164031 441.285110
377.170340 439.542131
377.673495 438.670642
378.176649 437.799153
379.182958 436.056175
379.686112 435.184686
380.189267 434.313197
380.692421 433.441708
381.195576 432.570219
381.698730 431.698730
382.201884 430.827241
382.705039 429.955752
383.208193 429.084263
383.711348 428.212774
384.214502 427.341285
384.717657 426.469796
385.220811 425.598307
385.723965 424.726818
386.227120 423.855329
386.730274 422.983840
387.233429 422.112350
387.736583 421.240861
388.742892 419.497883
389.246046 418.626394
389.749201 417.754905
390.252355 416.883416
390.755510 416.011927
391.258664 415.140438
392.264973 413.397460
391.762632 412.527380
391.260291 411.657300
390.255610 409.917140
389.753269 409.047061
388.748587 407.306901
388.246246 406.436821
387.241565 404.696661
386.739224 403.826581
385.734542 402.086422
384.729860 400.346262
382.218156 395.995862
380.711134 393.385623
380.208793 392.515543
377.697088 388.165144
374.683043 382.944664
372.673680 379.464345
370.664317 375.984025
369.659635 374.243865
368.152612 371.633626
365.640908 367.283226
364.636226 365.543067
363.631545 363.802907
362.626863 362.062747
359.612818 356.842268
357.603455 353.361948
353.082387 345.531229
352.580046 344.661150
351.575364 342.920990
351.073024 342.050910
349.566001 339.440670
347.556638 335.960351
346.551956 334.220191
346.049615 333.350111
345.547274 332.480031
345.044933 331.609951
344.040252 329.869792
341.528547 325.519392
340.523866 323.779232
340.021525 322.909153
339.519184 322.039073
339.016843 321.168993
338.012162 319.428833
337.007480 317.688673
334.998116 314.208354
332.486412 309.857954
331.984071 308.987875
331.481730 308.117795
330.477049 306.377635
329.974708 305.507555
327.463004 301.157156
326.960663 300.287076
324.448959 295.936676
322.941936 293.326437
321.937254 291.586277
320.932573 289.846117
318.923209 286.365798
317.918528 284.625638
316.913846 282.885478
316.411505 282.015398
315.406823 280.275239
314.402142 278.535079
313.899801 277.664999
313.397460 276.794919
323.444277 276.794919
325.453640 276.794919
327.463004 276.794919
330.477049 276.794919
331.481731 276.794919
332.486412 276.794919
335.500457 276.794919
337.509821 276.794919
338.514503 276.794919
341.528548 276.794919
343.537911 276.794919
353.584728 276.794919
357.603455 276.794919
360.617500 276.794919
372.673680 276.794919
374.683044 276.794919
376.692407 276.794919
377.697089 276.794919
378.701771 276.794919
381.715816 276.794919
382.720497 276.794919
385.734542 276.794919
386.739224 276.794919
389.753269 276.794919
397.790723 276.794919
398.795405 276.794919
399.800086 276.794919
400.804768 276.794919
403.818813 276.794919
406.832858 276.794919
409.846903 276.794919
410.851585 276.794919
411.856267 276.794919
412.860948 276.794919
413.865630 276.794919
419.893720 276.794919
421.903084 276.794919
428.935856 276.794919
429.940537 276.794919
431.949901 276.794919
436.973309 276.794919
437.977991 276.794919
438.982673 276.794919
439.987354 276.794919
440.992036 276.794919
445.010763 276.794919
448.024808 276.794919
449.029490 276.794919
452.043535 276.794919
454.052898 276.794919
456.062261 276.794919
459.076307 276.794919
460.080988 276.794919
463.095033 276.794919
464.099715 276.794919
466.109078 276.794919
467.113760 276.794919
471.132487 276.794919
473.141850 273.314600
473.644191 272.444520
474.146532 271.574440
474.648873 270.704360
475.151214 269.834280
476.658236 267.224040
477.662918 265.483881
478.165259 264.613801
480.174622 261.133481
482.686326 256.783082
483.691008 255.042922
485.198031 252.432683
486.202712 250.692523
489.216757 245.472044
490.221439 243.731884
491.226121 241.991724
493.737825 237.641325
495.244848 235.031085
496.249529 233.290925
496.751870 232.420845
497.756552 230.680686
498.761234 228.940526
501.775279 223.720047
502.779960 221.979887
505.794005 216.759408
506.296346 215.889328
510.315073 208.928689
510.817414 208.058609
512.324436 205.448369
516.343163 198.487730
517.347845 196.747571
519.357208 193.267251
519.859549 192.397171
521.366572 189.786932
521.868913 188.916852
523.375935 186.306612
523.878276 185.436532
524.882958 183.696373
525.887639 181.956213
527.394662 179.345973
528.399344 177.605814
529.404025 175.865654
529.906366 174.995574
531.413389 172.385334
533.422752 168.905015
535.432115 165.424695
539.450842 158.464056
539.953183 157.593976
540.957865 155.853817
542.967228 152.373497
543.971910 150.633337
547.488296 144.542778
547.990637 143.672698
549.497659 141.062459
550.000000 140.192379
553.014045 145.412858
554.521068 148.023098
556.530431 151.503417
558.539794 154.983737
559.042135 155.853817
559.544476 156.723897
561.553839 160.204216
562.558521 161.944376
563.563203 163.684536
565.070225 166.294775
566.074907 168.034935
568.586611 172.385334
571.098316 176.735734
571.600656 177.605814
574.112361 181.956213
574.614702 182.826293
578.131087 188.916852
578.633428 189.786932
579.135769 190.657012
580.642792 193.267251
581.647473 195.007411
584.159178 199.357810
584.661518 200.227890
585.666200 201.968050
586.670882 203.708210
587.173223 204.578290
587.675564 205.448369
588.177904 206.318449
589.182586 208.058609
592.698972 214.149168
593.703654 215.889328
596.215358 220.239727
596.717699 221.109807
597.220040 221.979887
599.229403 225.460207
601.741107 229.810606
602.243448 230.680686
604.252811 234.161005
604.755152 235.031085
605.257493 235.901165
607.266857 239.381484
608.271538 241.121644
609.276220 242.861804
609.778561 243.731884
610.280902 244.601964
611.787924 247.212203
612.290265 248.082283
612.792606 248.952363
613.294947 249.822443
615.304310 253.302762
615.806651 254.172842
616.811333 255.913002
617.313674 256.783082
617.816014 257.653162
618.318355 258.523242
618.820696 259.393322
619.825378 261.133481
620.830059 262.873641
621.834741 264.613801
624.848786 269.834280
626.355809 272.444520
628.365172 275.924839
635.900285 276.794919
640.923693 276.794919
642.933057 276.794919
646.951784 276.794919
650.970510 276.794919
655.993919 276.794919
662.022009 276.794919
663.026691 276.794919
666.040736 276.794919
667.045418 276.794919
671.064144 276.794919
675.082871 276.794919
678.096916 276.794919
679.101598 276.794919
680.106280 276.794919
681.110961 276.794919
682.115643 276.794919
684.125007 276.794919
685.129688 276.794919
689.148415 276.794919
692.162460 276.794919
702.209277 276.794919
705.223322 276.794919
706.228004 276.794919
707.232686 276.794919
709.242049 276.794919
710.246731 276.794919
711.251412 276.794919
718.284184 276.794919
725.316956 276.794919
727.326320 276.794919
730.340365 276.794919
733.354410 276.794919
734.359092 276.794919
744.405909 276.794919
745.410590 276.794919
746.415272 276.794919
747.419954 276.794919
750.433999 276.794919
752.443362 276.794919
756.462089 276.794919
764.499543 276.794919
765.504224 276.794919
775.551041 276.794919
776.555723 276.794919
778.565086 276.794919
780.574450 276.794919
783.588495 276.794919
785.597858 276.794919
786.602540 276.794919
786.602540 276.794919
785.095517 279.405159
784.593177 280.275239
783.588495 282.015398
783.086154 282.885478
782.081472 284.625638
781.076791 286.365798
779.067427 289.846117
777.560405 292.456357
777.058064 293.326437
771.029974 303.767395
770.527633 304.637475
770.025292 305.507555
767.513588 309.857954
766.508906 311.598114
766.006565 312.468194
765.001884 314.208354
764.499543 315.078434
762.490179 318.558753
761.987838 319.428833
761.485498 320.298913
758.471453 325.519392
757.466771 327.259552
754.452726 332.480031
752.945703 335.090271
750.433999 339.440670
749.429317 341.180830
748.424636 342.920990
747.419954 344.661150
746.917613 345.531229
742.898886 352.491868
741.391864 355.102108
739.884841 357.712348
739.382500 358.582428
738.880160 359.452508
738.377819 360.322587
736.368455 363.802907
734.359092 367.283226
733.856751 368.153306
731.345047 372.503706
729.838024 375.113945
728.833343 376.854105
726.823979 380.334425
724.312275 384.684824
723.809934 385.554904
722.805252 387.295064
722.302912 388.165144
719.288866 393.385623
718.284185 395.125783
717.279503 396.865942
716.777162 397.736022
715.772481 399.476182
715.270140 400.346262
714.265458 402.086422
712.256095 405.566741
711.251413 407.306901
708.237368 412.527380
707.735027 413.397460
708.238181 414.268949
708.741336 415.140438
709.244490 416.011927
710.250799 417.754905
710.753954 418.626394
711.257108 419.497883
711.760262 420.369372
712.766571 422.112350
713.269726 422.983840
714.276035 424.726818
714.779189 425.598307
715.282343 426.469796
715.785498 427.341285
716.791807 429.084263
717.294961 429.955752
717.798116 430.827241
718.301270 431.698730
718.804424 432.570219
719.307579 433.441708
720.313888 435.184686
721.320197 436.927664
721.823351 437.799153
722.326505 438.670642
723.332814 440.413620
723.835969 441.285110
724.842278 443.028088
725.848586 444.771066
726.351741 445.642555
726.854895 446.514044
727.358050 447.385533
727.861204 448.257022
728.867513 450.000000
729.868002 450.000000
730.868491 450.000000
731.868980 450.000000
733.869957 450.000000
740.873380 450.000000
741.873868 450.000000
746.876313 450.000000
750.878268 450.000000
751.878757 450.000000
753.879735 450.000000
760.883157 450.000000
769.887557 450.000000
773.889513 450.000000
778.891957 450.000000
780.892935 450.000000
783.894402 450.000000
784.894890 450.000000
788.896846 450.000000
794.899779 450.000000
799.902224 450.000000
804.904668 450.000000
813.909068 450.000000
815.910046 450.000000
817.911023 450.000000
820.912490 450.000000
823.913957 450.000000
828.916401 450.000000
832.918357 450.000000
834.919334 450.000000
838.921290 450.000000
842.923246 450.000000
849.926668 450.000000
850.927157 450.000000
851.927645 450.000000
858.931068 450.000000
860.932045 450.000000
864.934001 450.000000
865.934490 450.000000
867.935468 450.000000
868.935956 450.000000
871.937423 450.000000
872.937912 450.000000
873.938401 450.000000
874.938890 450.000000
878.940845 450.000000
879.941334 450.000000
882.942801 450.000000
888.945734 450.000000
893.948179 450.000000
894.948667 450.000000
896.949645 450.000000
898.950623 450.000000
901.952090 450.000000
904.953556 450.000000
905.954045 450.000000
915.958934 450.000000
917.959912 450.000000
930.966267 450.000000
935.968712 450.000000
936.969200 450.000000
942.972134 450.000000
948.975067 450.000000
949.975556 450.000000
951.976534 450.000000
952.977023 450.000000
958.979956 450.000000
959.980445 450.000000
974.987778 450.000000
981.991200 450.000000
982.991689 450.000000
986.993645 450.000000
992.996578 450.000000
997.999022 450.000000
1000.000000 451.000000
1000.000000 454.000000
1000.000000 455.000000
1000.000000 458.000000
1000.000000 459.000000
1000.000000 463.000000
1000.000000 466.000000
1000.000000 468.000000
1000.000000 471.000000
1000.000000 473.000000
1000.000000 478.000000
1000.000000 482.000000
1000.000000 483.000000
1000.000000 487.000000
1000.000000 488.000000
1000.000000 491.000000
1000.000000 496.000000
1000.000000 497.000000
1000.000000 499.000000
1000.000000 501.000000
1000.000000 505.000000
1000.000000 508.000000
1000.000000 510.000000
1000.000000 511.000000
1000.000000 512.000000
1000.000000 513.000000
1000.000000 516.000000
1000.000000 520.000000
1000.000000 521.000000
1000.000000 523.000000
1000.000000 525.000000
1000.000000 526.000000
1000.000000 528.000000
1000.000000 529.000000
1000.000000 531.000000
1000.000000 533.000000
1000.000000 534.000000
1000.000000 537.000000
1000.000000 540.000000
1000.000000 541.000000
1000.000000 543.000000
1000.000000 544.000000
1000.000000 547.000000
1000.000000 548.000000
1000.000000 550.000000
1000.000000 550.000000
997.994710 550.000000
996.992065 550.000000
990.976196 550.000000
984.960327 550.000000
983.957682 550.000000
982.955037 550.000000
980.949748 550.000000
979.947103 550.000000
978.944458 550.000000
975.936523 550.000000
972.928589 550.000000
965.910075 550.000000
958.891561 550.000000
956.886271 550.000000
950.870402 550.000000
946.859823 550.000000
945.857178 550.000000
934.828084 550.000000
928.812215 550.000000
927.809570 550.000000
924.801636 550.000000
917.783122 550.000000
913.772542 550.000000
912.769897 550.000000
909.761963 550.000000
903.746094 550.000000
901.740804 550.000000
896.727580 550.000000
894.722290 550.000000
890.711711 550.000000
886.701131 550.000000
878.679972 550.000000
876.674683 550.000000
874.669393 550.000000
872.664103 550.000000
871.661458 550.000000
863.640299 550.000000
860.632365 550.000000
846.595337 550.000000
841.582113 550.000000
840.579468 550.000000
838.574178 550.000000
825.539795 550.000000
823.534505 550.000000
821.529216 550.000000
817.518636 550.000000
816.515991 550.000000
803.481608 550.000000
800.473674 550.000000
798.468384 550.000000
795.460449 550.000000
776.410197 550.000000
769.391683 550.000000
759.365234 550.000000
757.359945 550.000000
747.333496 550.000000
746.330851 550.000000
741.317627 550.000000
738.309692 550.000000
731.291178 550.000000
727.280599 550.000000
714.246216 550.000000
710.235636 550.000000
706.225057 550.000000
699.206543 550.000000
696.198608 550.000000
693.190674 550.000000
687.174805 550.000000
681.158936 550.000000
679.153646 550.000000
670.630146 549.129920
666.109078 541.299201
664.602056 538.688962
664.099715 537.818882
663.597374 536.948802
661.588011 533.468482
658.573966 528.248003
657.569284 526.507843
657.066943 525.637764
656.564602 524.767684
655.559921 523.027524
655.057580 522.157444
654.052898 520.417284
653.048216 518.677125
652.043535 516.936965
651.541194 516.066885
650.034171 513.456645
647.522467 509.106246
646.517785 507.366086
646.015444 506.496006
642.499058 500.405447
641.996717 499.535367
640.992036 497.795208
640.489695 496.925128
639.987354 496.055048
638.982672 494.314888
638.480332 493.444808
636.470968 489.964489
635.968627 489.094409
635.466286 488.224329
634.461605 486.484169
633.456923 484.744010
631.447560 481.263690
630.945219 480.393610
630.442878 479.523530
629.940537 478.653450
628.433514 476.043211
627.931174 475.173131
627.428833 474.303051
626.926492 473.432971
626.424151 472.562891
625.921810 471.692811
623.410106 467.342412
621.400743 463.862093
620.898402 462.992013
618.889038 459.511693
618.386697 458.641613
617.884357 457.771534
617.382016 456.901454
616.879675 456.031374
616.377334 455.161294
614.367971 451.680974
613.363289 449.940815
612.860948 449.070735
612.358607 448.200655
611.856266 447.330575
611.353925 446.460495
610.349244 444.720335
608.842221 442.110096
607.335199 439.499856
605.325835 436.019537
604.823494 435.149457
602.311790 430.799057
601.809449 429.928978
601.307108 429.058898
600.302427 427.318738
599.800086 426.448658
599.297745 425.578578
596.283700 420.358099
595.781359 419.488019
592.264973 413.397460
592.264973 413.397460
592.768127 412.525971
593.271282 411.654482
593.774436 410.782993
594.277591 409.911504
594.780745 409.040015
595.283900 408.168526
595.787054 407.297036
596.290209 406.425547
596.793363 405.554058
597.799672 403.811080
598.302826 402.939591
598.805981 402.068102
599.309135 401.196613
599.812290 400.325124
600.315444 399.453635
600.818599 398.582146
601.321753 397.710657
601.824908 396.839168
602.328062 395.967679
602.831216 395.096190
603.837525 393.353211
604.340680 392.481722
604.843834 391.610233
605.850143 389.867255
606.353298 388.995766
606.856452 388.124277
607.359607 387.252788
607.862761 386.381299
608.365915 385.509810
608.869070 384.638321
609.372224 383.766832
609.875379 382.895342
611.384842 380.280875
612.391151 378.537897
612.894306 377.666408
613.397460 376.794919
613.397460 376.794919
611.384842 376.794919
610.378533 376.794919
609.372224 376.794919
608.365916 376.794919
607.359607 376.794919
606.353298 376.794919
605.346989 376.794919
604.340680 376.794919
603.334371 376.794919
602.328062 376.794919
600.315445 376.794919
599.309136 376.794919
598.302827 376.794919
597.296518 376.794919
594.277591 376.794919
593.271282 376.794919
592.264973 376.794919
591.258665 376.794919
590.252356 376.794919
589.246047 376.794919
588.239738 376.794919
587.233429 376.794919
586.227120 376.794919
585.220811 376.794919
584.214502 376.794919
583.208194 376.794919
582.201885 376.794919
581.195576 376.794919
578.176649 376.794919
577.170340 376.794919
576.164031 376.794919
574.151414 376.794919
573.145105 376.794919
572.138796 376.794919
571.132487 376.794919
571.132487 376.794919
570.629333 375.923430
570.126178 375.051941
569.119869 373.308963
568.616715 372.437474
568.113560 371.565985
567.610406 370.694496
566.100942 368.080029
565.597788 367.208539
564.088325 364.594072
562.578861 361.979605
562.075707 361.108116
561.069398 359.365138
560.566243 358.493649
560.063089 357.622160
559.559935 356.750671
559.056780 355.879182
558.553626 355.007693
557.547317 353.264715
556.541008 351.521737
556.037853 350.650248
555.534699 349.778759
555.031545 348.907269
554.528390 348.035780
554.025236 347.164291
553.522081 346.292802
553.018927 345.421313
552.515772 344.549824
552.012618 343.678335
551.509463 342.806846
551.006309 341.935357
550.503154 341.063868
550.000000 340.192379
550.000000 340.192379
548.993691 341.935357
548.490537 342.806846
547.484228 344.549824
546.981073 345.421313
546.477919 346.292802
545.974764 347.164291
545.471610 348.035780
544.465301 349.778759
543.962147 350.650248
543.458992 351.521737
542.955838 352.393226
542.452683 353.264715
541.949529 354.136204
540.943220 355.879182
540.440065 356.750671
539.936911 357.622160
539.433757 358.493649
538.930602 359.365138
538.427448 360.236627
537.924293 361.108116
537.421139 361.979605
536.917984 362.851094
536.414830 363.722583
535.408521 365.465561
534.402212 367.208539
533.899058 368.080029
533.395903 368.951518
532.892749 369.823007
531.383285 372.437474
530.880131 373.308963
530.376976 374.180452
529.370667 375.923430
528.867513 376.794919
528.867513 376.794919
526.854895 376.794919
525.848586 376.794919
524.842277 376.794919
523.835969 376.794919
522.829660 376.794919
521.823351 376.794919
520.817042 376.794919
519.810733 376.794919
518.804424 376.794919
515.785498 376.794919
514.779189 376.794919
513.772880 376.794919
512.766571 376.794919
511.760262 376.794919
510.753953 376.794919
509.747644 376.794919
508.741335 376.794919
507.735027 376.794919
506.728718 376.794919
505.722409 376.794919
504.716100 376.794919
503.709791 376.794919
502.703482 376.794919
500.690864 376.794919
497.671938 376.794919
496.665629 376.794919
495.659320 376.794919
494.653011 376.794919
493.646702 376.794919
492.640393 376.794919
491.634084 376.794919
490.627776 376.794919
489.621467 376.794919
488.615158 376.794919
487.608849 376.794919
486.602540 376.794919
486.602540 376.794919
487.105694 377.666408
488.112003 379.409386
489.118312 381.152364
490.124621 382.895342
491.634085 385.509810
492.137239 386.381299
492.640393 387.252788
493.143548 388.124277
493.646702 388.995766
494.149857 389.867255
494.653011 390.738744
495.659320 392.481722
496.162475 393.353211
497.168784 395.096190
497.671938 395.967679
498.678247 397.710657
499.181401 398.582146
500.187710 400.325124
500.690865 401.196613
501.194019 402.068102
501.697174 402.939591
502.200328 403.811080
502.703482 404.682569
503.206637 405.554058
503.709791 406.425547
504.212946 407.297036
505.219255 409.040015
506.225564 410.782993
506.728718 411.654482
507.231873 412.525971
507.232686 414.267540
506.730345 415.137620
505.223323 417.747859
504.720982 418.617939
502.209278 422.968339
501.706937 423.838418
494.674165 436.019537
493.167142 438.629776
492.664801 439.499856
490.655438 442.980176
489.148415 445.590415
487.139052 449.070735
486.636711 449.940815
483.120325 456.031374
481.613303 458.641613
481.110962 459.511693
480.106280 461.251853
479.101598 462.992013
474.580531 470.822732
473.575849 472.562891
472.571167 474.303051
471.064145 476.913291
470.561804 477.783371
469.054781 480.393610
465.538395 486.484169
465.036054 487.354249
463.529032 489.964489
462.524350 491.704649
462.022009 492.574728
461.519668 493.444808
460.012646 496.055048
459.510305 496.925128
459.007964 497.795208
458.505623 498.665288
458.003283 499.535367
454.486897 505.625926
453.482215 507.366086
451.975192 509.976326
450.970511 511.716486
449.463488 514.326725
448.961147 515.196805
447.956465 516.936965
447.454125 517.807045
446.951784 518.677125
444.942420 522.157444
442.430716 526.507843
441.928375 527.377923
440.923693 529.118083
439.416671 531.728323
438.411989 533.468482
437.407308 535.208642
436.904967 536.078722
434.393262 540.429121
431.379217 545.649601
429.369854 549.129920
424.856934 550.000000
406.809326 550.000000
396.782878 550.000000
395.780233 550.000000
387.759074 550.000000
384.751139 550.000000
380.740560 550.000000
378.735270 550.000000
371.716756 550.000000
366.703532 550.000000
365.700887 550.000000
362.692952 550.000000
354.671794 550.000000
351.663859 550.000000
348.655924 550.000000
334.618896 550.000000
328.603027 550.000000
327.600382 550.000000
320.581868 550.000000
317.573934 550.000000
313.563354 550.000000
312.560710 550.000000
305.542196 550.000000
304.539551 550.000000
302.534261 550.000000
297.521037 550.000000
285.489298 550.000000
274.460205 550.000000
272.454915 550.000000
271.452270 550.000000
257.415243 550.000000
248.391439 550.000000
240.370280 550.000000
236.359701 550.000000
229.341187 550.000000
213.298869 550.000000
208.285645 550.000000
206.280355 550.000000
204.275065 550.000000
203.272420 550.000000
201.267131 550.000000
198.259196 550.000000
184.222168 550.000000
179.208944 550.000000
169.182495 550.000000
164.169271 550.000000
159.156047 550.000000
158.153402 550.000000
153.140177 550.000000
151.134888 550.000000
150.132243 550.000000
147.124308 550.000000
142.111084 550.000000
139.103149 550.000000
129.076701 550.000000
119.050252 550.000000
118.047607 550.000000
116.042318 550.000000
112.031738 550.000000
110.026449 550.000000
107.018514 550.000000
101.002645 550.000000
100.000000 550.000000
