920
101.000489 450.000000
103.001467 450.000000
108.003911 450.000000
109.004400 450.000000
111.005378 450.000000
115.007333 450.000000
120.009778 450.000000
127.013200 450.000000
128.013689 450.000000
134.016622 450.000000
136.017600 450.000000
138.018578 450.000000
149.023955 450.000000
160.029333 450.000000
164.031288 450.000000
171.034711 450.000000
181.039599 450.000000
185.041555 450.000000
188.043022 450.000000
192.044977 450.000000
197.047422 450.000000
201.049377 450.000000
202.049866 450.000000
204.050844 450.000000
206.051821 450.000000
207.052310 450.000000
227.062088 450.000000
228.062577 450.000000
238.067466 450.000000
255.075777 450.000000
267.081643 450.000000
268.082132 450.000000
270.083110 450.000000
271.083599 450.000000
292.093865 450.000000
297.096310 450.000000
314.104621 450.000000
317.106087 450.000000
320.107554 450.000000
321.108043 450.000000
322.108532 450.000000
329.111954 450.000000
335.114887 450.000000
342.118309 450.000000
345.119776 450.000000
346.120265 450.000000
350.122220 450.000000
353.123687 450.000000
370.131998 450.000000
371.132487 450.000000
371.635641 449.128511
372.641950 447.385533
373.145105 446.514044
373.648259 445.642555
375.157722 443.028088
375.660877 442.156599
376.164031 441.285110
376.667186 440.413620
377.673495 438.670642
378.176649 437.799153
378.679803 436.927664
379.686112 435.184686
380.189267 434.313197
380.692421 433.441708
381.195576 432.570219
381.698730 431.698730
382.201884 430.827241
382.705039 429.955752
383.711348 428.212774
384.214502 427.341285
384.717657 426.469796
385.220811 425.598307
385.723965 424.726818
386.227120 423.855329
386.730274 422.983840
387.233429 422.112350
387.736583 421.240861
389.749201 417.754905
390.252355 416.883416
391.761819 414.268949
392.264973 413.397460
392.264973 413.397460
391.260291 411.657300
390.255610 409.917140
389.250928 408.176981
388.246246 406.436821
387.241565 404.696661
378.701770 389.905303
376.190066 385.554904
375.687725 384.684824
375.185384 383.814744
370.664317 375.984025
369.157294 373.373786
367.650271 370.763546
363.129204 362.932827
362.626863 362.062747
360.617500 358.582428
359.612818 356.842268
358.105795 354.232028
357.101114 352.491868
356.598773 351.621789
352.077705 343.791070
351.073024 342.050910
350.068342 340.310750
349.063660 338.570590
346.551956 334.220191
342.533229 327.259552
340.021525 322.909153
338.012162 319.428833
334.998116 314.208354
332.486412 309.857954
331.481730 308.117795
330.477049 306.377635
328.970026 303.767395
328.467685 302.897315
327.463004 301.157156
324.448959 295.936676
323.946618 295.066596
323.444277 294.196517
319.927891 288.105957
317.918528 284.625638
313.397460 276.794919
314.402142 276.794919
320.430232 276.794919
323.444277 276.794919
327.463004 276.794919
331.481731 276.794919
338.514503 276.794919
345.547274 276.794919
346.551956 276.794919
347.556638 276.794919
348.561320 276.794919
349.566001 276.794919
351.575365 276.794919
352.580046 276.794919
353.584728 276.794919
359.612818 276.794919
361.622182 276.794919
362.626863 276.794919
366.645590 276.794919
380.711134 276.794919
381.715816 276.794919
385.734542 276.794919
386.739224 276.794919
389.753269 276.794919
393.771996 276.794919
397.790723 276.794919
402.814131 276.794919
404.823495 276.794919
412.860948 276.794919
416.879675 276.794919
417.884357 276.794919
424.917129 276.794919
426.926492 276.794919
433.959264 276.794919
438.982673 276.794919
439.987354 276.794919
443.001399 276.794919
444.006081 276.794919
448.024808 276.794919
449.029490 276.794919
453.048216 276.794919
455.057580 276.794919
460.080988 276.794919
461.085670 276.794919
463.095033 276.794919
465.104397 276.794919
466.109078 276.794919
470.127805 276.794919
471.634828 275.924839
473.141850 273.314600
473.644191 272.444520
475.151214 269.834280
475.653555 268.964200
476.658236 267.224040
477.160577 266.353961
479.169941 262.873641
480.174622 261.133481
481.179304 259.393322
482.183986 257.653162
482.686326 256.783082
483.188667 255.913002
484.193349 254.172842
486.705053 249.822443
490.221439 243.731884
491.226121 241.991724
492.230803 240.251564
492.733143 239.381484
493.235484 238.511405
494.240166 236.771245
495.244848 235.031085
495.747189 234.161005
496.249529 233.290925
496.751870 232.420845
497.756552 230.680686
498.258893 229.810606
498.761234 228.940526
499.765915 227.200366
500.268256 226.330286
501.775279 223.720047
505.794005 216.759408
506.296346 215.889328
508.305710 212.409008
510.315073 208.928689
511.822096 206.318449
512.324436 205.448369
515.338482 200.227890
516.343163 198.487730
517.347845 196.747571
517.850186 195.877491
519.357208 193.267251
519.859549 192.397171
521.366572 189.786932
521.868913 188.916852
524.380617 184.566453
524.882958 183.696373
525.887639 181.956213
527.897003 178.475893
528.901684 176.735734
529.404025 175.865654
530.408707 174.125494
531.413389 172.385334
533.422752 168.905015
534.427434 167.164855
535.432115 165.424695
537.943820 161.074296
540.957865 155.853817
541.962546 154.113657
542.967228 152.373497
544.474251 149.763258
545.478932 148.023098
547.488296 144.542778
548.492977 142.802619
551.004682 141.932539
553.014045 145.412858
555.525749 149.763258
557.535113 153.243577
558.037454 154.113657
559.544476 156.723897
562.056180 161.074296
562.558521 161.944376
563.060862 162.814456
566.074907 168.034935
567.581930 170.645175
568.586611 172.385334
570.093634 174.995574
572.102997 178.475893
573.610020 181.086133
574.112361 181.956213
577.628747 188.046772
579.638110 191.527091
580.140451 192.397171
583.154496 197.617651
584.661518 200.227890
585.163859 201.097970
585.666200 201.968050
586.168541 202.838130
586.670882 203.708210
587.675564 205.448369
589.182586 208.058609
589.684927 208.928689
590.187268 209.798769
591.191949 211.538929
592.698972 214.149168
594.205995 216.759408
595.210676 218.499568
596.215358 220.239727
596.717699 221.109807
598.727062 224.590127
602.745789 231.550766
603.248130 232.420845
603.750471 233.290925
606.262175 237.641325
608.271538 241.121644
609.778561 243.731884
610.280902 244.601964
612.290265 248.082283
614.801969 252.432683
615.806651 254.172842
616.811333 255.913002
617.313674 256.783082
621.332400 263.743721
621.834741 264.613801
622.337082 265.483881
622.839423 266.353961
623.341764 267.224040
624.346445 268.964200
625.853468 271.574440
626.355809 272.444520
627.862831 275.054759
628.867513 276.794919
630.876876 276.794919
632.886240 276.794919
636.904967 276.794919
639.919012 276.794919
649.965829 276.794919
654.989237 276.794919
658.003282 276.794919
659.007964 276.794919
660.012646 276.794919
666.040736 276.794919
676.087553 276.794919
679.101598 276.794919
688.143733 276.794919
691.157778 276.794919
693.167142 276.794919
696.181187 276.794919
697.185869 276.794919
700.199914 276.794919
705.223322 276.794919
706.228004 276.794919
711.251412 276.794919
712.256094 276.794919
714.265458 276.794919
716.274821 276.794919
717.279503 276.794919
719.288866 276.794919
720.293548 276.794919
722.302911 276.794919
725.316956 276.794919
730.340365 276.794919
733.354410 276.794919
734.359092 276.794919
739.382500 276.794919
740.387182 276.794919
743.401227 276.794919
744.405909 276.794919
746.415272 276.794919
749.429317 276.794919
750.433999 276.794919
756.462089 276.794919
762.490179 276.794919
764.499543 276.794919
770.527633 276.794919
771.532314 276.794919
775.551041 276.794919
778.565086 276.794919
785.597858 276.794919
784.090836 281.145318
783.588495 282.015398
783.086154 282.885478
780.574450 287.235878
778.062746 291.586277
777.560405 292.456357
775.551041 295.936676
774.044019 298.546916
770.527633 304.637475
767.513588 309.857954
762.992520 317.688673
762.490179 318.558753
761.485498 320.298913
760.983157 321.168993
759.978475 322.909153
759.476134 323.779232
758.471453 325.519392
757.969112 326.389472
757.466771 327.259552
756.964430 328.129632
755.457407 330.739871
754.955067 331.609951
750.936340 338.570590
749.931658 340.310750
749.429317 341.180830
747.922295 343.791070
745.912931 347.271389
744.908250 349.011549
743.401227 351.621789
742.898886 352.491868
740.889523 355.972188
740.387182 356.842268
739.382500 358.582428
736.870796 362.932827
734.359092 367.283226
733.856751 368.153306
732.852069 369.893466
730.340365 374.243865
729.838024 375.113945
728.833343 376.854105
726.321638 381.204504
723.307593 386.424984
720.795889 390.775383
720.293548 391.645463
718.786526 394.255703
717.781844 395.995862
714.265458 402.086422
713.763117 402.956501
709.744390 409.917140
709.242050 410.787220
708.237368 412.527380
707.735027 413.397460
708.238181 414.268949
709.244490 416.011927
709.747645 416.883416
710.250799 417.754905
710.753954 418.626394
711.257108 419.497883
711.760262 420.369372
712.263417 421.240861
713.772880 423.855329
714.276035 424.726818
714.779189 425.598307
715.785498 427.341285
716.288652 428.212774
716.791807 429.084263
717.294961 429.955752
718.301270 431.698730
718.804424 432.570219
719.307579 433.441708
719.810733 434.313197
720.313888 435.184686
720.817042 436.056175
721.320197 436.927664
721.823351 437.799153
722.829660 439.542131
723.332814 440.413620
723.835969 441.285110
724.339123 442.156599
724.842278 443.028088
725.345432 443.899577
726.351741 445.642555
726.854895 446.514044
727.358050 447.385533
727.861204 448.257022
728.364359 449.128511
728.867513 450.000000
730.868491 450.000000
736.871424 450.000000
748.877291 450.000000
749.877780 450.000000
752.879246 450.000000
753.879735 450.000000
757.881691 450.000000
799.902224 450.000000
820.912490 450.000000
826.915423 450.000000
829.916890 450.000000
831.917868 450.000000
832.918357 450.000000
833.918846 450.000000
843.923734 450.000000
847.925690 450.000000
848.926179 450.000000
851.927645 450.000000
853.928623 450.000000
866.934979 450.000000
867.935468 450.000000
870.936934 450.000000
871.937423 450.000000
873.938401 450.000000
881.942312 450.000000
882.942801 450.000000
885.944267 450.000000
887.945245 450.000000
893.948179 450.000000
895.949156 450.000000
906.954534 450.000000
911.956978 450.000000
913.957956 450.000000
918.960401 450.000000
923.962845 450.000000
924.963334 450.000000
925.963823 450.000000
932.967245 450.000000
934.968223 450.000000
946.974089 450.000000
951.976534 450.000000
963.982400 450.000000
968.984845 450.000000
971.986311 450.000000
973.987289 450.000000
975.988267 450.000000
976.988756 450.000000
977.989245 450.000000
981.991200 450.000000
982.991689 450.000000
992.996578 450.000000
1000.000000 450.000000
1000.000000 451.000000
1000.000000 453.000000
1000.000000 461.000000
1000.000000 463.000000
1000.000000 464.000000
1000.000000 465.000000
1000.000000 466.000000
1000.000000 467.000000
1000.000000 469.000000
1000.000000 471.000000
1000.000000 473.000000
1000.000000 474.000000
1000.000000 475.000000
1000.000000 477.000000
1000.000000 479.000000
1000.000000 481.000000
1000.000000 484.000000
1000.000000 485.000000
1000.000000 488.000000
1000.000000 489.000000
1000.000000 492.000000
1000.000000 493.000000
1000.000000 494.000000
1000.000000 495.000000
1000.000000 498.000000
1000.000000 500.000000
1000.000000 501.000000
1000.000000 502.000000
1000.000000 504.000000
1000.000000 505.000000
1000.000000 506.000000
1000.000000 508.000000
1000.000000 512.000000
1000.000000 517.000000
1000.000000 519.000000
1000.000000 520.000000
1000.000000 521.000000
1000.000000 522.000000
1000.000000 523.000000
1000.000000 525.000000
1000.000000 526.000000
1000.000000 528.000000
1000.000000 529.000000
1000.000000 530.000000
1000.000000 532.000000
1000.000000 535.000000
1000.000000 537.000000
1000.000000 538.000000
1000.000000 542.000000
1000.000000 544.000000
1000.000000 546.000000
1000.000000 548.000000
1000.000000 549.000000
981.952393 550.000000
973.931234 550.000000
970.923299 550.000000
969.920654 550.000000
941.846598 550.000000
938.838664 550.000000
936.833374 550.000000
933.825439 550.000000
930.817505 550.000000
918.785767 550.000000
905.751383 550.000000
902.743449 550.000000
901.740804 550.000000
898.732869 550.000000
896.727580 550.000000
888.706421 550.000000
885.698486 550.000000
871.661458 550.000000
868.653524 550.000000
863.640299 550.000000
860.632365 550.000000
856.621785 550.000000
853.613851 550.000000
850.605916 550.000000
848.600627 550.000000
845.592692 550.000000
844.590047 550.000000
840.579468 550.000000
839.576823 550.000000
817.518636 550.000000
814.510702 550.000000
813.508057 550.000000
808.494832 550.000000
805.486898 550.000000
802.478963 550.000000
797.465739 550.000000
787.439290 550.000000
779.418132 550.000000
778.415487 550.000000
771.396973 550.000000
767.386393 550.000000
758.362590 550.000000
748.336141 550.000000
744.325562 550.000000
715.248861 550.000000
704.219767 550.000000
680.156291 550.000000
678.151001 550.000000
670.127805 548.259840
669.625464 547.389760
669.123124 546.519681
667.113760 543.039361
665.104397 539.559042
664.602056 538.688962
662.592692 535.208642
659.076307 529.118083
658.573966 528.248003
658.071625 527.377923
656.564602 524.767684
655.559921 523.027524
653.550557 519.547204
652.545875 517.807045
650.536512 514.326725
649.029489 511.716486
648.527149 510.846406
645.513103 505.625926
642.499058 500.405447
641.494377 498.665288
639.485013 495.184968
637.977991 492.574728
635.466286 488.224329
634.963946 487.354249
629.940537 478.653450
627.931174 475.173131
626.926492 473.432971
626.424151 472.562891
623.410106 467.342412
622.907765 466.472332
622.405424 465.602252
620.898402 462.992013
619.893720 461.251853
618.386697 458.641613
615.874993 454.291214
614.367971 451.680974
613.865630 450.810895
611.856266 447.330575
611.353925 446.460495
609.344562 442.980176
606.832858 438.629776
606.330517 437.759696
605.828176 436.889617
603.316472 432.539217
601.307108 429.058898
599.297745 425.578578
596.283700 420.358099
592.264973 413.397460
592.768127 412.525971
593.271282 411.654482
593.774436 410.782993
594.277591 409.911504
594.780745 409.040015
595.787054 407.297036
596.290209 406.425547
596.793363 405.554058
597.296518 404.682569
597.799672 403.811080
598.302826 402.939591
598.805981 402.068102
599.309135 401.196613
599.812290 400.325124
602.328062 395.967679
602.831216 395.096190
603.837525 393.353211
604.843834 391.610233
605.346989 390.738744
606.353298 388.995766
606.856452 388.124277
607.862761 386.381299
608.365915 385.509810
608.869070 384.638321
609.372224 383.766832
609.875379 382.895342
610.378533 382.023853
611.384842 380.280875
611.887997 379.409386
612.391151 376.794919
611.384842 376.794919
609.372224 376.794919
608.365916 376.794919
607.359607 376.794919
605.346989 376.794919
603.334371 376.794919
602.328062 376.794919
601.321753 376.794919
600.315445 376.794919
599.309136 376.794919
598.302827 376.794919
597.296518 376.794919
596.290209 376.794919
594.277591 376.794919
593.271282 376.794919
591.258665 376.794919
590.252356 376.794919
589.246047 376.794919
588.239738 376.794919
585.220811 376.794919
584.214502 376.794919
581.195576 376.794919
579.182958 376.794919
578.176649 376.794919
577.170340 376.794919
576.164031 376.794919
573.145105 376.794919
571.132487 376.794919
571.132487 376.794919
570.629333 375.923430
570.126178 375.051941
569.623024 374.180452
568.616715 372.437474
568.113560 371.565985
567.610406 370.694496
566.604097 368.951518
565.094634 366.337050
564.591479 365.465561
564.088325 364.594072
562.578861 361.979605
562.075707 361.108116
561.572552 360.236627
561.069398 359.365138
560.566243 358.493649
559.056780 355.879182
558.553626 355.007693
557.547317 353.264715
557.044162 352.393226
556.541008 351.521737
556.037853 350.650248
555.031545 348.907269
554.528390 348.035780
554.025236 347.164291
553.522081 346.292802
553.018927 345.421313
552.012618 343.678335
551.509463 342.806846
551.006309 341.935357
550.503154 341.063868
550.000000 340.192379
550.000000 340.192379
549.496846 341.063868
548.993691 341.935357
548.490537 342.806846
547.987382 343.678335
547.484228 344.549824
546.981073 345.421313
545.974764 347.164291
545.471610 348.035780
544.968455 348.907269
544.465301 349.778759
543.962147 350.650248
542.452683 353.264715
541.446374 355.007693
540.943220 355.879182
540.440065 356.750671
539.936911 357.622160
539.433757 358.493649
538.930602 359.365138
538.427448 360.236627
537.924293 361.108116
537.421139 361.979605
536.917984 362.851094
536.414830 363.722583
535.408521 365.465561
534.905366 366.337050
534.402212 367.208539
533.899058 368.080029
533.395903 368.951518
531.886440 371.565985
531.383285 372.437474
530.880131 373.308963
530.376976 374.180452
529.873822 375.051941
529.370667 375.923430
528.867513 376.794919
526.854895 376.794919
524.842277 376.794919
523.835969 376.794919
522.829660 376.794919
521.823351 376.794919
520.817042 376.794919
519.810733 376.794919
518.804424 376.794919
517.798115 376.794919
516.791806 376.794919
515.785498 376.794919
514.779189 376.794919
513.772880 376.794919
512.766571 376.794919
511.760262 376.794919
510.753953 376.794919
508.741335 376.794919
507.735027 376.794919
506.728718 376.794919
505.722409 376.794919
504.716100 376.794919
503.709791 376.794919
500.690864 376.794919
499.684555 376.794919
498.678247 376.794919
496.665629 376.794919
495.659320 376.794919
494.653011 376.794919
493.646702 376.794919
492.640393 376.794919
491.634084 376.794919
490.627776 376.794919
489.621467 376.794919
487.608849 376.794919
486.602540 376.794919
487.105694 377.666408
488.112003 379.409386
488.615158 380.280875
489.621467 382.023853
490.124621 382.895342
490.627776 383.766832
491.634085 385.509810
492.137239 386.381299
492.640393 387.252788
493.143548 388.124277
493.646702 388.995766
494.653011 390.738744
495.659320 392.481722
496.162475 393.353211
496.665629 394.224700
497.168784 395.096190
498.175092 396.839168
498.678247 397.710657
499.181401 398.582146
500.690865 401.196613
501.194019 402.068102
501.697174 402.939591
502.200328 403.811080
502.703482 404.682569
503.206637 405.554058
503.709791 406.425547
506.225564 410.782993
506.728718 411.654482
507.735027 413.397460
507.232686 414.267540
506.228004 416.007700
505.725664 416.877779
505.223323 417.747859
504.218641 419.488019
502.711618 422.098259
501.204596 424.708498
498.692892 429.058898
497.185869 431.669137
496.683528 432.539217
495.176506 435.149457
494.674165 436.019537
494.171824 436.889617
493.167142 438.629776
492.162461 440.369936
491.157779 442.110096
485.129689 452.551054
483.622666 455.161294
483.120325 456.031374
482.617984 456.901454
482.115643 457.771534
479.603939 462.121933
477.594576 465.602252
477.092235 466.472332
475.082872 469.952652
470.059463 478.653450
469.557122 479.523530
467.045418 483.873930
466.543077 484.744010
465.036054 487.354249
461.017328 494.314888
451.472851 510.846406
450.468170 512.586565
449.965829 513.456645
448.458806 516.066885
447.956465 516.936965
446.951784 518.677125
443.435398 524.767684
438.914330 532.598403
437.909648 534.338562
435.397944 538.688962
433.890922 541.299201
432.383899 543.909441
429.872195 548.259840
425.859578 550.000000
417.838420 550.000000
406.809326 550.000000
404.804036 550.000000
403.801392 550.000000
396.782878 550.000000
390.767008 550.000000
386.756429 550.000000
384.751139 550.000000
380.740560 550.000000
373.722046 550.000000
371.716756 550.000000
365.700887 550.000000
360.687663 550.000000
328.603027 550.000000
325.595093 550.000000
316.571289 550.000000
314.565999 550.000000
311.558065 550.000000
301.531616 550.000000
293.510457 550.000000
292.507812 550.000000
291.505168 550.000000
288.497233 550.000000
282.481364 550.000000
275.462850 550.000000
267.441691 550.000000
263.431112 550.000000
260.423177 550.000000
243.378215 550.000000
241.372925 550.000000
239.367635 550.000000
236.359701 550.000000
235.357056 550.000000
220.317383 550.000000
215.304159 550.000000
213.298869 550.000000
207.283000 550.000000
201.267131 550.000000
197.256551 550.000000
194.248617 550.000000
189.235392 550.000000
182.216878 550.000000
179.208944 550.000000
175.198364 550.000000
166.174561 550.000000
164.169271 550.000000
163.166626 550.000000
158.153402 550.000000
150.132243 550.000000
142.111084 550.000000
139.103149 550.000000
135.092570 550.000000
133.087280 550.000000
124.063477 550.000000
114.037028 550.000000
108.021159 550.000000
106.015869 550.000000
105.013224 550.000000
101.002645 550.000000
