1500
101.000489 450.000000
109.004400 450.000000
110.004889 450.000000
111.005378 450.000000
113.006355 450.000000
115.007333 450.000000
121.010267 450.000000
123.011244 450.000000
124.011733 450.000000
125.012222 450.000000
128.013689 450.000000
129.014178 450.000000
131.015155 450.000000
133.016133 450.000000
134.016622 450.000000
139.019066 450.000000
141.020044 450.000000
143.021022 450.000000
150.024444 450.000000
151.024933 450.000000
152.025422 450.000000
157.027866 450.000000
161.029822 450.000000
164.031288 450.000000
166.032266 450.000000
170.034222 450.000000
172.035199 450.000000
174.036177 450.000000
177.037644 450.000000
182.040088 450.000000
184.041066 450.000000
185.041555 450.000000
189.043510 450.000000
190.043999 450.000000
192.044977 450.000000
195.046444 450.000000
196.046933 450.000000
198.047910 450.000000
200.048888 450.000000
203.050355 450.000000
205.051333 450.000000
206.051821 450.000000
208.052799 450.000000
213.055244 450.000000
217.057199 450.000000
218.057688 450.000000
219.058177 450.000000
222.059644 450.000000
223.060132 450.000000
227.062088 450.000000
231.064044 450.000000
240.068443 450.000000
242.069421 450.000000
244.070399 450.000000
245.070888 450.000000
246.071377 450.000000
249.072843 450.000000
250.073332 450.000000
252.074310 450.000000
257.076754 450.000000
258.077243 450.000000
259.077732 450.000000
261.078710 450.000000
263.079688 450.000000
264.080177 450.000000
265.080666 450.000000
269.082621 450.000000
270.083110 450.000000
276.086043 450.000000
279.087510 450.000000
282.088977 450.000000
283.089465 450.000000
289.092399 450.000000
292.093865 450.000000
294.094843 450.000000
295.095332 450.000000
296.095821 450.000000
300.097776 450.000000
301.098265 450.000000
302.098754 450.000000
303.099243 450.000000
320.107554 450.000000
322.108532 450.000000
325.109998 450.000000
327.110976 450.000000
330.112443 450.000000
332.113421 450.000000
339.116843 450.000000
344.119287 450.000000
347.120754 450.000000
357.125643 450.000000
360.127109 450.000000
366.130043 450.000000
370.131998 450.000000
371.132487 450.000000
371.132487 450.000000
371.635641 449.128511
372.138796 448.257022
372.641950 447.385533
373.145105 446.514044
373.648259 445.642555
374.151414 444.771066
374.654568 443.899577
375.157722 443.028088
375.660877 442.156599
376.164031 441.285110
376.667186 440.413620
377.170340 439.542131
377.673495 438.670642
378.176649 437.799153
378.679803 436.927664
379.182958 436.056175
379.686112 435.184686
380.189267 434.313197
380.692421 433.441708
381.195576 432.570219
381.698730 431.698730
382.201884 430.827241
382.705039 429.955752
383.711348 428.212774
384.214502 427.341285
384.717657 426.469796
385.220811 425.598307
385.723965 424.726818
386.227120 423.855329
386.730274 422.983840
387.736583 421.240861
388.742892 419.497883
389.246046 418.626394
389.749201 417.754905
390.252355 416.883416
390.755510 416.011927
391.258664 415.140438
391.761819 414.268949
392.264973 413.397460
391.762632 412.527380
391.260291 411.657300
390.255610 409.917140
389.753269 409.047061
389.250928 408.176981
387.241565 404.696661
386.739224 403.826581
386.236883 402.956501
385.734542 402.086422
383.222838 397.736022
382.720497 396.865942
381.715815 395.125783
380.711134 393.385623
380.208793 392.515543
377.697088 388.165144
377.194748 387.295064
375.687725 384.684824
375.185384 383.814744
374.683043 382.944664
373.678362 381.204504
372.673680 379.464345
372.171339 378.594265
370.161976 375.113945
369.659635 374.243865
369.157294 373.373786
367.650271 370.763546
366.645590 369.023386
365.640908 367.283226
365.138567 366.413147
364.133886 364.672987
363.129204 362.932827
362.626863 362.062747
362.124522 361.192667
361.622181 360.322587
361.119840 359.452508
360.617500 358.582428
360.115159 357.712348
359.612818 356.842268
357.101114 352.491868
355.594091 349.881629
354.589409 348.141469
353.082387 345.531229
352.077705 343.791070
351.575364 342.920990
351.073024 342.050910
350.570683 341.180830
350.068342 340.310750
348.561319 337.700511
348.058978 336.830431
347.556638 335.960351
346.049615 333.350111
345.044933 331.609951
344.040252 329.869792
343.537911 328.999712
343.035570 328.129632
342.533229 327.259552
342.030888 326.389472
340.523866 323.779232
339.519184 322.039073
336.505139 316.818593
336.002798 315.948514
335.500457 315.078434
334.998116 314.208354
333.993435 312.468194
332.988753 310.728034
332.486412 309.857954
331.984071 308.987875
331.481730 308.117795
330.477049 306.377635
329.974708 305.507555
328.467685 302.897315
327.965345 302.027235
326.458322 299.416996
325.955981 298.546916
325.453640 297.676836
324.951299 296.806756
323.946618 295.066596
323.444277 294.196517
322.439595 292.456357
321.937254 291.586277
321.434914 290.716197
320.932573 289.846117
319.425550 287.235878
318.923209 286.365798
317.918528 284.625638
316.913846 282.885478
316.411505 282.015398
315.909164 281.145318
315.406823 280.275239
313.899801 277.664999
313.397460 276.794919
314.402142 276.794919
315.406823 276.794919
316.411505 276.794919
319.425550 276.794919
321.434914 276.794919
324.448959 276.794919
325.453640 276.794919
330.477049 276.794919
332.486412 276.794919
335.500457 276.794919
336.505139 276.794919
337.509821 276.794919
339.519184 276.794919
341.528548 276.794919
342.533229 276.794919
343.537911 276.794919
344.542593 276.794919
345.547274 276.794919
349.566001 276.794919
351.575365 276.794919
353.584728 276.794919
354.589410 276.794919
355.594091 276.794919
358.608137 276.794919
360.617500 276.794919
361.622182 276.794919
363.631545 276.794919
364.636227 276.794919
368.654954 276.794919
371.668999 276.794919
375.687725 276.794919
376.692407 276.794919
377.697089 276.794919
378.701771 276.794919
382.720497 276.794919
383.725179 276.794919
384.729861 276.794919
386.739224 276.794919
387.743906 276.794919
388.748588 276.794919
389.753269 276.794919
390.757951 276.794919
392.767314 276.794919
393.771996 276.794919
394.776678 276.794919
395.781359 276.794919
396.786041 276.794919
398.795405 276.794919
400.804768 276.794919
401.809450 276.794919
405.828176 276.794919
406.832858 276.794919
407.837540 276.794919
408.842222 276.794919
409.846903 276.794919
410.851585 276.794919
411.856267 276.794919
413.865630 276.794919
414.870312 276.794919
416.879675 276.794919
417.884357 276.794919
418.889039 276.794919
420.898402 276.794919
421.903084 276.794919
422.907765 276.794919
423.912447 276.794919
427.931174 276.794919
428.935856 276.794919
429.940537 276.794919
431.949901 276.794919
432.954582 276.794919
433.959264 276.794919
434.963946 276.794919
436.973309 276.794919
438.982673 276.794919
443.001399 276.794919
444.006081 276.794919
445.010763 276.794919
454.052898 276.794919
456.062261 276.794919
457.066943 276.794919
459.076307 276.794919
460.080988 276.794919
462.090352 276.794919
463.095033 276.794919
465.104397 276.794919
466.109078 276.794919
468.118442 276.794919
471.132487 276.794919
475.151214 269.834280
476.155895 268.094120
476.658236 267.224040
478.165259 264.613801
479.169941 262.873641
480.174622 261.133481
480.676963 260.263401
481.179304 259.393322
482.183986 257.653162
483.188667 255.913002
483.691008 255.042922
484.695690 253.302762
485.198031 252.432683
485.700372 251.562603
486.202712 250.692523
486.705053 249.822443
489.216757 245.472044
489.719098 244.601964
490.723780 242.861804
491.226121 241.991724
491.728462 241.121644
492.230803 240.251564
493.235484 238.511405
493.737825 237.641325
494.742507 235.901165
495.244848 235.031085
495.747189 234.161005
496.249529 233.290925
497.756552 230.680686
499.263574 228.070446
499.765915 227.200366
501.272938 224.590127
501.775279 223.720047
502.277620 222.849967
503.282301 221.109807
504.789324 218.499568
505.291665 217.629488
505.794005 216.759408
506.798687 215.019248
507.803369 213.279088
508.808051 211.538929
509.310391 210.668849
510.315073 208.928689
510.817414 208.058609
511.822096 206.318449
512.324436 205.448369
513.329118 203.708210
514.333800 201.968050
514.836141 201.097970
515.338482 200.227890
516.343163 198.487730
517.347845 196.747571
518.352527 195.007411
518.854867 194.137331
519.357208 193.267251
519.859549 192.397171
520.361890 191.527091
520.864231 190.657012
521.366572 189.786932
522.873594 187.176692
524.380617 184.566453
524.882958 183.696373
525.887639 181.956213
527.897003 178.475893
528.901684 176.735734
529.404025 175.865654
530.408707 174.125494
530.911048 173.255414
531.413389 172.385334
532.920411 169.775095
533.422752 168.905015
534.427434 167.164855
535.934456 164.554615
536.436797 163.684536
538.446161 160.204216
538.948501 159.334136
539.953183 157.593976
540.455524 156.723897
542.464887 153.243577
542.967228 152.373497
543.469569 151.503417
543.971910 150.633337
544.474251 149.763258
544.976592 148.893178
546.483614 146.282938
548.995318 141.932539
550.502341 141.062459
551.507023 142.802619
552.009363 143.672698
552.511704 144.542778
554.018727 147.153018
555.023408 148.893178
555.525749 149.763258
556.028090 150.633337
557.032772 152.373497
557.535113 153.243577
559.544476 156.723897
560.046817 157.593976
561.553839 160.204216
562.558521 161.944376
563.060862 162.814456
565.572566 167.164855
566.074907 168.034935
566.577248 168.905015
568.084270 171.515254
569.088952 173.255414
570.093634 174.995574
572.102997 178.475893
573.107679 180.216053
573.610020 181.086133
575.117042 183.696373
577.628747 188.046772
579.135769 190.657012
580.642792 193.267251
581.145133 194.137331
581.647473 195.007411
582.652155 196.747571
583.154496 197.617651
585.666200 201.968050
586.168541 202.838130
587.675564 205.448369
588.177904 206.318449
590.187268 209.798769
590.689609 210.668849
591.191949 211.538929
592.196631 213.279088
594.205995 216.759408
594.708335 217.629488
596.215358 220.239727
597.220040 221.979887
597.722380 222.849967
598.224721 223.720047
599.229403 225.460207
599.731744 226.330286
600.234085 227.200366
600.736426 228.070446
602.745789 231.550766
603.248130 232.420845
603.750471 233.290925
604.252811 234.161005
604.755152 235.031085
605.257493 235.901165
606.262175 237.641325
607.266857 239.381484
607.769197 240.251564
608.271538 241.121644
608.773879 241.991724
610.280902 244.601964
610.783243 245.472044
611.285583 246.342123
612.792606 248.952363
613.294947 249.822443
614.801969 252.432683
615.304310 253.302762
615.806651 254.172842
619.825378 261.133481
620.830059 262.873641
621.834741 264.613801
623.844105 268.094120
624.346445 268.964200
624.848786 269.834280
625.351127 270.704360
625.853468 271.574440
626.355809 272.444520
626.858150 273.314600
627.360490 274.184679
627.862831 275.054759
629.872195 276.794919
633.890922 276.794919
634.895603 276.794919
635.900285 276.794919
639.919012 276.794919
641.928375 276.794919
642.933057 276.794919
643.937739 276.794919
646.951784 276.794919
647.956465 276.794919
650.970510 276.794919
652.979874 276.794919
653.984556 276.794919
654.989237 276.794919
656.998601 276.794919
660.012646 276.794919
662.022009 276.794919
663.026691 276.794919
666.040736 276.794919
667.045418 276.794919
668.050099 276.794919
669.054781 276.794919
670.059463 276.794919
671.064144 276.794919
672.068826 276.794919
673.073508 276.794919
674.078190 276.794919
676.087553 276.794919
677.092235 276.794919
678.096916 276.794919
683.120325 276.794919
684.125007 276.794919
685.129688 276.794919
686.134370 276.794919
687.139052 276.794919
688.143733 276.794919
689.148415 276.794919
691.157778 276.794919
693.167142 276.794919
695.176505 276.794919
697.185869 276.794919
698.190550 276.794919
699.195232 276.794919
702.209277 276.794919
703.213959 276.794919
704.218641 276.794919
708.237367 276.794919
710.246731 276.794919
714.265458 276.794919
715.270139 276.794919
717.279503 276.794919
720.293548 276.794919
721.298229 276.794919
724.312275 276.794919
725.316956 276.794919
726.321638 276.794919
728.331001 276.794919
732.349728 276.794919
734.359092 276.794919
735.363773 276.794919
737.373137 276.794919
738.377818 276.794919
739.382500 276.794919
743.401227 276.794919
747.419954 276.794919
748.424635 276.794919
751.438680 276.794919
755.457407 276.794919
759.476134 276.794919
760.480816 276.794919
761.485497 276.794919
762.490179 276.794919
763.494861 276.794919
765.504224 276.794919
767.513588 276.794919
768.518269 276.794919
769.522951 276.794919
770.527633 276.794919
771.532314 276.794919
775.551041 276.794919
777.560405 276.794919
780.574450 276.794919
781.579131 276.794919
785.597858 276.794919
786.602540 276.794919
786.100199 277.664999
785.597858 278.535079
785.095517 279.405159
784.593177 280.275239
782.583813 283.755558
782.081472 284.625638
781.579132 285.495718
779.569768 288.976037
778.062746 291.586277
777.560405 292.456357
776.555723 294.196517
776.053382 295.066596
773.039337 300.287076
772.034655 302.027235
771.532315 302.897315
771.029974 303.767395
770.025292 305.507555
769.522951 306.377635
767.513588 309.857954
767.011247 310.728034
766.006565 312.468194
765.001884 314.208354
763.997202 315.948514
762.992520 317.688673
761.987838 319.428833
761.485498 320.298913
760.983157 321.168993
759.476134 323.779232
757.969112 326.389472
756.964430 328.129632
756.462089 328.999712
755.959748 329.869792
755.457407 330.739871
754.452726 332.480031
753.448044 334.220191
752.443362 335.960351
751.941022 336.830431
751.438681 337.700511
750.936340 338.570590
749.931658 340.310750
749.429317 341.180830
747.922295 343.791070
746.917613 345.531229
745.410591 348.141469
744.405909 349.881629
743.401227 351.621789
740.387182 356.842268
739.382500 358.582428
738.377819 360.322587
737.875478 361.192667
737.373137 362.062747
736.870796 362.932827
736.368455 363.802907
734.861433 366.413147
732.852069 369.893466
732.349729 370.763546
731.345047 372.503706
728.331002 377.724185
727.326320 379.464345
726.823979 380.334425
726.321638 381.204504
725.819297 382.074584
724.312275 384.684824
723.809934 385.554904
723.307593 386.424984
722.805252 387.295064
721.800571 389.035223
721.298230 389.905303
720.795889 390.775383
720.293548 391.645463
713.763117 402.956501
712.758435 404.696661
711.251413 407.306901
710.749072 408.176981
710.246731 409.047061
708.739709 411.657300
708.237368 412.527380
707.735027 413.397460
707.735027 413.397460
708.238181 414.268949
708.741336 415.140438
709.244490 416.011927
709.747645 416.883416
710.250799 417.754905
710.753954 418.626394
711.257108 419.497883
711.760262 420.369372
712.263417 421.240861
712.766571 422.112350
713.269726 422.983840
713.772880 423.855329
714.276035 424.726818
714.779189 425.598307
715.282343 426.469796
715.785498 427.341285
716.288652 428.212774
716.791807 429.084263
717.294961 429.955752
717.798116 430.827241
718.301270 431.698730
718.804424 432.570219
719.307579 433.441708
719.810733 434.313197
720.313888 435.184686
720.817042 436.056175
721.320197 436.927664
721.823351 437.799153
722.326505 438.670642
722.829660 439.542131
723.332814 440.413620
723.835969 441.285110
724.339123 442.156599
724.842278 443.028088
725.345432 443.899577
726.351741 445.642555
726.854895 446.514044
727.358050 447.385533
727.861204 448.257022
728.364359 449.128511
728.867513 450.000000
728.867513 450.000000
732.869469 450.000000
736.871424 450.000000
737.871913 450.000000
739.872891 450.000000
742.874357 450.000000
745.875824 450.000000
748.877291 450.000000
753.879735 450.000000
756.881202 450.000000
759.882668 450.000000
760.883157 450.000000
765.885602 450.000000
768.887068 450.000000
769.887557 450.000000
770.888046 450.000000
773.889513 450.000000
774.890002 450.000000
777.891468 450.000000
781.893424 450.000000
782.893913 450.000000
783.894402 450.000000
788.896846 450.000000
793.899290 450.000000
794.899779 450.000000
797.901246 450.000000
798.901735 450.000000
801.903201 450.000000
802.903690 450.000000
811.908090 450.000000
812.908579 450.000000
813.909068 450.000000
815.910046 450.000000
817.911023 450.000000
819.912001 450.000000
822.913468 450.000000
827.915912 450.000000
830.917379 450.000000
835.919823 450.000000
836.920312 450.000000
842.923246 450.000000
845.924712 450.000000
846.925201 450.000000
847.925690 450.000000
857.930579 450.000000
858.931068 450.000000
868.935956 450.000000
870.936934 450.000000
871.937423 450.000000
879.941334 450.000000
880.941823 450.000000
881.942312 450.000000
882.942801 450.000000
883.943290 450.000000
884.943779 450.000000
885.944267 450.000000
887.945245 450.000000
888.945734 450.000000
890.946712 450.000000
891.947201 450.000000
892.947690 450.000000
895.949156 450.000000
897.950134 450.000000
901.952090 450.000000
906.954534 450.000000
909.956001 450.000000
911.956978 450.000000
913.957956 450.000000
917.959912 450.000000
921.961867 450.000000
923.962845 450.000000
926.964312 450.000000
928.965289 450.000000
930.966267 450.000000
931.966756 450.000000
932.967245 450.000000
933.967734 450.000000
934.968223 450.000000
938.970178 450.000000
940.971156 450.000000
943.972623 450.000000
944.973111 450.000000
945.973600 450.000000
948.975067 450.000000
950.976045 450.000000
951.976534 450.000000
952.977023 450.000000
953.977511 450.000000
954.978000 450.000000
955.978489 450.000000
959.980445 450.000000
962.981911 450.000000
964.982889 450.000000
966.983867 450.000000
967.984356 450.000000
972.986800 450.000000
976.988756 450.000000
979.990222 450.000000
989.995111 450.000000
991.996089 450.000000
993.997067 450.000000
994.997556 450.000000
1000.000000 450.000000
1000.000000 452.000000
1000.000000 453.000000
1000.000000 455.000000
1000.000000 456.000000
1000.000000 457.000000
1000.000000 458.000000
1000.000000 460.000000
1000.000000 461.000000
1000.000000 463.000000
1000.000000 464.000000
1000.000000 465.000000
1000.000000 467.000000
1000.000000 468.000000
1000.000000 470.000000
1000.000000 472.000000
1000.000000 473.000000
1000.000000 476.000000
1000.000000 478.000000
1000.000000 480.000000
1000.000000 482.000000
1000.000000 483.000000
1000.000000 484.000000
1000.000000 486.000000
1000.000000 488.000000
1000.000000 491.000000
1000.000000 492.000000
1000.000000 493.000000
1000.000000 496.000000
1000.000000 497.000000
1000.000000 498.000000
1000.000000 499.000000
1000.000000 501.000000
1000.000000 502.000000
1000.000000 503.000000
1000.000000 504.000000
1000.000000 505.000000
1000.000000 506.000000
1000.000000 507.000000
1000.000000 508.000000
1000.000000 511.000000
1000.000000 512.000000
1000.000000 513.000000
1000.000000 514.000000
1000.000000 515.000000
1000.000000 517.000000
1000.000000 518.000000
1000.000000 520.000000
1000.000000 521.000000
1000.000000 522.000000
1000.000000 523.000000
1000.000000 525.000000
1000.000000 526.000000
1000.000000 527.000000
1000.000000 529.000000
1000.000000 531.000000
1000.000000 534.000000
1000.000000 536.000000
1000.000000 539.000000
1000.000000 540.000000
1000.000000 541.000000
1000.000000 542.000000
1000.000000 545.000000
1000.000000 546.000000
1000.000000 547.000000
1000.000000 549.000000
1000.000000 550.000000
1000.000000 550.000000
998.997355 550.000000
996.992065 550.000000
988.970907 550.000000
986.965617 550.000000
984.960327 550.000000
983.957682 550.000000
980.949748 550.000000
974.933879 550.000000
973.931234 550.000000
972.928589 550.000000
964.907430 550.000000
963.904785 550.000000
954.880981 550.000000
953.878337 550.000000
947.862467 550.000000
940.843953 550.000000
939.841309 550.000000
933.825439 550.000000
932.822795 550.000000
931.820150 550.000000
927.809570 550.000000
925.804281 550.000000
921.793701 550.000000
915.777832 550.000000
912.769897 550.000000
910.764608 550.000000
907.756673 550.000000
906.754028 550.000000
902.743449 550.000000
900.738159 550.000000
899.735514 550.000000
898.732869 550.000000
895.724935 550.000000
891.714355 550.000000
888.706421 550.000000
886.701131 550.000000
882.690552 550.000000
878.679972 550.000000
873.666748 550.000000
870.658813 550.000000
869.656169 550.000000
867.650879 550.000000
858.627075 550.000000
854.616496 550.000000
852.611206 550.000000
848.600627 550.000000
847.597982 550.000000
843.587402 550.000000
842.584757 550.000000
841.582113 550.000000
840.579468 550.000000
835.566243 550.000000
831.555664 550.000000
825.539795 550.000000
822.531860 550.000000
814.510702 550.000000
806.489543 550.000000
804.484253 550.000000
802.478963 550.000000
799.471029 550.000000
797.465739 550.000000
791.449870 550.000000
788.441935 550.000000
787.439290 550.000000
776.410197 550.000000
773.402262 550.000000
770.394328 550.000000
769.391683 550.000000
767.386393 550.000000
764.378459 550.000000
760.367879 550.000000
757.359945 550.000000
755.354655 550.000000
754.352010 550.000000
753.349365 550.000000
750.341431 550.000000
748.336141 550.000000
744.325562 550.000000
743.322917 550.000000
738.309692 550.000000
737.307048 550.000000
733.296468 550.000000
730.288534 550.000000
728.283244 550.000000
727.280599 550.000000
725.275309 550.000000
723.270020 550.000000
718.256795 550.000000
716.251506 550.000000
713.243571 550.000000
710.235636 550.000000
709.232992 550.000000
708.230347 550.000000
706.225057 550.000000
704.219767 550.000000
701.211833 550.000000
700.209188 550.000000
699.206543 550.000000
698.203898 550.000000
695.195964 550.000000
694.193319 550.000000
691.185384 550.000000
689.180094 550.000000
688.177450 550.000000
687.174805 550.000000
679.153646 550.000000
675.143066 550.000000
673.137777 550.000000
671.132487 550.000000
670.630146 549.129920
670.127805 548.259840
668.620783 545.649601
668.118442 544.779521
667.616101 543.909441
667.113760 543.039361
666.611419 542.169281
666.109078 541.299201
664.602056 538.688962
664.099715 537.818882
663.597374 536.948802
662.592692 535.208642
662.090352 534.338562
661.588011 533.468482
661.085670 532.598403
657.569284 526.507843
657.066943 525.637764
656.564602 524.767684
656.062261 523.897604
655.057580 522.157444
653.048216 518.677125
652.545875 517.807045
652.043535 516.936965
651.038853 515.196805
650.536512 514.326725
648.527149 510.846406
648.024808 509.976326
647.020126 508.236166
646.517785 507.366086
645.513103 505.625926
643.503740 502.145607
641.494377 498.665288
640.992036 497.795208
638.480332 493.444808
637.977991 492.574728
637.475650 491.704649
636.973309 490.834569
636.470968 489.964489
635.466286 488.224329
634.963946 487.354249
634.461605 486.484169
633.959264 485.614089
633.456923 484.744010
632.954582 483.873930
632.452241 483.003850
631.949900 482.133770
629.940537 478.653450
628.433514 476.043211
627.428833 474.303051
626.926492 473.432971
626.424151 472.562891
625.419469 470.822732
624.414788 469.082572
623.410106 467.342412
622.405424 465.602252
621.903083 464.732172
621.400743 463.862093
619.391379 460.381773
618.889038 459.511693
618.386697 458.641613
616.879675 456.031374
616.377334 455.161294
614.870311 452.551054
613.865630 450.810895
613.363289 449.940815
612.860948 449.070735
611.856266 447.330575
611.353925 446.460495
610.851585 445.590415
610.349244 444.720335
609.846903 443.850256
608.339880 441.240016
604.321153 434.279377
603.316472 432.539217
602.814131 431.669137
602.311790 430.799057
601.809449 429.928978
600.804768 428.188818
600.302427 427.318738
599.800086 426.448658
599.297745 425.578578
597.790722 422.968339
597.288382 422.098259
596.786041 421.228179
596.283700 420.358099
595.781359 419.488019
595.279018 418.617939
594.776677 417.747859
592.767314 414.267540
592.264973 413.397460
592.768127 412.525971
593.271282 411.654482
593.774436 410.782993
594.277591 409.911504
594.780745 409.040015
595.283900 408.168526
595.787054 407.297036
596.290209 406.425547
596.793363 405.554058
597.296518 404.682569
597.799672 403.811080
598.302826 402.939591
598.805981 402.068102
599.309135 401.196613
599.812290 400.325124
600.818599 398.582146
601.321753 397.710657
601.824908 396.839168
602.328062 395.967679
602.831216 395.096190
603.334371 394.224700
603.837525 393.353211
604.340680 392.481722
604.843834 391.610233
605.346989 390.738744
605.850143 389.867255
606.353298 388.995766
606.856452 388.124277
607.359607 387.252788
607.862761 386.381299
608.365915 385.509810
608.869070 384.638321
609.372224 383.766832
609.875379 382.895342
610.378533 382.023853
610.881688 381.152364
611.384842 380.280875
611.887997 379.409386
612.391151 378.537897
612.894306 377.666408
613.397460 376.794919
613.397460 376.794919
612.391151 376.794919
611.384842 376.794919
610.378533 376.794919
609.372224 376.794919
608.365916 376.794919
607.359607 376.794919
606.353298 376.794919
605.346989 376.794919
604.340680 376.794919
603.334371 376.794919
602.328062 376.794919
601.321753 376.794919
600.315445 376.794919
599.309136 376.794919
598.302827 376.794919
597.296518 376.794919
596.290209 376.794919
595.283900 376.794919
594.277591 376.794919
592.264973 376.794919
591.258665 376.794919
589.246047 376.794919
588.239738 376.794919
587.233429 376.794919
586.227120 376.794919
585.220811 376.794919
584.214502 376.794919
583.208194 376.794919
582.201885 376.794919
581.195576 376.794919
580.189267 376.794919
579.182958 376.794919
578.176649 376.794919
577.170340 376.794919
576.164031 376.794919
575.157723 376.794919
574.151414 376.794919
573.145105 376.794919
572.138796 376.794919
571.132487 376.794919
571.132487 376.794919
570.629333 375.923430
570.126178 375.051941
569.623024 374.180452
569.119869 373.308963
568.616715 372.437474
568.113560 371.565985
567.610406 370.694496
567.107251 369.823007
566.604097 368.951518
566.100942 368.080029
565.597788 367.208539
565.094634 366.337050
564.591479 365.465561
564.088325 364.594072
563.585170 363.722583
563.082016 362.851094
562.578861 361.979605
562.075707 361.108116
561.572552 360.236627
561.069398 359.365138
560.566243 358.493649
560.063089 357.622160
559.559935 356.750671
559.056780 355.879182
558.050471 354.136204
557.547317 353.264715
557.044162 352.393226
556.541008 351.521737
556.037853 350.650248
555.534699 349.778759
555.031545 348.907269
554.528390 348.035780
554.025236 347.164291
553.522081 346.292802
553.018927 345.421313
552.515772 344.549824
552.012618 343.678335
551.509463 342.806846
551.006309 341.935357
550.503154 341.063868
550.000000 340.192379
549.496846 341.063868
548.490537 342.806846
547.987382 343.678335
547.484228 344.549824
546.981073 345.421313
545.974764 347.164291
545.471610 348.035780
544.968455 348.907269
544.465301 349.778759
543.962147 350.650248
543.458992 351.521737
542.955838 352.393226
542.452683 353.264715
541.949529 354.136204
541.446374 355.007693
540.943220 355.879182
540.440065 356.750671
539.433757 358.493649
538.930602 359.365138
538.427448 360.236627
537.924293 361.108116
537.421139 361.979605
536.917984 362.851094
536.414830 363.722583
535.911675 364.594072
535.408521 365.465561
534.905366 366.337050
534.402212 367.208539
533.899058 368.080029
533.395903 368.951518
532.892749 369.823007
532.389594 370.694496
531.886440 371.565985
531.383285 372.437474
530.880131 373.308963
530.376976 374.180452
529.873822 375.051941
528.867513 376.794919
528.867513 376.794919
527.861204 376.794919
526.854895 376.794919
525.848586 376.794919
524.842277 376.794919
523.835969 376.794919
522.829660 376.794919
521.823351 376.794919
520.817042 376.794919
519.810733 376.794919
518.804424 376.794919
517.798115 376.794919
516.791806 376.794919
515.785498 376.794919
514.779189 376.794919
513.772880 376.794919
512.766571 376.794919
511.760262 376.794919
510.753953 376.794919
509.747644 376.794919
508.741335 376.794919
507.735027 376.794919
506.728718 376.794919
505.722409 376.794919
504.716100 376.794919
503.709791 376.794919
502.703482 376.794919
501.697173 376.794919
500.690864 376.794919
499.684555 376.794919
498.678247 376.794919
496.665629 376.794919
495.659320 376.794919
494.653011 376.794919
493.646702 376.794919
492.640393 376.794919
490.627776 376.794919
488.615158 376.794919
487.608849 376.794919
486.602540 376.794919
486.602540 376.794919
487.105694 377.666408
487.608849 378.537897
488.112003 379.409386
488.615158 380.280875
489.118312 381.152364
489.621467 382.023853
490.124621 382.895342
490.627776 383.766832
491.130930 384.638321
491.634085 385.509810
492.137239 386.381299
492.640393 387.252788
493.143548 388.124277
493.646702 388.995766
494.149857 389.867255
494.653011 390.738744
495.156166 391.610233
495.659320 392.481722
496.162475 393.353211
496.665629 394.224700
497.168784 395.096190
497.671938 395.967679
498.175092 396.839168
499.181401 398.582146
499.684556 399.453635
500.187710 400.325124
500.690865 401.196613
501.194019 402.068102
501.697174 402.939591
502.703482 404.682569
503.206637 405.554058
503.709791 406.425547
504.212946 407.297036
504.716100 408.168526
505.219255 409.040015
505.722409 409.911504
506.225564 410.782993
506.728718 411.654482
507.231873 412.525971
507.735027 413.397460
507.735027 413.397460
506.228004 416.007700
505.223323 417.747859
504.720982 418.617939
502.711618 422.098259
502.209278 422.968339
500.702255 425.578578
500.199914 426.448658
499.697573 427.318738
498.692892 429.058898
498.190551 429.928978
496.683528 432.539217
496.181187 433.409297
495.176506 435.149457
494.674165 436.019537
494.171824 436.889617
493.167142 438.629776
492.664801 439.499856
491.660120 441.240016
491.157779 442.110096
489.650756 444.720335
489.148415 445.590415
488.646075 446.460495
488.143734 447.330575
487.641393 448.200655
487.139052 449.070735
486.134370 450.810895
485.632029 451.680974
485.129689 452.551054
484.627348 453.421134
484.125007 454.291214
483.622666 455.161294
483.120325 456.031374
482.115643 457.771534
481.613303 458.641613
481.110962 459.511693
480.106280 461.251853
479.101598 462.992013
478.599257 463.862093
478.096917 464.732172
477.092235 466.472332
476.087553 468.212492
473.575849 472.562891
473.073508 473.432971
472.571167 474.303051
471.064145 476.913291
470.059463 478.653450
469.557122 479.523530
469.054781 480.393610
468.050100 482.133770
464.031373 489.094409
463.026691 490.834569
462.524350 491.704649
462.022009 492.574728
461.017328 494.314888
460.514987 495.184968
459.510305 496.925128
458.505623 498.665288
458.003283 499.535367
456.998601 501.275527
455.993919 503.015687
455.491578 503.885767
454.989237 504.755847
454.486897 505.625926
452.979874 508.236166
451.975192 509.976326
451.472851 510.846406
450.468170 512.586565
448.961147 515.196805
448.458806 516.066885
447.956465 516.936965
446.951784 518.677125
446.449443 519.547204
444.942420 522.157444
444.440079 523.027524
443.435398 524.767684
442.933057 525.637764
441.928375 527.377923
440.923693 529.118083
438.411989 533.468482
437.407308 535.208642
436.402626 536.948802
435.900285 537.818882
434.393262 540.429121
433.890922 541.299201
432.886240 543.039361
431.881558 544.779521
431.379217 545.649601
430.374536 547.389760
429.872195 548.259840
426.862223 550.000000
416.835775 550.000000
414.830485 550.000000
413.827840 550.000000
407.811971 550.000000
400.793457 550.000000
395.780233 550.000000
393.774943 550.000000
387.759074 550.000000
385.753784 550.000000
383.748494 550.000000
382.745850 550.000000
377.732625 550.000000
376.729980 550.000000
375.727336 550.000000
372.719401 550.000000
371.716756 550.000000
368.708822 550.000000
366.703532 550.000000
365.700887 550.000000
361.690308 550.000000
353.669149 550.000000
351.663859 550.000000
350.661214 550.000000
348.655924 550.000000
345.647990 550.000000
341.637410 550.000000
339.632121 550.000000
338.629476 550.000000
336.624186 550.000000
335.621541 550.000000
330.608317 550.000000
327.600382 550.000000
325.595093 550.000000
322.587158 550.000000
321.584513 550.000000
317.573934 550.000000
309.552775 550.000000
308.550130 550.000000
304.539551 550.000000
303.536906 550.000000
302.534261 550.000000
300.528971 550.000000
294.513102 550.000000
293.510457 550.000000
286.491943 550.000000
282.481364 550.000000
280.476074 550.000000
277.468140 550.000000
275.462850 550.000000
274.460205 550.000000
272.454915 550.000000
270.449626 550.000000
268.444336 550.000000
266.439046 550.000000
265.436401 550.000000
261.425822 550.000000
258.417887 550.000000
257.415243 550.000000
254.407308 550.000000
253.404663 550.000000
251.399373 550.000000
248.391439 550.000000
245.383504 550.000000
240.370280 550.000000
230.343831 550.000000
226.333252 550.000000
223.325317 550.000000
221.320028 550.000000
220.317383 550.000000
218.312093 550.000000
215.304159 550.000000
213.298869 550.000000
210.290934 550.000000
209.288289 550.000000
208.285645 550.000000
207.283000 550.000000
199.261841 550.000000
197.256551 550.000000
196.253906 550.000000
194.248617 550.000000
193.245972 550.000000
189.235392 550.000000
188.232747 550.000000
186.227458 550.000000
178.206299 550.000000
177.203654 550.000000
173.193075 550.000000
172.190430 550.000000
164.169271 550.000000
163.166626 550.000000
162.163981 550.000000
161.161336 550.000000
158.153402 550.000000
154.142822 550.000000
148.126953 550.000000
146.121663 550.000000
141.108439 550.000000
138.100505 550.000000
137.097860 550.000000
131.081991 550.000000
127.071411 550.000000
126.068766 550.000000
124.063477 550.000000
122.058187 550.000000
119.050252 550.000000
117.044963 550.000000
110.026449 550.000000
104.010579 550.000000
102.005290 550.000000
101.002645 550.000000
