1160
101.000489 450.000000
104.001956 450.000000
109.004400 450.000000
110.004889 450.000000
111.005378 450.000000
113.006355 450.000000
114.006844 450.000000
118.008800 450.000000
119.009289 450.000000
121.010266 450.000000
122.010755 450.000000
124.011733 450.000000
125.012222 450.000000
127.013200 450.000000
128.013689 450.000000
129.014178 450.000000
134.016622 450.000000
137.018089 450.000000
138.018577 450.000000
139.019066 450.000000
140.019555 450.000000
143.021022 450.000000
144.021511 450.000000
146.022488 450.000000
147.022977 450.000000
148.023466 450.000000
149.023955 450.000000
150.024444 450.000000
154.026400 450.000000
155.026888 450.000000
156.027377 450.000000
157.027866 450.000000
158.028355 450.000000
159.028844 450.000000
160.029333 450.000000
161.029822 450.000000
162.030311 450.000000
169.033733 450.000000
170.034222 450.000000
173.035688 450.000000
175.036666 450.000000
176.037155 450.000000
178.038133 450.000000
179.038622 450.000000
180.039110 450.000000
181.039599 450.000000
182.040088 450.000000
183.040577 450.000000
184.041066 450.000000
186.042044 450.000000
192.044977 450.000000
193.045466 450.000000
194.045955 450.000000
195.046444 450.000000
196.046933 450.000000
197.047421 450.000000
199.048399 450.000000
200.048888 450.000000
201.049377 450.000000
202.049866 450.000000
205.051332 450.000000
207.052310 450.000000
209.053288 450.000000
210.053777 450.000000
212.054755 450.000000
214.055732 450.000000
215.056221 450.000000
216.056710 450.000000
217.057199 450.000000
218.057688 450.000000
220.058666 450.000000
222.059643 450.000000
223.060132 450.000000
224.060621 450.000000
225.061110 450.000000
227.062088 450.000000
229.063066 450.000000
230.063554 450.000000
231.064043 450.000000
233.065021 450.000000
234.065510 450.000000
235.065999 450.000000
236.066488 450.000000
237.066977 450.000000
245.070888 450.000000
246.071377 450.000000
253.074799 450.000000
262.079199 450.000000
263.079687 450.000000
266.081154 450.000000
267.081643 450.000000
269.082621 450.000000
270.083110 450.000000
274.085065 450.000000
276.086043 450.000000
278.087021 450.000000
280.087998 450.000000
282.088976 450.000000
284.089954 450.000000
286.090932 450.000000
290.092887 450.000000
292.093865 450.000000
295.095332 450.000000
297.096309 450.000000
299.097287 450.000000
305.100220 450.000000
306.100709 450.000000
307.101198 450.000000
311.103154 450.000000
312.103643 450.000000
313.104131 450.000000
314.104620 450.000000
318.106576 450.000000
319.107065 450.000000
321.108043 450.000000
322.108531 450.000000
323.109020 450.000000
325.109998 450.000000
326.110487 450.000000
327.110976 450.000000
328.111465 450.000000
331.112931 450.000000
336.115376 450.000000
338.116353 450.000000
340.117331 450.000000
341.117820 450.000000
345.119776 450.000000
349.121731 450.000000
351.122709 450.000000
352.123198 450.000000
353.123687 450.000000
354.124176 450.000000
355.124664 450.000000
358.126131 450.000000
360.127109 450.000000
362.128087 450.000000
365.129553 450.000000
366.130042 450.000000
370.131998 450.000000
371.132487 450.000000
373.136604 446.528766
373.637634 445.660958
374.138663 444.793149
375.140722 443.057532
375.641752 442.189724
376.643810 440.454107
380.652046 433.511639
381.654105 431.776022
382.155134 430.908214
383.157193 429.172597
387.165429 422.230129
388.167488 420.494512
389.169547 418.758895
391.173665 415.287661
393.678812 410.948619
394.179841 410.080811
395.682930 407.477385
397.186018 404.873960
398.689106 402.270535
399.691165 400.534918
400.192195 399.667109
402.196312 396.195875
404.200430 392.724641
404.701460 391.856833
405.202489 390.989025
406.705577 388.385599
407.707636 386.649982
409.210725 384.046557
409.711754 383.178748
410.212784 382.310940
411.214842 380.575323
411.715872 379.707515
412.717931 377.971898
413.719990 376.236281
414.722049 374.500664
415.724108 372.765047
416.225137 371.897238
417.728225 369.293813
419.231314 366.690388
421.736461 362.351345
422.738520 360.615728
423.239549 359.747920
424.241608 358.012303
425.243667 356.276686
426.245726 354.541069
426.746755 353.673261
427.247785 352.805452
427.748814 351.937644
429.251903 349.334218
429.752932 348.466410
431.256020 345.862984
432.258079 344.127368
435.264256 338.920517
436.767344 336.317091
437.769403 334.581474
438.270433 333.713666
441.276609 328.506815
444.282786 323.299964
445.284845 321.564348
445.785875 320.696539
447.789992 317.225305
448.291022 316.357497
448.792051 315.489688
449.293081 314.621880
449.794110 313.754071
450.295140 312.886263
450.796169 312.018454
451.297198 311.150646
452.800287 308.547221
453.802346 306.811604
454.303375 305.943795
455.305434 304.208178
456.808522 301.604753
457.810581 299.869136
460.816758 294.662285
461.317787 293.794477
462.820876 291.191051
463.321905 290.323243
463.822935 289.455434
464.824994 287.719818
465.326023 286.852009
465.827052 285.984201
467.330141 283.380775
468.332200 281.645158
469.334259 279.909541
471.338376 276.438307
471.839406 275.570499
472.841465 273.834882
474.344553 271.231457
475.847641 268.628031
479.855877 261.685564
481.358965 259.082138
481.859995 258.214330
482.862054 256.478713
483.363083 255.610904
484.365142 253.875287
484.866172 253.007479
485.367201 252.139671
486.369260 250.404054
486.870289 249.536245
488.373378 246.932820
488.874407 246.065011
489.876466 244.329394
490.377496 243.461586
492.381613 239.990352
493.383672 238.254735
493.884702 237.386927
499.897055 226.973225
501.400143 224.369800
501.901173 223.501991
503.905291 220.030757
504.907350 218.295140
505.909408 216.559524
506.410438 215.691715
506.911467 214.823907
508.414556 212.220481
508.915585 211.352673
509.416615 210.484864
511.420732 207.013630
513.424850 203.542397
513.925880 202.674588
514.426909 201.806780
516.932056 197.467737
517.934115 195.732120
518.435145 194.864312
519.437204 193.128695
519.938233 192.260887
522.443380 187.921844
523.445439 186.186227
523.946469 185.318419
524.447498 184.450610
525.449557 182.714994
525.950586 181.847185
527.453675 179.243760
527.954704 178.375951
529.958822 174.904717
530.960881 173.169100
531.461910 172.301292
531.962940 171.433484
533.967058 167.962250
534.468087 167.094441
535.971175 164.491016
537.474264 161.887590
539.478382 158.416357
542.985588 152.341697
543.987647 150.606080
544.989706 148.870463
546.492794 146.267038
548.997941 141.927996
551.503088 142.795804
553.507206 146.267038
554.509265 148.002655
555.511324 149.738272
558.016471 154.077314
559.519560 156.680740
561.523677 160.151974
569.039119 173.169100
572.045296 178.375951
573.047355 180.111568
573.548384 180.979377
574.049414 181.847185
574.550443 182.714994
575.051472 183.582802
575.552502 184.450610
577.055590 187.054036
579.059708 190.525270
581.063826 193.996504
581.564855 194.864312
582.566914 196.599929
585.573091 201.806780
586.074120 202.674588
587.577209 205.278014
589.080297 207.881439
592.086474 213.088290
593.589562 215.691715
594.591621 217.427332
599.100886 225.237608
601.105004 228.708842
604.612210 234.783501
605.113239 235.651310
605.614269 236.519118
606.115298 237.386927
607.117357 239.122544
607.618387 239.990352
608.620446 241.725969
609.121475 242.593777
609.622504 243.461586
613.630740 250.404054
614.632799 252.139671
615.133828 253.007479
617.137946 256.478713
618.140005 258.214330
620.645152 262.553372
621.647211 264.288989
623.651329 267.760223
626.156476 272.099265
628.160594 275.570499
629.663682 278.173924
630.164712 279.041733
630.665741 279.909541
631.166771 280.777350
632.669859 283.380775
633.671918 285.116392
634.673977 286.852009
635.175006 287.719818
635.676036 288.587626
636.678095 290.323243
642.690448 300.736944
643.191478 301.604753
644.694566 304.208178
645.696625 305.943795
647.700743 309.415029
648.702802 311.150646
649.704860 312.886263
651.207949 315.489688
651.708978 316.357497
652.210008 317.225305
653.212067 318.960922
653.713096 319.828731
654.214125 320.696539
654.715155 321.564348
655.717214 323.299964
656.218243 324.167773
656.719273 325.035581
660.226479 331.110241
662.230597 334.581474
663.733685 337.184900
664.735744 338.920517
665.737803 340.656134
667.240891 343.259559
670.247068 348.466410
672.251186 351.937644
673.754274 354.541069
674.756333 356.276686
675.257362 357.144495
675.758392 358.012303
677.762510 361.483537
680.768686 366.690388
681.770745 368.426005
683.774863 371.897238
684.275892 372.765047
685.277951 374.500664
685.778981 375.368472
688.785158 380.575323
689.286187 381.443131
689.787216 382.310940
690.288246 383.178748
690.789275 384.046557
692.292364 386.649982
692.793393 387.517791
693.294423 388.385599
696.300599 393.592450
696.801629 394.460258
697.302658 395.328067
698.805746 397.931492
699.306776 398.799301
700.308835 400.534918
700.809864 401.402726
702.813982 404.873960
703.315012 405.741768
703.816041 406.609577
705.820159 410.080811
711.832512 420.494512
712.834571 422.230129
714.337659 424.833555
715.840748 427.436980
716.341777 428.304788
716.842807 429.172597
718.846924 432.643831
719.347954 433.511639
719.848983 434.379448
721.853101 437.850682
724.358248 442.189724
725.360307 443.925341
725.861337 444.793149
726.863396 446.528766
727.364425 447.396575
730.868491 450.000000
732.869469 450.000000
733.869958 450.000000
735.870936 450.000000
736.871425 450.000000
738.872402 450.000000
740.873380 450.000000
742.874358 450.000000
744.875336 450.000000
747.876802 450.000000
748.877291 450.000000
750.878269 450.000000
754.880224 450.000000
755.880713 450.000000
762.884135 450.000000
763.884624 450.000000
764.885113 450.000000
770.888046 450.000000
775.890491 450.000000
780.892935 450.000000
786.895869 450.000000
787.896357 450.000000
788.896846 450.000000
789.897335 450.000000
792.898802 450.000000
795.900268 450.000000
796.900757 450.000000
797.901246 450.000000
798.901735 450.000000
799.902224 450.000000
800.902713 450.000000
807.906135 450.000000
808.906624 450.000000
809.907113 450.000000
810.907602 450.000000
812.908579 450.000000
813.909068 450.000000
814.909557 450.000000
817.911024 450.000000
820.912490 450.000000
826.915424 450.000000
831.917868 450.000000
832.918357 450.000000
833.918846 450.000000
835.919824 450.000000
837.920801 450.000000
842.923246 450.000000
843.923735 450.000000
844.924224 450.000000
845.924712 450.000000
848.926179 450.000000
849.926668 450.000000
850.927157 450.000000
851.927646 450.000000
853.928623 450.000000
854.929112 450.000000
856.930090 450.000000
857.930579 450.000000
858.931068 450.000000
859.931557 450.000000
860.932046 450.000000
862.933023 450.000000
863.933512 450.000000
866.934979 450.000000
867.935468 450.000000
868.935957 450.000000
873.938401 450.000000
876.939868 450.000000
877.940357 450.000000
880.941823 450.000000
882.942801 450.000000
884.943779 450.000000
887.945245 450.000000
888.945734 450.000000
889.946223 450.000000
890.946712 450.000000
896.949645 450.000000
898.950623 450.000000
899.951112 450.000000
900.951601 450.000000
902.952579 450.000000
903.953067 450.000000
905.954045 450.000000
908.955512 450.000000
912.957467 450.000000
914.958445 450.000000
915.958934 450.000000
918.960401 450.000000
919.960890 450.000000
920.961378 450.000000
921.961867 450.000000
925.963823 450.000000
926.964312 450.000000
930.966267 450.000000
931.966756 450.000000
933.967734 450.000000
934.968223 450.000000
936.969201 450.000000
940.971156 450.000000
943.972623 450.000000
945.973600 450.000000
948.975067 450.000000
958.979956 450.000000
961.981423 450.000000
963.982400 450.000000
966.983867 450.000000
968.984845 450.000000
969.985334 450.000000
970.985822 450.000000
971.986311 450.000000
972.986800 450.000000
973.987289 450.000000
974.987778 450.000000
976.988756 450.000000
977.989245 450.000000
980.990711 450.000000
981.991200 450.000000
984.992667 450.000000
986.993645 450.000000
988.994622 450.000000
989.995111 450.000000
992.996578 450.000000
997.999022 450.000000
998.999511 450.000000
1000.000000 450.000000
1000.000000 452.000000
1000.000000 453.000000
1000.000000 455.000000
1000.000000 456.000000
1000.000000 457.000000
1000.000000 458.000000
1000.000000 459.000000
1000.000000 461.000000
1000.000000 462.000000
1000.000000 463.000000
1000.000000 464.000000
1000.000000 466.000000
1000.000000 469.000000
1000.000000 470.000000
1000.000000 471.000000
1000.000000 473.000000
1000.000000 475.000000
1000.000000 476.000000
1000.000000 477.000000
1000.000000 478.000000
1000.000000 480.000000
1000.000000 481.000000
1000.000000 482.000000
1000.000000 483.000000
1000.000000 484.000000
1000.000000 486.000000
1000.000000 487.000000
1000.000000 488.000000
1000.000000 489.000000
1000.000000 490.000000
1000.000000 491.000000
1000.000000 492.000000
1000.000000 493.000000
1000.000000 494.000000
1000.000000 496.000000
1000.000000 497.000000
1000.000000 498.000000
1000.000000 499.000000
1000.000000 500.000000
1000.000000 501.000000
1000.000000 502.000000
1000.000000 504.000000
1000.000000 505.000000
1000.000000 507.000000
1000.000000 508.000000
1000.000000 509.000000
1000.000000 511.000000
1000.000000 512.000000
1000.000000 513.000000
1000.000000 514.000000
1000.000000 516.000000
1000.000000 517.000000
1000.000000 518.000000
1000.000000 519.000000
1000.000000 520.000000
1000.000000 521.000000
1000.000000 522.000000
1000.000000 523.000000
1000.000000 524.000000
1000.000000 525.000000
1000.000000 526.000000
1000.000000 527.000000
1000.000000 529.000000
1000.000000 531.000000
1000.000000 533.000000
1000.000000 534.000000
1000.000000 535.000000
1000.000000 536.000000
1000.000000 537.000000
1000.000000 538.000000
1000.000000 539.000000
1000.000000 540.000000
1000.000000 541.000000
1000.000000 542.000000
1000.000000 543.000000
1000.000000 544.000000
1000.000000 546.000000
1000.000000 547.000000
1000.000000 548.000000
1000.000000 549.000000
1000.000000 550.000000
997.994710 550.000000
996.992065 550.000000
993.984131 550.000000
991.978841 550.000000
988.970907 550.000000
986.965617 550.000000
984.960327 550.000000
982.955037 550.000000
981.952393 550.000000
980.949748 550.000000
978.944458 550.000000
973.931234 550.000000
971.925944 550.000000
969.920654 550.000000
968.918009 550.000000
967.915365 550.000000
965.910075 550.000000
960.896851 550.000000
958.891561 550.000000
956.886271 550.000000
953.878337 550.000000
950.870402 550.000000
949.867757 550.000000
948.865112 550.000000
947.862467 550.000000
945.857178 550.000000
944.854533 550.000000
942.849243 550.000000
941.846598 550.000000
939.841309 550.000000
936.833374 550.000000
934.828084 550.000000
933.825439 550.000000
930.817505 550.000000
927.809570 550.000000
925.804280 550.000000
923.798991 550.000000
921.793701 550.000000
920.791056 550.000000
919.788411 550.000000
914.775187 550.000000
913.772542 550.000000
912.769897 550.000000
911.767252 550.000000
904.748738 550.000000
903.746094 550.000000
899.735514 550.000000
898.732869 550.000000
897.730224 550.000000
895.724935 550.000000
891.714355 550.000000
888.706421 550.000000
887.703776 550.000000
885.698486 550.000000
883.693196 550.000000
880.685262 550.000000
879.682617 550.000000
876.674682 550.000000
874.669393 550.000000
870.658813 550.000000
867.650879 550.000000
864.642944 550.000000
863.640299 550.000000
862.637654 550.000000
861.635010 550.000000
860.632365 550.000000
858.627075 550.000000
855.619140 550.000000
850.605916 550.000000
848.600626 550.000000
847.597982 550.000000
844.590047 550.000000
843.587402 550.000000
842.584757 550.000000
841.582112 550.000000
837.571533 550.000000
836.568888 550.000000
832.558309 550.000000
831.555664 550.000000
829.550374 550.000000
828.547729 550.000000
827.545084 550.000000
821.529215 550.000000
819.523926 550.000000
817.518636 550.000000
815.513346 550.000000
814.510701 550.000000
813.508056 550.000000
812.505412 550.000000
810.500122 550.000000
808.494832 550.000000
807.492187 550.000000
804.484253 550.000000
802.478963 550.000000
801.476318 550.000000
790.447225 550.000000
789.444580 550.000000
788.441935 550.000000
785.434000 550.000000
782.426066 550.000000
780.420776 550.000000
775.407552 550.000000
774.404907 550.000000
769.391683 550.000000
767.386393 550.000000
765.381103 550.000000
760.367879 550.000000
759.365234 550.000000
757.359944 550.000000
754.352010 550.000000
753.349365 550.000000
751.344075 550.000000
747.333496 550.000000
744.325561 550.000000
743.322916 550.000000
741.317627 550.000000
740.314982 550.000000
737.307047 550.000000
736.304402 550.000000
725.275309 550.000000
724.272664 550.000000
722.267374 550.000000
721.264729 550.000000
720.262085 550.000000
719.259440 550.000000
718.256795 550.000000
714.246215 550.000000
709.232991 550.000000
707.227701 550.000000
704.219767 550.000000
703.217122 550.000000
702.214477 550.000000
701.211832 550.000000
698.203898 550.000000
697.201253 550.000000
695.195963 550.000000
694.193318 550.000000
693.190673 550.000000
692.188029 550.000000
689.180094 550.000000
688.177449 550.000000
686.172159 550.000000
683.164225 550.000000
682.161580 550.000000
679.153645 550.000000
678.151001 550.000000
676.145711 550.000000
675.143066 550.000000
673.137776 550.000000
672.135131 550.000000
671.132487 550.000000
670.131392 548.266053
669.630844 547.399079
668.129202 544.798158
667.128107 543.064211
665.626464 540.463290
665.125917 539.596316
663.624275 536.995395
663.123727 536.128422
661.121537 532.660527
660.620990 531.793554
659.119347 529.192633
657.617705 526.591712
656.616610 524.857764
656.116063 523.990791
654.614420 521.389870
653.613325 519.655923
653.112778 518.788949
651.611135 516.188028
650.109493 513.587107
649.108398 511.853160
648.607851 510.986186
647.106208 508.385265
646.605661 507.518292
645.604566 505.784344
645.104018 504.917371
642.100734 499.715529
641.099639 497.981582
639.597996 495.380661
638.096354 492.779740
636.594711 490.178819
634.592522 486.710924
629.086499 477.174214
628.085405 475.440267
627.584857 474.573293
627.084310 473.706320
626.583762 472.839346
626.083215 471.972372
625.582667 471.105399
622.579382 465.903557
622.078835 465.036583
621.077740 463.302636
620.577193 462.435662
618.575003 458.967768
618.074455 458.100794
617.573908 457.233820
617.073360 456.366847
616.572813 455.499873
615.571718 453.765926
615.071170 452.898952
614.070076 451.165005
613.068981 449.431058
611.567338 446.830137
611.066791 445.963163
610.566243 445.096189
607.562958 439.894348
607.062411 439.027374
606.561864 438.160400
601.556389 429.490664
601.055841 428.623690
599.053652 425.155796
598.553104 424.288822
597.051462 421.687901
596.550914 420.820927
596.050367 419.953954
595.549819 419.086980
595.049272 418.220007
594.048177 416.486059
593.547629 415.619086
593.047082 414.752112
592.045987 413.018165
591.044892 411.284217
590.544345 410.417244
590.043797 409.550270
589.042702 407.816323
588.041607 406.082376
586.539965 403.481455
586.039417 402.614481
583.536680 398.279613
583.036133 397.412639
582.535585 396.545666
582.035038 395.678692
581.534490 394.811718
580.533395 393.077771
580.032848 392.210797
578.531206 389.609876
576.028468 385.275008
575.027373 383.541061
574.526826 382.674087
574.026278 381.807114
571.022994 376.605272
570.021899 374.871325
569.521351 374.004351
569.020804 373.137377
568.520256 372.270404
568.019709 371.403430
567.018614 369.669483
566.518066 368.802509
565.016424 366.201588
563.514782 363.600667
563.014234 362.733694
562.513687 361.866720
562.013139 360.999746
560.010949 357.531852
559.009854 355.797904
556.507117 351.463036
554.504927 347.995142
553.503832 346.261194
552.502737 344.527247
552.002190 343.660273
551.501642 342.793300
550.000000 340.192379
550.000000 340.192379
548.998905 341.926326
548.498358 342.793300
547.997810 343.660273
547.497263 344.527247
546.996715 345.394221
545.495073 347.995142
544.994525 348.862115
544.493978 349.729089
543.993430 350.596063
541.991241 354.063957
539.989051 357.531852
538.487408 360.132773
536.985766 362.733694
535.984671 364.467641
534.983576 366.201588
534.483029 367.068562
532.981386 369.669483
532.480839 370.536456
531.980291 371.403430
531.479744 372.270404
530.979196 373.137377
528.977006 376.605272
526.974817 380.073166
526.474269 380.940140
525.973722 381.807114
525.473174 382.674087
524.972627 383.541061
524.472079 384.408035
523.470984 386.141982
520.968247 390.476850
520.467700 391.343824
519.466605 393.077771
518.465510 394.811718
517.964962 395.678692
516.963867 397.412639
514.461130 401.747507
513.960583 402.614481
513.460035 403.481455
512.959488 404.348428
511.958393 406.082376
511.457845 406.949349
510.957298 407.816323
510.456750 408.683297
509.455655 410.417244
508.955108 411.284217
507.954013 413.018165
506.952918 414.752112
506.452371 415.619086
505.951823 416.486059
504.450181 419.086980
503.449086 420.820927
502.447991 422.554875
500.946348 425.155796
499.945253 426.889743
497.442516 431.224611
496.941969 432.091585
495.440326 434.692506
494.939779 435.559479
494.439231 436.426453
493.938684 437.293427
493.438136 438.160400
492.437042 439.894348
490.935399 442.495269
490.434852 443.362242
489.433757 445.096189
486.931019 449.431058
486.430472 450.298031
484.928830 452.898952
484.428282 453.765926
481.925545 458.100794
480.423902 460.701715
478.421712 464.169610
477.921165 465.036583
477.420618 465.903557
476.419523 467.637504
475.918975 468.504478
475.418428 469.371451
474.917880 470.238425
473.916785 471.972372
471.914595 475.440267
471.414048 476.307241
470.913501 477.174214
470.412953 478.041188
468.911311 480.642109
468.410763 481.509082
466.909121 484.110003
466.408573 484.976977
465.407478 486.710924
464.406383 488.444871
463.905836 489.311845
462.404194 491.912766
461.903646 492.779740
461.403099 493.646713
460.402004 495.380661
459.400909 497.114608
458.399814 498.848555
457.899266 499.715529
457.398719 500.582502
456.397624 502.316450
455.396529 504.050397
454.895982 504.917371
454.395434 505.784344
451.892697 510.119213
450.391054 512.720133
448.388865 516.188028
447.888317 517.055002
447.387770 517.921975
446.386675 519.655923
445.385580 521.389870
444.885032 522.256843
443.883937 523.990791
443.383390 524.857764
442.882842 525.724738
442.382295 526.591712
441.381200 528.325659
440.880653 529.192633
440.380105 530.059606
439.879558 530.926580
438.377915 533.527501
437.877368 534.394474
437.376820 535.261448
436.375725 536.995395
435.374631 538.729343
434.874083 539.596316
433.872988 541.330264
433.372441 542.197237
432.871893 543.064211
431.370251 545.665132
430.369156 547.399079
429.868608 548.266053
428.867513 550.000000
425.859579 550.000000
422.851644 550.000000
415.833130 550.000000
413.827841 550.000000
412.825196 550.000000
411.822551 550.000000
410.819906 550.000000
404.804037 550.000000
400.793457 550.000000
397.785523 550.000000
396.782878 550.000000
392.772299 550.000000
390.767009 550.000000
389.764364 550.000000
385.753785 550.000000
384.751140 550.000000
381.743205 550.000000
380.740560 550.000000
376.729981 550.000000
375.727336 550.000000
372.719401 550.000000
364.698243 550.000000
362.692953 550.000000
359.685018 550.000000
356.677084 550.000000
354.671794 550.000000
352.666504 550.000000
351.663859 550.000000
347.653280 550.000000
345.647990 550.000000
344.645345 550.000000
343.642701 550.000000
342.640056 550.000000
339.632121 550.000000
337.626831 550.000000
336.624187 550.000000
333.616252 550.000000
330.608317 550.000000
329.605673 550.000000
328.603028 550.000000
327.600383 550.000000
326.597738 550.000000
325.595093 550.000000
322.587159 550.000000
319.579224 550.000000
318.576579 550.000000
316.571289 550.000000
314.566000 550.000000
313.563355 550.000000
311.558065 550.000000
310.555420 550.000000
309.552775 550.000000
307.547486 550.000000
305.542196 550.000000
304.539551 550.000000
301.531616 550.000000
299.526327 550.000000
294.513102 550.000000
293.510458 550.000000
286.491944 550.000000
285.489299 550.000000
280.476074 550.000000
278.470785 550.000000
277.468140 550.000000
276.465495 550.000000
275.462850 550.000000
273.457560 550.000000
266.439046 550.000000
262.428467 550.000000
260.423177 550.000000
259.420532 550.000000
257.415243 550.000000
256.412598 550.000000
255.409953 550.000000
252.402018 550.000000
249.394084 550.000000
247.388794 550.000000
246.386149 550.000000
245.383504 550.000000
244.380860 550.000000
242.375570 550.000000
241.372925 550.000000
240.370280 550.000000
236.359701 550.000000
232.349121 550.000000
229.341187 550.000000
228.338542 550.000000
226.333252 550.000000
225.330607 550.000000
224.327962 550.000000
223.325318 550.000000
220.317383 550.000000
217.309448 550.000000
214.301514 550.000000
212.296224 550.000000
211.293579 550.000000
209.288290 550.000000
206.280355 550.000000
205.277710 550.000000
202.269776 550.000000
198.259196 550.000000
196.253906 550.000000
195.251262 550.000000
190.238037 550.000000
189.235392 550.000000
186.227458 550.000000
185.224813 550.000000
183.219523 550.000000
179.208944 550.000000
176.201009 550.000000
174.195720 550.000000
173.193075 550.000000
169.182495 550.000000
168.179850 550.000000
167.177205 550.000000
165.171916 550.000000
162.163981 550.000000
161.161336 550.000000
158.153402 550.000000
156.148112 550.000000
155.145467 550.000000
151.134888 550.000000
149.129598 550.000000
148.126953 550.000000
139.103149 550.000000
137.097860 550.000000
136.095215 550.000000
130.079346 550.000000
128.074056 550.000000
127.071411 550.000000
125.066121 550.000000
123.060832 550.000000
122.058187 550.000000
121.055542 550.000000
118.047607 550.000000
116.042318 550.000000
113.034383 550.000000
112.031738 550.000000
111.029093 550.000000
109.023804 550.000000
108.021159 550.000000
105.013224 550.000000
102.005290 550.000000
