890
103.001467 450.000000
105.002444 450.000000
106.002933 450.000000
110.004889 450.000000
111.005378 450.000000
112.005867 450.000000
119.009289 450.000000
121.010266 450.000000
122.010755 450.000000
124.011733 450.000000
125.012222 450.000000
131.015155 450.000000
133.016133 450.000000
135.017111 450.000000
136.017600 450.000000
137.018089 450.000000
139.019066 450.000000
144.021511 450.000000
146.022488 450.000000
152.025422 450.000000
153.025911 450.000000
155.026888 450.000000
157.027866 450.000000
159.028844 450.000000
160.029333 450.000000
162.030311 450.000000
163.030799 450.000000
167.032755 450.000000
168.033244 450.000000
169.033733 450.000000
171.034710 450.000000
172.035199 450.000000
177.037644 450.000000
178.038133 450.000000
180.039110 450.000000
184.041066 450.000000
187.042533 450.000000
195.046444 450.000000
196.046933 450.000000
198.047910 450.000000
199.048399 450.000000
206.051821 450.000000
208.052799 450.000000
209.053288 450.000000
212.054755 450.000000
219.058177 450.000000
231.064043 450.000000
233.065021 450.000000
235.065999 450.000000
242.069421 450.000000
247.071865 450.000000
248.072354 450.000000
257.076754 450.000000
258.077243 450.000000
262.079199 450.000000
272.084087 450.000000
273.084576 450.000000
277.086532 450.000000
282.088976 450.000000
283.089465 450.000000
294.094843 450.000000
296.095821 450.000000
299.097287 450.000000
302.098754 450.000000
305.100220 450.000000
306.100709 450.000000
308.101687 450.000000
311.103154 450.000000
316.105598 450.000000
317.106087 450.000000
322.108531 450.000000
323.109020 450.000000
325.109998 450.000000
327.110976 450.000000
331.112931 450.000000
333.113909 450.000000
341.117820 450.000000
343.118798 450.000000
350.122220 450.000000
351.122709 450.000000
356.125153 450.000000
357.125642 450.000000
358.126131 450.000000
366.130042 450.000000
368.131020 450.000000
370.131998 450.000000
371.132487 450.000000
372.134545 448.264383
373.637634 445.660958
374.639693 443.925341
377.645869 438.718490
378.146899 437.850682
379.649987 435.247256
380.652046 433.511639
382.656164 430.040405
384.159252 427.436980
386.163370 423.965746
390.171606 417.023278
391.173665 415.287661
391.674694 414.419853
393.177782 411.816428
396.684988 405.741768
397.687047 404.006151
398.188077 403.138343
399.691165 400.534918
401.194254 397.931492
401.695283 397.063684
402.196312 396.195875
402.697342 395.328067
405.202489 390.989025
405.703519 390.121216
406.204548 389.253408
406.705577 388.385599
408.709695 384.914365
411.214842 380.575323
413.218960 377.104089
418.730284 367.558196
419.231314 366.690388
422.237490 361.483537
423.740579 358.880111
424.241608 358.012303
425.243667 356.276686
426.245726 354.541069
427.247785 352.805452
427.748814 351.937644
428.249844 351.069835
428.750873 350.202027
429.251903 349.334218
431.256020 345.862984
431.757050 344.995176
432.258079 344.127368
434.763227 339.788325
435.264256 338.920517
436.266315 337.184900
436.767344 336.317091
438.270433 333.713666
439.272492 331.978049
439.773521 331.110241
442.278668 326.771198
443.280727 325.035581
444.282786 323.299964
444.783816 322.432156
445.284845 321.564348
446.787933 318.960922
447.789992 317.225305
449.794110 313.754071
453.301316 307.679412
454.804405 305.075987
456.307493 302.472561
457.810581 299.869136
458.311611 299.001328
460.315729 295.530094
464.323964 288.587626
466.829111 284.248584
468.332200 281.645158
469.835288 279.041733
470.336318 278.173924
474.845583 270.363648
475.346612 269.495840
476.849700 266.892414
477.851759 265.156797
478.853818 263.421181
480.356907 260.817755
480.857936 259.949947
484.365142 253.875287
484.866172 253.007479
486.369260 250.404054
488.373378 246.932820
488.874407 246.065011
489.375437 245.197203
489.876466 244.329394
491.880584 240.858161
493.383672 238.254735
494.886761 235.651310
495.387790 234.783501
495.888819 233.915693
498.894996 228.708842
500.398085 226.105417
500.899114 225.237608
501.901173 223.501991
502.402202 222.634183
505.909408 216.559524
510.418673 208.749247
517.934115 195.732120
520.940292 190.525270
521.942351 188.789653
522.443380 187.921844
527.453675 179.243760
535.971175 164.491016
538.977352 159.284165
539.478382 158.416357
539.979411 157.548548
540.480440 156.680740
541.482499 154.945123
541.983529 154.077314
542.985588 152.341697
543.486617 151.473889
545.490735 148.002655
546.492794 146.267038
548.496912 142.795804
548.997941 141.927996
549.498971 141.060187
551.002059 141.927996
554.008236 147.134847
556.012353 150.606080
557.014412 152.341697
559.519560 156.680740
560.521618 158.416357
564.028825 164.491016
564.529854 165.358824
565.531913 167.094441
566.032942 167.962250
566.533972 168.830058
567.035001 169.697867
568.037060 171.433484
568.538090 172.301292
571.043237 176.640334
572.546325 179.243760
573.548384 180.979377
574.550443 182.714994
575.051472 183.582802
576.053531 185.318419
576.554561 186.186227
577.055590 187.054036
579.560738 191.393078
580.061767 192.260887
581.564855 194.864312
582.065885 195.732120
582.566914 196.599929
585.072061 200.938971
588.579268 207.013630
590.082356 209.617056
590.583385 210.484864
591.084415 211.352673
591.585444 212.220481
593.088533 214.823907
594.591621 217.427332
596.595739 220.898566
599.100886 225.237608
599.601915 226.105417
602.107063 230.444459
604.612210 234.783501
605.113239 235.651310
605.614269 236.519118
607.618387 239.990352
611.125593 246.065011
611.626622 246.932820
615.634858 253.875287
619.142064 259.949947
619.643093 260.817755
621.146182 263.421181
626.156476 272.099265
629.663682 278.173924
632.168830 282.512967
635.676036 288.587626
641.187360 298.133519
643.191478 301.604753
643.692507 302.472561
645.696625 305.943795
653.713096 319.828731
655.216184 322.432156
656.218243 324.167773
657.220302 325.903390
660.727508 331.978049
661.729567 333.713666
662.230597 334.581474
663.733685 337.184900
665.236773 339.788325
668.743980 345.862984
669.245009 346.730793
670.748097 349.334218
671.249127 350.202027
672.752215 352.805452
674.255303 355.408878
675.758392 358.012303
679.766627 364.954771
680.768686 366.690388
681.269716 367.558196
681.770745 368.426005
683.774863 371.897238
686.280010 376.236281
686.781040 377.104089
689.286187 381.443131
691.290305 384.914365
692.793393 387.517791
693.795452 389.253408
694.797511 390.989025
695.799570 392.724641
697.302658 395.328067
698.304717 397.063684
700.308835 400.534918
701.811923 403.138343
704.818100 408.345194
705.820159 410.080811
706.822218 411.816428
708.325306 414.419853
709.828394 417.023278
710.329424 417.891087
713.335601 423.097938
714.838689 425.701363
715.339718 426.569172
715.840748 427.436980
716.842807 429.172597
717.343836 430.040405
717.844866 430.908214
718.846924 432.643831
719.347954 433.511639
722.354131 438.718490
722.855160 439.586298
728.867513 450.000000
737.871913 450.000000
743.874847 450.000000
744.875336 450.000000
745.875824 450.000000
747.876802 450.000000
748.877291 450.000000
749.877780 450.000000
754.880224 450.000000
756.881202 450.000000
757.881691 450.000000
760.883158 450.000000
766.886091 450.000000
773.889513 450.000000
775.890491 450.000000
783.894402 450.000000
784.894891 450.000000
791.898313 450.000000
793.899291 450.000000
796.900757 450.000000
797.901246 450.000000
801.903202 450.000000
805.905157 450.000000
807.906135 450.000000
809.907113 450.000000
811.908091 450.000000
818.911513 450.000000
822.913468 450.000000
823.913957 450.000000
826.915424 450.000000
827.915913 450.000000
828.916401 450.000000
831.917868 450.000000
832.918357 450.000000
835.919824 450.000000
836.920313 450.000000
838.921290 450.000000
840.922268 450.000000
842.923246 450.000000
847.925690 450.000000
850.927157 450.000000
851.927646 450.000000
852.928135 450.000000
857.930579 450.000000
858.931068 450.000000
861.932535 450.000000
868.935957 450.000000
872.937912 450.000000
875.939379 450.000000
877.940357 450.000000
878.940845 450.000000
879.941334 450.000000
882.942801 450.000000
883.943290 450.000000
888.945734 450.000000
892.947690 450.000000
896.949645 450.000000
900.951601 450.000000
901.952090 450.000000
906.954534 450.000000
907.955023 450.000000
908.955512 450.000000
909.956001 450.000000
911.956979 450.000000
913.957956 450.000000
914.958445 450.000000
916.959423 450.000000
920.961378 450.000000
921.961867 450.000000
922.962356 450.000000
923.962845 450.000000
925.963823 450.000000
931.966756 450.000000
935.968712 450.000000
939.970667 450.000000
946.974089 450.000000
947.974578 450.000000
948.975067 450.000000
949.975556 450.000000
955.978489 450.000000
956.978978 450.000000
958.979956 450.000000
959.980445 450.000000
960.980934 450.000000
961.981423 450.000000
963.982400 450.000000
965.983378 450.000000
970.985822 450.000000
972.986800 450.000000
974.987778 450.000000
981.991200 450.000000
984.992667 450.000000
990.995600 450.000000
995.998044 450.000000
1000.000000 450.000000
1000.000000 450.000000
1000.000000 451.000000
1000.000000 452.000000
1000.000000 453.000000
1000.000000 455.000000
1000.000000 456.000000
1000.000000 457.000000
1000.000000 458.000000
1000.000000 459.000000
1000.000000 461.000000
1000.000000 462.000000
1000.000000 464.000000
1000.000000 466.000000
1000.000000 467.000000
1000.000000 468.000000
1000.000000 469.000000
1000.000000 470.000000
1000.000000 471.000000
1000.000000 472.000000
1000.000000 473.000000
1000.000000 475.000000
1000.000000 477.000000
1000.000000 478.000000
1000.000000 479.000000
1000.000000 481.000000
1000.000000 482.000000
1000.000000 483.000000
1000.000000 484.000000
1000.000000 485.000000
1000.000000 487.000000
1000.000000 489.000000
1000.000000 490.000000
1000.000000 491.000000
1000.000000 492.000000
1000.000000 494.000000
1000.000000 495.000000
1000.000000 496.000000
1000.000000 497.000000
1000.000000 498.000000
1000.000000 500.000000
1000.000000 501.000000
1000.000000 502.000000
1000.000000 504.000000
1000.000000 505.000000
1000.000000 506.000000
1000.000000 511.000000
1000.000000 512.000000
1000.000000 513.000000
1000.000000 514.000000
1000.000000 515.000000
1000.000000 517.000000
1000.000000 518.000000
1000.000000 519.000000
1000.000000 520.000000
1000.000000 521.000000
1000.000000 523.000000
1000.000000 526.000000
1000.000000 527.000000
1000.000000 528.000000
1000.000000 529.000000
1000.000000 530.000000
1000.000000 531.000000
1000.000000 532.000000
1000.000000 535.000000
1000.000000 536.000000
1000.000000 537.000000
1000.000000 538.000000
1000.000000 539.000000
1000.000000 541.000000
1000.000000 544.000000
1000.000000 545.000000
1000.000000 548.000000
1000.000000 549.000000
996.992065 550.000000
995.989421 550.000000
993.984131 550.000000
992.981486 550.000000
990.976196 550.000000
988.970907 550.000000
987.968262 550.000000
983.957682 550.000000
978.944458 550.000000
975.936523 550.000000
973.931234 550.000000
972.928589 550.000000
968.918009 550.000000
966.912720 550.000000
964.907430 550.000000
959.894206 550.000000
946.859823 550.000000
943.851888 550.000000
939.841309 550.000000
936.833374 550.000000
932.822795 550.000000
931.820150 550.000000
926.806925 550.000000
924.801636 550.000000
918.785766 550.000000
913.772542 550.000000
900.738159 550.000000
896.727580 550.000000
890.711710 550.000000
889.709066 550.000000
886.701131 550.000000
884.695841 550.000000
882.690552 550.000000
879.682617 550.000000
873.666748 550.000000
870.658813 550.000000
868.653524 550.000000
865.645589 550.000000
861.635010 550.000000
855.619140 550.000000
852.611206 550.000000
848.600626 550.000000
845.592692 550.000000
844.590047 550.000000
842.584757 550.000000
841.582112 550.000000
838.574178 550.000000
834.563598 550.000000
830.553019 550.000000
825.539795 550.000000
824.537150 550.000000
821.529215 550.000000
819.523926 550.000000
814.510701 550.000000
812.505412 550.000000
809.497477 550.000000
805.486898 550.000000
803.481608 550.000000
801.476318 550.000000
797.465739 550.000000
795.460449 550.000000
790.447225 550.000000
788.441935 550.000000
781.423421 550.000000
779.418131 550.000000
777.412841 550.000000
776.410197 550.000000
773.402262 550.000000
771.396972 550.000000
767.386393 550.000000
766.383748 550.000000
764.378458 550.000000
762.373169 550.000000
761.370524 550.000000
760.367879 550.000000
757.359944 550.000000
755.354655 550.000000
748.336141 550.000000
745.328206 550.000000
743.322916 550.000000
740.314982 550.000000
733.296468 550.000000
730.288533 550.000000
728.283243 550.000000
727.280599 550.000000
723.270019 550.000000
720.262085 550.000000
715.248860 550.000000
714.246215 550.000000
711.238281 550.000000
706.225057 550.000000
704.219767 550.000000
703.217122 550.000000
700.209187 550.000000
699.206543 550.000000
697.201253 550.000000
693.190673 550.000000
690.182739 550.000000
689.180094 550.000000
685.169515 550.000000
684.166870 550.000000
682.161580 550.000000
674.140421 550.000000
673.137776 550.000000
671.132487 550.000000
669.130297 546.532105
668.629749 545.665132
666.627559 542.197237
666.127012 541.330264
665.626464 540.463290
663.123727 536.128422
655.114968 522.256843
653.112778 518.788949
650.610040 514.454081
649.608946 512.720133
648.607851 510.986186
646.105113 506.651318
645.604566 505.784344
643.101828 501.449476
642.100734 499.715529
641.600186 498.848555
639.597996 495.380661
637.095259 491.045792
634.592522 486.710924
634.091974 485.843951
633.090879 484.110003
630.087594 478.908161
629.587047 478.041188
629.086499 477.174214
626.583762 472.839346
625.582667 471.105399
622.579382 465.903557
622.078835 465.036583
621.578288 464.169610
620.577193 462.435662
620.076645 461.568689
619.075550 459.834741
618.074455 458.100794
617.573908 457.233820
614.570623 452.031979
611.066791 445.963163
610.065696 444.229216
609.565148 443.362242
607.562958 439.894348
607.062411 439.027374
606.561864 438.160400
605.060221 435.559479
602.557484 431.224611
601.556389 429.490664
599.053652 425.155796
598.553104 424.288822
598.052557 423.421848
597.552009 422.554875
597.051462 421.687901
596.550914 420.820927
594.048177 416.486059
592.045987 413.018165
589.042702 407.816323
586.039417 402.614481
585.538870 401.747507
585.038323 400.880534
582.035038 395.678692
581.534490 394.811718
580.032848 392.210797
579.031753 390.476850
577.530111 387.875929
576.529016 386.141982
575.027373 383.541061
574.026278 381.807114
571.523541 377.472245
570.522446 375.738298
569.521351 374.004351
569.020804 373.137377
568.019709 371.403430
566.017519 367.935535
564.015329 364.467641
562.013139 360.999746
561.512592 360.132773
560.010949 357.531852
559.510402 356.664878
558.509307 354.930931
558.008759 354.063957
556.507117 351.463036
556.006570 350.596063
554.004380 347.128168
551.001095 341.926326
550.500547 341.059353
549.499453 341.059353
548.998905 341.926326
547.997810 343.660273
547.497263 344.527247
546.496168 346.261194
545.995620 347.128168
542.992335 352.330010
541.991241 354.063957
541.490693 354.930931
540.489598 356.664878
539.488503 358.398825
537.986861 360.999746
536.985766 362.733694
534.983576 366.201588
534.483029 367.068562
533.481934 368.802509
531.980291 371.403430
530.979196 373.137377
529.978101 374.871325
528.977006 376.605272
528.476459 377.472245
525.473174 382.674087
524.472079 384.408035
523.470984 386.141982
522.970437 387.008955
520.968247 390.476850
520.467700 391.343824
519.466605 393.077771
518.465510 394.811718
516.963867 397.412639
516.463320 398.279613
515.462225 400.013560
514.961677 400.880534
513.460035 403.481455
511.958393 406.082376
511.457845 406.949349
509.956203 409.550270
508.955108 411.284217
507.453465 413.885138
505.951823 416.486059
503.449086 420.820927
502.948538 421.687901
501.446896 424.288822
500.946348 425.155796
499.945253 426.889743
498.443611 429.490664
497.943064 430.357638
497.442516 431.224611
496.941969 432.091585
495.440326 434.692506
494.939779 435.559479
490.434852 443.362242
489.433757 445.096189
488.432662 446.830137
487.431567 448.564084
486.430472 450.298031
484.928830 452.898952
484.428282 453.765926
479.923355 461.568689
478.922260 463.302636
478.421712 464.169610
476.920070 466.770530
476.419523 467.637504
472.915690 473.706320
472.415143 474.573293
471.914595 475.440267
471.414048 476.307241
470.412953 478.041188
469.411858 479.775135
468.410763 481.509082
467.910216 482.376056
463.905836 489.311845
462.904741 491.045792
460.902551 494.513687
459.400909 497.114608
456.397624 502.316450
453.894887 506.651318
453.394339 507.518292
452.893792 508.385265
450.891602 511.853160
450.391054 512.720133
449.890507 513.587107
448.388865 516.188028
447.888317 517.055002
447.387770 517.921975
446.887222 518.788949
445.886127 520.522896
445.385580 521.389870
444.384485 523.123817
443.383390 524.857764
440.380105 530.059606
439.379010 531.793554
437.877368 534.394474
437.376820 535.261448
436.876273 536.128422
435.374631 538.729343
432.871893 543.064211
432.371346 543.931185
426.862224 550.000000
425.859579 550.000000
423.854289 550.000000
422.851644 550.000000
420.846355 550.000000
419.843710 550.000000
418.841065 550.000000
417.838420 550.000000
413.827841 550.000000
412.825196 550.000000
407.811971 550.000000
405.806682 550.000000
404.804037 550.000000
399.790813 550.000000
398.788168 550.000000
392.772299 550.000000
390.767009 550.000000
389.764364 550.000000
388.761719 550.000000
384.751140 550.000000
381.743205 550.000000
377.732626 550.000000
372.719401 550.000000
367.706177 550.000000
365.700887 550.000000
364.698243 550.000000
360.687663 550.000000
351.663859 550.000000
350.661215 550.000000
349.658570 550.000000
345.647990 550.000000
344.645345 550.000000
343.642701 550.000000
339.632121 550.000000
332.613607 550.000000
328.603028 550.000000
325.595093 550.000000
320.581869 550.000000
319.579224 550.000000
318.576579 550.000000
317.573934 550.000000
316.571289 550.000000
315.568644 550.000000
314.566000 550.000000
312.560710 550.000000
311.558065 550.000000
310.555420 550.000000
308.550130 550.000000
306.544841 550.000000
305.542196 550.000000
302.534261 550.000000
300.528972 550.000000
298.523682 550.000000
296.518392 550.000000
289.499878 550.000000
286.491944 550.000000
285.489299 550.000000
284.486654 550.000000
281.478719 550.000000
278.470785 550.000000
277.468140 550.000000
272.454916 550.000000
271.452271 550.000000
270.449626 550.000000
268.444336 550.000000
266.439046 550.000000
260.423177 550.000000
257.415243 550.000000
256.412598 550.000000
254.407308 550.000000
253.404663 550.000000
250.396729 550.000000
249.394084 550.000000
248.391439 550.000000
238.364990 550.000000
237.362346 550.000000
234.354411 550.000000
233.351766 550.000000
227.335897 550.000000
225.330607 550.000000
222.322673 550.000000
219.314738 550.000000
218.312093 550.000000
213.298869 550.000000
212.296224 550.000000
211.293579 550.000000
210.290934 550.000000
206.280355 550.000000
203.272420 550.000000
199.261841 550.000000
197.256551 550.000000
195.251262 550.000000
193.245972 550.000000
186.227458 550.000000
185.224813 550.000000
183.219523 550.000000
179.208944 550.000000
176.201009 550.000000
175.198364 550.000000
171.187785 550.000000
166.174561 550.000000
163.166626 550.000000
159.156047 550.000000
157.150757 550.000000
156.148112 550.000000
155.145467 550.000000
153.140177 550.000000
152.137533 550.000000
151.134888 550.000000
150.132243 550.000000
148.126953 550.000000
140.105794 550.000000
136.095215 550.000000
135.092570 550.000000
132.084635 550.000000
131.081991 550.000000
130.079346 550.000000
125.066121 550.000000
123.060832 550.000000
121.055542 550.000000
118.047607 550.000000
111.029093 550.000000
110.026449 550.000000
109.023804 550.000000
108.021159 550.000000
105.013224 550.000000
101.002645 550.000000
100.000000 550.000000
