1790
100.000000 450.000000
101.000489 450.000000
102.000978 450.000000
103.001467 450.000000
104.001956 450.000000
105.002444 450.000000
106.002933 450.000000
107.003422 450.000000
108.003911 450.000000
110.004889 450.000000
111.005378 450.000000
112.005867 450.000000
113.006355 450.000000
114.006844 450.000000
116.007822 450.000000
117.008311 450.000000
118.008800 450.000000
119.009289 450.000000
121.010266 450.000000
123.011244 450.000000
125.012222 450.000000
126.012711 450.000000
127.013200 450.000000
128.013689 450.000000
129.014178 450.000000
130.014666 450.000000
131.015155 450.000000
132.015644 450.000000
133.016133 450.000000
134.016622 450.000000
135.017111 450.000000
136.017600 450.000000
138.018577 450.000000
139.019066 450.000000
140.019555 450.000000
144.021511 450.000000
147.022977 450.000000
148.023466 450.000000
149.023955 450.000000
150.024444 450.000000
151.024933 450.000000
152.025422 450.000000
153.025911 450.000000
155.026888 450.000000
158.028355 450.000000
159.028844 450.000000
160.029333 450.000000
161.029822 450.000000
162.030311 450.000000
163.030799 450.000000
164.031288 450.000000
165.031777 450.000000
166.032266 450.000000
168.033244 450.000000
169.033733 450.000000
170.034222 450.000000
172.035199 450.000000
173.035688 450.000000
175.036666 450.000000
176.037155 450.000000
178.038133 450.000000
179.038622 450.000000
180.039110 450.000000
181.039599 450.000000
183.040577 450.000000
185.041555 450.000000
186.042044 450.000000
187.042533 450.000000
188.043021 450.000000
189.043510 450.000000
190.043999 450.000000
191.044488 450.000000
192.044977 450.000000
194.045955 450.000000
195.046444 450.000000
196.046933 450.000000
197.047421 450.000000
198.047910 450.000000
201.049377 450.000000
202.049866 450.000000
203.050355 450.000000
204.050844 450.000000
205.051332 450.000000
206.051821 450.000000
207.052310 450.000000
208.052799 450.000000
209.053288 450.000000
210.053777 450.000000
212.054755 450.000000
213.055243 450.000000
214.055732 450.000000
215.056221 450.000000
217.057199 450.000000
219.058177 450.000000
220.058666 450.000000
221.059155 450.000000
223.060132 450.000000
224.060621 450.000000
225.061110 450.000000
226.061599 450.000000
227.062088 450.000000
228.062577 450.000000
230.063554 450.000000
231.064043 450.000000
232.064532 450.000000
233.065021 450.000000
235.065999 450.000000
236.066488 450.000000
239.067954 450.000000
240.068443 450.000000
241.068932 450.000000
242.069421 450.000000
243.069910 450.000000
247.071865 450.000000
248.072354 450.000000
250.073332 450.000000
251.073821 450.000000
252.074310 450.000000
253.074799 450.000000
254.075288 450.000000
255.075776 450.000000
256.076265 450.000000
257.076754 450.000000
260.078221 450.000000
261.078710 450.000000
262.079199 450.000000
263.079687 450.000000
266.081154 450.000000
267.081643 450.000000
268.082132 450.000000
269.082621 450.000000
270.083110 450.000000
271.083599 450.000000
273.084576 450.000000
274.085065 450.000000
276.086043 450.000000
277.086532 450.000000
278.087021 450.000000
279.087510 450.000000
280.087998 450.000000
281.088487 450.000000
282.088976 450.000000
283.089465 450.000000
286.090932 450.000000
287.091421 450.000000
288.091909 450.000000
289.092398 450.000000
290.092887 450.000000
291.093376 450.000000
292.093865 450.000000
294.094843 450.000000
295.095332 450.000000
297.096309 450.000000
298.096798 450.000000
299.097287 450.000000
300.097776 450.000000
301.098265 450.000000
302.098754 450.000000
303.099243 450.000000
304.099732 450.000000
305.100220 450.000000
306.100709 450.000000
308.101687 450.000000
310.102665 450.000000
311.103154 450.000000
312.103643 450.000000
313.104131 450.000000
315.105109 450.000000
316.105598 450.000000
317.106087 450.000000
318.106576 450.000000
319.107065 450.000000
320.107554 450.000000
322.108531 450.000000
323.109020 450.000000
324.109509 450.000000
326.110487 450.000000
329.111954 450.000000
331.112931 450.000000
332.113420 450.000000
333.113909 450.000000
334.114398 450.000000
335.114887 450.000000
336.115376 450.000000
337.115865 450.000000
338.116353 450.000000
339.116842 450.000000
343.118798 450.000000
344.119287 450.000000
345.119776 450.000000
346.120265 450.000000
347.120753 450.000000
349.121731 450.000000
350.122220 450.000000
351.122709 450.000000
352.123198 450.000000
354.124176 450.000000
358.126131 450.000000
359.126620 450.000000
363.128575 450.000000
366.130042 450.000000
367.130531 450.000000
368.131020 450.000000
369.131509 450.000000
370.131998 450.000000
371.132487 450.000000
371.132487 450.000000
371.633516 449.132192
372.134545 448.264383
372.635575 447.396575
373.136604 446.528766
373.637634 445.660958
374.138663 444.793149
375.641752 442.189724
376.142781 441.321915
376.643810 440.454107
377.144840 439.586298
377.645869 438.718490
378.146899 437.850682
378.647928 436.982873
379.649987 435.247256
380.151017 434.379448
381.153076 432.643831
381.654105 431.776022
382.656164 430.040405
383.157193 429.172597
384.159252 427.436980
384.660282 426.569172
385.161311 425.701363
385.662341 424.833555
388.167488 420.494512
388.668517 419.626704
389.169547 418.758895
389.670576 417.891087
390.171606 417.023278
391.173665 415.287661
393.678812 410.948619
394.179841 410.080811
394.680871 409.213002
395.181900 408.345194
395.682930 407.477385
396.183959 406.609577
397.186018 404.873960
397.687047 404.006151
399.190136 401.402726
399.691165 400.534918
400.693224 398.799301
401.194254 397.931492
401.695283 397.063684
402.196312 396.195875
402.697342 395.328067
404.200430 392.724641
404.701460 391.856833
405.202489 390.989025
405.703519 390.121216
406.204548 389.253408
406.705577 388.385599
407.206607 387.517791
407.707636 386.649982
408.208666 385.782174
408.709695 384.914365
409.711754 383.178748
410.212784 382.310940
410.713813 381.443131
411.214842 380.575323
411.715872 379.707515
412.216901 378.839706
412.717931 377.971898
413.218960 377.104089
413.719990 376.236281
414.221019 375.368472
414.722049 374.500664
415.223078 373.632855
415.724108 372.765047
416.225137 371.897238
416.726166 371.029430
417.227196 370.161621
417.728225 369.293813
418.730284 367.558196
419.231314 366.690388
419.732343 365.822579
420.233373 364.954771
420.734402 364.086962
421.736461 362.351345
422.237490 361.483537
422.738520 360.615728
423.239549 359.747920
424.742638 357.144495
426.746755 353.673261
427.247785 352.805452
428.249844 351.069835
428.750873 350.202027
429.251903 349.334218
429.752932 348.466410
431.256020 345.862984
432.258079 344.127368
433.260138 342.391751
435.264256 338.920517
435.765286 338.052708
436.266315 337.184900
437.268374 335.449283
438.270433 333.713666
438.771462 332.845858
439.773521 331.110241
440.775580 329.374624
441.276609 328.506815
441.777639 327.639007
442.278668 326.771198
442.779698 325.903390
443.280727 325.035581
444.282786 323.299964
444.783816 322.432156
445.785875 320.696539
446.787933 318.960922
447.288963 318.093114
448.291022 316.357497
449.794110 313.754071
450.295140 312.886263
451.297198 311.150646
451.798228 310.282838
452.800287 308.547221
453.301316 307.679412
453.802346 306.811604
454.804405 305.075987
455.806464 303.340370
456.307493 302.472561
456.808522 301.604753
457.810581 299.869136
458.311611 299.001328
458.812640 298.133519
459.814699 296.397902
460.315729 295.530094
460.816758 294.662285
461.818817 292.926668
462.319846 292.058860
462.820876 291.191051
464.323964 288.587626
464.824994 287.719818
465.827052 285.984201
466.829111 284.248584
467.330141 283.380775
468.332200 281.645158
468.833229 280.777350
469.334259 279.909541
470.336318 278.173924
470.837347 277.306116
471.338376 276.438307
472.340435 274.702691
472.841465 273.834882
473.342494 272.967074
473.843524 272.099265
474.845583 270.363648
475.847641 268.628031
476.348671 267.760223
476.849700 266.892414
477.350730 266.024606
477.851759 265.156797
478.352789 264.288989
478.853818 263.421181
479.855877 261.685564
480.356907 260.817755
480.857936 259.949947
481.358965 259.082138
482.361024 257.346521
482.862054 256.478713
483.864113 254.743096
484.365142 253.875287
484.866172 253.007479
485.868230 251.271862
486.870289 249.536245
487.872348 247.800628
488.373378 246.932820
488.874407 246.065011
489.876466 244.329394
490.377496 243.461586
490.878525 242.593777
491.379554 241.725969
492.381613 239.990352
494.886761 235.651310
495.387790 234.783501
496.890878 232.180076
497.892937 230.444459
498.393967 229.576651
498.894996 228.708842
499.396026 227.841034
499.897055 226.973225
500.398085 226.105417
500.899114 225.237608
501.400143 224.369800
501.901173 223.501991
502.402202 222.634183
503.404261 220.898566
503.905291 220.030757
505.408379 217.427332
505.909408 216.559524
506.410438 215.691715
506.911467 214.823907
507.412497 213.956098
507.913526 213.088290
508.414556 212.220481
509.917644 209.617056
510.919703 207.881439
511.420732 207.013630
511.921762 206.145822
512.923821 204.410205
513.424850 203.542397
513.925880 202.674588
514.426909 201.806780
514.927939 200.938971
515.428968 200.071163
515.929997 199.203354
517.433086 196.599929
518.936174 193.996504
519.437204 193.128695
520.439262 191.393078
520.940292 190.525270
521.441321 189.657461
521.942351 188.789653
522.443380 187.921844
523.445439 186.186227
523.946469 185.318419
525.449557 182.714994
525.950586 181.847185
526.451616 180.979377
526.952645 180.111568
527.453675 179.243760
527.954704 178.375951
528.455734 177.508143
528.956763 176.640334
529.457793 175.772526
529.958822 174.904717
531.962940 171.433484
533.967058 167.962250
534.468087 167.094441
534.969117 166.226633
536.472205 163.623207
536.973234 162.755399
537.474264 161.887590
537.975293 161.019782
538.977352 159.284165
539.478382 158.416357
539.979411 157.548548
541.482499 154.945123
541.983529 154.077314
542.985588 152.341697
543.486617 151.473889
544.488676 149.738272
546.492794 146.267038
546.993823 145.399230
548.496912 142.795804
548.997941 141.927996
549.498971 141.060187
550.000000 140.192379
551.002059 141.927996
551.503088 142.795804
553.006177 145.399230
553.507206 146.267038
554.509265 148.002655
555.010294 148.870463
557.014412 152.341697
557.515442 153.209506
558.517501 154.945123
559.018530 155.812931
559.519560 156.680740
561.022648 159.284165
562.024707 161.019782
562.525736 161.887590
563.026766 162.755399
565.030883 166.226633
565.531913 167.094441
566.032942 167.962250
566.533972 168.830058
567.035001 169.697867
567.536031 170.565675
568.037060 171.433484
568.538090 172.301292
570.542207 175.772526
571.043237 176.640334
571.544266 177.508143
572.546325 179.243760
574.049414 181.847185
574.550443 182.714994
575.051472 183.582802
575.552502 184.450610
576.053531 185.318419
576.554561 186.186227
578.057649 188.789653
578.558679 189.657461
580.562796 193.128695
581.564855 194.864312
582.065885 195.732120
582.566914 196.599929
584.070003 199.203354
585.072061 200.938971
585.573091 201.806780
586.074120 202.674588
586.575150 203.542397
587.076179 204.410205
587.577209 205.278014
588.078238 206.145822
588.579268 207.013630
589.581327 208.749247
590.082356 209.617056
590.583385 210.484864
591.084415 211.352673
591.585444 212.220481
592.587503 213.956098
593.088533 214.823907
595.593680 219.162949
596.094709 220.030757
597.597798 222.634183
598.098827 223.501991
598.599857 224.369800
599.601915 226.105417
600.603974 227.841034
601.105004 228.708842
602.107063 230.444459
602.608092 231.312267
603.610151 233.047884
604.111181 233.915693
604.612210 234.783501
605.113239 235.651310
605.614269 236.519118
606.616328 238.254735
607.117357 239.122544
607.618387 239.990352
608.620446 241.725969
609.121475 242.593777
609.622504 243.461586
610.123534 244.329394
611.125593 246.065011
611.626622 246.932820
612.628681 248.668437
613.129711 249.536245
614.131770 251.271862
614.632799 252.139671
615.133828 253.007479
615.634858 253.875287
616.135887 254.743096
616.636917 255.610904
617.137946 256.478713
617.638976 257.346521
618.140005 258.214330
618.641035 259.082138
619.643093 260.817755
621.146182 263.421181
621.647211 264.288989
622.148241 265.156797
622.649270 266.024606
623.150300 266.892414
624.152359 268.628031
624.653388 269.495840
625.154417 270.363648
625.655447 271.231457
626.156476 272.099265
627.158535 273.834882
628.160594 275.570499
628.661624 276.438307
629.162653 277.306116
629.663682 278.173924
630.665741 279.909541
631.166771 280.777350
631.667800 281.645158
632.669859 283.380775
634.172948 285.984201
634.673977 286.852009
635.175006 287.719818
636.177065 289.455434
636.678095 290.323243
637.680154 292.058860
638.181183 292.926668
638.682213 293.794477
639.183242 294.662285
640.686330 297.265711
641.187360 298.133519
642.189419 299.869136
644.694566 304.208178
645.195595 305.075987
645.696625 305.943795
646.197654 306.811604
646.698684 307.679412
647.199713 308.547221
647.700743 309.415029
648.201772 310.282838
648.702802 311.150646
649.203831 312.018454
649.704860 312.886263
650.205890 313.754071
651.207949 315.489688
652.210008 317.225305
654.715155 321.564348
656.719273 325.035581
657.220302 325.903390
657.721332 326.771198
658.222361 327.639007
658.723391 328.506815
659.224420 329.374624
659.725449 330.242432
660.226479 331.110241
660.727508 331.978049
661.228538 332.845858
662.230597 334.581474
662.731626 335.449283
663.733685 337.184900
665.236773 339.788325
666.238832 341.523942
667.240891 343.259559
668.242950 344.995176
668.743980 345.862984
669.245009 346.730793
669.746038 347.598601
670.247068 348.466410
670.748097 349.334218
671.249127 350.202027
672.752215 352.805452
674.255303 355.408878
674.756333 356.276686
675.257362 357.144495
676.259421 358.880111
676.760451 359.747920
677.261480 360.615728
678.764569 363.219154
680.267657 365.822579
681.269716 367.558196
682.772804 370.161621
684.275892 372.765047
686.280010 376.236281
687.783099 378.839706
688.284128 379.707515
688.785158 380.575323
689.286187 381.443131
689.787216 382.310940
691.290305 384.914365
691.791334 385.782174
693.795452 389.253408
694.296481 390.121216
696.300599 393.592450
696.801629 394.460258
697.803688 396.195875
698.304717 397.063684
699.306776 398.799301
700.308835 400.534918
700.809864 401.402726
701.310894 402.270535
701.811923 403.138343
702.813982 404.873960
703.315012 405.741768
703.816041 406.609577
704.317070 407.477385
704.818100 408.345194
705.319129 409.213002
705.820159 410.080811
706.321188 410.948619
707.323247 412.684236
709.828394 417.023278
710.830453 418.758895
711.331483 419.626704
711.832512 420.494512
712.834571 422.230129
713.335601 423.097938
713.836630 423.965746
714.838689 425.701363
715.840748 427.436980
716.341777 428.304788
716.842807 429.172597
717.844866 430.908214
718.345895 431.776022
719.347954 433.511639
720.350013 435.247256
720.851042 436.115065
721.352072 436.982873
721.853101 437.850682
722.354131 438.718490
723.356190 440.454107
724.358248 442.189724
725.360307 443.925341
726.362366 445.660958
727.364425 447.396575
728.867513 450.000000
728.867513 450.000000
729.868002 450.000000
730.868491 450.000000
731.868980 450.000000
732.869469 450.000000
734.870447 450.000000
735.870936 450.000000
736.871425 450.000000
737.871913 450.000000
738.872402 450.000000
740.873380 450.000000
741.873869 450.000000
742.874358 450.000000
745.875824 450.000000
746.876313 450.000000
748.877291 450.000000
749.877780 450.000000
750.878269 450.000000
752.879247 450.000000
753.879735 450.000000
754.880224 450.000000
755.880713 450.000000
756.881202 450.000000
757.881691 450.000000
758.882180 450.000000
759.882669 450.000000
762.884135 450.000000
764.885113 450.000000
766.886091 450.000000
767.886580 450.000000
768.887069 450.000000
769.887558 450.000000
770.888046 450.000000
771.888535 450.000000
772.889024 450.000000
774.890002 450.000000
775.890491 450.000000
776.890980 450.000000
777.891469 450.000000
778.891957 450.000000
779.892446 450.000000
781.893424 450.000000
782.893913 450.000000
783.894402 450.000000
785.895380 450.000000
786.895869 450.000000
787.896357 450.000000
788.896846 450.000000
789.897335 450.000000
790.897824 450.000000
792.898802 450.000000
793.899291 450.000000
794.899780 450.000000
796.900757 450.000000
798.901735 450.000000
799.902224 450.000000
800.902713 450.000000
801.903202 450.000000
802.903691 450.000000
803.904179 450.000000
804.904668 450.000000
805.905157 450.000000
806.905646 450.000000
807.906135 450.000000
808.906624 450.000000
809.907113 450.000000
810.907602 450.000000
811.908091 450.000000
812.908579 450.000000
816.910535 450.000000
817.911024 450.000000
818.911513 450.000000
819.912002 450.000000
820.912490 450.000000
821.912979 450.000000
822.913468 450.000000
824.914446 450.000000
826.915424 450.000000
828.916401 450.000000
830.917379 450.000000
831.917868 450.000000
835.919824 450.000000
836.920313 450.000000
837.920801 450.000000
839.921779 450.000000
842.923246 450.000000
843.923735 450.000000
844.924224 450.000000
845.924712 450.000000
846.925201 450.000000
847.925690 450.000000
848.926179 450.000000
853.928623 450.000000
854.929112 450.000000
855.929601 450.000000
856.930090 450.000000
857.930579 450.000000
859.931557 450.000000
860.932046 450.000000
861.932535 450.000000
862.933023 450.000000
863.933512 450.000000
864.934001 450.000000
865.934490 450.000000
867.935468 450.000000
868.935957 450.000000
869.936446 450.000000
870.936934 450.000000
871.937423 450.000000
872.937912 450.000000
873.938401 450.000000
874.938890 450.000000
878.940845 450.000000
879.941334 450.000000
881.942312 450.000000
882.942801 450.000000
883.943290 450.000000
884.943779 450.000000
885.944268 450.000000
887.945245 450.000000
889.946223 450.000000
890.946712 450.000000
891.947201 450.000000
892.947690 450.000000
895.949156 450.000000
896.949645 450.000000
897.950134 450.000000
898.950623 450.000000
900.951601 450.000000
901.952090 450.000000
902.952579 450.000000
903.953067 450.000000
905.954045 450.000000
906.954534 450.000000
907.955023 450.000000
908.955512 450.000000
909.956001 450.000000
910.956490 450.000000
911.956979 450.000000
912.957467 450.000000
913.957956 450.000000
915.958934 450.000000
917.959912 450.000000
918.960401 450.000000
919.960890 450.000000
920.961378 450.000000
921.961867 450.000000
922.962356 450.000000
923.962845 450.000000
924.963334 450.000000
926.964312 450.000000
927.964801 450.000000
928.965290 450.000000
929.965778 450.000000
931.966756 450.000000
933.967734 450.000000
935.968712 450.000000
936.969201 450.000000
937.969689 450.000000
938.970178 450.000000
939.970667 450.000000
940.971156 450.000000
941.971645 450.000000
942.972134 450.000000
944.973112 450.000000
945.973600 450.000000
946.974089 450.000000
947.974578 450.000000
949.975556 450.000000
950.976045 450.000000
951.976534 450.000000
952.977023 450.000000
953.977512 450.000000
954.978000 450.000000
955.978489 450.000000
956.978978 450.000000
957.979467 450.000000
960.980934 450.000000
961.981423 450.000000
962.981911 450.000000
963.982400 450.000000
964.982889 450.000000
965.983378 450.000000
966.983867 450.000000
968.984845 450.000000
969.985334 450.000000
970.985822 450.000000
971.986311 450.000000
972.986800 450.000000
973.987289 450.000000
974.987778 450.000000
975.988267 450.000000
976.988756 450.000000
977.989245 450.000000
978.989734 450.000000
979.990222 450.000000
980.990711 450.000000
981.991200 450.000000
982.991689 450.000000
984.992667 450.000000
986.993645 450.000000
989.995111 450.000000
990.995600 450.000000
992.996578 450.000000
995.998044 450.000000
997.999022 450.000000
998.999511 450.000000
1000.000000 450.000000
1000.000000 450.000000
1000.000000 451.000000
1000.000000 452.000000
1000.000000 453.000000
1000.000000 454.000000
1000.000000 455.000000
1000.000000 456.000000
1000.000000 457.000000
1000.000000 458.000000
1000.000000 459.000000
1000.000000 460.000000
1000.000000 461.000000
1000.000000 462.000000
1000.000000 463.000000
1000.000000 464.000000
1000.000000 465.000000
1000.000000 466.000000
1000.000000 467.000000
1000.000000 468.000000
1000.000000 469.000000
1000.000000 470.000000
1000.000000 471.000000
1000.000000 472.000000
1000.000000 473.000000
1000.000000 474.000000
1000.000000 475.000000
1000.000000 476.000000
1000.000000 477.000000
1000.000000 478.000000
1000.000000 479.000000
1000.000000 480.000000
1000.000000 481.000000
1000.000000 482.000000
1000.000000 483.000000
1000.000000 484.000000
1000.000000 485.000000
1000.000000 486.000000
1000.000000 487.000000
1000.000000 488.000000
1000.000000 489.000000
1000.000000 490.000000
1000.000000 491.000000
1000.000000 492.000000
1000.000000 493.000000
1000.000000 494.000000
1000.000000 495.000000
1000.000000 496.000000
1000.000000 497.000000
1000.000000 498.000000
1000.000000 499.000000
1000.000000 500.000000
1000.000000 501.000000
1000.000000 502.000000
1000.000000 503.000000
1000.000000 504.000000
1000.000000 505.000000
1000.000000 506.000000
1000.000000 507.000000
1000.000000 508.000000
1000.000000 509.000000
1000.000000 510.000000
1000.000000 511.000000
1000.000000 512.000000
1000.000000 513.000000
1000.000000 514.000000
1000.000000 515.000000
1000.000000 516.000000
1000.000000 517.000000
1000.000000 518.000000
1000.000000 519.000000
1000.000000 520.000000
1000.000000 521.000000
1000.000000 522.000000
1000.000000 523.000000
1000.000000 524.000000
1000.000000 525.000000
1000.000000 526.000000
1000.000000 527.000000
1000.000000 528.000000
1000.000000 529.000000
1000.000000 530.000000
1000.000000 531.000000
1000.000000 532.000000
1000.000000 533.000000
1000.000000 534.000000
1000.000000 535.000000
1000.000000 536.000000
1000.000000 537.000000
1000.000000 538.000000
1000.000000 539.000000
1000.000000 540.000000
1000.000000 541.000000
1000.000000 542.000000
1000.000000 543.000000
1000.000000 544.000000
1000.000000 545.000000
1000.000000 546.000000
1000.000000 547.000000
1000.000000 548.000000
1000.000000 549.000000
1000.000000 550.000000
1000.000000 550.000000
997.994710 550.000000
994.986776 550.000000
993.984131 550.000000
992.981486 550.000000
990.976196 550.000000
989.973551 550.000000
988.970907 550.000000
987.968262 550.000000
983.957682 550.000000
981.952393 550.000000
980.949748 550.000000
978.944458 550.000000
976.939168 550.000000
974.933879 550.000000
972.928589 550.000000
971.925944 550.000000
970.923299 550.000000
968.918009 550.000000
967.915365 550.000000
966.912720 550.000000
965.910075 550.000000
961.899495 550.000000
960.896851 550.000000
958.891561 550.000000
955.883626 550.000000
954.880981 550.000000
952.875692 550.000000
950.870402 550.000000
945.857178 550.000000
944.854533 550.000000
942.849243 550.000000
941.846598 550.000000
940.843953 550.000000
939.841309 550.000000
938.838664 550.000000
936.833374 550.000000
935.830729 550.000000
934.828084 550.000000
933.825439 550.000000
932.822795 550.000000
931.820150 550.000000
930.817505 550.000000
929.814860 550.000000
926.806925 550.000000
925.804280 550.000000
924.801636 550.000000
923.798991 550.000000
922.796346 550.000000
921.793701 550.000000
920.791056 550.000000
919.788411 550.000000
917.783122 550.000000
913.772542 550.000000
911.767252 550.000000
910.764608 550.000000
907.756673 550.000000
906.754028 550.000000
905.751383 550.000000
904.748738 550.000000
903.746094 550.000000
902.743449 550.000000
897.730224 550.000000
892.717000 550.000000
891.714355 550.000000
890.711710 550.000000
889.709066 550.000000
888.706421 550.000000
887.703776 550.000000
885.698486 550.000000
884.695841 550.000000
883.693196 550.000000
882.690552 550.000000
881.687907 550.000000
879.682617 550.000000
878.679972 550.000000
877.677327 550.000000
876.674682 550.000000
875.672038 550.000000
874.669393 550.000000
873.666748 550.000000
871.661458 550.000000
869.656168 550.000000
866.648234 550.000000
865.645589 550.000000
855.619140 550.000000
852.611206 550.000000
851.608561 550.000000
850.605916 550.000000
849.603271 550.000000
848.600626 550.000000
847.597982 550.000000
845.592692 550.000000
843.587402 550.000000
841.582112 550.000000
838.574178 550.000000
835.566243 550.000000
834.563598 550.000000
831.555664 550.000000
830.553019 550.000000
828.547729 550.000000
826.542440 550.000000
825.539795 550.000000
823.534505 550.000000
822.531860 550.000000
820.526570 550.000000
818.521281 550.000000
817.518636 550.000000
814.510701 550.000000
813.508056 550.000000
812.505412 550.000000
811.502767 550.000000
810.500122 550.000000
809.497477 550.000000
807.492187 550.000000
806.489542 550.000000
805.486898 550.000000
804.484253 550.000000
803.481608 550.000000
802.478963 550.000000
801.476318 550.000000
798.468384 550.000000
797.465739 550.000000
796.463094 550.000000
794.457804 550.000000
791.449870 550.000000
790.447225 550.000000
789.444580 550.000000
788.441935 550.000000
787.439290 550.000000
785.434000 550.000000
784.431356 550.000000
782.426066 550.000000
781.423421 550.000000
776.410197 550.000000
775.407552 550.000000
772.399617 550.000000
771.396972 550.000000
770.394327 550.000000
769.391683 550.000000
768.389038 550.000000
765.381103 550.000000
764.378458 550.000000
763.375813 550.000000
762.373169 550.000000
760.367879 550.000000
759.365234 550.000000
756.357299 550.000000
755.354655 550.000000
754.352010 550.000000
752.346720 550.000000
751.344075 550.000000
748.336141 550.000000
743.322916 550.000000
741.317627 550.000000
740.314982 550.000000
738.309692 550.000000
737.307047 550.000000
736.304402 550.000000
735.301757 550.000000
734.299113 550.000000
732.293823 550.000000
731.291178 550.000000
730.288533 550.000000
729.285888 550.000000
728.283243 550.000000
727.280599 550.000000
724.272664 550.000000
723.270019 550.000000
722.267374 550.000000
721.264729 550.000000
720.262085 550.000000
719.259440 550.000000
718.256795 550.000000
717.254150 550.000000
716.251505 550.000000
714.246215 550.000000
711.238281 550.000000
709.232991 550.000000
708.230346 550.000000
707.227701 550.000000
706.225057 550.000000
705.222412 550.000000
704.219767 550.000000
703.217122 550.000000
702.214477 550.000000
701.211832 550.000000
700.209187 550.000000
699.206543 550.000000
698.203898 550.000000
697.201253 550.000000
695.195963 550.000000
694.193318 550.000000
693.190673 550.000000
692.188029 550.000000
691.185384 550.000000
689.180094 550.000000
688.177449 550.000000
687.174804 550.000000
686.172159 550.000000
685.169515 550.000000
683.164225 550.000000
682.161580 550.000000
681.158935 550.000000
680.156290 550.000000
679.153645 550.000000
678.151001 550.000000
677.148356 550.000000
676.145711 550.000000
675.143066 550.000000
673.137776 550.000000
671.132487 550.000000
670.631939 549.133026
670.131392 548.266053
669.130297 546.532105
668.629749 545.665132
667.628654 543.931185
667.128107 543.064211
666.627559 542.197237
665.626464 540.463290
664.124822 537.862369
663.624275 536.995395
663.123727 536.128422
662.623180 535.261448
662.122632 534.394474
661.622085 533.527501
661.121537 532.660527
660.620990 531.793554
660.120442 530.926580
659.619895 530.059606
658.118252 527.458685
657.617705 526.591712
656.616610 524.857764
656.116063 523.990791
655.615515 523.123817
655.114968 522.256843
654.614420 521.389870
654.113873 520.522896
653.613325 519.655923
653.112778 518.788949
652.612230 517.921975
652.111683 517.055002
651.611135 516.188028
651.110588 515.321054
650.610040 514.454081
650.109493 513.587107
649.608946 512.720133
648.607851 510.986186
648.107303 510.119213
647.606756 509.252239
647.106208 508.385265
646.605661 507.518292
646.105113 506.651318
645.604566 505.784344
644.603471 504.050397
644.102923 503.183423
643.602376 502.316450
642.601281 500.582502
642.100734 499.715529
641.600186 498.848555
640.098544 496.247634
639.597996 495.380661
639.097449 494.513687
638.596901 493.646713
638.096354 492.779740
637.595806 491.912766
636.594711 490.178819
635.593617 488.444871
634.592522 486.710924
634.091974 485.843951
633.591427 484.976977
632.089784 482.376056
631.589237 481.509082
631.088689 480.642109
630.588142 479.775135
630.087594 478.908161
629.587047 478.041188
628.585952 476.307241
628.085405 475.440267
627.584857 474.573293
627.084310 473.706320
626.583762 472.839346
626.083215 471.972372
625.582667 471.105399
625.082120 470.238425
624.081025 468.504478
623.580477 467.637504
623.079930 466.770530
622.579382 465.903557
622.078835 465.036583
621.578288 464.169610
621.077740 463.302636
620.577193 462.435662
620.076645 461.568689
619.576098 460.701715
619.075550 459.834741
618.575003 458.967768
618.074455 458.100794
617.573908 457.233820
617.073360 456.366847
616.572813 455.499873
616.072265 454.632899
615.571718 453.765926
614.570623 452.031979
614.070076 451.165005
613.569528 450.298031
613.068981 449.431058
612.568433 448.564084
612.067886 447.697110
611.567338 446.830137
611.066791 445.963163
610.566243 445.096189
610.065696 444.229216
609.565148 443.362242
609.064601 442.495269
608.564053 441.628295
608.063506 440.761321
607.562958 439.894348
607.062411 439.027374
606.561864 438.160400
606.061316 437.293427
605.060221 435.559479
604.559674 434.692506
603.558579 432.958558
602.557484 431.224611
601.055841 428.623690
600.555294 427.756717
599.554199 426.022769
599.053652 425.155796
598.553104 424.288822
598.052557 423.421848
597.552009 422.554875
597.051462 421.687901
596.550914 420.820927
595.549819 419.086980
595.049272 418.220007
594.048177 416.486059
592.546535 413.885138
592.045987 413.018165
591.044892 411.284217
590.043797 409.550270
589.543250 408.683297
589.042702 407.816323
588.542155 406.949349
588.041607 406.082376
587.541060 405.215402
587.040512 404.348428
586.039417 402.614481
585.038323 400.880534
584.537775 400.013560
584.037228 399.146586
582.535585 396.545666
582.035038 395.678692
581.033943 393.944745
579.031753 390.476850
578.531206 389.609876
578.030658 388.742903
577.029563 387.008955
576.529016 386.141982
576.028468 385.275008
575.527921 384.408035
573.525731 380.940140
573.025183 380.073166
572.524636 379.206193
572.024088 378.339219
571.523541 377.472245
571.022994 376.605272
570.522446 375.738298
570.021899 374.871325
569.521351 374.004351
568.520256 372.270404
568.019709 371.403430
567.519161 370.536456
567.018614 369.669483
566.518066 368.802509
565.516971 367.068562
564.515876 365.334614
564.015329 364.467641
563.514782 363.600667
563.014234 362.733694
562.513687 361.866720
562.013139 360.999746
561.512592 360.132773
561.012044 359.265799
560.511497 358.398825
560.010949 357.531852
559.510402 356.664878
558.509307 354.930931
558.008759 354.063957
557.508212 353.196983
557.007665 352.330010
556.507117 351.463036
556.006570 350.596063
555.506022 349.729089
554.504927 347.995142
554.004380 347.128168
553.503832 346.261194
552.502737 344.527247
552.002190 343.660273
551.501642 342.793300
551.001095 341.926326
550.500547 341.059353
550.000000 340.192379
549.499453 341.059353
548.998905 341.926326
548.498358 342.793300
547.997810 343.660273
547.497263 344.527247
546.996715 345.394221
546.496168 346.261194
545.995620 347.128168
545.495073 347.995142
544.994525 348.862115
544.493978 349.729089
542.992335 352.330010
542.491788 353.196983
540.990146 355.797904
539.989051 357.531852
539.488503 358.398825
538.987956 359.265799
538.487408 360.132773
537.986861 360.999746
537.486313 361.866720
536.985766 362.733694
536.485218 363.600667
535.984671 364.467641
535.484124 365.334614
534.983576 366.201588
533.982481 367.935535
533.481934 368.802509
532.981386 369.669483
532.480839 370.536456
531.980291 371.403430
531.479744 372.270404
530.979196 373.137377
530.478649 374.004351
529.978101 374.871325
529.477554 375.738298
528.977006 376.605272
528.476459 377.472245
527.975912 378.339219
527.475364 379.206193
526.974817 380.073166
526.474269 380.940140
525.973722 381.807114
525.473174 382.674087
524.972627 383.541061
524.472079 384.408035
522.970437 387.008955
522.469889 387.875929
521.969342 388.742903
521.468794 389.609876
520.968247 390.476850
520.467700 391.343824
519.967152 392.210797
518.465510 394.811718
517.964962 395.678692
517.464415 396.545666
516.963867 397.412639
516.463320 398.279613
515.962772 399.146586
515.462225 400.013560
514.961677 400.880534
514.461130 401.747507
513.460035 403.481455
512.959488 404.348428
512.458940 405.215402
511.457845 406.949349
510.957298 407.816323
509.956203 409.550270
509.455655 410.417244
508.955108 411.284217
508.454560 412.151191
507.954013 413.018165
507.453465 413.885138
506.952918 414.752112
506.452371 415.619086
505.451276 417.353033
503.949633 419.953954
503.449086 420.820927
502.948538 421.687901
501.947443 423.421848
501.446896 424.288822
499.945253 426.889743
499.444706 427.756717
498.944159 428.623690
498.443611 429.490664
497.442516 431.224611
496.941969 432.091585
495.940874 433.825532
495.440326 434.692506
494.439231 436.426453
493.938684 437.293427
493.438136 438.160400
492.437042 439.894348
491.936494 440.761321
491.435947 441.628295
490.935399 442.495269
490.434852 443.362242
489.934304 444.229216
488.933209 445.963163
487.932114 447.697110
486.430472 450.298031
485.929924 451.165005
485.429377 452.031979
484.928830 452.898952
483.927735 454.632899
483.427187 455.499873
482.426092 457.233820
481.925545 458.100794
480.924450 459.834741
480.423902 460.701715
479.923355 461.568689
479.422807 462.435662
478.922260 463.302636
478.421712 464.169610
477.921165 465.036583
477.420618 465.903557
476.920070 466.770530
476.419523 467.637504
475.918975 468.504478
475.418428 469.371451
474.917880 470.238425
474.417333 471.105399
473.916785 471.972372
473.416238 472.839346
472.915690 473.706320
472.415143 474.573293
471.914595 475.440267
470.913501 477.174214
470.412953 478.041188
469.912406 478.908161
468.911311 480.642109
468.410763 481.509082
467.910216 482.376056
467.409668 483.243030
466.909121 484.110003
465.908026 485.843951
465.407478 486.710924
464.906931 487.577898
464.406383 488.444871
463.905836 489.311845
462.904741 491.045792
461.903646 492.779740
461.403099 493.646713
460.902551 494.513687
460.402004 495.380661
459.901456 496.247634
459.400909 497.114608
458.900361 497.981582
458.399814 498.848555
457.899266 499.715529
457.398719 500.582502
456.397624 502.316450
455.396529 504.050397
454.395434 505.784344
453.894887 506.651318
452.893792 508.385265
452.393244 509.252239
451.392149 510.986186
450.891602 511.853160
450.391054 512.720133
449.890507 513.587107
448.889412 515.321054
448.388865 516.188028
447.888317 517.055002
447.387770 517.921975
446.386675 519.655923
445.886127 520.522896
445.385580 521.389870
444.885032 522.256843
444.384485 523.123817
443.883937 523.990791
442.382295 526.591712
441.881748 527.458685
441.381200 528.325659
439.879558 530.926580
438.878463 532.660527
438.377915 533.527501
437.376820 535.261448
436.876273 536.128422
436.375725 536.995395
435.875178 537.862369
434.874083 539.596316
434.373536 540.463290
433.872988 541.330264
433.372441 542.197237
432.871893 543.064211
432.371346 543.931185
431.870798 544.798158
430.869703 546.532105
429.868608 548.266053
425.859579 550.000000
424.856934 550.000000
421.848999 550.000000
420.846355 550.000000
419.843710 550.000000
415.833130 550.000000
414.830485 550.000000
413.827841 550.000000
412.825196 550.000000
408.814616 550.000000
404.804037 550.000000
400.793457 550.000000
399.790813 550.000000
398.788168 550.000000
397.785523 550.000000
395.780233 550.000000
393.774943 550.000000
392.772299 550.000000
391.769654 550.000000
390.767009 550.000000
389.764364 550.000000
387.759074 550.000000
385.753785 550.000000
384.751140 550.000000
383.748495 550.000000
381.743205 550.000000
380.740560 550.000000
378.735271 550.000000
377.732626 550.000000
376.729981 550.000000
373.722046 550.000000
371.716757 550.000000
368.708822 550.000000
367.706177 550.000000
366.703532 550.000000
363.695598 550.000000
361.690308 550.000000
360.687663 550.000000
358.682373 550.000000
357.679729 550.000000
355.674439 550.000000
353.669149 550.000000
352.666504 550.000000
351.663859 550.000000
350.661215 550.000000
349.658570 550.000000
347.653280 550.000000
345.647990 550.000000
344.645345 550.000000
338.629476 550.000000
337.626831 550.000000
336.624187 550.000000
334.618897 550.000000
333.616252 550.000000
331.610962 550.000000
330.608317 550.000000
329.605673 550.000000
328.603028 550.000000
327.600383 550.000000
323.589803 550.000000
322.587159 550.000000
318.576579 550.000000
317.573934 550.000000
315.568644 550.000000
314.566000 550.000000
313.563355 550.000000
312.560710 550.000000
310.555420 550.000000
309.552775 550.000000
308.550130 550.000000
307.547486 550.000000
305.542196 550.000000
304.539551 550.000000
303.536906 550.000000
301.531616 550.000000
299.526327 550.000000
297.521037 550.000000
294.513102 550.000000
291.505168 550.000000
290.502523 550.000000
289.499878 550.000000
287.494588 550.000000
284.486654 550.000000
283.484009 550.000000
280.476074 550.000000
279.473430 550.000000
278.470785 550.000000
277.468140 550.000000
275.462850 550.000000
274.460205 550.000000
272.454916 550.000000
271.452271 550.000000
270.449626 550.000000
269.446981 550.000000
268.444336 550.000000
266.439046 550.000000
265.436402 550.000000
264.433757 550.000000
263.431112 550.000000
261.425822 550.000000
260.423177 550.000000
257.415243 550.000000
256.412598 550.000000
255.409953 550.000000
254.407308 550.000000
252.402018 550.000000
251.399374 550.000000
250.396729 550.000000
246.386149 550.000000
245.383504 550.000000
244.380860 550.000000
243.378215 550.000000
242.375570 550.000000
240.370280 550.000000
239.367635 550.000000
237.362346 550.000000
235.357056 550.000000
232.349121 550.000000
230.343832 550.000000
229.341187 550.000000
228.338542 550.000000
227.335897 550.000000
226.333252 550.000000
225.330607 550.000000
224.327962 550.000000
223.325318 550.000000
222.322673 550.000000
221.320028 550.000000
220.317383 550.000000
218.312093 550.000000
217.309448 550.000000
214.301514 550.000000
210.290934 550.000000
209.288290 550.000000
205.277710 550.000000
204.275065 550.000000
203.272420 550.000000
200.264486 550.000000
199.261841 550.000000
198.259196 550.000000
197.256551 550.000000
196.253906 550.000000
195.251262 550.000000
194.248617 550.000000
193.245972 550.000000
192.243327 550.000000
190.238037 550.000000
185.224813 550.000000
183.219523 550.000000
182.216878 550.000000
179.208944 550.000000
176.201009 550.000000
174.195720 550.000000
173.193075 550.000000
171.187785 550.000000
170.185140 550.000000
169.182495 550.000000
168.179850 550.000000
166.174561 550.000000
164.169271 550.000000
163.166626 550.000000
162.163981 550.000000
161.161336 550.000000
160.158691 550.000000
159.156047 550.000000
156.148112 550.000000
155.145467 550.000000
154.142822 550.000000
151.134888 550.000000
150.132243 550.000000
149.129598 550.000000
148.126953 550.000000
147.124308 550.000000
146.121663 550.000000
144.116374 550.000000
143.113729 550.000000
142.111084 550.000000
141.108439 550.000000
140.105794 550.000000
139.103149 550.000000
137.097860 550.000000
135.092570 550.000000
134.089925 550.000000
133.087280 550.000000
132.084635 550.000000
131.081991 550.000000
130.079346 550.000000
128.074056 550.000000
127.071411 550.000000
125.066121 550.000000
123.060832 550.000000
122.058187 550.000000
121.055542 550.000000
120.052897 550.000000
119.050252 550.000000
118.047607 550.000000
116.042318 550.000000
115.039673 550.000000
114.037028 550.000000
113.034383 550.000000
112.031738 550.000000
111.029093 550.000000
110.026449 550.000000
109.023804 550.000000
108.021159 550.000000
107.018514 550.000000
105.013224 550.000000
104.010579 550.000000
103.007935 550.000000
101.002645 550.000000
