1220
102.000978 450.000000
108.003911 450.000000
110.004889 450.000000
113.006355 450.000000
116.007822 450.000000
117.008311 450.000000
120.009778 450.000000
126.012711 450.000000
129.014178 450.000000
130.014666 450.000000
134.016622 450.000000
139.019066 450.000000
144.021511 450.000000
149.023955 450.000000
152.025422 450.000000
153.025911 450.000000
156.027377 450.000000
157.027866 450.000000
160.029333 450.000000
163.030800 450.000000
167.032755 450.000000
176.037155 450.000000
178.038133 450.000000
179.038622 450.000000
184.041066 450.000000
188.043022 450.000000
189.043510 450.000000
193.045466 450.000000
195.046444 450.000000
196.046933 450.000000
198.047910 450.000000
205.051333 450.000000
209.053288 450.000000
213.055244 450.000000
214.055733 450.000000
217.057199 450.000000
220.058666 450.000000
222.059644 450.000000
225.061110 450.000000
232.064532 450.000000
243.069910 450.000000
245.070888 450.000000
257.076754 450.000000
263.079688 450.000000
269.082621 450.000000
274.085065 450.000000
276.086043 450.000000
278.087021 450.000000
281.088488 450.000000
282.088977 450.000000
286.090932 450.000000
287.091421 450.000000
293.094354 450.000000
296.095821 450.000000
300.097776 450.000000
303.099243 450.000000
308.101687 450.000000
312.103643 450.000000
315.105110 450.000000
316.105598 450.000000
321.108043 450.000000
322.108532 450.000000
324.109510 450.000000
330.112443 450.000000
333.113909 450.000000
337.115865 450.000000
339.116843 450.000000
344.119287 450.000000
345.119776 450.000000
349.121732 450.000000
352.123198 450.000000
359.126620 450.000000
362.128087 450.000000
363.128576 450.000000
369.131509 450.000000
371.132487 450.000000
371.132487 450.000000
371.635641 449.128511
372.138796 448.257022
372.641950 447.385533
373.145105 446.514044
373.648259 445.642555
374.151414 444.771066
374.654568 443.899577
375.157722 443.028088
375.660877 442.156599
376.667186 440.413620
377.170340 439.542131
377.673495 438.670642
378.176649 437.799153
378.679803 436.927664
379.686112 435.184686
380.189267 434.313197
380.692421 433.441708
381.195576 432.570219
381.698730 431.698730
382.201884 430.827241
382.705039 429.955752
384.214502 427.341285
384.717657 426.469796
385.723965 424.726818
386.227120 423.855329
386.730274 422.983840
387.233429 422.112350
387.736583 421.240861
388.239738 420.369372
388.742892 419.497883
389.246046 418.626394
389.749201 417.754905
390.252355 416.883416
391.761819 414.268949
392.264973 413.397460
392.264973 413.397460
391.762632 412.527380
390.255610 409.917140
388.748587 407.306901
387.743905 405.566741
386.739224 403.826581
386.236883 402.956501
384.729860 400.346262
382.720497 396.865942
382.218156 395.995862
381.213474 394.255703
378.199429 389.035223
376.190066 385.554904
374.683043 382.944664
372.171339 378.594265
371.668998 377.724185
371.166657 376.854105
370.664317 375.984025
370.161976 375.113945
369.659635 374.243865
368.152612 371.633626
365.138567 366.413147
364.636226 365.543067
364.133886 364.672987
363.631545 363.802907
363.129204 362.932827
360.617500 358.582428
360.115159 357.712348
359.612818 356.842268
359.110477 355.972188
357.101114 352.491868
353.584728 346.401309
352.077705 343.791070
351.575364 342.920990
350.570683 341.180830
348.561319 337.700511
346.551956 334.220191
345.044933 331.609951
344.040252 329.869792
343.537911 328.999712
342.030888 326.389472
341.528547 325.519392
340.523866 323.779232
340.021525 322.909153
339.519184 322.039073
339.016843 321.168993
336.505139 316.818593
336.002798 315.948514
334.998116 314.208354
333.491094 311.598114
332.486412 309.857954
330.979390 307.247715
330.477049 306.377635
326.960663 300.287076
324.448959 295.936676
323.946618 295.066596
322.941936 293.326437
321.434914 290.716197
320.932573 289.846117
319.927891 288.105957
318.923209 286.365798
318.420868 285.495718
317.918528 284.625638
315.909164 281.145318
315.406823 280.275239
313.397460 276.794919
314.402142 276.794919
316.411505 276.794919
320.430232 276.794919
324.448959 276.794919
325.453640 276.794919
326.458322 276.794919
328.467686 276.794919
329.472367 276.794919
330.477049 276.794919
332.486412 276.794919
333.491094 276.794919
335.500457 276.794919
337.509821 276.794919
342.533229 276.794919
343.537911 276.794919
344.542593 276.794919
345.547274 276.794919
346.551956 276.794919
348.561320 276.794919
349.566001 276.794919
352.580046 276.794919
353.584728 276.794919
356.598773 276.794919
357.603455 276.794919
358.608137 276.794919
360.617500 276.794919
361.622182 276.794919
365.640908 276.794919
367.650272 276.794919
371.668999 276.794919
373.678362 276.794919
375.687725 276.794919
379.706452 276.794919
386.739224 276.794919
388.748588 276.794919
389.753269 276.794919
390.757951 276.794919
392.767314 276.794919
393.771996 276.794919
395.781359 276.794919
397.790723 276.794919
399.800086 276.794919
401.809450 276.794919
404.823495 276.794919
405.828176 276.794919
406.832858 276.794919
409.846903 276.794919
410.851585 276.794919
412.860948 276.794919
413.865630 276.794919
417.884357 276.794919
423.912447 276.794919
425.921810 276.794919
427.931174 276.794919
428.935856 276.794919
431.949901 276.794919
436.973309 276.794919
437.977991 276.794919
438.982673 276.794919
439.987354 276.794919
444.006081 276.794919
448.024808 276.794919
450.034171 276.794919
451.038853 276.794919
452.043535 276.794919
454.052898 276.794919
455.057580 276.794919
456.062261 276.794919
461.085670 276.794919
462.090352 276.794919
463.095033 276.794919
464.099715 276.794919
465.104397 276.794919
468.118442 276.794919
469.123124 276.794919
470.127805 276.794919
471.132487 276.794919
471.132487 276.794919
472.137169 275.054759
472.639510 274.184679
474.648873 270.704360
475.151214 269.834280
476.658236 267.224040
477.160577 266.353961
479.672281 262.003561
480.174622 261.133481
483.188667 255.913002
484.193349 254.172842
486.202712 250.692523
487.207394 248.952363
488.714417 246.342123
490.221439 243.731884
491.728462 241.121644
493.235484 238.511405
493.737825 237.641325
494.742507 235.901165
495.747189 234.161005
496.249529 233.290925
496.751870 232.420845
498.258893 229.810606
503.282301 221.109807
503.784642 220.239727
504.789324 218.499568
506.296346 215.889328
507.803369 213.279088
508.305710 212.409008
509.812732 209.798769
510.315073 208.928689
510.817414 208.058609
511.319755 207.188529
511.822096 206.318449
512.826777 204.578290
513.831459 202.838130
515.338482 200.227890
517.347845 196.747571
519.357208 193.267251
519.859549 192.397171
520.864231 190.657012
521.868913 188.916852
522.371253 188.046772
523.375935 186.306612
523.878276 185.436532
524.380617 184.566453
524.882958 183.696373
525.887639 181.956213
526.389980 181.086133
527.897003 178.475893
528.901684 176.735734
529.906366 174.995574
530.408707 174.125494
531.915730 171.515254
532.920411 169.775095
533.925093 168.034935
534.427434 167.164855
534.929775 166.294775
536.939138 162.814456
537.943820 161.074296
538.446161 160.204216
538.948501 159.334136
540.957865 155.853817
541.962546 154.113657
542.464887 153.243577
546.985955 145.412858
548.492977 142.802619
548.995318 141.932539
550.000000 140.192379
552.511704 144.542778
553.014045 145.412858
553.516386 146.282938
555.023408 148.893178
555.525749 149.763258
556.028090 150.633337
557.032772 152.373497
558.539794 154.983737
560.549158 158.464056
563.060862 162.814456
564.065544 164.554615
565.070225 166.294775
567.079589 169.775095
568.084270 171.515254
570.595975 175.865654
572.102997 178.475893
573.610020 181.086133
574.112361 181.956213
574.614702 182.826293
575.619383 184.566453
578.131087 188.916852
578.633428 189.786932
579.135769 190.657012
580.642792 193.267251
581.145133 194.137331
583.154496 197.617651
584.661518 200.227890
585.666200 201.968050
586.168541 202.838130
587.173223 204.578290
587.675564 205.448369
588.680245 207.188529
589.182586 208.058609
591.191949 211.538929
591.694290 212.409008
592.698972 214.149168
593.201313 215.019248
594.205995 216.759408
594.708335 217.629488
596.215358 220.239727
600.234085 227.200366
600.736426 228.070446
601.238766 228.940526
601.741107 229.810606
602.243448 230.680686
603.248130 232.420845
604.755152 235.031085
605.257493 235.901165
605.759834 236.771245
607.769197 240.251564
608.773879 241.991724
609.276220 242.861804
610.783243 245.472044
611.787924 247.212203
614.299628 251.562603
616.308992 255.042922
616.811333 255.913002
617.313674 256.783082
618.318355 258.523242
620.830059 262.873641
621.332400 263.743721
621.834741 264.613801
622.839423 266.353961
623.844105 268.094120
624.848786 269.834280
626.858150 273.314600
629.872195 276.794919
633.890922 276.794919
635.900285 276.794919
636.904967 276.794919
637.909648 276.794919
639.919012 276.794919
641.928375 276.794919
642.933057 276.794919
643.937739 276.794919
647.956465 276.794919
650.970510 276.794919
656.998601 276.794919
659.007964 276.794919
661.017327 276.794919
664.031373 276.794919
665.036054 276.794919
666.040736 276.794919
667.045418 276.794919
668.050099 276.794919
669.054781 276.794919
671.064144 276.794919
675.082871 276.794919
676.087553 276.794919
678.096916 276.794919
680.106280 276.794919
682.115643 276.794919
684.125007 276.794919
685.129688 276.794919
689.148415 276.794919
690.153097 276.794919
698.190550 276.794919
700.199914 276.794919
705.223322 276.794919
708.237367 276.794919
711.251412 276.794919
712.256094 276.794919
716.274821 276.794919
719.288866 276.794919
722.302911 276.794919
726.321638 276.794919
728.331001 276.794919
735.363773 276.794919
738.377818 276.794919
739.382500 276.794919
742.396545 276.794919
743.401227 276.794919
748.424635 276.794919
749.429317 276.794919
750.433999 276.794919
751.438680 276.794919
753.448044 276.794919
754.452726 276.794919
759.476134 276.794919
761.485497 276.794919
762.490179 276.794919
766.508906 276.794919
767.513588 276.794919
771.532314 276.794919
772.536996 276.794919
773.541678 276.794919
775.551041 276.794919
781.579131 276.794919
784.593177 276.794919
786.602540 276.794919
786.602540 276.794919
785.597858 278.535079
784.090836 281.145318
783.588495 282.015398
782.583813 283.755558
781.579132 285.495718
780.072109 288.105957
774.546360 297.676836
774.044019 298.546916
773.541678 299.416996
770.025292 305.507555
769.522951 306.377635
768.518270 308.117795
767.513588 309.857954
766.508906 311.598114
763.997202 315.948514
763.494861 316.818593
762.992520 317.688673
762.490179 318.558753
760.480816 322.039073
758.471453 325.519392
756.964430 328.129632
755.959748 329.869792
755.457407 330.739871
754.955067 331.609951
754.452726 332.480031
753.950385 333.350111
752.945703 335.090271
752.443362 335.960351
750.936340 338.570590
749.931658 340.310750
749.429317 341.180830
748.424636 342.920990
747.419954 344.661150
746.415272 346.401309
745.912931 347.271389
739.382500 358.582428
738.377819 360.322587
736.870796 362.932827
734.861433 366.413147
733.856751 368.153306
731.847388 371.633626
729.335683 375.984025
726.823979 380.334425
726.321638 381.204504
725.819297 382.074584
725.316957 382.944664
724.312275 384.684824
723.307593 386.424984
720.795889 390.775383
719.791207 392.515543
719.288866 393.385623
717.279503 396.865942
716.777162 397.736022
714.265458 402.086422
712.256095 405.566741
711.753754 406.436821
710.749072 408.176981
709.242050 410.787220
708.739709 411.657300
707.735027 413.397460
707.735027 413.397460
708.238181 414.268949
708.741336 415.140438
709.244490 416.011927
709.747645 416.883416
710.250799 417.754905
710.753954 418.626394
711.257108 419.497883
711.760262 420.369372
712.263417 421.240861
712.766571 422.112350
713.269726 422.983840
713.772880 423.855329
714.276035 424.726818
715.282343 426.469796
715.785498 427.341285
716.288652 428.212774
716.791807 429.084263
717.294961 429.955752
717.798116 430.827241
718.301270 431.698730
718.804424 432.570219
719.307579 433.441708
719.810733 434.313197
720.313888 435.184686
720.817042 436.056175
721.320197 436.927664
721.823351 437.799153
722.326505 438.670642
722.829660 439.542131
723.332814 440.413620
723.835969 441.285110
724.339123 442.156599
724.842278 443.028088
725.848586 444.771066
726.351741 445.642555
726.854895 446.514044
727.358050 447.385533
727.861204 448.257022
728.364359 449.128511
728.867513 450.000000
728.867513 450.000000
730.868491 450.000000
733.869957 450.000000
736.871424 450.000000
738.872402 450.000000
739.872891 450.000000
741.873868 450.000000
742.874357 450.000000
743.874846 450.000000
753.879735 450.000000
754.880224 450.000000
755.880713 450.000000
757.881691 450.000000
766.886091 450.000000
771.888535 450.000000
773.889513 450.000000
776.890979 450.000000
777.891468 450.000000
780.892935 450.000000
783.894402 450.000000
786.895868 450.000000
789.897335 450.000000
792.898801 450.000000
798.901735 450.000000
801.903201 450.000000
803.904179 450.000000
808.906624 450.000000
811.908090 450.000000
812.908579 450.000000
813.909068 450.000000
814.909557 450.000000
824.914446 450.000000
828.916401 450.000000
830.917379 450.000000
831.917868 450.000000
834.919334 450.000000
838.921290 450.000000
840.922268 450.000000
841.922757 450.000000
842.923246 450.000000
843.923734 450.000000
852.928134 450.000000
855.929601 450.000000
859.931557 450.000000
860.932045 450.000000
876.939868 450.000000
877.940356 450.000000
879.941334 450.000000
883.943290 450.000000
885.944267 450.000000
886.944756 450.000000
888.945734 450.000000
895.949156 450.000000
896.949645 450.000000
899.951112 450.000000
901.952090 450.000000
904.953556 450.000000
909.956001 450.000000
910.956490 450.000000
916.959423 450.000000
920.961378 450.000000
922.962356 450.000000
928.965289 450.000000
929.965778 450.000000
931.966756 450.000000
932.967245 450.000000
933.967734 450.000000
936.969200 450.000000
938.970178 450.000000
941.971645 450.000000
942.972134 450.000000
946.974089 450.000000
948.975067 450.000000
950.976045 450.000000
963.982400 450.000000
964.982889 450.000000
973.987289 450.000000
976.988756 450.000000
979.990222 450.000000
983.992178 450.000000
984.992667 450.000000
986.993645 450.000000
992.996578 450.000000
995.998044 450.000000
997.999022 450.000000
1000.000000 450.000000
1000.000000 452.000000
1000.000000 454.000000
1000.000000 457.000000
1000.000000 458.000000
1000.000000 459.000000
1000.000000 460.000000
1000.000000 463.000000
1000.000000 464.000000
1000.000000 465.000000
1000.000000 467.000000
1000.000000 468.000000
1000.000000 469.000000
1000.000000 471.000000
1000.000000 472.000000
1000.000000 473.000000
1000.000000 475.000000
1000.000000 476.000000
1000.000000 477.000000
1000.000000 478.000000
1000.000000 479.000000
1000.000000 481.000000
1000.000000 482.000000
1000.000000 485.000000
1000.000000 487.000000
1000.000000 489.000000
1000.000000 490.000000
1000.000000 491.000000
1000.000000 492.000000
1000.000000 493.000000
1000.000000 494.000000
1000.000000 496.000000
1000.000000 497.000000
1000.000000 500.000000
1000.000000 501.000000
1000.000000 502.000000
1000.000000 503.000000
1000.000000 504.000000
1000.000000 505.000000
1000.000000 506.000000
1000.000000 509.000000
1000.000000 510.000000
1000.000000 511.000000
1000.000000 512.000000
1000.000000 514.000000
1000.000000 515.000000
1000.000000 517.000000
1000.000000 521.000000
1000.000000 526.000000
1000.000000 527.000000
1000.000000 528.000000
1000.000000 530.000000
1000.000000 534.000000
1000.000000 535.000000
1000.000000 536.000000
1000.000000 537.000000
1000.000000 539.000000
1000.000000 541.000000
1000.000000 544.000000
1000.000000 545.000000
1000.000000 546.000000
1000.000000 547.000000
1000.000000 548.000000
1000.000000 549.000000
1000.000000 550.000000
992.981486 550.000000
983.957682 550.000000
974.933879 550.000000
971.925944 550.000000
970.923299 550.000000
969.920654 550.000000
965.910075 550.000000
964.907430 550.000000
963.904785 550.000000
957.888916 550.000000
956.886271 550.000000
950.870402 550.000000
944.854533 550.000000
942.849243 550.000000
941.846598 550.000000
940.843953 550.000000
934.828084 550.000000
931.820150 550.000000
930.817505 550.000000
929.814860 550.000000
928.812215 550.000000
922.796346 550.000000
919.788411 550.000000
913.772542 550.000000
907.756673 550.000000
902.743449 550.000000
899.735514 550.000000
898.732869 550.000000
888.706421 550.000000
885.698486 550.000000
880.685262 550.000000
879.682617 550.000000
874.669393 550.000000
872.664103 550.000000
871.661458 550.000000
867.650879 550.000000
866.648234 550.000000
863.640299 550.000000
862.637655 550.000000
849.603271 550.000000
848.600627 550.000000
844.590047 550.000000
840.579468 550.000000
838.574178 550.000000
832.558309 550.000000
827.545085 550.000000
826.542440 550.000000
824.537150 550.000000
822.531860 550.000000
816.515991 550.000000
815.513346 550.000000
807.492188 550.000000
805.486898 550.000000
797.465739 550.000000
789.444580 550.000000
785.434001 550.000000
778.415487 550.000000
776.410197 550.000000
774.404907 550.000000
770.394328 550.000000
758.362590 550.000000
755.354655 550.000000
744.325562 550.000000
743.322917 550.000000
742.320272 550.000000
739.312337 550.000000
737.307048 550.000000
733.296468 550.000000
725.275309 550.000000
714.246216 550.000000
712.240926 550.000000
707.227702 550.000000
706.225057 550.000000
705.222412 550.000000
697.201253 550.000000
695.195964 550.000000
689.180094 550.000000
688.177450 550.000000
676.145711 550.000000
673.137777 550.000000
670.630146 549.129920
669.625464 547.389760
668.620783 545.649601
667.616101 543.909441
666.109078 541.299201
665.104397 539.559042
663.597374 536.948802
663.095033 536.078722
661.588011 533.468482
661.085670 532.598403
659.578647 529.988163
658.071625 527.377923
657.569284 526.507843
656.062261 523.897604
655.559921 523.027524
655.057580 522.157444
654.555239 521.287364
653.550557 519.547204
652.545875 517.807045
652.043535 516.936965
650.536512 514.326725
649.029489 511.716486
646.517785 507.366086
645.010763 504.755847
644.508422 503.885767
644.006081 503.015687
640.992036 497.795208
639.987354 496.055048
639.485013 495.184968
638.982672 494.314888
637.475650 491.704649
635.968627 489.094409
634.461605 486.484169
633.959264 485.614089
631.949900 482.133770
630.945219 480.393610
630.442878 479.523530
628.433514 476.043211
625.419469 470.822732
624.414788 469.082572
623.410106 467.342412
620.898402 462.992013
620.396061 462.121933
616.377334 455.161294
615.372652 453.421134
613.865630 450.810895
612.358607 448.200655
611.856266 447.330575
608.339880 441.240016
607.837539 440.369936
606.832858 438.629776
606.330517 437.759696
604.321153 434.279377
599.800086 426.448658
599.297745 425.578578
598.293063 423.838418
597.790722 422.968339
597.288382 422.098259
596.786041 421.228179
595.279018 418.617939
594.776677 417.747859
593.771996 416.007700
592.767314 414.267540
592.264973 413.397460
592.768127 412.525971
593.271282 411.654482
593.774436 410.782993
594.277591 409.911504
594.780745 409.040015
595.283900 408.168526
595.787054 407.297036
596.793363 405.554058
597.296518 404.682569
597.799672 403.811080
598.302826 402.939591
599.812290 400.325124
600.315444 399.453635
600.818599 398.582146
601.321753 397.710657
601.824908 396.839168
602.328062 395.967679
602.831216 395.096190
603.334371 394.224700
603.837525 393.353211
604.843834 391.610233
605.850143 389.867255
606.856452 388.124277
607.359607 387.252788
608.365915 385.509810
608.869070 384.638321
609.372224 383.766832
609.875379 382.895342
610.378533 382.023853
610.881688 381.152364
611.384842 380.280875
611.887997 379.409386
612.391151 378.537897
612.894306 377.666408
613.397460 376.794919
613.397460 376.794919
612.391151 376.794919
611.384842 376.794919
610.378533 376.794919
609.372224 376.794919
608.365916 376.794919
607.359607 376.794919
606.353298 376.794919
604.340680 376.794919
603.334371 376.794919
602.328062 376.794919
601.321753 376.794919
600.315445 376.794919
599.309136 376.794919
597.296518 376.794919
596.290209 376.794919
594.277591 376.794919
593.271282 376.794919
592.264973 376.794919
591.258665 376.794919
590.252356 376.794919
589.246047 376.794919
588.239738 376.794919
587.233429 376.794919
586.227120 376.794919
585.220811 376.794919
584.214502 376.794919
583.208194 376.794919
582.201885 376.794919
581.195576 376.794919
580.189267 376.794919
579.182958 376.794919
578.176649 376.794919
577.170340 376.794919
576.164031 376.794919
574.151414 376.794919
573.145105 376.794919
572.138796 376.794919
571.132487 376.794919
571.132487 376.794919
570.629333 375.923430
570.126178 375.051941
569.119869 373.308963
568.616715 372.437474
568.113560 371.565985
567.610406 370.694496
567.107251 369.823007
566.604097 368.951518
566.100942 368.080029
565.597788 367.208539
565.094634 366.337050
563.585170 363.722583
563.082016 362.851094
562.578861 361.979605
562.075707 361.108116
561.572552 360.236627
561.069398 359.365138
560.566243 358.493649
559.559935 356.750671
559.056780 355.879182
558.050471 354.136204
557.044162 352.393226
556.541008 351.521737
556.037853 350.650248
555.534699 349.778759
555.031545 348.907269
554.528390 348.035780
554.025236 347.164291
553.522081 346.292802
553.018927 345.421313
551.509463 342.806846
551.006309 341.935357
550.503154 341.063868
550.000000 340.192379
550.000000 340.192379
548.490537 342.806846
547.987382 343.678335
547.484228 344.549824
546.981073 345.421313
546.477919 346.292802
545.974764 347.164291
545.471610 348.035780
544.968455 348.907269
544.465301 349.778759
543.962147 350.650248
543.458992 351.521737
542.955838 352.393226
542.452683 353.264715
541.446374 355.007693
540.440065 356.750671
539.936911 357.622160
539.433757 358.493649
538.930602 359.365138
537.924293 361.108116
537.421139 361.979605
536.917984 362.851094
536.414830 363.722583
535.911675 364.594072
535.408521 365.465561
534.905366 366.337050
534.402212 367.208539
533.395903 368.951518
532.389594 370.694496
531.886440 371.565985
531.383285 372.437474
530.376976 374.180452
529.370667 375.923430
528.867513 376.794919
528.867513 376.794919
527.861204 376.794919
525.848586 376.794919
524.842277 376.794919
523.835969 376.794919
522.829660 376.794919
521.823351 376.794919
520.817042 376.794919
519.810733 376.794919
518.804424 376.794919
517.798115 376.794919
516.791806 376.794919
515.785498 376.794919
514.779189 376.794919
513.772880 376.794919
512.766571 376.794919
509.747644 376.794919
508.741335 376.794919
507.735027 376.794919
506.728718 376.794919
504.716100 376.794919
503.709791 376.794919
502.703482 376.794919
501.697173 376.794919
500.690864 376.794919
499.684555 376.794919
498.678247 376.794919
497.671938 376.794919
496.665629 376.794919
495.659320 376.794919
494.653011 376.794919
493.646702 376.794919
492.640393 376.794919
491.634084 376.794919
490.627776 376.794919
489.621467 376.794919
488.615158 376.794919
487.608849 376.794919
486.602540 376.794919
486.602540 376.794919
487.105694 377.666408
487.608849 378.537897
488.112003 379.409386
488.615158 380.280875
489.118312 381.152364
489.621467 382.023853
490.124621 382.895342
490.627776 383.766832
491.130930 384.638321
491.634085 385.509810
492.137239 386.381299
493.143548 388.124277
493.646702 388.995766
494.149857 389.867255
494.653011 390.738744
495.659320 392.481722
496.162475 393.353211
496.665629 394.224700
497.168784 395.096190
497.671938 395.967679
498.678247 397.710657
499.181401 398.582146
499.684556 399.453635
500.187710 400.325124
500.690865 401.196613
501.194019 402.068102
501.697174 402.939591
502.200328 403.811080
503.206637 405.554058
503.709791 406.425547
504.212946 407.297036
504.716100 408.168526
505.219255 409.040015
505.722409 409.911504
506.225564 410.782993
506.728718 411.654482
507.231873 412.525971
507.735027 413.397460
506.730345 415.137620
505.223323 417.747859
504.720982 418.617939
503.716300 420.358099
500.702255 425.578578
499.195232 428.188818
497.688210 430.799057
494.674165 436.019537
489.650756 444.720335
489.148415 445.590415
488.646075 446.460495
487.139052 449.070735
486.134370 450.810895
485.632029 451.680974
484.125007 454.291214
482.115643 457.771534
481.613303 458.641613
481.110962 459.511693
480.106280 461.251853
478.096917 464.732172
477.092235 466.472332
476.589894 467.342412
475.585212 469.082572
475.082872 469.952652
474.580531 470.822732
474.078190 471.692811
473.575849 472.562891
472.571167 474.303051
471.566486 476.043211
470.059463 478.653450
469.557122 479.523530
469.054781 480.393610
467.547759 483.003850
466.040736 485.614089
465.538395 486.484169
465.036054 487.354249
464.533714 488.224329
464.031373 489.094409
463.529032 489.964489
462.524350 491.704649
459.510305 496.925128
457.500942 500.405447
455.993919 503.015687
455.491578 503.885767
454.989237 504.755847
454.486897 505.625926
453.984556 506.496006
451.975192 509.976326
451.472851 510.846406
450.970511 511.716486
448.961147 515.196805
447.956465 516.936965
447.454125 517.807045
446.951784 518.677125
446.449443 519.547204
443.937739 523.897604
442.933057 525.637764
441.426034 528.248003
440.923693 529.118083
440.421353 529.988163
439.416671 531.728323
438.411989 533.468482
436.402626 536.948802
433.388581 542.169281
432.886240 543.039361
431.881558 544.779521
431.379217 545.649601
430.374536 547.389760
429.872195 548.259840
424.856934 550.000000
423.854289 550.000000
417.838420 550.000000
410.819906 550.000000
401.796102 550.000000
400.793457 550.000000
396.782878 550.000000
393.774943 550.000000
391.769653 550.000000
389.764364 550.000000
385.753784 550.000000
383.748494 550.000000
382.745850 550.000000
380.740560 550.000000
371.716756 550.000000
349.658569 550.000000
345.647990 550.000000
344.645345 550.000000
343.642700 550.000000
342.640055 550.000000
331.610962 550.000000
324.592448 550.000000
321.584513 550.000000
320.581868 550.000000
319.579224 550.000000
315.568644 550.000000
305.542196 550.000000
303.536906 550.000000
302.534261 550.000000
292.507812 550.000000
291.505168 550.000000
280.476074 550.000000
274.460205 550.000000
272.454915 550.000000
270.449626 550.000000
268.444336 550.000000
261.425822 550.000000
259.420532 550.000000
256.412598 550.000000
255.409953 550.000000
254.407308 550.000000
241.372925 550.000000
240.370280 550.000000
235.357056 550.000000
227.335897 550.000000
223.325317 550.000000
221.320028 550.000000
220.317383 550.000000
219.314738 550.000000
217.309448 550.000000
215.304159 550.000000
214.301514 550.000000
204.275065 550.000000
200.264486 550.000000
191.240682 550.000000
183.219523 550.000000
182.216878 550.000000
179.208944 550.000000
178.206299 550.000000
175.198364 550.000000
172.190430 550.000000
169.182495 550.000000
167.177205 550.000000
163.166626 550.000000
162.163981 550.000000
152.137533 550.000000
142.111084 550.000000
139.103149 550.000000
136.095215 550.000000
134.089925 550.000000
129.076701 550.000000
126.068766 550.000000
124.063477 550.000000
120.052897 550.000000
119.050252 550.000000
116.042318 550.000000
112.031738 550.000000
110.026449 550.000000
103.007935 550.000000
101.002645 550.000000
