1620
100.000000 450.000000
101.000489 450.000000
104.001956 450.000000
106.002933 450.000000
107.003422 450.000000
109.004400 450.000000
111.005378 450.000000
112.005867 450.000000
114.006844 450.000000
115.007333 450.000000
117.008311 450.000000
118.008800 450.000000
119.009289 450.000000
121.010266 450.000000
124.011733 450.000000
126.012711 450.000000
127.013200 450.000000
129.014178 450.000000
131.015155 450.000000
132.015644 450.000000
133.016133 450.000000
136.017600 450.000000
137.018089 450.000000
138.018577 450.000000
141.020044 450.000000
142.020533 450.000000
143.021022 450.000000
145.022000 450.000000
146.022488 450.000000
147.022977 450.000000
148.023466 450.000000
149.023955 450.000000
151.024933 450.000000
152.025422 450.000000
153.025911 450.000000
154.026400 450.000000
155.026888 450.000000
156.027377 450.000000
160.029333 450.000000
161.029822 450.000000
162.030311 450.000000
163.030799 450.000000
164.031288 450.000000
165.031777 450.000000
168.033244 450.000000
169.033733 450.000000
170.034222 450.000000
172.035199 450.000000
174.036177 450.000000
177.037644 450.000000
178.038133 450.000000
179.038622 450.000000
180.039110 450.000000
182.040088 450.000000
184.041066 450.000000
185.041555 450.000000
187.042533 450.000000
188.043021 450.000000
189.043510 450.000000
190.043999 450.000000
191.044488 450.000000
192.044977 450.000000
193.045466 450.000000
194.045955 450.000000
195.046444 450.000000
197.047421 450.000000
201.049377 450.000000
202.049866 450.000000
204.050844 450.000000
205.051332 450.000000
206.051821 450.000000
207.052310 450.000000
208.052799 450.000000
209.053288 450.000000
210.053777 450.000000
212.054755 450.000000
213.055243 450.000000
214.055732 450.000000
215.056221 450.000000
216.056710 450.000000
218.057688 450.000000
219.058177 450.000000
220.058666 450.000000
221.059155 450.000000
222.059643 450.000000
223.060132 450.000000
224.060621 450.000000
226.061599 450.000000
227.062088 450.000000
231.064043 450.000000
232.064532 450.000000
233.065021 450.000000
234.065510 450.000000
235.065999 450.000000
236.066488 450.000000
238.067465 450.000000
239.067954 450.000000
240.068443 450.000000
241.068932 450.000000
242.069421 450.000000
243.069910 450.000000
245.070888 450.000000
246.071377 450.000000
249.072843 450.000000
254.075288 450.000000
257.076754 450.000000
260.078221 450.000000
261.078710 450.000000
262.079199 450.000000
263.079687 450.000000
265.080665 450.000000
266.081154 450.000000
267.081643 450.000000
268.082132 450.000000
269.082621 450.000000
272.084087 450.000000
273.084576 450.000000
275.085554 450.000000
276.086043 450.000000
277.086532 450.000000
279.087510 450.000000
280.087998 450.000000
281.088487 450.000000
282.088976 450.000000
283.089465 450.000000
286.090932 450.000000
287.091421 450.000000
288.091909 450.000000
289.092398 450.000000
291.093376 450.000000
292.093865 450.000000
295.095332 450.000000
296.095821 450.000000
297.096309 450.000000
300.097776 450.000000
301.098265 450.000000
303.099243 450.000000
304.099732 450.000000
306.100709 450.000000
307.101198 450.000000
308.101687 450.000000
309.102176 450.000000
310.102665 450.000000
311.103154 450.000000
313.104131 450.000000
314.104620 450.000000
316.105598 450.000000
317.106087 450.000000
319.107065 450.000000
320.107554 450.000000
322.108531 450.000000
323.109020 450.000000
324.109509 450.000000
325.109998 450.000000
329.111954 450.000000
334.114398 450.000000
337.115865 450.000000
338.116353 450.000000
339.116842 450.000000
341.117820 450.000000
342.118309 450.000000
343.118798 450.000000
345.119776 450.000000
346.120265 450.000000
347.120753 450.000000
348.121242 450.000000
349.121731 450.000000
351.122709 450.000000
352.123198 450.000000
353.123687 450.000000
355.124664 450.000000
356.125153 450.000000
358.126131 450.000000
359.126620 450.000000
363.128575 450.000000
364.129064 450.000000
366.130042 450.000000
367.130531 450.000000
368.131020 450.000000
369.131509 450.000000
370.131998 450.000000
371.132487 450.000000
371.132487 450.000000
372.134545 448.264383
372.635575 447.396575
373.136604 446.528766
374.639693 443.925341
375.140722 443.057532
375.641752 442.189724
376.643810 440.454107
377.645869 438.718490
378.146899 437.850682
378.647928 436.982873
380.151017 434.379448
380.652046 433.511639
382.155134 430.908214
383.658223 428.304788
384.660282 426.569172
385.161311 425.701363
386.163370 423.965746
386.664399 423.097938
387.165429 422.230129
387.666458 421.362321
388.167488 420.494512
388.668517 419.626704
389.169547 418.758895
390.171606 417.023278
390.672635 416.155470
391.173665 415.287661
392.175723 413.552045
392.676753 412.684236
394.179841 410.080811
395.181900 408.345194
396.684988 405.741768
398.188077 403.138343
398.689106 402.270535
402.196312 396.195875
403.699401 393.592450
405.202489 390.989025
405.703519 390.121216
406.204548 389.253408
408.208666 385.782174
408.709695 384.914365
409.711754 383.178748
410.212784 382.310940
412.216901 378.839706
412.717931 377.971898
413.218960 377.104089
414.221019 375.368472
414.722049 374.500664
416.726166 371.029430
417.728225 369.293813
418.229255 368.426005
418.730284 367.558196
420.233373 364.954771
421.235431 363.219154
421.736461 362.351345
425.744697 355.408878
426.245726 354.541069
426.746755 353.673261
427.247785 352.805452
427.748814 351.937644
428.750873 350.202027
429.251903 349.334218
429.752932 348.466410
430.253962 347.598601
430.754991 346.730793
431.757050 344.995176
432.258079 344.127368
433.260138 342.391751
434.262197 340.656134
434.763227 339.788325
435.264256 338.920517
435.765286 338.052708
437.769403 334.581474
438.270433 333.713666
438.771462 332.845858
439.773521 331.110241
440.274551 330.242432
440.775580 329.374624
441.276609 328.506815
442.278668 326.771198
443.280727 325.035581
443.781757 324.167773
444.783816 322.432156
445.785875 320.696539
446.787933 318.960922
447.288963 318.093114
447.789992 317.225305
448.792051 315.489688
449.293081 314.621880
449.794110 313.754071
451.297198 311.150646
452.299257 309.415029
452.800287 308.547221
453.301316 307.679412
454.303375 305.943795
454.804405 305.075987
456.307493 302.472561
457.309552 300.736944
457.810581 299.869136
458.812640 298.133519
459.313670 297.265711
459.814699 296.397902
460.315729 295.530094
460.816758 294.662285
461.317787 293.794477
461.818817 292.926668
462.319846 292.058860
463.321905 290.323243
464.824994 287.719818
466.328082 285.116392
467.330141 283.380775
467.831170 282.512967
468.332200 281.645158
468.833229 280.777350
470.336318 278.173924
470.837347 277.306116
471.839406 275.570499
473.342494 272.967074
474.344553 271.231457
476.348671 267.760223
477.350730 266.024606
478.352789 264.288989
478.853818 263.421181
479.354848 262.553372
481.358965 259.082138
484.365142 253.875287
484.866172 253.007479
485.868230 251.271862
486.369260 250.404054
486.870289 249.536245
487.371319 248.668437
487.872348 247.800628
488.373378 246.932820
489.375437 245.197203
489.876466 244.329394
492.882643 239.122544
493.383672 238.254735
493.884702 237.386927
496.389849 233.047884
496.890878 232.180076
497.892937 230.444459
498.393967 229.576651
500.398085 226.105417
500.899114 225.237608
501.400143 224.369800
501.901173 223.501991
502.402202 222.634183
503.404261 220.898566
504.406320 219.162949
504.907350 218.295140
506.911467 214.823907
507.412497 213.956098
509.416615 210.484864
509.917644 209.617056
510.418673 208.749247
510.919703 207.881439
511.420732 207.013630
512.422791 205.278014
513.424850 203.542397
513.925880 202.674588
515.428968 200.071163
515.929997 199.203354
516.932056 197.467737
517.934115 195.732120
519.938233 192.260887
520.940292 190.525270
521.942351 188.789653
522.443380 187.921844
522.944410 187.054036
523.445439 186.186227
523.946469 185.318419
524.948528 183.582802
525.449557 182.714994
526.451616 180.979377
527.453675 179.243760
527.954704 178.375951
528.956763 176.640334
529.958822 174.904717
530.459851 174.036909
530.960881 173.169100
531.461910 172.301292
531.962940 171.433484
532.463969 170.565675
533.466028 168.830058
533.967058 167.962250
535.470146 165.358824
537.975293 161.019782
538.977352 159.284165
539.478382 158.416357
540.480440 156.680740
544.488676 149.738272
544.989706 148.870463
545.490735 148.002655
545.991764 147.134847
547.494853 144.531421
547.995882 143.663613
548.997941 141.927996
549.498971 141.060187
550.501029 141.060187
551.002059 141.927996
552.004118 143.663613
552.505147 144.531421
554.008236 147.134847
554.509265 148.002655
555.511324 149.738272
557.014412 152.341697
557.515442 153.209506
558.517501 154.945123
559.519560 156.680740
560.521618 158.416357
561.523677 160.151974
562.525736 161.887590
563.026766 162.755399
564.028825 164.491016
565.030883 166.226633
566.032942 167.962250
566.533972 168.830058
568.037060 171.433484
569.540149 174.036909
570.041178 174.904717
570.542207 175.772526
571.043237 176.640334
571.544266 177.508143
572.045296 178.375951
573.047355 180.111568
573.548384 180.979377
575.552502 184.450610
576.053531 185.318419
577.556620 187.921844
578.057649 188.789653
579.560738 191.393078
580.061767 192.260887
580.562796 193.128695
581.063826 193.996504
582.566914 196.599929
584.070003 199.203354
584.571032 200.071163
585.573091 201.806780
586.575150 203.542397
588.078238 206.145822
588.579268 207.013630
589.080297 207.881439
590.082356 209.617056
590.583385 210.484864
591.084415 211.352673
591.585444 212.220481
592.587503 213.956098
593.088533 214.823907
593.589562 215.691715
594.090592 216.559524
594.591621 217.427332
595.092650 218.295140
595.593680 219.162949
596.094709 220.030757
597.096768 221.766374
598.098827 223.501991
598.599857 224.369800
600.102945 226.973225
601.606033 229.576651
602.608092 231.312267
603.109122 232.180076
603.610151 233.047884
604.111181 233.915693
604.612210 234.783501
608.119416 240.858161
609.622504 243.461586
611.626622 246.932820
612.127652 247.800628
613.630740 250.404054
614.131770 251.271862
614.632799 252.139671
615.133828 253.007479
615.634858 253.875287
616.636917 255.610904
617.638976 257.346521
618.641035 259.082138
619.643093 260.817755
620.144123 261.685564
620.645152 262.553372
621.146182 263.421181
621.647211 264.288989
623.150300 266.892414
624.152359 268.628031
625.154417 270.363648
625.655447 271.231457
627.158535 273.834882
628.661624 276.438307
630.164712 279.041733
631.166771 280.777350
632.168830 282.512967
632.669859 283.380775
633.170889 284.248584
633.671918 285.116392
634.673977 286.852009
635.175006 287.719818
636.177065 289.455434
636.678095 290.323243
637.179124 291.191051
637.680154 292.058860
638.181183 292.926668
638.682213 293.794477
639.183242 294.662285
639.684271 295.530094
640.686330 297.265711
641.187360 298.133519
641.688389 299.001328
642.690448 300.736944
643.191478 301.604753
643.692507 302.472561
644.694566 304.208178
645.195595 305.075987
645.696625 305.943795
646.197654 306.811604
647.700743 309.415029
648.201772 310.282838
648.702802 311.150646
650.205890 313.754071
650.706919 314.621880
652.210008 317.225305
652.711037 318.093114
653.713096 319.828731
654.214125 320.696539
654.715155 321.564348
655.216184 322.432156
656.218243 324.167773
656.719273 325.035581
658.222361 327.639007
659.725449 330.242432
660.226479 331.110241
660.727508 331.978049
661.729567 333.713666
663.733685 337.184900
664.234714 338.052708
666.739862 342.391751
667.240891 343.259559
667.741921 344.127368
668.743980 345.862984
670.247068 348.466410
670.748097 349.334218
671.750156 351.069835
672.251186 351.937644
672.752215 352.805452
673.253245 353.673261
674.756333 356.276686
675.257362 357.144495
675.758392 358.012303
676.760451 359.747920
677.261480 360.615728
677.762510 361.483537
679.265598 364.086962
679.766627 364.954771
680.267657 365.822579
681.770745 368.426005
682.271775 369.293813
682.772804 370.161621
683.273834 371.029430
683.774863 371.897238
684.776922 373.632855
685.778981 375.368472
686.280010 376.236281
686.781040 377.104089
687.282069 377.971898
688.284128 379.707515
689.787216 382.310940
690.288246 383.178748
690.789275 384.046557
691.290305 384.914365
691.791334 385.782174
692.292364 386.649982
692.793393 387.517791
693.795452 389.253408
695.298540 391.856833
696.801629 394.460258
697.803688 396.195875
698.805746 397.931492
699.306776 398.799301
699.807805 399.667109
700.809864 401.402726
701.310894 402.270535
702.312953 404.006151
703.816041 406.609577
705.820159 410.080811
706.321188 410.948619
706.822218 411.816428
707.323247 412.684236
707.824277 413.552045
708.826335 415.287661
709.828394 417.023278
710.830453 418.758895
711.331483 419.626704
712.834571 422.230129
713.335601 423.097938
716.842807 429.172597
718.846924 432.643831
719.848983 434.379448
720.350013 435.247256
720.851042 436.115065
721.352072 436.982873
723.356190 440.454107
723.857219 441.321915
724.358248 442.189724
724.859278 443.057532
725.360307 443.925341
725.861337 444.793149
726.362366 445.660958
726.863396 446.528766
727.364425 447.396575
728.366484 449.132192
728.867513 450.000000
731.868980 450.000000
732.869469 450.000000
733.869958 450.000000
734.870447 450.000000
735.870936 450.000000
736.871425 450.000000
737.871913 450.000000
738.872402 450.000000
740.873380 450.000000
742.874358 450.000000
745.875824 450.000000
746.876313 450.000000
747.876802 450.000000
748.877291 450.000000
749.877780 450.000000
750.878269 450.000000
751.878758 450.000000
752.879247 450.000000
753.879735 450.000000
754.880224 450.000000
756.881202 450.000000
758.882180 450.000000
759.882669 450.000000
760.883158 450.000000
761.883647 450.000000
764.885113 450.000000
766.886091 450.000000
767.886580 450.000000
768.887069 450.000000
769.887558 450.000000
772.889024 450.000000
774.890002 450.000000
775.890491 450.000000
776.890980 450.000000
777.891469 450.000000
778.891957 450.000000
779.892446 450.000000
780.892935 450.000000
781.893424 450.000000
782.893913 450.000000
783.894402 450.000000
784.894891 450.000000
785.895380 450.000000
788.896846 450.000000
789.897335 450.000000
790.897824 450.000000
793.899291 450.000000
794.899780 450.000000
795.900268 450.000000
796.900757 450.000000
797.901246 450.000000
799.902224 450.000000
802.903691 450.000000
803.904179 450.000000
804.904668 450.000000
805.905157 450.000000
806.905646 450.000000
807.906135 450.000000
808.906624 450.000000
809.907113 450.000000
810.907602 450.000000
811.908091 450.000000
812.908579 450.000000
813.909068 450.000000
814.909557 450.000000
817.911024 450.000000
818.911513 450.000000
819.912002 450.000000
821.912979 450.000000
822.913468 450.000000
823.913957 450.000000
826.915424 450.000000
827.915913 450.000000
828.916401 450.000000
829.916890 450.000000
831.917868 450.000000
832.918357 450.000000
834.919335 450.000000
835.919824 450.000000
836.920313 450.000000
837.920801 450.000000
838.921290 450.000000
841.922757 450.000000
842.923246 450.000000
844.924224 450.000000
845.924712 450.000000
847.925690 450.000000
849.926668 450.000000
850.927157 450.000000
851.927646 450.000000
852.928135 450.000000
855.929601 450.000000
857.930579 450.000000
858.931068 450.000000
859.931557 450.000000
860.932046 450.000000
861.932535 450.000000
863.933512 450.000000
865.934490 450.000000
866.934979 450.000000
869.936446 450.000000
870.936934 450.000000
873.938401 450.000000
874.938890 450.000000
875.939379 450.000000
876.939868 450.000000
877.940357 450.000000
878.940845 450.000000
879.941334 450.000000
881.942312 450.000000
882.942801 450.000000
884.943779 450.000000
885.944268 450.000000
887.945245 450.000000
888.945734 450.000000
890.946712 450.000000
891.947201 450.000000
892.947690 450.000000
893.948179 450.000000
894.948668 450.000000
895.949156 450.000000
896.949645 450.000000
898.950623 450.000000
900.951601 450.000000
901.952090 450.000000
902.952579 450.000000
903.953067 450.000000
904.953556 450.000000
905.954045 450.000000
906.954534 450.000000
907.955023 450.000000
910.956490 450.000000
911.956979 450.000000
915.958934 450.000000
916.959423 450.000000
917.959912 450.000000
919.960890 450.000000
920.961378 450.000000
921.961867 450.000000
922.962356 450.000000
923.962845 450.000000
924.963334 450.000000
925.963823 450.000000
926.964312 450.000000
927.964801 450.000000
929.965778 450.000000
931.966756 450.000000
932.967245 450.000000
933.967734 450.000000
934.968223 450.000000
935.968712 450.000000
936.969201 450.000000
938.970178 450.000000
939.970667 450.000000
940.971156 450.000000
941.971645 450.000000
943.972623 450.000000
945.973600 450.000000
947.974578 450.000000
949.975556 450.000000
951.976534 450.000000
952.977023 450.000000
954.978000 450.000000
955.978489 450.000000
956.978978 450.000000
957.979467 450.000000
958.979956 450.000000
962.981911 450.000000
968.984845 450.000000
971.986311 450.000000
973.987289 450.000000
975.988267 450.000000
976.988756 450.000000
977.989245 450.000000
978.989734 450.000000
979.990222 450.000000
980.990711 450.000000
981.991200 450.000000
983.992178 450.000000
985.993156 450.000000
986.993645 450.000000
988.994622 450.000000
990.995600 450.000000
991.996089 450.000000
992.996578 450.000000
993.997067 450.000000
994.997556 450.000000
995.998044 450.000000
996.998533 450.000000
998.999511 450.000000
1000.000000 450.000000
1000.000000 450.000000
1000.000000 451.000000
1000.000000 452.000000
1000.000000 453.000000
1000.000000 454.000000
1000.000000 455.000000
1000.000000 456.000000
1000.000000 457.000000
1000.000000 458.000000
1000.000000 459.000000
1000.000000 460.000000
1000.000000 461.000000
1000.000000 462.000000
1000.000000 463.000000
1000.000000 464.000000
1000.000000 465.000000
1000.000000 466.000000
1000.000000 467.000000
1000.000000 468.000000
1000.000000 469.000000
1000.000000 470.000000
1000.000000 471.000000
1000.000000 472.000000
1000.000000 473.000000
1000.000000 475.000000
1000.000000 476.000000
1000.000000 477.000000
1000.000000 478.000000
1000.000000 479.000000
1000.000000 480.000000
1000.000000 481.000000
1000.000000 482.000000
1000.000000 483.000000
1000.000000 484.000000
1000.000000 485.000000
1000.000000 486.000000
1000.000000 488.000000
1000.000000 489.000000
1000.000000 490.000000
1000.000000 491.000000
1000.000000 492.000000
1000.000000 493.000000
1000.000000 494.000000
1000.000000 495.000000
1000.000000 496.000000
1000.000000 497.000000
1000.000000 499.000000
1000.000000 500.000000
1000.000000 501.000000
1000.000000 502.000000
1000.000000 503.000000
1000.000000 504.000000
1000.000000 505.000000
1000.000000 506.000000
1000.000000 507.000000
1000.000000 509.000000
1000.000000 510.000000
1000.000000 511.000000
1000.000000 512.000000
1000.000000 513.000000
1000.000000 514.000000
1000.000000 515.000000
1000.000000 516.000000
1000.000000 517.000000
1000.000000 518.000000
1000.000000 519.000000
1000.000000 520.000000
1000.000000 521.000000
1000.000000 522.000000
1000.000000 523.000000
1000.000000 524.000000
1000.000000 525.000000
1000.000000 526.000000
1000.000000 527.000000
1000.000000 528.000000
1000.000000 529.000000
1000.000000 531.000000
1000.000000 532.000000
1000.000000 533.000000
1000.000000 534.000000
1000.000000 535.000000
1000.000000 536.000000
1000.000000 537.000000
1000.000000 538.000000
1000.000000 539.000000
1000.000000 540.000000
1000.000000 541.000000
1000.000000 542.000000
1000.000000 543.000000
1000.000000 544.000000
1000.000000 545.000000
1000.000000 546.000000
1000.000000 547.000000
1000.000000 548.000000
1000.000000 549.000000
1000.000000 550.000000
996.992065 550.000000
995.989421 550.000000
994.986776 550.000000
990.976196 550.000000
989.973551 550.000000
988.970907 550.000000
985.962972 550.000000
983.957682 550.000000
981.952393 550.000000
977.941813 550.000000
976.939168 550.000000
972.928589 550.000000
971.925944 550.000000
970.923299 550.000000
969.920654 550.000000
968.918009 550.000000
967.915365 550.000000
966.912720 550.000000
965.910075 550.000000
963.904785 550.000000
962.902140 550.000000
959.894206 550.000000
957.888916 550.000000
956.886271 550.000000
955.883626 550.000000
954.880981 550.000000
953.878337 550.000000
952.875692 550.000000
951.873047 550.000000
950.870402 550.000000
949.867757 550.000000
947.862467 550.000000
946.859823 550.000000
945.857178 550.000000
944.854533 550.000000
943.851888 550.000000
942.849243 550.000000
940.843953 550.000000
939.841309 550.000000
938.838664 550.000000
937.836019 550.000000
935.830729 550.000000
934.828084 550.000000
932.822795 550.000000
929.814860 550.000000
928.812215 550.000000
927.809570 550.000000
926.806925 550.000000
925.804280 550.000000
924.801636 550.000000
922.796346 550.000000
921.793701 550.000000
920.791056 550.000000
918.785766 550.000000
916.780477 550.000000
914.775187 550.000000
913.772542 550.000000
912.769897 550.000000
910.764608 550.000000
909.761963 550.000000
908.759318 550.000000
907.756673 550.000000
906.754028 550.000000
904.748738 550.000000
903.746094 550.000000
902.743449 550.000000
901.740804 550.000000
898.732869 550.000000
897.730224 550.000000
896.727580 550.000000
894.722290 550.000000
892.717000 550.000000
890.711710 550.000000
889.709066 550.000000
887.703776 550.000000
886.701131 550.000000
885.698486 550.000000
881.687907 550.000000
878.679972 550.000000
872.664103 550.000000
870.658813 550.000000
869.656168 550.000000
868.653524 550.000000
867.650879 550.000000
863.640299 550.000000
862.637654 550.000000
861.635010 550.000000
859.629720 550.000000
858.627075 550.000000
857.624430 550.000000
855.619140 550.000000
854.616496 550.000000
852.611206 550.000000
851.608561 550.000000
848.600626 550.000000
847.597982 550.000000
843.587402 550.000000
842.584757 550.000000
839.576823 550.000000
836.568888 550.000000
835.566243 550.000000
833.560954 550.000000
832.558309 550.000000
831.555664 550.000000
829.550374 550.000000
828.547729 550.000000
827.545084 550.000000
826.542440 550.000000
825.539795 550.000000
822.531860 550.000000
821.529215 550.000000
820.526570 550.000000
819.523926 550.000000
817.518636 550.000000
816.515991 550.000000
815.513346 550.000000
814.510701 550.000000
813.508056 550.000000
812.505412 550.000000
811.502767 550.000000
810.500122 550.000000
807.492187 550.000000
805.486898 550.000000
801.476318 550.000000
798.468384 550.000000
795.460449 550.000000
794.457804 550.000000
793.455159 550.000000
792.452514 550.000000
791.449870 550.000000
790.447225 550.000000
789.444580 550.000000
788.441935 550.000000
787.439290 550.000000
785.434000 550.000000
784.431356 550.000000
779.418131 550.000000
778.415486 550.000000
777.412841 550.000000
776.410197 550.000000
775.407552 550.000000
774.404907 550.000000
773.402262 550.000000
772.399617 550.000000
771.396972 550.000000
769.391683 550.000000
767.386393 550.000000
766.383748 550.000000
764.378458 550.000000
763.375813 550.000000
761.370524 550.000000
760.367879 550.000000
757.359944 550.000000
755.354655 550.000000
754.352010 550.000000
752.346720 550.000000
750.341430 550.000000
749.338785 550.000000
748.336141 550.000000
747.333496 550.000000
746.330851 550.000000
745.328206 550.000000
744.325561 550.000000
743.322916 550.000000
742.320271 550.000000
741.317627 550.000000
739.312337 550.000000
737.307047 550.000000
731.291178 550.000000
730.288533 550.000000
729.285888 550.000000
728.283243 550.000000
726.277954 550.000000
725.275309 550.000000
724.272664 550.000000
723.270019 550.000000
722.267374 550.000000
721.264729 550.000000
718.256795 550.000000
713.243571 550.000000
712.240926 550.000000
711.238281 550.000000
710.235636 550.000000
709.232991 550.000000
706.225057 550.000000
705.222412 550.000000
704.219767 550.000000
702.214477 550.000000
701.211832 550.000000
699.206543 550.000000
697.201253 550.000000
695.195963 550.000000
694.193318 550.000000
693.190673 550.000000
688.177449 550.000000
687.174804 550.000000
686.172159 550.000000
685.169515 550.000000
682.161580 550.000000
681.158935 550.000000
680.156290 550.000000
679.153645 550.000000
677.148356 550.000000
676.145711 550.000000
675.143066 550.000000
671.132487 550.000000
671.132487 550.000000
670.631939 549.133026
669.630844 547.399079
669.130297 546.532105
668.629749 545.665132
667.628654 543.931185
666.127012 541.330264
665.626464 540.463290
664.625369 538.729343
664.124822 537.862369
663.624275 536.995395
663.123727 536.128422
661.622085 533.527501
661.121537 532.660527
660.620990 531.793554
658.618800 528.325659
657.617705 526.591712
657.117158 525.724738
656.616610 524.857764
656.116063 523.990791
655.615515 523.123817
655.114968 522.256843
654.113873 520.522896
653.112778 518.788949
652.612230 517.921975
652.111683 517.055002
650.109493 513.587107
648.607851 510.986186
648.107303 510.119213
647.606756 509.252239
647.106208 508.385265
646.605661 507.518292
645.604566 505.784344
645.104018 504.917371
644.102923 503.183423
643.602376 502.316450
643.101828 501.449476
642.100734 499.715529
640.599091 497.114608
639.597996 495.380661
639.097449 494.513687
638.596901 493.646713
638.096354 492.779740
637.595806 491.912766
637.095259 491.045792
636.594711 490.178819
636.094164 489.311845
635.093069 487.577898
634.592522 486.710924
634.091974 485.843951
633.591427 484.976977
632.590332 483.243030
632.089784 482.376056
631.589237 481.509082
631.088689 480.642109
630.588142 479.775135
630.087594 478.908161
629.587047 478.041188
629.086499 477.174214
628.585952 476.307241
628.085405 475.440267
627.084310 473.706320
626.083215 471.972372
625.082120 470.238425
624.081025 468.504478
623.580477 467.637504
623.079930 466.770530
622.579382 465.903557
620.577193 462.435662
620.076645 461.568689
619.576098 460.701715
618.575003 458.967768
617.073360 456.366847
616.572813 455.499873
616.072265 454.632899
615.571718 453.765926
615.071170 452.898952
614.070076 451.165005
613.569528 450.298031
613.068981 449.431058
612.568433 448.564084
611.567338 446.830137
611.066791 445.963163
608.564053 441.628295
608.063506 440.761321
607.062411 439.027374
606.061316 437.293427
605.560769 436.426453
605.060221 435.559479
604.559674 434.692506
604.059126 433.825532
603.558579 432.958558
603.058031 432.091585
601.556389 429.490664
600.555294 427.756717
599.554199 426.022769
598.052557 423.421848
597.552009 422.554875
596.550914 420.820927
596.050367 419.953954
595.549819 419.086980
595.049272 418.220007
594.548724 417.353033
594.048177 416.486059
593.547629 415.619086
592.045987 413.018165
591.044892 411.284217
590.043797 409.550270
589.543250 408.683297
589.042702 407.816323
588.542155 406.949349
588.041607 406.082376
587.541060 405.215402
587.040512 404.348428
586.539965 403.481455
586.039417 402.614481
585.538870 401.747507
585.038323 400.880534
584.537775 400.013560
584.037228 399.146586
583.036133 397.412639
582.535585 396.545666
582.035038 395.678692
581.033943 393.944745
580.032848 392.210797
579.532300 391.343824
578.030658 388.742903
577.530111 387.875929
576.529016 386.141982
576.028468 385.275008
575.027373 383.541061
574.526826 382.674087
573.025183 380.073166
572.524636 379.206193
572.024088 378.339219
571.523541 377.472245
571.022994 376.605272
570.522446 375.738298
570.021899 374.871325
569.020804 373.137377
568.520256 372.270404
568.019709 371.403430
567.018614 369.669483
566.518066 368.802509
566.017519 367.935535
565.516971 367.068562
565.016424 366.201588
564.515876 365.334614
564.015329 364.467641
563.514782 363.600667
563.014234 362.733694
562.513687 361.866720
562.013139 360.999746
561.512592 360.132773
560.010949 357.531852
559.510402 356.664878
558.509307 354.930931
558.008759 354.063957
557.508212 353.196983
557.007665 352.330010
556.006570 350.596063
555.005475 348.862115
554.504927 347.995142
554.004380 347.128168
553.503832 346.261194
553.003285 345.394221
551.001095 341.926326
550.500547 341.059353
550.000000 340.192379
550.000000 340.192379
549.499453 341.059353
548.998905 341.926326
548.498358 342.793300
547.997810 343.660273
546.996715 345.394221
546.496168 346.261194
545.995620 347.128168
545.495073 347.995142
543.993430 350.596063
543.492883 351.463036
542.491788 353.196983
541.991241 354.063957
540.990146 355.797904
540.489598 356.664878
539.989051 357.531852
539.488503 358.398825
538.987956 359.265799
537.986861 360.999746
537.486313 361.866720
536.485218 363.600667
535.984671 364.467641
535.484124 365.334614
534.483029 367.068562
533.982481 367.935535
532.981386 369.669483
532.480839 370.536456
531.479744 372.270404
530.979196 373.137377
530.478649 374.004351
529.477554 375.738298
528.977006 376.605272
527.975912 378.339219
527.475364 379.206193
526.974817 380.073166
525.973722 381.807114
525.473174 382.674087
524.972627 383.541061
524.472079 384.408035
523.971532 385.275008
523.470984 386.141982
522.970437 387.008955
522.469889 387.875929
521.969342 388.742903
519.967152 392.210797
518.966057 393.944745
518.465510 394.811718
517.964962 395.678692
517.464415 396.545666
516.963867 397.412639
516.463320 398.279613
515.962772 399.146586
514.461130 401.747507
513.960583 402.614481
513.460035 403.481455
512.959488 404.348428
512.458940 405.215402
511.958393 406.082376
511.457845 406.949349
510.957298 407.816323
510.456750 408.683297
509.956203 409.550270
509.455655 410.417244
508.955108 411.284217
508.454560 412.151191
507.954013 413.018165
507.453465 413.885138
506.452371 415.619086
505.451276 417.353033
504.950728 418.220007
504.450181 419.086980
503.949633 419.953954
501.947443 423.421848
501.446896 424.288822
499.945253 426.889743
498.443611 429.490664
497.442516 431.224611
496.441421 432.958558
495.940874 433.825532
494.939779 435.559479
494.439231 436.426453
493.938684 437.293427
492.937589 439.027374
492.437042 439.894348
491.936494 440.761321
491.435947 441.628295
490.434852 443.362242
489.934304 444.229216
489.433757 445.096189
488.933209 445.963163
487.932114 447.697110
487.431567 448.564084
486.931019 449.431058
486.430472 450.298031
485.929924 451.165005
485.429377 452.031979
482.926640 456.366847
481.925545 458.100794
481.424997 458.967768
480.924450 459.834741
480.423902 460.701715
479.923355 461.568689
478.922260 463.302636
477.420618 465.903557
476.920070 466.770530
476.419523 467.637504
475.918975 468.504478
475.418428 469.371451
474.917880 470.238425
474.417333 471.105399
473.416238 472.839346
472.915690 473.706320
471.914595 475.440267
471.414048 476.307241
470.913501 477.174214
469.912406 478.908161
468.911311 480.642109
468.410763 481.509082
467.910216 482.376056
467.409668 483.243030
466.909121 484.110003
466.408573 484.976977
465.908026 485.843951
464.906931 487.577898
464.406383 488.444871
462.404194 491.912766
461.903646 492.779740
461.403099 493.646713
459.901456 496.247634
458.399814 498.848555
457.398719 500.582502
456.898172 501.449476
456.397624 502.316450
455.396529 504.050397
454.895982 504.917371
454.395434 505.784344
453.394339 507.518292
452.893792 508.385265
451.892697 510.119213
451.392149 510.986186
450.891602 511.853160
450.391054 512.720133
449.389960 514.454081
448.889412 515.321054
446.386675 519.655923
445.886127 520.522896
445.385580 521.389870
444.885032 522.256843
443.883937 523.990791
442.882842 525.724738
442.382295 526.591712
441.881748 527.458685
441.381200 528.325659
440.880653 529.192633
439.879558 530.926580
439.379010 531.793554
438.878463 532.660527
438.377915 533.527501
437.877368 534.394474
436.876273 536.128422
436.375725 536.995395
435.374631 538.729343
434.874083 539.596316
434.373536 540.463290
433.872988 541.330264
432.871893 543.064211
432.371346 543.931185
431.870798 544.798158
431.370251 545.665132
430.869703 546.532105
430.369156 547.399079
429.868608 548.266053
429.368061 549.133026
428.867513 550.000000
428.867513 550.000000
427.864869 550.000000
425.859579 550.000000
424.856934 550.000000
420.846355 550.000000
417.838420 550.000000
416.835775 550.000000
414.830485 550.000000
412.825196 550.000000
410.819906 550.000000
409.817261 550.000000
406.809327 550.000000
403.801392 550.000000
402.798747 550.000000
397.785523 550.000000
392.772299 550.000000
387.759074 550.000000
386.756429 550.000000
385.753785 550.000000
384.751140 550.000000
381.743205 550.000000
378.735271 550.000000
375.727336 550.000000
374.724691 550.000000
373.722046 550.000000
368.708822 550.000000
367.706177 550.000000
365.700887 550.000000
364.698243 550.000000
363.695598 550.000000
362.692953 550.000000
360.687663 550.000000
359.685018 550.000000
357.679729 550.000000
356.677084 550.000000
354.671794 550.000000
353.669149 550.000000
352.666504 550.000000
350.661215 550.000000
349.658570 550.000000
348.655925 550.000000
347.653280 550.000000
345.647990 550.000000
343.642701 550.000000
342.640056 550.000000
338.629476 550.000000
337.626831 550.000000
336.624187 550.000000
335.621542 550.000000
334.618897 550.000000
333.616252 550.000000
330.608317 550.000000
327.600383 550.000000
326.597738 550.000000
325.595093 550.000000
324.592448 550.000000
322.587159 550.000000
319.579224 550.000000
318.576579 550.000000
316.571289 550.000000
313.563355 550.000000
309.552775 550.000000
307.547486 550.000000
306.544841 550.000000
304.539551 550.000000
303.536906 550.000000
301.531616 550.000000
300.528972 550.000000
298.523682 550.000000
296.518392 550.000000
295.515747 550.000000
292.507813 550.000000
290.502523 550.000000
289.499878 550.000000
288.497233 550.000000
287.494588 550.000000
286.491944 550.000000
285.489299 550.000000
284.486654 550.000000
283.484009 550.000000
282.481364 550.000000
280.476074 550.000000
279.473430 550.000000
277.468140 550.000000
275.462850 550.000000
274.460205 550.000000
272.454916 550.000000
267.441691 550.000000
265.436402 550.000000
263.431112 550.000000
262.428467 550.000000
261.425822 550.000000
260.423177 550.000000
259.420532 550.000000
254.407308 550.000000
253.404663 550.000000
252.402018 550.000000
250.396729 550.000000
247.388794 550.000000
245.383504 550.000000
244.380860 550.000000
242.375570 550.000000
241.372925 550.000000
240.370280 550.000000
236.359701 550.000000
235.357056 550.000000
232.349121 550.000000
231.346476 550.000000
227.335897 550.000000
226.333252 550.000000
225.330607 550.000000
224.327962 550.000000
221.320028 550.000000
220.317383 550.000000
217.309448 550.000000
216.306804 550.000000
215.304159 550.000000
213.298869 550.000000
212.296224 550.000000
210.290934 550.000000
208.285645 550.000000
207.283000 550.000000
206.280355 550.000000
204.275065 550.000000
203.272420 550.000000
200.264486 550.000000
199.261841 550.000000
198.259196 550.000000
197.256551 550.000000
196.253906 550.000000
195.251262 550.000000
192.243327 550.000000
191.240682 550.000000
190.238037 550.000000
189.235392 550.000000
187.230103 550.000000
186.227458 550.000000
185.224813 550.000000
184.222168 550.000000
183.219523 550.000000
182.216878 550.000000
180.211589 550.000000
179.208944 550.000000
177.203654 550.000000
176.201009 550.000000
173.193075 550.000000
172.190430 550.000000
170.185140 550.000000
169.182495 550.000000
168.179850 550.000000
167.177205 550.000000
166.174561 550.000000
165.171916 550.000000
164.169271 550.000000
163.166626 550.000000
162.163981 550.000000
161.161336 550.000000
158.153402 550.000000
157.150757 550.000000
155.145467 550.000000
154.142822 550.000000
153.140177 550.000000
152.137533 550.000000
151.134888 550.000000
150.132243 550.000000
149.129598 550.000000
148.126953 550.000000
144.116374 550.000000
142.111084 550.000000
141.108439 550.000000
139.103149 550.000000
138.100505 550.000000
137.097860 550.000000
136.095215 550.000000
135.092570 550.000000
133.087280 550.000000
131.081991 550.000000
130.079346 550.000000
127.071411 550.000000
125.066121 550.000000
124.063477 550.000000
123.060832 550.000000
121.055542 550.000000
120.052897 550.000000
119.050252 550.000000
117.044963 550.000000
115.039673 550.000000
112.031738 550.000000
110.026449 550.000000
108.021159 550.000000
105.013224 550.000000
102.005290 550.000000
100.000000 550.000000
