970
103.001467 450.000000
105.002444 450.000000
108.003911 450.000000
113.006355 450.000000
114.006844 450.000000
115.007333 450.000000
116.007822 450.000000
117.008311 450.000000
121.010266 450.000000
123.011244 450.000000
124.011733 450.000000
125.012222 450.000000
126.012711 450.000000
131.015155 450.000000
133.016133 450.000000
135.017111 450.000000
136.017600 450.000000
139.019066 450.000000
143.021022 450.000000
157.027866 450.000000
159.028844 450.000000
162.030311 450.000000
166.032266 450.000000
169.033733 450.000000
170.034222 450.000000
171.034710 450.000000
172.035199 450.000000
173.035688 450.000000
174.036177 450.000000
176.037155 450.000000
178.038133 450.000000
179.038622 450.000000
182.040088 450.000000
183.040577 450.000000
185.041555 450.000000
187.042533 450.000000
188.043021 450.000000
193.045466 450.000000
195.046444 450.000000
199.048399 450.000000
200.048888 450.000000
206.051821 450.000000
212.054755 450.000000
213.055243 450.000000
214.055732 450.000000
217.057199 450.000000
220.058666 450.000000
224.060621 450.000000
225.061110 450.000000
227.062088 450.000000
230.063554 450.000000
231.064043 450.000000
234.065510 450.000000
238.067465 450.000000
239.067954 450.000000
240.068443 450.000000
242.069421 450.000000
243.069910 450.000000
244.070399 450.000000
245.070888 450.000000
246.071377 450.000000
247.071865 450.000000
249.072843 450.000000
254.075288 450.000000
259.077732 450.000000
261.078710 450.000000
263.079687 450.000000
264.080176 450.000000
266.081154 450.000000
271.083599 450.000000
278.087021 450.000000
281.088487 450.000000
284.089954 450.000000
286.090932 450.000000
287.091421 450.000000
288.091909 450.000000
299.097287 450.000000
302.098754 450.000000
304.099732 450.000000
305.100220 450.000000
306.100709 450.000000
307.101198 450.000000
308.101687 450.000000
312.103643 450.000000
318.106576 450.000000
322.108531 450.000000
323.109020 450.000000
324.109509 450.000000
325.109998 450.000000
327.110976 450.000000
328.111465 450.000000
330.112442 450.000000
332.113420 450.000000
335.114887 450.000000
342.118309 450.000000
343.118798 450.000000
349.121731 450.000000
352.123198 450.000000
353.123687 450.000000
354.124176 450.000000
357.125642 450.000000
359.126620 450.000000
360.127109 450.000000
361.127598 450.000000
362.128087 450.000000
371.132487 450.000000
372.635575 447.396575
373.637634 445.660958
375.641752 442.189724
378.647928 436.982873
379.148958 436.115065
379.649987 435.247256
380.151017 434.379448
381.153076 432.643831
382.155134 430.908214
382.656164 430.040405
383.157193 429.172597
383.658223 428.304788
385.161311 425.701363
386.664399 423.097938
387.165429 422.230129
389.670576 417.891087
390.171606 417.023278
390.672635 416.155470
391.173665 415.287661
392.175723 413.552045
399.691165 400.534918
400.192195 399.667109
400.693224 398.799301
401.695283 397.063684
402.697342 395.328067
403.198371 394.460258
404.200430 392.724641
406.705577 388.385599
407.206607 387.517791
409.711754 383.178748
410.713813 381.443131
411.715872 379.707515
412.717931 377.971898
414.722049 374.500664
418.730284 367.558196
419.231314 366.690388
419.732343 365.822579
420.233373 364.954771
422.237490 361.483537
422.738520 360.615728
423.740579 358.880111
424.241608 358.012303
424.742638 357.144495
425.744697 355.408878
428.249844 351.069835
429.251903 349.334218
430.253962 347.598601
432.258079 344.127368
434.763227 339.788325
435.264256 338.920517
438.270433 333.713666
438.771462 332.845858
440.274551 330.242432
440.775580 329.374624
441.276609 328.506815
441.777639 327.639007
442.278668 326.771198
442.779698 325.903390
444.282786 323.299964
446.787933 318.960922
447.288963 318.093114
449.794110 313.754071
452.299257 309.415029
454.303375 305.943795
459.313670 297.265711
459.814699 296.397902
460.315729 295.530094
464.824994 287.719818
465.326023 286.852009
465.827052 285.984201
466.829111 284.248584
468.332200 281.645158
471.338376 276.438307
471.839406 275.570499
472.340435 274.702691
475.346612 269.495840
476.348671 267.760223
477.851759 265.156797
478.352789 264.288989
478.853818 263.421181
480.356907 260.817755
481.358965 259.082138
481.859995 258.214330
482.862054 256.478713
483.363083 255.610904
485.868230 251.271862
487.872348 247.800628
490.377496 243.461586
490.878525 242.593777
492.882643 239.122544
493.383672 238.254735
493.884702 237.386927
495.888819 233.915693
496.890878 232.180076
497.391908 231.312267
499.396026 227.841034
502.903232 221.766374
505.408379 217.427332
510.919703 207.881439
511.420732 207.013630
511.921762 206.145822
512.422791 205.278014
512.923821 204.410205
516.932056 197.467737
519.437204 193.128695
520.940292 190.525270
522.443380 187.921844
522.944410 187.054036
524.447498 184.450610
529.457793 175.772526
530.459851 174.036909
531.962940 171.433484
532.463969 170.565675
533.466028 168.830058
534.468087 167.094441
537.474264 161.887590
537.975293 161.019782
540.480440 156.680740
540.981470 155.812931
542.484558 153.209506
543.486617 151.473889
545.991764 147.134847
546.492794 146.267038
547.995882 143.663613
548.496912 142.795804
550.000000 140.192379
552.004118 143.663613
553.006177 145.399230
553.507206 146.267038
554.008236 147.134847
554.509265 148.002655
557.515442 153.209506
558.016471 154.077314
559.018530 155.812931
559.519560 156.680740
564.028825 164.491016
566.032942 167.962250
570.542207 175.772526
571.043237 176.640334
571.544266 177.508143
575.051472 183.582802
578.558679 189.657461
579.059708 190.525270
580.061767 192.260887
580.562796 193.128695
584.070003 199.203354
584.571032 200.071163
586.074120 202.674588
587.577209 205.278014
589.080297 207.881439
593.088533 214.823907
594.090592 216.559524
596.595739 220.898566
597.597798 222.634183
598.098827 223.501991
599.100886 225.237608
599.601915 226.105417
601.105004 228.708842
603.109122 232.180076
603.610151 233.047884
605.113239 235.651310
606.115298 237.386927
607.117357 239.122544
610.123534 244.329394
611.125593 246.065011
612.628681 248.668437
614.632799 252.139671
616.135887 254.743096
616.636917 255.610904
618.641035 259.082138
621.146182 263.421181
621.647211 264.288989
622.148241 265.156797
626.156476 272.099265
631.166771 280.777350
631.667800 281.645158
632.168830 282.512967
633.170889 284.248584
634.172948 285.984201
635.175006 287.719818
636.678095 290.323243
638.181183 292.926668
641.187360 298.133519
642.690448 300.736944
643.191478 301.604753
643.692507 302.472561
644.193536 303.340370
645.696625 305.943795
649.203831 312.018454
654.214125 320.696539
658.222361 327.639007
659.725449 330.242432
660.727508 331.978049
661.729567 333.713666
662.230597 334.581474
663.733685 337.184900
666.238832 341.523942
667.240891 343.259559
667.741921 344.127368
669.245009 346.730793
670.748097 349.334218
674.756333 356.276686
675.257362 357.144495
676.760451 359.747920
677.762510 361.483537
680.768686 366.690388
681.269716 367.558196
682.772804 370.161621
684.275892 372.765047
684.776922 373.632855
687.282069 377.971898
687.783099 378.839706
691.290305 384.914365
692.793393 387.517791
694.797511 390.989025
698.805746 397.931492
701.310894 402.270535
701.811923 403.138343
702.312953 404.006151
706.822218 411.816428
708.325306 414.419853
713.335601 423.097938
713.836630 423.965746
714.337659 424.833555
715.339718 426.569172
717.343836 430.040405
717.844866 430.908214
718.345895 431.776022
718.846924 432.643831
719.347954 433.511639
722.855160 439.586298
723.356190 440.454107
727.364425 447.396575
732.869469 450.000000
733.869958 450.000000
734.870447 450.000000
735.870936 450.000000
736.871425 450.000000
737.871913 450.000000
738.872402 450.000000
742.874358 450.000000
743.874847 450.000000
745.875824 450.000000
751.878758 450.000000
753.879735 450.000000
754.880224 450.000000
757.881691 450.000000
760.883158 450.000000
765.885602 450.000000
769.887558 450.000000
771.888535 450.000000
772.889024 450.000000
773.889513 450.000000
775.890491 450.000000
777.891469 450.000000
778.891957 450.000000
781.893424 450.000000
782.893913 450.000000
783.894402 450.000000
784.894891 450.000000
786.895869 450.000000
796.900757 450.000000
797.901246 450.000000
801.903202 450.000000
802.903691 450.000000
804.904668 450.000000
805.905157 450.000000
808.906624 450.000000
809.907113 450.000000
814.909557 450.000000
817.911024 450.000000
819.912002 450.000000
820.912490 450.000000
824.914446 450.000000
825.914935 450.000000
826.915424 450.000000
828.916401 450.000000
830.917379 450.000000
831.917868 450.000000
832.918357 450.000000
836.920313 450.000000
838.921290 450.000000
840.922268 450.000000
841.922757 450.000000
848.926179 450.000000
849.926668 450.000000
850.927157 450.000000
854.929112 450.000000
855.929601 450.000000
860.932046 450.000000
872.937912 450.000000
874.938890 450.000000
877.940357 450.000000
881.942312 450.000000
882.942801 450.000000
888.945734 450.000000
889.946223 450.000000
893.948179 450.000000
894.948668 450.000000
895.949156 450.000000
896.949645 450.000000
897.950134 450.000000
900.951601 450.000000
902.952579 450.000000
904.953556 450.000000
909.956001 450.000000
911.956979 450.000000
914.958445 450.000000
916.959423 450.000000
918.960401 450.000000
920.961378 450.000000
922.962356 450.000000
925.963823 450.000000
929.965778 450.000000
930.966267 450.000000
931.966756 450.000000
933.967734 450.000000
935.968712 450.000000
937.969689 450.000000
939.970667 450.000000
942.972134 450.000000
943.972623 450.000000
944.973112 450.000000
946.974089 450.000000
947.974578 450.000000
948.975067 450.000000
952.977023 450.000000
953.977512 450.000000
956.978978 450.000000
958.979956 450.000000
959.980445 450.000000
960.980934 450.000000
967.984356 450.000000
972.986800 450.000000
981.991200 450.000000
982.991689 450.000000
985.993156 450.000000
988.994622 450.000000
990.995600 450.000000
992.996578 450.000000
994.997556 450.000000
1000.000000 450.000000
1000.000000 453.000000
1000.000000 454.000000
1000.000000 456.000000
1000.000000 457.000000
1000.000000 459.000000
1000.000000 460.000000
1000.000000 461.000000
1000.000000 464.000000
1000.000000 465.000000
1000.000000 466.000000
1000.000000 468.000000
1000.000000 469.000000
1000.000000 471.000000
1000.000000 472.000000
1000.000000 473.000000
1000.000000 474.000000
1000.000000 475.000000
1000.000000 476.000000
1000.000000 477.000000
1000.000000 478.000000
1000.000000 479.000000
1000.000000 480.000000
1000.000000 481.000000
1000.000000 482.000000
1000.000000 483.000000
1000.000000 484.000000
1000.000000 485.000000
1000.000000 486.000000
1000.000000 488.000000
1000.000000 490.000000
1000.000000 491.000000
1000.000000 495.000000
1000.000000 498.000000
1000.000000 499.000000
1000.000000 501.000000
1000.000000 502.000000
1000.000000 503.000000
1000.000000 504.000000
1000.000000 505.000000
1000.000000 510.000000
1000.000000 511.000000
1000.000000 512.000000
1000.000000 513.000000
1000.000000 514.000000
1000.000000 515.000000
1000.000000 516.000000
1000.000000 517.000000
1000.000000 518.000000
1000.000000 519.000000
1000.000000 520.000000
1000.000000 521.000000
1000.000000 523.000000
1000.000000 524.000000
1000.000000 525.000000
1000.000000 526.000000
1000.000000 528.000000
1000.000000 529.000000
1000.000000 531.000000
1000.000000 533.000000
1000.000000 534.000000
1000.000000 537.000000
1000.000000 538.000000
1000.000000 539.000000
1000.000000 540.000000
1000.000000 541.000000
1000.000000 542.000000
1000.000000 543.000000
1000.000000 544.000000
1000.000000 545.000000
1000.000000 546.000000
1000.000000 547.000000
1000.000000 548.000000
1000.000000 549.000000
1000.000000 550.000000
1000.000000 550.000000
987.968262 550.000000
986.965617 550.000000
982.955037 550.000000
981.952393 550.000000
977.941813 550.000000
976.939168 550.000000
975.936523 550.000000
974.933879 550.000000
973.931234 550.000000
970.923299 550.000000
969.920654 550.000000
968.918009 550.000000
967.915365 550.000000
964.907430 550.000000
961.899495 550.000000
959.894206 550.000000
952.875692 550.000000
950.870402 550.000000
949.867757 550.000000
947.862467 550.000000
945.857178 550.000000
942.849243 550.000000
940.843953 550.000000
937.836019 550.000000
933.825439 550.000000
932.822795 550.000000
931.820150 550.000000
927.809570 550.000000
924.801636 550.000000
921.793701 550.000000
920.791056 550.000000
909.761963 550.000000
908.759318 550.000000
897.730224 550.000000
896.727580 550.000000
892.717000 550.000000
891.714355 550.000000
885.698486 550.000000
883.693196 550.000000
881.687907 550.000000
874.669393 550.000000
871.661458 550.000000
868.653524 550.000000
865.645589 550.000000
864.642944 550.000000
861.635010 550.000000
848.600626 550.000000
842.584757 550.000000
841.582112 550.000000
839.576823 550.000000
838.574178 550.000000
837.571533 550.000000
832.558309 550.000000
830.553019 550.000000
824.537150 550.000000
823.534505 550.000000
822.531860 550.000000
821.529215 550.000000
817.518636 550.000000
814.510701 550.000000
813.508056 550.000000
809.497477 550.000000
807.492187 550.000000
802.478963 550.000000
797.465739 550.000000
795.460449 550.000000
794.457804 550.000000
793.455159 550.000000
792.452514 550.000000
791.449870 550.000000
790.447225 550.000000
789.444580 550.000000
788.441935 550.000000
786.436645 550.000000
785.434000 550.000000
784.431356 550.000000
782.426066 550.000000
780.420776 550.000000
777.412841 550.000000
776.410197 550.000000
771.396972 550.000000
770.394327 550.000000
769.391683 550.000000
768.389038 550.000000
765.381103 550.000000
761.370524 550.000000
754.352010 550.000000
744.325561 550.000000
738.309692 550.000000
735.301757 550.000000
731.291178 550.000000
730.288533 550.000000
722.267374 550.000000
717.254150 550.000000
711.238281 550.000000
709.232991 550.000000
708.230346 550.000000
706.225057 550.000000
704.219767 550.000000
703.217122 550.000000
699.206543 550.000000
697.201253 550.000000
692.188029 550.000000
690.182739 550.000000
689.180094 550.000000
687.174804 550.000000
686.172159 550.000000
684.166870 550.000000
681.158935 550.000000
679.153645 550.000000
677.148356 550.000000
675.143066 550.000000
674.140421 550.000000
673.137776 550.000000
672.135131 550.000000
670.631939 549.133026
670.131392 548.266053
669.630844 547.399079
669.130297 546.532105
668.629749 545.665132
666.627559 542.197237
665.125917 539.596316
659.619895 530.059606
659.119347 529.192633
657.617705 526.591712
653.613325 519.655923
653.112778 518.788949
652.111683 517.055002
648.107303 510.119213
646.605661 507.518292
645.604566 505.784344
645.104018 504.917371
644.603471 504.050397
643.101828 501.449476
642.100734 499.715529
641.600186 498.848555
641.099639 497.981582
639.597996 495.380661
638.596901 493.646713
638.096354 492.779740
634.592522 486.710924
634.091974 485.843951
633.591427 484.976977
632.089784 482.376056
629.587047 478.041188
627.584857 474.573293
626.583762 472.839346
624.081025 468.504478
623.580477 467.637504
623.079930 466.770530
622.078835 465.036583
621.578288 464.169610
621.077740 463.302636
620.577193 462.435662
620.076645 461.568689
618.575003 458.967768
616.572813 455.499873
616.072265 454.632899
615.571718 453.765926
615.071170 452.898952
613.068981 449.431058
612.067886 447.697110
607.562958 439.894348
607.062411 439.027374
606.061316 437.293427
605.060221 435.559479
604.059126 433.825532
600.555294 427.756717
599.554199 426.022769
598.553104 424.288822
598.052557 423.421848
597.552009 422.554875
595.049272 418.220007
594.048177 416.486059
593.047082 414.752112
592.546535 413.885138
592.045987 413.018165
591.545440 412.151191
591.044892 411.284217
589.543250 408.683297
588.041607 406.082376
587.541060 405.215402
585.538870 401.747507
585.038323 400.880534
584.537775 400.013560
583.036133 397.412639
582.035038 395.678692
579.532300 391.343824
577.029563 387.008955
576.028468 385.275008
575.527921 384.408035
575.027373 383.541061
574.526826 382.674087
572.024088 378.339219
571.523541 377.472245
570.522446 375.738298
570.021899 374.871325
567.519161 370.536456
567.018614 369.669483
566.518066 368.802509
564.015329 364.467641
562.513687 361.866720
562.013139 360.999746
560.010949 357.531852
558.509307 354.930931
558.008759 354.063957
557.508212 353.196983
557.007665 352.330010
556.006570 350.596063
554.004380 347.128168
551.501642 342.793300
547.997810 343.660273
546.996715 345.394221
545.995620 347.128168
545.495073 347.995142
544.994525 348.862115
542.491788 353.196983
541.991241 354.063957
540.489598 356.664878
539.989051 357.531852
539.488503 358.398825
538.487408 360.132773
537.486313 361.866720
536.985766 362.733694
533.481934 368.802509
532.480839 370.536456
531.479744 372.270404
530.979196 373.137377
530.478649 374.004351
527.975912 378.339219
526.974817 380.073166
526.474269 380.940140
525.973722 381.807114
524.972627 383.541061
523.971532 385.275008
520.968247 390.476850
520.467700 391.343824
517.964962 395.678692
517.464415 396.545666
515.962772 399.146586
514.961677 400.880534
513.960583 402.614481
512.458940 405.215402
509.455655 410.417244
508.955108 411.284217
507.954013 413.018165
507.453465 413.885138
506.952918 414.752112
505.951823 416.486059
503.949633 419.953954
503.449086 420.820927
502.447991 422.554875
500.445801 426.022769
498.944159 428.623690
495.940874 433.825532
494.439231 436.426453
492.437042 439.894348
491.936494 440.761321
491.435947 441.628295
489.433757 445.096189
487.431567 448.564084
485.429377 452.031979
484.428282 453.765926
483.427187 455.499873
482.426092 457.233820
480.924450 459.834741
479.923355 461.568689
478.922260 463.302636
477.921165 465.036583
476.920070 466.770530
475.918975 468.504478
475.418428 469.371451
473.916785 471.972372
470.913501 477.174214
469.912406 478.908161
468.911311 480.642109
468.410763 481.509082
467.409668 483.243030
466.408573 484.976977
464.906931 487.577898
463.905836 489.311845
462.404194 491.912766
461.403099 493.646713
460.902551 494.513687
459.901456 496.247634
458.900361 497.981582
457.899266 499.715529
456.397624 502.316450
454.895982 504.917371
454.395434 505.784344
453.894887 506.651318
452.393244 509.252239
450.891602 511.853160
450.391054 512.720133
449.389960 514.454081
448.889412 515.321054
447.387770 517.921975
446.887222 518.788949
444.885032 522.256843
444.384485 523.123817
443.383390 524.857764
442.882842 525.724738
442.382295 526.591712
441.381200 528.325659
440.880653 529.192633
440.380105 530.059606
439.879558 530.926580
439.379010 531.793554
438.377915 533.527501
436.876273 536.128422
436.375725 536.995395
434.874083 539.596316
434.373536 540.463290
433.872988 541.330264
433.372441 542.197237
432.871893 543.064211
432.371346 543.931185
430.369156 547.399079
429.868608 548.266053
428.867513 550.000000
428.867513 550.000000
423.854289 550.000000
421.848999 550.000000
418.841065 550.000000
415.833130 550.000000
414.830485 550.000000
411.822551 550.000000
402.798747 550.000000
400.793457 550.000000
399.790813 550.000000
398.788168 550.000000
397.785523 550.000000
395.780233 550.000000
390.767009 550.000000
389.764364 550.000000
386.756429 550.000000
384.751140 550.000000
381.743205 550.000000
380.740560 550.000000
379.737915 550.000000
378.735271 550.000000
377.732626 550.000000
376.729981 550.000000
374.724691 550.000000
371.716757 550.000000
366.703532 550.000000
359.685018 550.000000
354.671794 550.000000
353.669149 550.000000
350.661215 550.000000
347.653280 550.000000
346.650635 550.000000
345.647990 550.000000
343.642701 550.000000
342.640056 550.000000
336.624187 550.000000
335.621542 550.000000
334.618897 550.000000
331.610962 550.000000
328.603028 550.000000
327.600383 550.000000
325.595093 550.000000
317.573934 550.000000
307.547486 550.000000
305.542196 550.000000
301.531616 550.000000
299.526327 550.000000
298.523682 550.000000
296.518392 550.000000
295.515747 550.000000
294.513102 550.000000
289.499878 550.000000
287.494588 550.000000
286.491944 550.000000
284.486654 550.000000
280.476074 550.000000
279.473430 550.000000
278.470785 550.000000
277.468140 550.000000
275.462850 550.000000
274.460205 550.000000
273.457560 550.000000
271.452271 550.000000
269.446981 550.000000
264.433757 550.000000
262.428467 550.000000
256.412598 550.000000
254.407308 550.000000
252.402018 550.000000
250.396729 550.000000
249.394084 550.000000
245.383504 550.000000
244.380860 550.000000
240.370280 550.000000
237.362346 550.000000
233.351766 550.000000
230.343832 550.000000
229.341187 550.000000
226.333252 550.000000
224.327962 550.000000
223.325318 550.000000
220.317383 550.000000
219.314738 550.000000
217.309448 550.000000
215.304159 550.000000
208.285645 550.000000
207.283000 550.000000
202.269776 550.000000
199.261841 550.000000
196.253906 550.000000
192.243327 550.000000
184.222168 550.000000
183.219523 550.000000
180.211589 550.000000
176.201009 550.000000
175.198364 550.000000
173.193075 550.000000
171.187785 550.000000
163.166626 550.000000
162.163981 550.000000
158.153402 550.000000
157.150757 550.000000
155.145467 550.000000
153.140177 550.000000
149.129598 550.000000
148.126953 550.000000
144.116374 550.000000
142.111084 550.000000
137.097860 550.000000
136.095215 550.000000
133.087280 550.000000
132.084635 550.000000
130.079346 550.000000
129.076701 550.000000
127.071411 550.000000
125.066121 550.000000
124.063477 550.000000
120.052897 550.000000
117.044963 550.000000
113.034383 550.000000
112.031738 550.000000
111.029093 550.000000
109.023804 550.000000
104.010579 550.000000
103.007935 550.000000
102.005290 550.000000
100.000000 550.000000
