1170
100.000000 450.000000
102.003732 450.000000
104.007464 450.000000
105.009330 450.000000
106.011196 450.000000
107.013062 450.000000
108.014928 450.000000
110.018660 450.000000
111.020526 450.000000
113.024258 450.000000
117.031722 450.000000
118.033588 450.000000
121.039186 450.000000
123.042918 450.000000
126.048516 450.000000
127.050382 450.000000
130.055980 450.000000
131.057846 450.000000
132.059712 450.000000
136.067177 450.000000
137.069043 450.000000
141.076507 450.000000
143.080239 450.000000
145.083971 450.000000
148.089569 450.000000
149.091435 450.000000
152.097033 450.000000
156.104497 450.000000
157.106363 450.000000
159.110095 450.000000
160.111961 450.000000
161.113827 450.000000
162.115693 450.000000
164.119425 450.000000
165.121291 450.000000
166.123157 450.000000
167.125023 450.000000
168.126889 450.000000
170.130621 450.000000
171.132487 450.000000
175.653555 442.169281
178.165259 437.818882
184.193349 427.377923
186.202712 423.897604
192.733143 412.586565
193.737825 410.846406
194.742507 409.106246
195.244848 408.236166
197.756552 403.885767
198.258893 403.015687
209.812732 383.003850
211.822096 379.523530
213.831459 376.043211
216.343163 371.692811
216.845504 370.822732
219.859549 365.602252
222.873594 360.381773
226.389980 354.291214
227.394662 352.551054
229.906366 348.200655
234.427434 340.369936
235.432115 338.629776
238.446161 333.409297
241.962546 327.318738
243.971910 323.838418
253.014045 318.617939
253.516386 319.488019
254.018727 320.358099
255.023408 322.098259
255.525749 322.968339
256.028090 323.838418
259.042135 329.058898
259.544476 329.928978
263.563203 336.889617
264.065544 337.759696
265.070225 339.499856
267.581930 343.850256
268.084270 344.720335
268.586611 345.590415
269.591293 347.330575
271.098316 349.940815
274.112361 355.161294
274.614702 356.031374
275.619383 357.771534
276.121724 358.641613
277.126406 360.381773
278.633428 362.992013
279.135769 363.862093
280.642792 366.472332
281.647473 368.212492
283.656837 371.692811
288.177904 379.523530
290.689609 383.873930
292.698972 387.354249
295.713017 392.574728
296.717699 394.314888
299.229403 398.665288
299.731744 399.535367
300.234085 400.405447
301.741107 403.015687
302.745789 404.755847
314.801969 425.637764
315.806651 427.377923
316.811333 429.118083
317.313674 429.988163
320.327719 435.208642
321.834741 437.818882
322.839423 439.559042
323.341764 440.429121
325.853468 444.779521
328.365172 449.129920
328.867513 450.000000
329.873822 450.000000
330.880131 450.000000
331.886440 450.000000
332.892749 450.000000
333.899058 450.000000
334.905366 450.000000
335.911675 450.000000
336.917984 450.000000
337.924293 450.000000
338.930602 450.000000
339.936911 450.000000
340.943220 450.000000
342.955838 450.000000
343.962147 450.000000
344.968455 450.000000
345.974764 450.000000
350.000000 450.000000
351.006309 450.000000
352.012618 450.000000
355.031545 450.000000
356.037853 450.000000
358.050471 450.000000
360.063089 450.000000
361.069398 450.000000
363.082016 450.000000
365.094634 450.000000
366.100942 450.000000
367.107251 450.000000
368.113560 450.000000
369.119869 450.000000
370.126178 450.000000
371.132487 450.000000
371.132487 450.000000
371.635641 449.128511
372.138796 448.257022
373.145105 446.514044
373.648259 445.642555
374.654568 443.899577
375.157722 443.028088
375.660877 442.156599
376.164031 441.285110
377.170340 439.542131
378.176649 437.799153
378.679803 436.927664
379.182958 436.056175
379.686112 435.184686
380.189267 434.313197
381.698730 431.698730
382.201884 430.827241
383.711348 428.212774
384.214502 427.341285
384.717657 426.469796
385.723965 424.726818
386.227120 423.855329
386.730274 422.983840
387.233429 422.112350
387.736583 421.240861
388.742892 419.497883
389.246046 418.626394
389.749201 417.754905
390.755510 416.011927
391.258664 415.140438
391.761819 414.268949
392.264973 413.397460
388.748587 407.306901
385.232201 401.216342
383.725179 398.606102
380.711134 393.385623
379.204111 390.775383
378.199429 389.035223
377.194748 387.295064
376.692407 386.424984
376.190066 385.554904
371.166657 376.854105
370.161976 375.113945
368.654953 372.503706
368.152612 371.633626
364.636226 365.543067
362.626863 362.062747
361.622181 360.322587
359.612818 356.842268
358.608136 355.102108
356.598773 351.621789
355.091750 349.011549
354.087069 347.271389
349.566001 339.440670
349.063660 338.570590
340.523866 323.779232
339.016843 321.168993
337.007480 317.688673
332.486412 309.857954
328.467685 302.897315
326.960663 300.287076
323.946618 295.066596
323.444277 294.196517
322.941936 293.326437
321.434914 290.716197
318.420868 285.495718
317.918528 284.625638
315.909164 281.145318
313.899801 277.664999
313.397460 276.794919
314.402142 276.794919
317.416187 276.794919
320.430232 276.794919
321.434914 276.794919
322.439595 276.794919
323.444277 276.794919
324.448959 276.794919
325.453640 276.794919
328.467686 276.794919
329.472367 276.794919
331.481731 276.794919
334.495776 276.794919
340.523866 276.794919
347.556638 276.794919
349.566001 276.794919
354.589410 276.794919
355.594091 276.794919
361.622182 276.794919
363.631545 276.794919
369.659635 276.794919
373.678362 276.794919
377.697089 276.794919
388.748588 276.794919
390.757951 276.794919
393.771996 276.794919
395.781359 276.794919
398.795405 276.794919
402.814131 276.794919
413.865630 276.794919
418.889039 276.794919
421.903084 276.794919
424.917129 276.794919
429.940537 276.794919
433.959264 276.794919
435.968627 276.794919
436.973309 276.794919
437.977991 276.794919
448.024808 276.794919
453.048216 276.794919
455.057580 276.794919
457.066943 276.794919
458.071625 276.794919
466.109078 276.794919
469.123124 276.794919
475.653555 268.964200
476.155895 268.094120
476.658236 267.224040
480.676963 260.263401
482.183986 257.653162
483.188667 255.913002
487.207394 248.952363
492.230803 240.251564
493.737825 237.641325
499.263574 228.070446
500.268256 226.330286
502.277620 222.849967
503.282301 221.109807
504.286983 219.369647
505.291665 217.629488
507.301028 214.149168
508.808051 211.538929
510.315073 208.928689
511.822096 206.318449
515.338482 200.227890
518.854867 194.137331
519.357208 193.267251
522.873594 187.176692
527.897003 178.475893
529.906366 174.995574
532.418070 170.645175
536.939138 162.814456
539.953183 157.593976
541.962546 154.113657
542.967228 152.373497
543.971910 150.633337
550.000000 140.192379
550.000000 140.192379
552.009363 143.672698
552.511704 144.542778
553.014045 145.412858
556.028090 150.633337
557.032772 152.373497
558.037454 154.113657
558.539794 154.983737
559.042135 155.853817
562.558521 161.944376
567.581930 170.645175
569.088952 173.255414
570.093634 174.995574
570.595975 175.865654
571.600656 177.605814
573.610020 181.086133
575.619383 184.566453
576.624065 186.306612
577.126406 187.176692
578.131087 188.916852
584.661518 200.227890
585.666200 201.968050
588.177904 206.318449
591.191949 211.538929
592.698972 214.149168
593.201313 215.019248
599.229403 225.460207
600.736426 228.070446
601.238766 228.940526
601.741107 229.810606
603.248130 232.420845
605.257493 235.901165
606.262175 237.641325
606.764516 238.511405
608.271538 241.121644
609.276220 242.861804
609.778561 243.731884
614.801969 252.432683
617.816014 257.653162
620.327719 262.003561
622.337082 265.483881
623.844105 268.094120
624.346445 268.964200
624.848786 269.834280
626.355809 272.444520
629.872195 276.794919
638.914330 276.794919
648.961147 276.794919
650.970510 276.794919
652.979874 276.794919
654.989237 276.794919
656.998601 276.794919
658.003282 276.794919
660.012646 276.794919
662.022009 276.794919
664.031373 276.794919
666.040736 276.794919
674.078190 276.794919
678.096916 276.794919
679.101598 276.794919
680.106280 276.794919
683.120325 276.794919
684.125007 276.794919
688.143733 276.794919
693.167142 276.794919
694.171824 276.794919
696.181187 276.794919
699.195232 276.794919
700.199914 276.794919
702.209277 276.794919
708.237367 276.794919
709.242049 276.794919
712.256094 276.794919
719.288866 276.794919
721.298229 276.794919
727.326320 276.794919
728.331001 276.794919
730.340365 276.794919
732.349728 276.794919
741.391863 276.794919
744.405909 276.794919
746.415272 276.794919
749.429317 276.794919
750.433999 276.794919
753.448044 276.794919
754.452726 276.794919
764.499543 276.794919
768.518269 276.794919
772.536996 276.794919
774.546360 276.794919
778.565086 276.794919
783.588495 276.794919
784.593177 276.794919
786.602540 276.794919
783.588495 282.015398
781.076791 286.365798
780.072109 288.105957
779.067427 289.846117
773.039337 300.287076
771.029974 303.767395
770.527633 304.637475
769.020610 307.247715
766.006565 312.468194
759.978475 322.909153
759.476134 323.779232
757.466771 327.259552
756.964430 328.129632
754.452726 332.480031
749.931658 340.310750
749.429317 341.180830
748.926976 342.050910
747.419954 344.661150
746.415272 346.401309
743.903568 350.751709
740.387182 356.842268
739.382500 358.582428
736.870796 362.932827
735.866114 364.672987
733.354410 369.023386
732.852069 369.893466
729.838024 375.113945
728.833343 376.854105
726.823979 380.334425
723.307593 386.424984
722.805252 387.295064
721.800571 389.035223
720.795889 390.775383
720.293548 391.645463
719.288866 393.385623
718.284185 395.125783
717.279503 396.865942
715.270140 400.346262
714.767799 401.216342
710.246731 409.047061
709.242050 410.787220
707.735027 413.397460
708.238181 414.268949
708.741336 415.140438
709.244490 416.011927
710.250799 417.754905
710.753954 418.626394
711.257108 419.497883
711.760262 420.369372
712.263417 421.240861
712.766571 422.112350
713.269726 422.983840
714.276035 424.726818
714.779189 425.598307
716.288652 428.212774
716.791807 429.084263
717.294961 429.955752
717.798116 430.827241
718.301270 431.698730
718.804424 432.570219
719.810733 434.313197
720.817042 436.056175
721.320197 436.927664
721.823351 437.799153
722.326505 438.670642
722.829660 439.542131
723.332814 440.413620
723.835969 441.285110
724.339123 442.156599
725.345432 443.899577
726.854895 446.514044
727.358050 447.385533
728.364359 449.128511
728.867513 450.000000
728.867513 450.000000
729.873822 450.000000
732.892749 450.000000
733.899058 450.000000
734.905366 450.000000
735.911675 450.000000
736.917984 450.000000
737.924293 450.000000
738.930602 450.000000
739.936911 450.000000
740.943220 450.000000
741.949529 450.000000
742.955838 450.000000
743.962147 450.000000
744.968455 450.000000
745.974764 450.000000
746.981073 450.000000
747.987382 450.000000
750.000000 450.000000
751.006309 450.000000
753.018927 450.000000
754.025236 450.000000
755.031545 450.000000
756.037853 450.000000
757.044162 450.000000
758.050471 450.000000
760.063089 450.000000
761.069398 450.000000
763.082016 450.000000
764.088325 450.000000
765.094634 450.000000
767.107251 450.000000
768.113560 450.000000
769.119869 450.000000
770.126178 450.000000
771.132487 450.000000
773.644191 445.649601
774.648873 443.909441
775.151214 443.039361
775.653555 442.169281
780.174622 434.338562
782.183986 430.858243
783.188667 429.118083
784.193349 427.377923
788.212076 420.417284
792.230803 413.456645
793.737825 410.846406
794.742507 409.106246
795.244848 408.236166
795.747189 407.366086
798.258893 403.015687
801.775279 396.925128
802.779960 395.184968
803.282301 394.314888
808.305710 385.614089
811.319755 380.393610
812.826777 377.783371
813.831459 376.043211
815.338482 373.432971
817.347845 369.952652
818.854867 367.342412
821.868913 362.121933
823.878276 358.641613
826.389980 354.291214
826.892321 353.421134
827.897003 351.680974
831.915730 344.720335
832.418070 343.850256
834.427434 340.369936
835.432115 338.629776
835.934456 337.759696
837.943820 334.279377
838.446161 333.409297
840.957865 329.058898
843.469569 324.708498
854.018727 320.358099
856.028090 323.838418
856.530431 324.708498
857.032772 325.578578
858.037454 327.318738
862.558521 335.149457
863.563203 336.889617
866.074907 341.240016
868.084270 344.720335
868.586611 345.590415
869.088952 346.460495
872.102997 351.680974
872.605338 352.551054
873.610020 354.291214
876.121724 358.641613
879.135769 363.862093
879.638110 364.732172
881.647473 368.212492
882.149814 369.082572
883.656837 371.692811
884.661518 373.432971
885.666200 375.173131
887.675564 378.653450
893.703654 389.094409
898.224721 396.925128
901.741107 403.015687
904.755152 408.236166
905.257493 409.106246
905.759834 409.976326
906.764516 411.716486
908.271538 414.326725
910.280902 417.807045
912.290265 421.287364
913.797288 423.897604
915.806651 427.377923
916.811333 429.118083
921.834741 437.818882
922.337082 438.688962
922.839423 439.559042
925.853468 444.779521
929.869379 450.000000
931.873111 450.000000
934.878709 450.000000
938.886173 450.000000
940.889905 450.000000
946.901101 450.000000
949.906699 450.000000
950.908565 450.000000
951.910431 450.000000
952.912297 450.000000
955.917895 450.000000
956.919761 450.000000
959.925359 450.000000
962.930957 450.000000
963.932823 450.000000
964.934690 450.000000
965.936556 450.000000
966.938422 450.000000
967.940288 450.000000
969.944020 450.000000
973.951484 450.000000
975.955216 450.000000
977.958948 450.000000
978.960814 450.000000
980.964546 450.000000
982.968278 450.000000
983.970144 450.000000
987.977608 450.000000
991.985072 450.000000
996.994402 450.000000
997.996268 450.000000
1000.000000 450.000000
1000.000000 451.000000
1000.000000 453.000000
1000.000000 455.000000
1000.000000 456.000000
1000.000000 457.000000
1000.000000 458.000000
1000.000000 459.000000
1000.000000 460.000000
1000.000000 461.000000
1000.000000 464.000000
1000.000000 467.000000
1000.000000 468.000000
1000.000000 469.000000
1000.000000 472.000000
1000.000000 475.000000
1000.000000 478.000000
1000.000000 479.000000
1000.000000 481.000000
1000.000000 483.000000
1000.000000 484.000000
1000.000000 485.000000
1000.000000 488.000000
1000.000000 491.000000
1000.000000 494.000000
1000.000000 497.000000
1000.000000 500.000000
1000.000000 504.000000
1000.000000 506.000000
1000.000000 507.000000
1000.000000 510.000000
1000.000000 511.000000
1000.000000 512.000000
1000.000000 514.000000
1000.000000 519.000000
1000.000000 525.000000
1000.000000 527.000000
1000.000000 528.000000
1000.000000 529.000000
1000.000000 533.000000
1000.000000 545.000000
1000.000000 548.000000
1000.000000 550.000000
994.966113 550.000000
993.959335 550.000000
983.891561 550.000000
981.878006 550.000000
976.844119 550.000000
973.823786 550.000000
971.810232 550.000000
957.715347 550.000000
954.695015 550.000000
953.688238 550.000000
952.681460 550.000000
948.654350 550.000000
944.627241 550.000000
941.606908 550.000000
939.593353 550.000000
938.586576 550.000000
936.573021 550.000000
934.559466 550.000000
932.545911 550.000000
931.539134 550.000000
928.518801 550.000000
923.484914 550.000000
922.478137 550.000000
921.471359 550.000000
920.464582 550.000000
918.451027 550.000000
915.430695 550.000000
913.417140 550.000000
912.410362 550.000000
908.383252 550.000000
903.349365 550.000000
902.342588 550.000000
897.308701 550.000000
895.295146 550.000000
894.288368 550.000000
893.281591 550.000000
890.261258 550.000000
885.227371 550.000000
883.213816 550.000000
881.200261 550.000000
878.179929 550.000000
877.173152 550.000000
875.159597 550.000000
874.152819 550.000000
872.139264 550.000000
871.132487 550.000000
871.132487 550.000000
870.629333 549.128511
869.623024 547.385533
869.119869 546.514044
868.616715 545.642555
866.100942 541.285110
865.597788 540.413620
865.094634 539.542131
864.591479 538.670642
864.088325 537.799153
863.585170 536.927664
863.082016 536.056175
862.578861 535.184686
862.075707 534.313197
861.069398 532.570219
860.566243 531.698730
860.063089 530.827241
859.056780 529.084263
858.553626 528.212774
857.547317 526.469796
857.044162 525.598307
855.534699 522.983840
855.031545 522.112350
854.528390 521.240861
853.018927 518.626394
852.515772 517.754905
852.012618 516.883416
851.509463 516.011927
851.006309 515.140438
850.000000 513.397460
850.000000 513.397460
849.496846 514.268949
848.993691 515.140438
847.987382 516.883416
847.484228 517.754905
846.477919 519.497883
845.974764 520.369372
845.471610 521.240861
844.465301 522.983840
843.962147 523.855329
842.452683 526.469796
841.949529 527.341285
841.446374 528.212774
840.440065 529.955752
839.936911 530.827241
838.427448 533.441708
837.924293 534.313197
837.421139 535.184686
836.917984 536.056175
836.414830 536.927664
835.911675 537.799153
835.408521 538.670642
834.905366 539.542131
834.402212 540.413620
833.899058 541.285110
833.395903 542.156599
831.383285 545.642555
830.880131 546.514044
830.376976 547.385533
829.873822 548.257022
829.370667 549.128511
828.867513 550.000000
828.867513 550.000000
827.862831 550.000000
825.853468 550.000000
824.848786 550.000000
823.844105 550.000000
819.825378 550.000000
818.820696 550.000000
810.783243 550.000000
807.769197 550.000000
805.759834 550.000000
802.745789 550.000000
788.680245 550.000000
787.675564 550.000000
782.652155 550.000000
775.619383 550.000000
770.595975 550.000000
769.591293 550.000000
767.581930 550.000000
765.572566 550.000000
764.567885 550.000000
758.539794 550.000000
757.535113 550.000000
756.530431 550.000000
753.516386 550.000000
750.502341 550.000000
749.497659 550.000000
748.492977 550.000000
747.488296 550.000000
743.469569 550.000000
742.464887 550.000000
739.450842 550.000000
737.441479 550.000000
735.432115 550.000000
731.413389 550.000000
726.389980 550.000000
723.375935 550.000000
715.338482 550.000000
712.324436 550.000000
707.301028 550.000000
706.296346 550.000000
701.272938 550.000000
687.207394 550.000000
681.179304 550.000000
669.625464 547.389760
669.123124 546.519681
667.113760 543.039361
666.611419 542.169281
663.597374 536.948802
662.592692 535.208642
657.569284 526.507843
656.062261 523.897604
655.057580 522.157444
654.052898 520.417284
653.048216 518.677125
651.038853 515.196805
650.536512 514.326725
647.522467 509.106246
647.020126 508.236166
646.517785 507.366086
645.010763 504.755847
641.996717 499.535367
641.494377 498.665288
640.489695 496.925128
635.968627 489.094409
635.466286 488.224329
633.456923 484.744010
630.945219 480.393610
628.433514 476.043211
625.419469 470.822732
623.912447 468.212492
619.391379 460.381773
618.386697 458.641613
617.884357 457.771534
610.851585 445.590415
607.837539 440.369936
605.325835 436.019537
601.307108 429.058898
597.288382 422.098259
596.786041 421.228179
593.771996 416.007700
592.767314 414.267540
592.768127 412.525971
593.271282 411.654482
593.774436 410.782993
594.277591 409.911504
594.780745 409.040015
595.283900 408.168526
596.793363 405.554058
597.296518 404.682569
599.812290 400.325124
600.818599 398.582146
601.321753 397.710657
601.824908 396.839168
602.328062 395.967679
604.340680 392.481722
604.843834 391.610233
605.346989 390.738744
605.850143 389.867255
607.862761 386.381299
608.869070 384.638321
611.887997 379.409386
612.391151 378.537897
612.894306 377.666408
613.397460 376.794919
613.397460 376.794919
612.391151 376.794919
611.384842 376.794919
610.378533 376.794919
605.346989 376.794919
604.340680 376.794919
603.334371 376.794919
601.321753 376.794919
600.315445 376.794919
597.296518 376.794919
596.290209 376.794919
595.283900 376.794919
593.271282 376.794919
590.252356 376.794919
587.233429 376.794919
586.227120 376.794919
585.220811 376.794919
584.214502 376.794919
583.208194 376.794919
582.201885 376.794919
580.189267 376.794919
578.176649 376.794919
577.170340 376.794919
571.132487 376.794919
571.132487 376.794919
570.629333 375.923430
569.119869 373.308963
568.616715 372.437474
568.113560 371.565985
567.610406 370.694496
566.100942 368.080029
565.597788 367.208539
564.591479 365.465561
563.585170 363.722583
563.082016 362.851094
562.578861 361.979605
562.075707 361.108116
561.572552 360.236627
561.069398 359.365138
558.553626 355.007693
557.044162 352.393226
556.541008 351.521737
555.534699 349.778759
555.031545 348.907269
554.025236 347.164291
553.522081 346.292802
553.018927 345.421313
552.515772 344.549824
551.006309 341.935357
550.503154 341.063868
550.000000 340.192379
550.000000 340.192379
549.496846 341.063868
548.993691 341.935357
547.484228 344.549824
546.477919 346.292802
545.974764 347.164291
544.968455 348.907269
544.465301 349.778759
543.458992 351.521737
542.955838 352.393226
542.452683 353.264715
541.949529 354.136204
540.943220 355.879182
539.936911 357.622160
539.433757 358.493649
538.930602 359.365138
538.427448 360.236627
537.421139 361.979605
536.917984 362.851094
536.414830 363.722583
535.408521 365.465561
534.402212 367.208539
533.899058 368.080029
533.395903 368.951518
532.389594 370.694496
531.886440 371.565985
530.880131 373.308963
530.376976 374.180452
529.873822 375.051941
528.867513 376.794919
528.867513 376.794919
527.861204 376.794919
526.854895 376.794919
525.848586 376.794919
524.842277 376.794919
523.835969 376.794919
519.810733 376.794919
516.791806 376.794919
513.772880 376.794919
512.766571 376.794919
511.760262 376.794919
509.747644 376.794919
508.741335 376.794919
505.722409 376.794919
504.716100 376.794919
503.709791 376.794919
501.697173 376.794919
500.690864 376.794919
499.684555 376.794919
498.678247 376.794919
497.671938 376.794919
496.665629 376.794919
493.646702 376.794919
492.640393 376.794919
489.621467 376.794919
487.608849 376.794919
486.602540 376.794919
486.602540 376.794919
488.615158 380.280875
489.118312 381.152364
489.621467 382.023853
490.627776 383.766832
491.130930 384.638321
491.634085 385.509810
492.137239 386.381299
493.143548 388.124277
494.149857 389.867255
494.653011 390.738744
495.156166 391.610233
496.162475 393.353211
497.671938 395.967679
498.678247 397.710657
499.684556 399.453635
500.187710 400.325124
500.690865 401.196613
502.200328 403.811080
502.703482 404.682569
503.206637 405.554058
503.709791 406.425547
504.212946 407.297036
504.716100 408.168526
505.722409 409.911504
506.728718 411.654482
507.231873 412.525971
506.228004 416.007700
504.720982 418.617939
504.218641 419.488019
499.195232 428.188818
495.176506 435.149457
491.660120 441.240016
491.157779 442.110096
489.148415 445.590415
488.143734 447.330575
487.641393 448.200655
487.139052 449.070735
485.632029 451.680974
484.125007 454.291214
483.120325 456.031374
480.608621 460.381773
480.106280 461.251853
475.585212 469.082572
475.082872 469.952652
471.566486 476.043211
470.561804 477.783371
463.026691 490.834569
455.993919 503.015687
451.975192 509.976326
451.472851 510.846406
450.468170 512.586565
448.961147 515.196805
446.951784 518.677125
446.449443 519.547204
445.444761 521.287364
444.942420 522.157444
439.919012 530.858243
439.416671 531.728323
438.914330 532.598403
437.407308 535.208642
435.397944 538.688962
434.895603 539.559042
432.886240 543.039361
431.881558 544.779521
430.374536 547.389760
428.867513 550.000000
422.839423 550.000000
410.783243 550.000000
405.759834 550.000000
403.750471 550.000000
398.727062 550.000000
397.722380 550.000000
396.717699 550.000000
393.703654 550.000000
388.680245 550.000000
385.666200 550.000000
382.652155 550.000000
378.633428 550.000000
377.628747 550.000000
373.610020 550.000000
372.605338 550.000000
371.600656 550.000000
369.591293 550.000000
366.577248 550.000000
361.553839 550.000000
348.492977 550.000000
346.483614 550.000000
345.478932 550.000000
342.464887 550.000000
340.455524 550.000000
337.441479 550.000000
336.436797 550.000000
334.427434 550.000000
333.422752 550.000000
326.389980 550.000000
321.366572 550.000000
310.315073 550.000000
305.291665 550.000000
304.286983 550.000000
303.282301 550.000000
302.277620 550.000000
298.258893 550.000000
295.244848 550.000000
292.230803 550.000000
286.202712 550.000000
284.193349 550.000000
283.188667 550.000000
279.169941 550.000000
274.146532 550.000000
273.141850 550.000000
271.132487 550.000000
270.629333 549.128511
269.623024 547.385533
268.616715 545.642555
267.610406 543.899577
266.604097 542.156599
266.100942 541.285110
265.597788 540.413620
265.094634 539.542131
264.591479 538.670642
264.088325 537.799153
263.082016 536.056175
262.578861 535.184686
262.075707 534.313197
261.572552 533.441708
261.069398 532.570219
260.566244 531.698730
260.063089 530.827241
259.056780 529.084263
258.050471 527.341285
257.547317 526.469796
257.044162 525.598307
256.037853 523.855329
255.031545 522.112350
254.025236 520.369372
252.515772 517.754905
252.012618 516.883416
250.503154 514.268949
250.000000 513.397460
250.000000 513.397460
248.993691 515.140438
248.490537 516.011927
247.987382 516.883416
245.471610 521.240861
243.962147 523.855329
243.458992 524.726818
242.955838 525.598307
241.949529 527.341285
240.440065 529.955752
239.936911 530.827241
239.433757 531.698730
237.924293 534.313197
237.421139 535.184686
235.911675 537.799153
235.408521 538.670642
234.905366 539.542131
234.402212 540.413620
233.899058 541.285110
233.395903 542.156599
232.892749 543.028088
232.389594 543.899577
231.886440 544.771066
228.867513 550.000000
227.860736 550.000000
224.840403 550.000000
222.826848 550.000000
220.813293 550.000000
218.799739 550.000000
217.792961 550.000000
216.786184 550.000000
214.772629 550.000000
211.752296 550.000000
208.731964 550.000000
207.725187 550.000000
204.704854 550.000000
199.670967 550.000000
198.664190 550.000000
194.637080 550.000000
190.609970 550.000000
189.603193 550.000000
185.576083 550.000000
176.515086 550.000000
170.474421 550.000000
169.467644 550.000000
167.454089 550.000000
166.447311 550.000000
157.386314 550.000000
152.352427 550.000000
145.304985 550.000000
139.264320 550.000000
137.250765 550.000000
133.223656 550.000000
129.196546 550.000000
125.169436 550.000000
124.162659 550.000000
120.135549 550.000000
113.088107 550.000000
111.074552 550.000000
109.060997 550.000000
105.033887 550.000000
104.027110 550.000000
103.020332 550.000000
