1830
100.000000 450.000000
101.001866 450.000000
105.009330 450.000000
107.013062 450.000000
108.014928 450.000000
109.016794 450.000000
113.024258 450.000000
114.026124 450.000000
116.029856 450.000000
118.033588 450.000000
119.035454 450.000000
121.039186 450.000000
123.042918 450.000000
124.044784 450.000000
125.046650 450.000000
126.048516 450.000000
127.050382 450.000000
128.052248 450.000000
129.054114 450.000000
130.055980 450.000000
132.059712 450.000000
133.061578 450.000000
136.067177 450.000000
137.069043 450.000000
142.078373 450.000000
143.080239 450.000000
144.082105 450.000000
145.083971 450.000000
146.085837 450.000000
147.087703 450.000000
149.091435 450.000000
150.093301 450.000000
151.095167 450.000000
152.097033 450.000000
153.098899 450.000000
156.104497 450.000000
157.106363 450.000000
159.110095 450.000000
160.111961 450.000000
161.113827 450.000000
162.115693 450.000000
163.117559 450.000000
164.119425 450.000000
166.123157 450.000000
167.125023 450.000000
168.126889 450.000000
169.128755 450.000000
170.130621 450.000000
171.634828 449.129920
172.137169 448.259840
173.141850 446.519681
174.648873 443.909441
176.155895 441.299201
177.160577 439.559042
178.667600 436.948802
179.169941 436.078722
179.672281 435.208642
180.174622 434.338562
180.676963 433.468482
181.179304 432.598403
182.686326 429.988163
183.188667 429.118083
183.691008 428.248003
184.193349 427.377923
185.700372 424.767684
186.202712 423.897604
186.705053 423.027524
187.709735 421.287364
189.216757 418.677125
190.221439 416.936965
190.723780 416.066885
191.226121 415.196805
194.240166 409.976326
194.742507 409.106246
195.747189 407.366086
196.751870 405.625926
199.263574 401.275527
200.770597 398.665288
201.272938 397.795208
201.775279 396.925128
202.277620 396.055048
206.798687 388.224329
208.305710 385.614089
211.822096 379.523530
212.324436 378.653450
213.329118 376.913291
213.831459 376.043211
214.333800 375.173131
215.338482 373.432971
215.840822 372.562891
216.343163 371.692811
218.854867 367.342412
219.357208 366.472332
221.366572 362.992013
221.868913 362.121933
224.380617 357.771534
224.882958 356.901454
226.892321 353.421134
227.394662 352.551054
228.901684 349.940815
230.911048 346.460495
232.418070 343.850256
233.925093 341.240016
235.934456 337.759696
238.446161 333.409297
238.948501 332.539217
239.953183 330.799057
240.455524 329.928978
240.957865 329.058898
242.464887 326.448658
243.971910 323.838418
245.478932 321.228179
246.985955 318.617939
248.492977 316.007700
249.497659 314.267540
250.000000 313.397460
251.004682 315.137620
252.009363 316.877779
252.511704 317.747859
254.018727 320.358099
255.023408 322.098259
257.535113 326.448658
258.539794 328.188818
259.042135 329.058898
260.549158 331.669137
262.056180 334.279377
264.065544 337.759696
265.070225 339.499856
266.074907 341.240016
267.079589 342.980176
268.586611 345.590415
270.595975 349.070735
273.610020 354.291214
274.112361 355.161294
275.619383 357.771534
278.131087 362.121933
278.633428 362.992013
279.638110 364.732172
280.140451 365.602252
281.145133 367.342412
282.652155 369.952652
283.656837 371.692811
285.666200 375.173131
286.168541 376.043211
287.173223 377.783371
287.675564 378.653450
288.177904 379.523530
288.680245 380.393610
289.182586 381.263690
289.684927 382.133770
290.689609 383.873930
291.191949 384.744010
291.694290 385.614089
292.698972 387.354249
293.201313 388.224329
293.703654 389.094409
294.205995 389.964489
295.210676 391.704649
296.717699 394.314888
298.224721 396.925128
298.727062 397.795208
300.234085 400.405447
301.238766 402.145607
301.741107 403.015687
302.243448 403.885767
302.745789 404.755847
303.248130 405.625926
304.755152 408.236166
305.257493 409.106246
306.764516 411.716486
308.271538 414.326725
308.773879 415.196805
309.276220 416.066885
309.778561 416.936965
310.280902 417.807045
310.783243 418.677125
311.285583 419.547204
311.787924 420.417284
312.792606 422.157444
313.294947 423.027524
314.299628 424.767684
314.801969 425.637764
316.308992 428.248003
316.811333 429.118083
317.313674 429.988163
317.816014 430.858243
318.318355 431.728323
319.825378 434.338562
322.337082 438.688962
322.839423 439.559042
323.341764 440.429121
325.351127 443.909441
325.853468 444.779521
326.858150 446.519681
327.360490 447.389760
327.862831 448.259840
328.867513 450.000000
328.867513 450.000000
329.873822 450.000000
332.892749 450.000000
333.899058 450.000000
334.905366 450.000000
335.911675 450.000000
336.917984 450.000000
337.924293 450.000000
338.930602 450.000000
339.936911 450.000000
341.949529 450.000000
342.955838 450.000000
343.962147 450.000000
344.968455 450.000000
345.974764 450.000000
346.981073 450.000000
347.987382 450.000000
348.993691 450.000000
350.000000 450.000000
351.006309 450.000000
352.012618 450.000000
353.018927 450.000000
354.025236 450.000000
355.031545 450.000000
356.037853 450.000000
357.044162 450.000000
358.050471 450.000000
359.056780 450.000000
360.063089 450.000000
361.069398 450.000000
363.082016 450.000000
364.088325 450.000000
365.094634 450.000000
366.100942 450.000000
367.107251 450.000000
368.113560 450.000000
369.119869 450.000000
370.126178 450.000000
371.132487 450.000000
371.132487 450.000000
372.641950 447.385533
373.145105 446.514044
373.648259 445.642555
374.654568 443.899577
375.157722 443.028088
376.164031 441.285110
377.673495 438.670642
378.176649 437.799153
378.679803 436.927664
380.189267 434.313197
380.692421 433.441708
381.195576 432.570219
382.201884 430.827241
382.705039 429.955752
383.208193 429.084263
383.711348 428.212774
384.214502 427.341285
384.717657 426.469796
385.723965 424.726818
386.227120 423.855329
387.233429 422.112350
387.736583 421.240861
388.239738 420.369372
388.742892 419.497883
389.246046 418.626394
389.749201 417.754905
390.252355 416.883416
390.755510 416.011927
391.258664 415.140438
391.761819 414.268949
392.264973 413.397460
390.757950 410.787220
390.255610 409.917140
389.753269 409.047061
389.250928 408.176981
388.246246 406.436821
387.743905 405.566741
387.241565 404.696661
386.236883 402.956501
384.227519 399.476182
381.213474 394.255703
378.701770 389.905303
378.199429 389.035223
377.697088 388.165144
376.190066 385.554904
375.687725 384.684824
374.683043 382.944664
373.176021 380.334425
369.659635 374.243865
369.157294 373.373786
367.147931 369.893466
363.631545 363.802907
361.622181 360.322587
360.617500 358.582428
360.115159 357.712348
359.612818 356.842268
359.110477 355.972188
358.608136 355.102108
356.096432 350.751709
355.594091 349.881629
355.091750 349.011549
354.589409 348.141469
354.087069 347.271389
353.584728 346.401309
353.082387 345.531229
351.073024 342.050910
349.566001 339.440670
348.561319 337.700511
347.556638 335.960351
347.054297 335.090271
345.547274 332.480031
345.044933 331.609951
344.542593 330.739871
343.537911 328.999712
343.035570 328.129632
342.533229 327.259552
342.030888 326.389472
341.026207 324.649312
339.519184 322.039073
337.007480 317.688673
334.998116 314.208354
333.993435 312.468194
332.988753 310.728034
332.486412 309.857954
330.477049 306.377635
328.970026 303.767395
327.965345 302.027235
327.463004 301.157156
326.960663 300.287076
325.453640 297.676836
324.951299 296.806756
323.946618 295.066596
323.444277 294.196517
322.941936 293.326437
322.439595 292.456357
321.937254 291.586277
321.434914 290.716197
320.430232 288.976037
316.913846 282.885478
315.406823 280.275239
315.406823 276.794919
317.416187 276.794919
318.420869 276.794919
320.430232 276.794919
322.439595 276.794919
324.448959 276.794919
327.463004 276.794919
329.472367 276.794919
333.491094 276.794919
335.500457 276.794919
336.505139 276.794919
337.509821 276.794919
338.514503 276.794919
339.519184 276.794919
341.528548 276.794919
347.556638 276.794919
350.570683 276.794919
351.575365 276.794919
352.580046 276.794919
361.622182 276.794919
363.631545 276.794919
366.645590 276.794919
368.654954 276.794919
369.659635 276.794919
371.668999 276.794919
372.673680 276.794919
373.678362 276.794919
375.687725 276.794919
376.692407 276.794919
377.697089 276.794919
378.701771 276.794919
380.711134 276.794919
384.729861 276.794919
385.734542 276.794919
386.739224 276.794919
387.743906 276.794919
389.753269 276.794919
390.757951 276.794919
394.776678 276.794919
395.781359 276.794919
399.800086 276.794919
400.804768 276.794919
407.837540 276.794919
409.846903 276.794919
412.860948 276.794919
416.879675 276.794919
418.889039 276.794919
421.903084 276.794919
423.912447 276.794919
425.921810 276.794919
430.945219 276.794919
432.954582 276.794919
434.963946 276.794919
436.973309 276.794919
438.982673 276.794919
439.987354 276.794919
441.996718 276.794919
443.001399 276.794919
448.024808 276.794919
452.043535 276.794919
456.062261 276.794919
458.071625 276.794919
459.076307 276.794919
460.080988 276.794919
461.085670 276.794919
462.090352 276.794919
464.099715 276.794919
465.104397 276.794919
471.132487 276.794919
471.634828 275.924839
477.662918 265.483881
479.169941 262.873641
479.672281 262.003561
482.686326 256.783082
486.202712 250.692523
486.705053 249.822443
487.207394 248.952363
489.719098 244.601964
491.728462 241.121644
492.230803 240.251564
493.235484 238.511405
494.240166 236.771245
496.249529 233.290925
496.751870 232.420845
497.254211 231.550766
497.756552 230.680686
498.761234 228.940526
500.770597 225.460207
501.775279 223.720047
502.277620 222.849967
503.784642 220.239727
504.286983 219.369647
505.291665 217.629488
506.296346 215.889328
506.798687 215.019248
507.803369 213.279088
508.305710 212.409008
508.808051 211.538929
509.812732 209.798769
510.315073 208.928689
511.319755 207.188529
511.822096 206.318449
512.826777 204.578290
515.338482 200.227890
515.840822 199.357810
518.352527 195.007411
518.854867 194.137331
519.357208 193.267251
519.859549 192.397171
520.361890 191.527091
521.366572 189.786932
522.371253 188.046772
523.375935 186.306612
526.389980 181.086133
527.394662 179.345973
528.399344 177.605814
529.906366 174.995574
530.408707 174.125494
531.915730 171.515254
533.422752 168.905015
533.925093 168.034935
534.427434 167.164855
538.948501 159.334136
539.450842 158.464056
539.953183 157.593976
540.455524 156.723897
540.957865 155.853817
541.460206 154.983737
541.962546 154.113657
543.469569 151.503417
543.971910 150.633337
544.976592 148.893178
545.478932 148.023098
546.985955 145.412858
547.990637 143.672698
548.492977 142.802619
551.507023 142.802619
552.009363 143.672698
554.521068 148.023098
555.525749 149.763258
556.530431 151.503417
557.032772 152.373497
559.042135 155.853817
559.544476 156.723897
563.060862 162.814456
565.070225 166.294775
565.572566 167.164855
566.577248 168.905015
568.084270 171.515254
568.586611 172.385334
571.098316 176.735734
572.102997 178.475893
575.619383 184.566453
576.624065 186.306612
577.126406 187.176692
579.135769 190.657012
579.638110 191.527091
581.647473 195.007411
583.154496 197.617651
583.656837 198.487730
586.168541 202.838130
587.675564 205.448369
589.684927 208.928689
591.191949 211.538929
591.694290 212.409008
592.196631 213.279088
593.201313 215.019248
593.703654 215.889328
594.205995 216.759408
594.708335 217.629488
596.215358 220.239727
600.736426 228.070446
602.745789 231.550766
603.750471 233.290925
604.252811 234.161005
605.257493 235.901165
606.764516 238.511405
607.266857 239.381484
607.769197 240.251564
608.271538 241.121644
612.290265 248.082283
613.797288 250.692523
614.299628 251.562603
615.304310 253.302762
615.806651 254.172842
618.820696 259.393322
619.825378 261.133481
620.327719 262.003561
622.337082 265.483881
623.844105 268.094120
624.848786 269.834280
625.853468 271.574440
626.355809 272.444520
626.858150 273.314600
627.360490 274.184679
628.365172 275.924839
628.867513 276.794919
632.886240 276.794919
634.895603 276.794919
636.904967 276.794919
637.909648 276.794919
641.928375 276.794919
642.933057 276.794919
647.956465 276.794919
648.961147 276.794919
649.965829 276.794919
651.975192 276.794919
653.984556 276.794919
655.993919 276.794919
656.998601 276.794919
658.003282 276.794919
661.017327 276.794919
664.031373 276.794919
670.059463 276.794919
677.092235 276.794919
678.096916 276.794919
680.106280 276.794919
683.120325 276.794919
684.125007 276.794919
685.129688 276.794919
688.143733 276.794919
699.195232 276.794919
700.199914 276.794919
702.209277 276.794919
703.213959 276.794919
704.218641 276.794919
706.228004 276.794919
712.256094 276.794919
713.260776 276.794919
715.270139 276.794919
716.274821 276.794919
717.279503 276.794919
719.288866 276.794919
723.307593 276.794919
729.335683 276.794919
730.340365 276.794919
731.345046 276.794919
736.368455 276.794919
738.377818 276.794919
739.382500 276.794919
741.391863 276.794919
742.396545 276.794919
743.401227 276.794919
744.405909 276.794919
746.415272 276.794919
747.419954 276.794919
748.424635 276.794919
750.433999 276.794919
752.443362 276.794919
754.452726 276.794919
755.457407 276.794919
757.466771 276.794919
758.471452 276.794919
759.476134 276.794919
760.480816 276.794919
761.485497 276.794919
763.494861 276.794919
767.513588 276.794919
769.522951 276.794919
770.527633 276.794919
772.536996 276.794919
776.555723 276.794919
777.560405 276.794919
779.569768 276.794919
782.583813 276.794919
783.588495 276.794919
786.602540 276.794919
786.602540 276.794919
785.597858 278.535079
784.593177 280.275239
784.090836 281.145318
783.086154 282.885478
782.583813 283.755558
782.081472 284.625638
781.076791 286.365798
780.574450 287.235878
780.072109 288.105957
777.560405 292.456357
776.555723 294.196517
774.044019 298.546916
772.536996 301.157156
771.532315 302.897315
771.029974 303.767395
770.527633 304.637475
768.518270 308.117795
768.015929 308.987875
767.513588 309.857954
766.508906 311.598114
765.001884 314.208354
762.992520 317.688673
762.490179 318.558753
761.987838 319.428833
761.485498 320.298913
760.983157 321.168993
760.480816 322.039073
757.466771 327.259552
756.462089 328.999712
754.955067 331.609951
754.452726 332.480031
753.950385 333.350111
750.433999 339.440670
749.931658 340.310750
749.429317 341.180830
748.926976 342.050910
745.410591 348.141469
744.908250 349.011549
744.405909 349.881629
742.898886 352.491868
741.894205 354.232028
741.391864 355.102108
740.889523 355.972188
739.884841 357.712348
738.377819 360.322587
737.875478 361.192667
737.373137 362.062747
736.870796 362.932827
736.368455 363.802907
735.866114 364.672987
735.363774 365.543067
733.856751 368.153306
733.354410 369.023386
732.852069 369.893466
731.847388 371.633626
731.345047 372.503706
730.842706 373.373786
729.838024 375.113945
729.335683 375.984025
728.833343 376.854105
727.326320 379.464345
726.823979 380.334425
725.316957 382.944664
723.809934 385.554904
722.805252 387.295064
721.298230 389.905303
720.795889 390.775383
719.791207 392.515543
718.786526 394.255703
718.284185 395.125783
716.777162 397.736022
715.772481 399.476182
713.763117 402.956501
712.758435 404.696661
712.256095 405.566741
711.251413 407.306901
710.246731 409.047061
707.735027 413.397460
707.735027 413.397460
708.238181 414.268949
708.741336 415.140438
709.244490 416.011927
709.747645 416.883416
710.250799 417.754905
710.753954 418.626394
711.257108 419.497883
711.760262 420.369372
712.263417 421.240861
712.766571 422.112350
713.269726 422.983840
713.772880 423.855329
714.276035 424.726818
714.779189 425.598307
715.282343 426.469796
715.785498 427.341285
716.288652 428.212774
716.791807 429.084263
717.294961 429.955752
717.798116 430.827241
718.301270 431.698730
718.804424 432.570219
719.307579 433.441708
719.810733 434.313197
720.313888 435.184686
720.817042 436.056175
721.320197 436.927664
721.823351 437.799153
722.326505 438.670642
722.829660 439.542131
723.332814 440.413620
723.835969 441.285110
724.339123 442.156599
724.842278 443.028088
725.345432 443.899577
725.848586 444.771066
726.351741 445.642555
727.358050 447.385533
727.861204 448.257022
728.364359 449.128511
728.867513 450.000000
728.867513 450.000000
729.873822 450.000000
730.880131 450.000000
731.886440 450.000000
732.892749 450.000000
733.899058 450.000000
734.905366 450.000000
735.911675 450.000000
736.917984 450.000000
737.924293 450.000000
738.930602 450.000000
739.936911 450.000000
740.943220 450.000000
742.955838 450.000000
743.962147 450.000000
744.968455 450.000000
745.974764 450.000000
746.981073 450.000000
747.987382 450.000000
748.993691 450.000000
750.000000 450.000000
752.012618 450.000000
753.018927 450.000000
754.025236 450.000000
755.031545 450.000000
756.037853 450.000000
758.050471 450.000000
759.056780 450.000000
760.063089 450.000000
761.069398 450.000000
762.075707 450.000000
763.082016 450.000000
764.088325 450.000000
765.094634 450.000000
766.100942 450.000000
767.107251 450.000000
768.113560 450.000000
769.119869 450.000000
771.132487 450.000000
771.634828 449.129920
772.137169 448.259840
774.146532 444.779521
775.151214 443.039361
776.155895 441.299201
776.658236 440.429121
778.667600 436.948802
779.169941 436.078722
779.672281 435.208642
780.676963 433.468482
781.179304 432.598403
783.188667 429.118083
784.695690 426.507843
785.700372 424.767684
786.705053 423.027524
787.207394 422.157444
788.714417 419.547204
789.719098 417.807045
790.221439 416.936965
791.728462 414.326725
792.733143 412.586565
793.737825 410.846406
794.240166 409.976326
795.244848 408.236166
796.249529 406.496006
797.756552 403.885767
799.765915 400.405447
800.268256 399.535367
800.770597 398.665288
801.775279 396.925128
804.789324 391.704649
805.291665 390.834569
806.296346 389.094409
807.301028 387.354249
807.803369 386.484169
808.305710 385.614089
809.310391 383.873930
809.812732 383.003850
810.315073 382.133770
810.817414 381.263690
813.831459 376.043211
814.333800 375.173131
817.347845 369.952652
817.850186 369.082572
818.352527 368.212492
818.854867 367.342412
820.361890 364.732172
822.371253 361.251853
822.873594 360.381773
825.385298 356.031374
826.892321 353.421134
827.897003 351.680974
828.399344 350.810895
828.901684 349.940815
829.906366 348.200655
830.408707 347.330575
831.915730 344.720335
832.418070 343.850256
833.422752 342.110096
833.925093 341.240016
834.427434 340.369936
835.432115 338.629776
835.934456 337.759696
836.436797 336.889617
836.939138 336.019537
837.441479 335.149457
837.943820 334.279377
838.948501 332.539217
839.953183 330.799057
840.455524 329.928978
840.957865 329.058898
841.962546 327.318738
843.971910 323.838418
844.976592 322.098259
845.478932 321.228179
846.483614 319.488019
846.985955 318.617939
847.488296 317.747859
848.492977 316.007700
850.000000 313.397460
851.507023 316.007700
852.009363 316.877779
853.516386 319.488019
854.018727 320.358099
855.023408 322.098259
855.525749 322.968339
858.037454 327.318738
859.042135 329.058898
860.549158 331.669137
861.051499 332.539217
862.558521 335.149457
863.563203 336.889617
864.567885 338.629776
866.074907 341.240016
869.088952 346.460495
870.093634 348.200655
871.600656 350.810895
873.107679 353.421134
873.610020 354.291214
874.112361 355.161294
875.117042 356.901454
876.624065 359.511693
878.131087 362.121933
879.638110 364.732172
881.145133 367.342412
881.647473 368.212492
882.149814 369.082572
883.154496 370.822732
883.656837 371.692811
885.666200 375.173131
887.173223 377.783371
888.680245 380.393610
889.182586 381.263690
890.187268 383.003850
890.689609 383.873930
891.191949 384.744010
892.196631 386.484169
892.698972 387.354249
894.205995 389.964489
894.708335 390.834569
896.215358 393.444808
898.224721 396.925128
898.727062 397.795208
899.731744 399.535367
900.736426 401.275527
902.745789 404.755847
903.248130 405.625926
904.252811 407.366086
906.764516 411.716486
908.271538 414.326725
910.280902 417.807045
910.783243 418.677125
914.801969 425.637764
915.806651 427.377923
916.308992 428.248003
916.811333 429.118083
917.313674 429.988163
920.327719 435.208642
920.830059 436.078722
921.332400 436.948802
924.346445 442.169281
924.848786 443.039361
926.355809 445.649601
926.858150 446.519681
927.360490 447.389760
928.365172 449.129920
928.867513 450.000000
928.867513 450.000000
929.869379 450.000000
930.871245 450.000000
932.874977 450.000000
933.876843 450.000000
934.878709 450.000000
935.880575 450.000000
937.884307 450.000000
940.889905 450.000000
941.891771 450.000000
943.895503 450.000000
946.901101 450.000000
948.904833 450.000000
949.906699 450.000000
950.908565 450.000000
951.910431 450.000000
952.912297 450.000000
953.914163 450.000000
955.917895 450.000000
956.919761 450.000000
957.921627 450.000000
959.925359 450.000000
960.927225 450.000000
962.930957 450.000000
963.932823 450.000000
964.934690 450.000000
965.936556 450.000000
967.940288 450.000000
968.942154 450.000000
969.944020 450.000000
970.945886 450.000000
971.947752 450.000000
974.953350 450.000000
976.957082 450.000000
977.958948 450.000000
978.960814 450.000000
980.964546 450.000000
981.966412 450.000000
982.968278 450.000000
983.970144 450.000000
985.973876 450.000000
986.975742 450.000000
988.979474 450.000000
989.981340 450.000000
990.983206 450.000000
993.988804 450.000000
994.990670 450.000000
995.992536 450.000000
996.994402 450.000000
997.996268 450.000000
998.998134 450.000000
1000.000000 450.000000
1000.000000 451.000000
1000.000000 452.000000
1000.000000 453.000000
1000.000000 462.000000
1000.000000 464.000000
1000.000000 469.000000
1000.000000 470.000000
1000.000000 473.000000
1000.000000 475.000000
1000.000000 476.000000
1000.000000 477.000000
1000.000000 479.000000
1000.000000 480.000000
1000.000000 482.000000
1000.000000 485.000000
1000.000000 486.000000
1000.000000 488.000000
1000.000000 489.000000
1000.000000 492.000000
1000.000000 493.000000
1000.000000 494.000000
1000.000000 495.000000
1000.000000 496.000000
1000.000000 497.000000
1000.000000 501.000000
1000.000000 502.000000
1000.000000 503.000000
1000.000000 504.000000
1000.000000 505.000000
1000.000000 506.000000
1000.000000 509.000000
1000.000000 510.000000
1000.000000 513.000000
1000.000000 515.000000
1000.000000 516.000000
1000.000000 517.000000
1000.000000 520.000000
1000.000000 521.000000
1000.000000 522.000000
1000.000000 523.000000
1000.000000 524.000000
1000.000000 527.000000
1000.000000 533.000000
1000.000000 534.000000
1000.000000 535.000000
1000.000000 536.000000
1000.000000 537.000000
1000.000000 539.000000
1000.000000 542.000000
1000.000000 543.000000
1000.000000 544.000000
1000.000000 545.000000
1000.000000 547.000000
1000.000000 548.000000
1000.000000 549.000000
998.993223 550.000000
996.979668 550.000000
995.972890 550.000000
993.959335 550.000000
990.939003 550.000000
989.932226 550.000000
988.925448 550.000000
986.911893 550.000000
985.905116 550.000000
984.898338 550.000000
982.884783 550.000000
981.878006 550.000000
979.864451 550.000000
977.850896 550.000000
974.830564 550.000000
973.823786 550.000000
971.810232 550.000000
969.796677 550.000000
968.789899 550.000000
966.776344 550.000000
965.769567 550.000000
964.762789 550.000000
962.749235 550.000000
959.728902 550.000000
957.715347 550.000000
956.708570 550.000000
955.701792 550.000000
953.688238 550.000000
952.681460 550.000000
950.667905 550.000000
948.654350 550.000000
947.647573 550.000000
946.640795 550.000000
942.613686 550.000000
940.600131 550.000000
937.579798 550.000000
936.573021 550.000000
935.566243 550.000000
934.559466 550.000000
933.552689 550.000000
932.545911 550.000000
929.525579 550.000000
928.518801 550.000000
926.505246 550.000000
925.498469 550.000000
924.491692 550.000000
923.484914 550.000000
922.478137 550.000000
921.471359 550.000000
920.464582 550.000000
919.457804 550.000000
917.444249 550.000000
915.430695 550.000000
914.423917 550.000000
907.376475 550.000000
906.369698 550.000000
905.362920 550.000000
902.342588 550.000000
898.315478 550.000000
894.288368 550.000000
893.281591 550.000000
892.274813 550.000000
890.261258 550.000000
889.254481 550.000000
888.247704 550.000000
887.240926 550.000000
885.227371 550.000000
877.173152 550.000000
875.159597 550.000000
873.146042 550.000000
871.132487 550.000000
870.629333 549.128511
870.126178 548.257022
869.623024 547.385533
869.119869 546.514044
868.616715 545.642555
868.113560 544.771066
867.610406 543.899577
867.107251 543.028088
866.604097 542.156599
866.100942 541.285110
865.597788 540.413620
865.094634 539.542131
864.591479 538.670642
864.088325 537.799153
863.585170 536.927664
862.578861 535.184686
862.075707 534.313197
861.572552 533.441708
861.069398 532.570219
860.566243 531.698730
860.063089 530.827241
859.559935 529.955752
859.056780 529.084263
858.553626 528.212774
858.050471 527.341285
857.547317 526.469796
857.044162 525.598307
856.541008 524.726818
855.534699 522.983840
855.031545 522.112350
854.528390 521.240861
854.025236 520.369372
853.522081 519.497883
852.515772 517.754905
852.012618 516.883416
851.509463 516.011927
851.006309 515.140438
850.000000 513.397460
850.000000 513.397460
849.496846 514.268949
848.993691 515.140438
848.490537 516.011927
847.987382 516.883416
847.484228 517.754905
846.477919 519.497883
845.471610 521.240861
844.968455 522.112350
844.465301 522.983840
843.962147 523.855329
843.458992 524.726818
842.955838 525.598307
842.452683 526.469796
841.949529 527.341285
841.446374 528.212774
839.936911 530.827241
839.433757 531.698730
838.427448 533.441708
837.924293 534.313197
836.917984 536.056175
836.414830 536.927664
835.911675 537.799153
834.905366 539.542131
834.402212 540.413620
833.395903 542.156599
832.389594 543.899577
831.886440 544.771066
831.383285 545.642555
830.880131 546.514044
830.376976 547.385533
829.873822 548.257022
828.867513 550.000000
827.862831 550.000000
823.844105 550.000000
822.839423 550.000000
816.811333 550.000000
815.806651 550.000000
814.801969 550.000000
812.792606 550.000000
810.783243 550.000000
808.773879 550.000000
806.764516 550.000000
805.759834 550.000000
804.755152 550.000000
802.745789 550.000000
801.741107 550.000000
800.736426 550.000000
798.727062 550.000000
793.703654 550.000000
792.698972 550.000000
790.689609 550.000000
789.684927 550.000000
786.670882 550.000000
785.666200 550.000000
783.656837 550.000000
782.652155 550.000000
777.628747 550.000000
775.619383 550.000000
773.610020 550.000000
769.591293 550.000000
768.586611 550.000000
767.581930 550.000000
765.572566 550.000000
763.563203 550.000000
761.553839 550.000000
759.544476 550.000000
758.539794 550.000000
752.511704 550.000000
751.507023 550.000000
749.497659 550.000000
748.492977 550.000000
747.488296 550.000000
741.460206 550.000000
740.455524 550.000000
739.450842 550.000000
737.441479 550.000000
736.436797 550.000000
733.422752 550.000000
732.418070 550.000000
725.385298 550.000000
721.366572 550.000000
718.352527 550.000000
712.324436 550.000000
711.319755 550.000000
709.310391 550.000000
708.305710 550.000000
707.301028 550.000000
706.296346 550.000000
704.286983 550.000000
702.277620 550.000000
701.272938 550.000000
700.268256 550.000000
699.263574 550.000000
698.258893 550.000000
696.249529 550.000000
694.240166 550.000000
692.230803 550.000000
690.221439 550.000000
689.216757 550.000000
686.202712 550.000000
682.183986 550.000000
681.179304 550.000000
676.155895 550.000000
675.151214 550.000000
674.146532 550.000000
671.132487 550.000000
670.630146 549.129920
670.127805 548.259840
669.625464 547.389760
669.123124 546.519681
668.620783 545.649601
667.113760 543.039361
666.611419 542.169281
666.109078 541.299201
664.099715 537.818882
663.095033 536.078722
660.080988 530.858243
659.578647 529.988163
657.569284 526.507843
656.062261 523.897604
655.057580 522.157444
654.555239 521.287364
653.550557 519.547204
652.545875 517.807045
651.541194 516.066885
650.536512 514.326725
649.531830 512.586565
648.024808 509.976326
647.522467 509.106246
647.020126 508.236166
645.513103 505.625926
644.508422 503.885767
644.006081 503.015687
643.503740 502.145607
643.001399 501.275527
641.996717 499.535367
640.992036 497.795208
640.489695 496.925128
636.973309 490.834569
635.968627 489.094409
635.466286 488.224329
634.461605 486.484169
633.959264 485.614089
632.452241 483.003850
631.447560 481.263690
630.945219 480.393610
629.940537 478.653450
629.438196 477.783371
628.935855 476.913291
627.931174 475.173131
627.428833 474.303051
626.926492 473.432971
625.921810 471.692811
624.917128 469.952652
623.912447 468.212492
622.405424 465.602252
621.903083 464.732172
620.396061 462.121933
618.889038 459.511693
618.386697 458.641613
615.372652 453.421134
614.870311 452.551054
614.367971 451.680974
613.363289 449.940815
612.860948 449.070735
612.358607 448.200655
611.856266 447.330575
611.353925 446.460495
610.349244 444.720335
609.846903 443.850256
609.344562 442.980176
605.828176 436.889617
604.321153 434.279377
603.818813 433.409297
603.316472 432.539217
602.311790 430.799057
601.307108 429.058898
600.302427 427.318738
599.297745 425.578578
598.795404 424.708498
597.790722 422.968339
597.288382 422.098259
596.786041 421.228179
596.283700 420.358099
592.264973 413.397460
592.768127 412.525971
593.774436 410.782993
594.277591 409.911504
594.780745 409.040015
595.283900 408.168526
595.787054 407.297036
596.290209 406.425547
596.793363 405.554058
597.799672 403.811080
598.302826 402.939591
598.805981 402.068102
599.309135 401.196613
599.812290 400.325124
600.315444 399.453635
600.818599 398.582146
601.321753 397.710657
601.824908 396.839168
602.328062 395.967679
602.831216 395.096190
603.334371 394.224700
604.340680 392.481722
604.843834 391.610233
605.346989 390.738744
605.850143 389.867255
606.353298 388.995766
606.856452 388.124277
607.359607 387.252788
607.862761 386.381299
608.869070 384.638321
609.372224 383.766832
609.875379 382.895342
610.378533 382.023853
610.881688 381.152364
611.384842 380.280875
611.887997 379.409386
612.391151 378.537897
612.894306 377.666408
613.397460 376.794919
612.391151 376.794919
611.384842 376.794919
610.378533 376.794919
609.372224 376.794919
608.365916 376.794919
607.359607 376.794919
605.346989 376.794919
604.340680 376.794919
603.334371 376.794919
602.328062 376.794919
601.321753 376.794919
599.309136 376.794919
598.302827 376.794919
597.296518 376.794919
596.290209 376.794919
595.283900 376.794919
594.277591 376.794919
593.271282 376.794919
592.264973 376.794919
591.258665 376.794919
590.252356 376.794919
589.246047 376.794919
588.239738 376.794919
587.233429 376.794919
586.227120 376.794919
585.220811 376.794919
584.214502 376.794919
583.208194 376.794919
582.201885 376.794919
581.195576 376.794919
580.189267 376.794919
579.182958 376.794919
577.170340 376.794919
575.157723 376.794919
574.151414 376.794919
573.145105 376.794919
572.138796 376.794919
571.132487 376.794919
571.132487 376.794919
570.629333 375.923430
570.126178 375.051941
569.623024 374.180452
569.119869 373.308963
568.616715 372.437474
568.113560 371.565985
567.107251 369.823007
566.604097 368.951518
565.597788 367.208539
565.094634 366.337050
564.591479 365.465561
564.088325 364.594072
563.585170 363.722583
563.082016 362.851094
562.075707 361.108116
561.572552 360.236627
561.069398 359.365138
560.566243 358.493649
559.559935 356.750671
559.056780 355.879182
558.553626 355.007693
558.050471 354.136204
557.547317 353.264715
557.044162 352.393226
556.037853 350.650248
555.534699 349.778759
555.031545 348.907269
554.528390 348.035780
554.025236 347.164291
553.522081 346.292802
553.018927 345.421313
552.515772 344.549824
552.012618 343.678335
551.509463 342.806846
551.006309 341.935357
550.000000 340.192379
550.000000 340.192379
549.496846 341.063868
548.993691 341.935357
548.490537 342.806846
547.987382 343.678335
547.484228 344.549824
546.981073 345.421313
546.477919 346.292802
545.974764 347.164291
545.471610 348.035780
544.968455 348.907269
544.465301 349.778759
543.962147 350.650248
543.458992 351.521737
542.955838 352.393226
542.452683 353.264715
541.949529 354.136204
541.446374 355.007693
540.943220 355.879182
540.440065 356.750671
539.936911 357.622160
539.433757 358.493649
538.930602 359.365138
538.427448 360.236627
537.924293 361.108116
537.421139 361.979605
536.917984 362.851094
536.414830 363.722583
535.911675 364.594072
535.408521 365.465561
534.905366 366.337050
534.402212 367.208539
533.899058 368.080029
533.395903 368.951518
532.892749 369.823007
532.389594 370.694496
531.886440 371.565985
531.383285 372.437474
530.376976 374.180452
529.873822 375.051941
529.370667 375.923430
528.867513 376.794919
527.861204 376.794919
526.854895 376.794919
525.848586 376.794919
524.842277 376.794919
523.835969 376.794919
522.829660 376.794919
521.823351 376.794919
520.817042 376.794919
519.810733 376.794919
518.804424 376.794919
517.798115 376.794919
516.791806 376.794919
515.785498 376.794919
514.779189 376.794919
513.772880 376.794919
512.766571 376.794919
511.760262 376.794919
510.753953 376.794919
509.747644 376.794919
507.735027 376.794919
506.728718 376.794919
505.722409 376.794919
504.716100 376.794919
503.709791 376.794919
502.703482 376.794919
501.697173 376.794919
500.690864 376.794919
499.684555 376.794919
498.678247 376.794919
497.671938 376.794919
496.665629 376.794919
495.659320 376.794919
494.653011 376.794919
493.646702 376.794919
492.640393 376.794919
491.634084 376.794919
490.627776 376.794919
489.621467 376.794919
488.615158 376.794919
487.608849 376.794919
486.602540 376.794919
486.602540 376.794919
487.105694 377.666408
488.615158 380.280875
489.118312 381.152364
489.621467 382.023853
490.124621 382.895342
490.627776 383.766832
491.130930 384.638321
491.634085 385.509810
492.137239 386.381299
493.143548 388.124277
493.646702 388.995766
494.149857 389.867255
494.653011 390.738744
495.156166 391.610233
495.659320 392.481722
496.162475 393.353211
496.665629 394.224700
497.168784 395.096190
497.671938 395.967679
498.175092 396.839168
498.678247 397.710657
499.181401 398.582146
499.684556 399.453635
500.187710 400.325124
500.690865 401.196613
501.194019 402.068102
501.697174 402.939591
502.200328 403.811080
502.703482 404.682569
503.206637 405.554058
503.709791 406.425547
504.212946 407.297036
504.716100 408.168526
505.219255 409.040015
505.722409 409.911504
506.225564 410.782993
506.728718 411.654482
507.231873 412.525971
507.735027 413.397460
507.735027 413.397460
505.725664 416.877779
504.218641 419.488019
501.706937 423.838418
500.199914 426.448658
499.697573 427.318738
499.195232 428.188818
497.185869 431.669137
496.683528 432.539217
496.181187 433.409297
495.678847 434.279377
495.176506 435.149457
494.674165 436.019537
493.669483 437.759696
493.167142 438.629776
492.664801 439.499856
490.655438 442.980176
490.153097 443.850256
489.148415 445.590415
488.646075 446.460495
487.139052 449.070735
486.636711 449.940815
486.134370 450.810895
485.129689 452.551054
479.101598 462.992013
478.599257 463.862093
477.092235 466.472332
476.589894 467.342412
474.580531 470.822732
474.078190 471.692811
473.575849 472.562891
472.571167 474.303051
471.566486 476.043211
471.064145 476.913291
470.561804 477.783371
470.059463 478.653450
469.054781 480.393610
468.552440 481.263690
466.040736 485.614089
465.538395 486.484169
462.524350 491.704649
458.003283 499.535367
457.500942 500.405447
456.496260 502.145607
454.486897 505.625926
453.984556 506.496006
453.482215 507.366086
451.472851 510.846406
449.965829 513.456645
445.947102 520.417284
444.440079 523.027524
442.933057 525.637764
442.430716 526.507843
441.426034 528.248003
440.923693 529.118083
439.919012 530.858243
435.397944 538.688962
434.393262 540.429121
431.379217 545.649601
430.374536 547.389760
429.872195 548.259840
428.867513 550.000000
428.867513 550.000000
427.862831 550.000000
423.844105 550.000000
420.830059 550.000000
419.825378 550.000000
418.820696 550.000000
417.816014 550.000000
415.806651 550.000000
411.787924 550.000000
406.764516 550.000000
405.759834 550.000000
397.722380 550.000000
393.703654 550.000000
391.694290 550.000000
388.680245 550.000000
387.675564 550.000000
386.670882 550.000000
384.661518 550.000000
383.656837 550.000000
382.652155 550.000000
381.647473 550.000000
380.642792 550.000000
379.638110 550.000000
378.633428 550.000000
377.628747 550.000000
376.624065 550.000000
375.619383 550.000000
374.614702 550.000000
373.610020 550.000000
371.600656 550.000000
370.595975 550.000000
367.581930 550.000000
365.572566 550.000000
362.558521 550.000000
360.549158 550.000000
357.535113 550.000000
356.530431 550.000000
354.521068 550.000000
353.516386 550.000000
350.502341 550.000000
347.488296 550.000000
339.450842 550.000000
338.446161 550.000000
336.436797 550.000000
333.422752 550.000000
330.408707 550.000000
327.394662 550.000000
326.389980 550.000000
324.380617 550.000000
323.375935 550.000000
322.371253 550.000000
320.361890 550.000000
318.352527 550.000000
316.343163 550.000000
314.333800 550.000000
312.324436 550.000000
311.319755 550.000000
309.310391 550.000000
303.282301 550.000000
301.272938 550.000000
296.249529 550.000000
295.244848 550.000000
294.240166 550.000000
290.221439 550.000000
287.207394 550.000000
286.202712 550.000000
285.198031 550.000000
284.193349 550.000000
283.188667 550.000000
282.183986 550.000000
280.174622 550.000000
278.165259 550.000000
277.160577 550.000000
276.155895 550.000000
273.141850 550.000000
272.137169 550.000000
271.132487 550.000000
271.132487 550.000000
270.629333 549.128511
270.126178 548.257022
269.623024 547.385533
269.119869 546.514044
268.616715 545.642555
268.113560 544.771066
267.610406 543.899577
267.107251 543.028088
266.604097 542.156599
265.597788 540.413620
264.591479 538.670642
264.088325 537.799153
263.585170 536.927664
263.082016 536.056175
262.578861 535.184686
262.075707 534.313197
261.572552 533.441708
261.069398 532.570219
260.566244 531.698730
260.063089 530.827241
259.559935 529.955752
259.056780 529.084263
258.553626 528.212774
258.050471 527.341285
257.547317 526.469796
257.044162 525.598307
256.541008 524.726818
256.037853 523.855329
255.534699 522.983840
255.031545 522.112350
254.528390 521.240861
254.025236 520.369372
253.522081 519.497883
253.018927 518.626394
252.515772 517.754905
252.012618 516.883416
251.006309 515.140438
250.503154 514.268949
250.000000 513.397460
250.000000 513.397460
249.496846 514.268949
248.993691 515.140438
248.490537 516.011927
247.987382 516.883416
247.484228 517.754905
246.981073 518.626394
246.477919 519.497883
245.471610 521.240861
244.968455 522.112350
244.465301 522.983840
243.962147 523.855329
243.458992 524.726818
242.955838 525.598307
242.452683 526.469796
241.949529 527.341285
241.446374 528.212774
240.943220 529.084263
240.440065 529.955752
239.936911 530.827241
239.433757 531.698730
238.427448 533.441708
237.924293 534.313197
236.917984 536.056175
236.414830 536.927664
235.911675 537.799153
235.408521 538.670642
234.402212 540.413620
233.395903 542.156599
232.892749 543.028088
232.389594 543.899577
231.886440 544.771066
231.383285 545.642555
230.880131 546.514044
230.376976 547.385533
229.873822 548.257022
229.370667 549.128511
226.853958 550.000000
225.847181 550.000000
221.820071 550.000000
219.806516 550.000000
214.772629 550.000000
213.765851 550.000000
212.759074 550.000000
211.752296 550.000000
210.745519 550.000000
209.738742 550.000000
203.698077 550.000000
199.670967 550.000000
198.664190 550.000000
194.637080 550.000000
193.630302 550.000000
192.623525 550.000000
188.596415 550.000000
187.589638 550.000000
186.582860 550.000000
185.576083 550.000000
182.555751 550.000000
180.542196 550.000000
179.535418 550.000000
178.528641 550.000000
177.521863 550.000000
176.515086 550.000000
175.508308 550.000000
171.481199 550.000000
168.460866 550.000000
167.454089 550.000000
164.433757 550.000000
162.420202 550.000000
161.413424 550.000000
158.393092 550.000000
156.379537 550.000000
152.352427 550.000000
148.325317 550.000000
146.311762 550.000000
145.304985 550.000000
144.298208 550.000000
143.291430 550.000000
140.271098 550.000000
139.264320 550.000000
138.257543 550.000000
137.250765 550.000000
136.243988 550.000000
133.223656 550.000000
131.210101 550.000000
129.196546 550.000000
128.189768 550.000000
127.182991 550.000000
125.169436 550.000000
119.128771 550.000000
118.121994 550.000000
117.115217 550.000000
116.108439 550.000000
114.094884 550.000000
113.088107 550.000000
112.081329 550.000000
110.067774 550.000000
109.060997 550.000000
106.040665 550.000000
105.033887 550.000000
104.027110 550.000000
101.006777 550.000000
