1430
100.000000 450.000000
101.000489 450.000000
103.001467 450.000000
106.002933 450.000000
112.005867 450.000000
120.009778 450.000000
121.010267 450.000000
122.010755 450.000000
123.011244 450.000000
129.014178 450.000000
130.014666 450.000000
132.015644 450.000000
134.016622 450.000000
135.017111 450.000000
138.018578 450.000000
143.021022 450.000000
147.022977 450.000000
150.024444 450.000000
151.024933 450.000000
153.025911 450.000000
158.028355 450.000000
160.029333 450.000000
165.031777 450.000000
167.032755 450.000000
171.034711 450.000000
172.035199 450.000000
173.035688 450.000000
178.038133 450.000000
179.038622 450.000000
180.039111 450.000000
181.039599 450.000000
182.040088 450.000000
185.041555 450.000000
186.042044 450.000000
187.042533 450.000000
188.043022 450.000000
196.046933 450.000000
199.048399 450.000000
206.051821 450.000000
207.052310 450.000000
209.053288 450.000000
211.054266 450.000000
212.054755 450.000000
213.055244 450.000000
215.056221 450.000000
216.056710 450.000000
218.057688 450.000000
222.059644 450.000000
223.060132 450.000000
225.061110 450.000000
230.063555 450.000000
231.064044 450.000000
233.065021 450.000000
234.065510 450.000000
239.067955 450.000000
245.070888 450.000000
248.072355 450.000000
249.072843 450.000000
256.076266 450.000000
261.078710 450.000000
264.080177 450.000000
266.081154 450.000000
269.082621 450.000000
270.083110 450.000000
272.084088 450.000000
277.086532 450.000000
280.087999 450.000000
288.091910 450.000000
289.092399 450.000000
294.094843 450.000000
297.096310 450.000000
303.099243 450.000000
309.102176 450.000000
313.104132 450.000000
314.104621 450.000000
317.106087 450.000000
321.108043 450.000000
324.109510 450.000000
327.110976 450.000000
329.111954 450.000000
331.112932 450.000000
334.114398 450.000000
335.114887 450.000000
347.120754 450.000000
349.121732 450.000000
353.123687 450.000000
354.124176 450.000000
358.126132 450.000000
368.131020 450.000000
371.132487 450.000000
371.635641 449.128511
372.138796 448.257022
372.641950 447.385533
373.145105 446.514044
373.648259 445.642555
374.151414 444.771066
374.654568 443.899577
375.157722 443.028088
375.660877 442.156599
376.164031 441.285110
376.667186 440.413620
377.170340 439.542131
377.673495 438.670642
378.176649 437.799153
379.182958 436.056175
379.686112 435.184686
380.189267 434.313197
380.692421 433.441708
381.195576 432.570219
381.698730 431.698730
382.201884 430.827241
382.705039 429.955752
383.208193 429.084263
383.711348 428.212774
384.214502 427.341285
384.717657 426.469796
385.220811 425.598307
385.723965 424.726818
386.227120 423.855329
386.730274 422.983840
387.233429 422.112350
387.736583 421.240861
388.239738 420.369372
389.246046 418.626394
389.749201 417.754905
390.252355 416.883416
390.755510 416.011927
391.258664 415.140438
391.761819 414.268949
392.264973 413.397460
392.264973 413.397460
391.762632 412.527380
391.260291 411.657300
390.255610 409.917140
389.250928 408.176981
388.748587 407.306901
387.241565 404.696661
386.236883 402.956501
385.232201 401.216342
384.227519 399.476182
383.725179 398.606102
382.218156 395.995862
380.208793 392.515543
379.204111 390.775383
377.697088 388.165144
377.194748 387.295064
375.687725 384.684824
375.185384 383.814744
374.180703 382.074584
372.673680 379.464345
371.668998 377.724185
370.664317 375.984025
370.161976 375.113945
369.659635 374.243865
369.157294 373.373786
368.654953 372.503706
368.152612 371.633626
367.650271 370.763546
363.631545 363.802907
363.129204 362.932827
362.626863 362.062747
360.617500 358.582428
359.612818 356.842268
358.608136 355.102108
358.105795 354.232028
357.101114 352.491868
356.598773 351.621789
356.096432 350.751709
353.584728 346.401309
353.082387 345.531229
352.077705 343.791070
350.570683 341.180830
350.068342 340.310750
349.063660 338.570590
348.058978 336.830431
347.556638 335.960351
347.054297 335.090271
346.551956 334.220191
344.040252 329.869792
343.537911 328.999712
342.533229 327.259552
341.026207 324.649312
340.021525 322.909153
338.012162 319.428833
336.505139 316.818593
336.002798 315.948514
335.500457 315.078434
334.998116 314.208354
334.495776 313.338274
333.993435 312.468194
331.984071 308.987875
331.481730 308.117795
329.974708 305.507555
329.472367 304.637475
328.970026 303.767395
328.467685 302.897315
327.463004 301.157156
326.458322 299.416996
325.955981 298.546916
323.946618 295.066596
322.439595 292.456357
321.937254 291.586277
321.434914 290.716197
320.430232 288.976037
319.927891 288.105957
318.923209 286.365798
317.416187 283.755558
315.909164 281.145318
315.406823 280.275239
314.904483 279.405159
314.402142 278.535079
313.397460 276.794919
313.397460 276.794919
315.406823 276.794919
316.411505 276.794919
320.430232 276.794919
321.434914 276.794919
322.439595 276.794919
323.444277 276.794919
325.453640 276.794919
329.472367 276.794919
330.477049 276.794919
334.495776 276.794919
336.505139 276.794919
339.519184 276.794919
340.523866 276.794919
341.528548 276.794919
346.551956 276.794919
347.556638 276.794919
348.561320 276.794919
349.566001 276.794919
350.570683 276.794919
352.580046 276.794919
355.594091 276.794919
356.598773 276.794919
358.608137 276.794919
359.612818 276.794919
360.617500 276.794919
361.622182 276.794919
362.626863 276.794919
365.640908 276.794919
368.654954 276.794919
369.659635 276.794919
370.664317 276.794919
371.668999 276.794919
373.678362 276.794919
374.683044 276.794919
375.687725 276.794919
377.697089 276.794919
378.701771 276.794919
381.715816 276.794919
382.720497 276.794919
384.729861 276.794919
386.739224 276.794919
392.767314 276.794919
393.771996 276.794919
394.776678 276.794919
397.790723 276.794919
398.795405 276.794919
399.800086 276.794919
402.814131 276.794919
404.823495 276.794919
406.832858 276.794919
408.842222 276.794919
409.846903 276.794919
412.860948 276.794919
413.865630 276.794919
414.870312 276.794919
415.874993 276.794919
418.889039 276.794919
419.893720 276.794919
421.903084 276.794919
424.917129 276.794919
425.921810 276.794919
426.926492 276.794919
431.949901 276.794919
432.954582 276.794919
436.973309 276.794919
438.982673 276.794919
440.992036 276.794919
443.001399 276.794919
445.010763 276.794919
446.015444 276.794919
447.020126 276.794919
449.029490 276.794919
450.034171 276.794919
451.038853 276.794919
452.043535 276.794919
454.052898 276.794919
455.057580 276.794919
456.062261 276.794919
457.066943 276.794919
462.090352 276.794919
463.095033 276.794919
464.099715 276.794919
467.113760 276.794919
470.127805 276.794919
471.132487 276.794919
471.634828 275.924839
473.141850 273.314600
475.653555 268.964200
476.155895 268.094120
476.658236 267.224040
478.165259 264.613801
479.169941 262.873641
479.672281 262.003561
480.174622 261.133481
482.183986 257.653162
483.188667 255.913002
483.691008 255.042922
484.193349 254.172842
485.700372 251.562603
486.202712 250.692523
486.705053 249.822443
487.709735 248.082283
489.216757 245.472044
490.221439 243.731884
490.723780 242.861804
491.728462 241.121644
493.235484 238.511405
493.737825 237.641325
494.240166 236.771245
495.244848 235.031085
495.747189 234.161005
497.254211 231.550766
500.268256 226.330286
501.272938 224.590127
501.775279 223.720047
502.277620 222.849967
503.784642 220.239727
504.286983 219.369647
504.789324 218.499568
505.794005 216.759408
506.296346 215.889328
506.798687 215.019248
507.301028 214.149168
508.305710 212.409008
509.310391 210.668849
509.812732 209.798769
510.315073 208.928689
512.324436 205.448369
512.826777 204.578290
513.831459 202.838130
514.333800 201.968050
516.343163 198.487730
518.352527 195.007411
518.854867 194.137331
519.357208 193.267251
519.859549 192.397171
520.864231 190.657012
521.366572 189.786932
521.868913 188.916852
524.380617 184.566453
525.887639 181.956213
526.389980 181.086133
527.394662 179.345973
527.897003 178.475893
529.404025 175.865654
530.408707 174.125494
531.915730 171.515254
532.418070 170.645175
533.422752 168.905015
533.925093 168.034935
534.427434 167.164855
534.929775 166.294775
535.432115 165.424695
535.934456 164.554615
536.939138 162.814456
537.943820 161.074296
538.948501 159.334136
540.455524 156.723897
540.957865 155.853817
543.469569 151.503417
544.474251 149.763258
545.478932 148.023098
545.981273 147.153018
546.483614 146.282938
546.985955 145.412858
547.488296 144.542778
548.995318 141.932539
550.000000 140.192379
550.000000 140.192379
550.502341 141.062459
551.004682 141.932539
551.507023 142.802619
552.009363 143.672698
552.511704 144.542778
553.014045 145.412858
554.521068 148.023098
555.023408 148.893178
558.539794 154.983737
560.046817 157.593976
562.558521 161.944376
564.065544 164.554615
564.567885 165.424695
565.070225 166.294775
567.079589 169.775095
568.084270 171.515254
568.586611 172.385334
569.088952 173.255414
569.591293 174.125494
570.093634 174.995574
570.595975 175.865654
571.098316 176.735734
572.605338 179.345973
573.610020 181.086133
574.112361 181.956213
575.117042 183.696373
576.121724 185.436532
582.149814 195.877491
582.652155 196.747571
583.154496 197.617651
583.656837 198.487730
584.661518 200.227890
585.163859 201.097970
586.670882 203.708210
587.173223 204.578290
588.177904 206.318449
588.680245 207.188529
589.182586 208.058609
591.694290 212.409008
592.196631 213.279088
592.698972 214.149168
594.205995 216.759408
594.708335 217.629488
595.713017 219.369647
596.215358 220.239727
596.717699 221.109807
597.220040 221.979887
597.722380 222.849967
598.224721 223.720047
599.731744 226.330286
600.234085 227.200366
601.741107 229.810606
602.243448 230.680686
602.745789 231.550766
603.750471 233.290925
605.257493 235.901165
607.266857 239.381484
607.769197 240.251564
608.271538 241.121644
609.276220 242.861804
609.778561 243.731884
610.280902 244.601964
612.792606 248.952363
613.797288 250.692523
615.304310 253.302762
616.308992 255.042922
616.811333 255.913002
618.318355 258.523242
619.323037 260.263401
619.825378 261.133481
620.830059 262.873641
621.332400 263.743721
621.834741 264.613801
622.337082 265.483881
624.346445 268.964200
624.848786 269.834280
627.360490 274.184679
627.862831 275.054759
628.867513 276.794919
628.867513 276.794919
630.876876 276.794919
632.886240 276.794919
636.904967 276.794919
637.909648 276.794919
640.923693 276.794919
641.928375 276.794919
642.933057 276.794919
643.937739 276.794919
644.942420 276.794919
645.947102 276.794919
646.951784 276.794919
648.961147 276.794919
649.965829 276.794919
650.970510 276.794919
651.975192 276.794919
655.993919 276.794919
661.017327 276.794919
662.022009 276.794919
663.026691 276.794919
665.036054 276.794919
666.040736 276.794919
668.050099 276.794919
674.078190 276.794919
675.082871 276.794919
676.087553 276.794919
678.096916 276.794919
679.101598 276.794919
683.120325 276.794919
684.125007 276.794919
686.134370 276.794919
687.139052 276.794919
688.143733 276.794919
689.148415 276.794919
691.157778 276.794919
696.181187 276.794919
698.190550 276.794919
699.195232 276.794919
700.199914 276.794919
702.209277 276.794919
703.213959 276.794919
704.218641 276.794919
705.223322 276.794919
713.260776 276.794919
715.270139 276.794919
716.274821 276.794919
717.279503 276.794919
718.284184 276.794919
719.288866 276.794919
721.298229 276.794919
724.312275 276.794919
728.331001 276.794919
733.354410 276.794919
734.359092 276.794919
735.363773 276.794919
736.368455 276.794919
739.382500 276.794919
740.387182 276.794919
743.401227 276.794919
744.405909 276.794919
745.410590 276.794919
746.415272 276.794919
749.429317 276.794919
750.433999 276.794919
752.443362 276.794919
753.448044 276.794919
755.457407 276.794919
756.462089 276.794919
761.485497 276.794919
762.490179 276.794919
763.494861 276.794919
766.508906 276.794919
767.513588 276.794919
770.527633 276.794919
771.532314 276.794919
772.536996 276.794919
773.541678 276.794919
775.551041 276.794919
776.555723 276.794919
779.569768 276.794919
780.574450 276.794919
781.579131 276.794919
782.583813 276.794919
783.588495 276.794919
786.602540 276.794919
785.597858 278.535079
785.095517 279.405159
784.090836 281.145318
783.086154 282.885478
781.579132 285.495718
780.574450 287.235878
780.072109 288.105957
778.565086 290.716197
777.560405 292.456357
776.555723 294.196517
776.053382 295.066596
775.048701 296.806756
774.546360 297.676836
773.039337 300.287076
772.536996 301.157156
772.034655 302.027235
770.527633 304.637475
769.020610 307.247715
768.518270 308.117795
768.015929 308.987875
767.513588 309.857954
767.011247 310.728034
766.508906 311.598114
766.006565 312.468194
765.504224 313.338274
765.001884 314.208354
762.490179 318.558753
761.485498 320.298913
760.983157 321.168993
759.978475 322.909153
759.476134 323.779232
758.471453 325.519392
757.466771 327.259552
756.964430 328.129632
755.959748 329.869792
755.457407 330.739871
753.950385 333.350111
753.448044 334.220191
752.945703 335.090271
752.443362 335.960351
751.941022 336.830431
751.438681 337.700511
750.936340 338.570590
748.926976 342.050910
748.424636 342.920990
747.419954 344.661150
746.415272 346.401309
745.912931 347.271389
744.908250 349.011549
744.405909 349.881629
743.401227 351.621789
742.396545 353.361948
739.884841 357.712348
737.373137 362.062747
736.870796 362.932827
736.368455 363.802907
735.363774 365.543067
734.861433 366.413147
734.359092 367.283226
733.856751 368.153306
732.852069 369.893466
731.345047 372.503706
730.340365 374.243865
729.335683 375.984025
728.331002 377.724185
726.823979 380.334425
725.819297 382.074584
724.312275 384.684824
722.302912 388.165144
719.288866 393.385623
718.786526 394.255703
718.284185 395.125783
715.772481 399.476182
714.767799 401.216342
713.763117 402.956501
712.256095 405.566741
711.753754 406.436821
710.246731 409.047061
709.242050 410.787220
708.739709 411.657300
708.237368 412.527380
707.735027 413.397460
708.238181 414.268949
708.741336 415.140438
709.244490 416.011927
710.250799 417.754905
710.753954 418.626394
711.257108 419.497883
711.760262 420.369372
712.263417 421.240861
712.766571 422.112350
713.269726 422.983840
713.772880 423.855329
714.276035 424.726818
714.779189 425.598307
715.282343 426.469796
715.785498 427.341285
716.288652 428.212774
717.294961 429.955752
717.798116 430.827241
718.301270 431.698730
718.804424 432.570219
719.307579 433.441708
719.810733 434.313197
720.313888 435.184686
721.320197 436.927664
721.823351 437.799153
722.326505 438.670642
722.829660 439.542131
724.339123 442.156599
724.842278 443.028088
725.345432 443.899577
725.848586 444.771066
726.351741 445.642555
726.854895 446.514044
727.358050 447.385533
727.861204 448.257022
735.870935 450.000000
736.871424 450.000000
739.872891 450.000000
740.873380 450.000000
743.874846 450.000000
753.879735 450.000000
755.880713 450.000000
756.881202 450.000000
757.881691 450.000000
758.882179 450.000000
763.884624 450.000000
764.885113 450.000000
766.886091 450.000000
768.887068 450.000000
769.887557 450.000000
770.888046 450.000000
771.888535 450.000000
772.889024 450.000000
776.890979 450.000000
777.891468 450.000000
781.893424 450.000000
783.894402 450.000000
788.896846 450.000000
791.898313 450.000000
793.899290 450.000000
794.899779 450.000000
795.900268 450.000000
797.901246 450.000000
798.901735 450.000000
801.903201 450.000000
803.904179 450.000000
805.905157 450.000000
806.905646 450.000000
810.907601 450.000000
814.909557 450.000000
816.910535 450.000000
823.913957 450.000000
824.914446 450.000000
825.914935 450.000000
828.916401 450.000000
831.917868 450.000000
833.918846 450.000000
836.920312 450.000000
837.920801 450.000000
839.921779 450.000000
840.922268 450.000000
841.922757 450.000000
842.923246 450.000000
844.924223 450.000000
849.926668 450.000000
850.927157 450.000000
851.927645 450.000000
852.928134 450.000000
854.929112 450.000000
860.932045 450.000000
865.934490 450.000000
867.935468 450.000000
869.936445 450.000000
876.939868 450.000000
878.940845 450.000000
883.943290 450.000000
885.944267 450.000000
887.945245 450.000000
889.946223 450.000000
890.946712 450.000000
892.947690 450.000000
893.948179 450.000000
894.948667 450.000000
901.952090 450.000000
906.954534 450.000000
907.955023 450.000000
914.958445 450.000000
915.958934 450.000000
926.964312 450.000000
927.964801 450.000000
931.966756 450.000000
932.967245 450.000000
942.972134 450.000000
944.973111 450.000000
947.974578 450.000000
949.975556 450.000000
951.976534 450.000000
953.977511 450.000000
960.980934 450.000000
968.984845 450.000000
970.985822 450.000000
972.986800 450.000000
977.989245 450.000000
981.991200 450.000000
983.992178 450.000000
984.992667 450.000000
988.994622 450.000000
989.995111 450.000000
990.995600 450.000000
997.999022 450.000000
1000.000000 450.000000
1000.000000 451.000000
1000.000000 454.000000
1000.000000 455.000000
1000.000000 456.000000
1000.000000 457.000000
1000.000000 458.000000
1000.000000 459.000000
1000.000000 460.000000
1000.000000 463.000000
1000.000000 464.000000
1000.000000 465.000000
1000.000000 466.000000
1000.000000 468.000000
1000.000000 470.000000
1000.000000 472.000000
1000.000000 473.000000
1000.000000 474.000000
1000.000000 476.000000
1000.000000 477.000000
1000.000000 478.000000
1000.000000 479.000000
1000.000000 480.000000
1000.000000 481.000000
1000.000000 482.000000
1000.000000 485.000000
1000.000000 488.000000
1000.000000 489.000000
1000.000000 490.000000
1000.000000 491.000000
1000.000000 492.000000
1000.000000 493.000000
1000.000000 494.000000
1000.000000 495.000000
1000.000000 496.000000
1000.000000 497.000000
1000.000000 500.000000
1000.000000 501.000000
1000.000000 502.000000
1000.000000 503.000000
1000.000000 504.000000
1000.000000 506.000000
1000.000000 511.000000
1000.000000 512.000000
1000.000000 513.000000
1000.000000 514.000000
1000.000000 515.000000
1000.000000 516.000000
1000.000000 517.000000
1000.000000 518.000000
1000.000000 519.000000
1000.000000 520.000000
1000.000000 521.000000
1000.000000 522.000000
1000.000000 523.000000
1000.000000 524.000000
1000.000000 526.000000
1000.000000 527.000000
1000.000000 529.000000
1000.000000 530.000000
1000.000000 531.000000
1000.000000 533.000000
1000.000000 535.000000
1000.000000 536.000000
1000.000000 537.000000
1000.000000 538.000000
1000.000000 539.000000
1000.000000 542.000000
1000.000000 543.000000
1000.000000 544.000000
1000.000000 545.000000
1000.000000 546.000000
1000.000000 548.000000
1000.000000 550.000000
1000.000000 550.000000
994.986776 550.000000
991.978841 550.000000
990.976196 550.000000
989.973551 550.000000
985.962972 550.000000
984.960327 550.000000
982.955037 550.000000
978.944458 550.000000
977.941813 550.000000
963.904785 550.000000
962.902140 550.000000
954.880981 550.000000
951.873047 550.000000
950.870402 550.000000
949.867757 550.000000
946.859823 550.000000
944.854533 550.000000
943.851888 550.000000
940.843953 550.000000
937.836019 550.000000
935.830729 550.000000
932.822795 550.000000
931.820150 550.000000
925.804281 550.000000
924.801636 550.000000
920.791056 550.000000
915.777832 550.000000
909.761963 550.000000
906.754028 550.000000
905.751383 550.000000
903.746094 550.000000
901.740804 550.000000
898.732869 550.000000
894.722290 550.000000
893.719645 550.000000
888.706421 550.000000
886.701131 550.000000
884.695841 550.000000
876.674683 550.000000
872.664103 550.000000
869.656169 550.000000
867.650879 550.000000
862.637655 550.000000
859.629720 550.000000
848.600627 550.000000
841.582113 550.000000
839.576823 550.000000
836.568888 550.000000
835.566243 550.000000
828.547730 550.000000
824.537150 550.000000
823.534505 550.000000
821.529216 550.000000
818.521281 550.000000
817.518636 550.000000
815.513346 550.000000
810.500122 550.000000
806.489543 550.000000
804.484253 550.000000
803.481608 550.000000
801.476318 550.000000
800.473674 550.000000
795.460449 550.000000
794.457804 550.000000
792.452515 550.000000
791.449870 550.000000
781.423421 550.000000
777.412842 550.000000
776.410197 550.000000
771.396973 550.000000
766.383748 550.000000
765.381104 550.000000
754.352010 550.000000
752.346720 550.000000
750.341431 550.000000
749.338786 550.000000
748.336141 550.000000
747.333496 550.000000
743.322917 550.000000
738.309692 550.000000
736.304403 550.000000
735.301758 550.000000
731.291178 550.000000
730.288534 550.000000
729.285889 550.000000
723.270020 550.000000
719.259440 550.000000
718.256795 550.000000
715.248861 550.000000
707.227702 550.000000
705.222412 550.000000
703.217122 550.000000
702.214478 550.000000
701.211833 550.000000
692.188029 550.000000
690.182739 550.000000
685.169515 550.000000
681.158936 550.000000
680.156291 550.000000
676.145711 550.000000
671.132487 550.000000
668.620783 545.649601
668.118442 544.779521
667.113760 543.039361
666.611419 542.169281
665.606738 540.429121
664.602056 538.688962
664.099715 537.818882
662.090352 534.338562
661.085670 532.598403
659.076307 529.118083
658.071625 527.377923
657.569284 526.507843
657.066943 525.637764
655.559921 523.027524
654.555239 521.287364
652.545875 517.807045
651.541194 516.066885
649.531830 512.586565
649.029489 511.716486
647.522467 509.106246
647.020126 508.236166
646.517785 507.366086
645.513103 505.625926
644.006081 503.015687
640.992036 497.795208
640.489695 496.925128
639.987354 496.055048
639.485013 495.184968
638.982672 494.314888
637.977991 492.574728
636.973309 490.834569
636.470968 489.964489
634.963946 487.354249
634.461605 486.484169
632.954582 483.873930
631.949900 482.133770
631.447560 481.263690
630.945219 480.393610
630.442878 479.523530
629.940537 478.653450
628.935855 476.913291
628.433514 476.043211
627.931174 475.173131
627.428833 474.303051
626.424151 472.562891
625.921810 471.692811
624.414788 469.082572
622.907765 466.472332
622.405424 465.602252
621.903083 464.732172
619.893720 461.251853
619.391379 460.381773
617.884357 457.771534
617.382016 456.901454
616.879675 456.031374
616.377334 455.161294
615.874993 454.291214
614.870311 452.551054
613.363289 449.940815
611.856266 447.330575
611.353925 446.460495
610.349244 444.720335
609.846903 443.850256
608.842221 442.110096
607.837539 440.369936
606.832858 438.629776
604.823494 435.149457
603.818813 433.409297
602.311790 430.799057
601.809449 429.928978
601.307108 429.058898
600.302427 427.318738
599.297745 425.578578
598.795404 424.708498
596.786041 421.228179
596.283700 420.358099
595.279018 418.617939
594.776677 417.747859
594.274336 416.877779
593.771996 416.007700
593.269655 415.137620
592.264973 413.397460
592.264973 413.397460
592.768127 412.525971
593.271282 411.654482
594.277591 409.911504
594.780745 409.040015
595.283900 408.168526
595.787054 407.297036
596.290209 406.425547
596.793363 405.554058
597.296518 404.682569
597.799672 403.811080
598.302826 402.939591
598.805981 402.068102
599.309135 401.196613
599.812290 400.325124
600.315444 399.453635
600.818599 398.582146
601.321753 397.710657
601.824908 396.839168
602.328062 395.967679
602.831216 395.096190
603.334371 394.224700
603.837525 393.353211
604.340680 392.481722
604.843834 391.610233
605.346989 390.738744
605.850143 389.867255
607.359607 387.252788
607.862761 386.381299
608.365915 385.509810
608.869070 384.638321
609.372224 383.766832
609.875379 382.895342
610.378533 382.023853
610.881688 381.152364
611.384842 380.280875
612.391151 378.537897
612.894306 377.666408
613.397460 376.794919
613.397460 376.794919
612.391151 376.794919
611.384842 376.794919
610.378533 376.794919
609.372224 376.794919
608.365916 376.794919
607.359607 376.794919
606.353298 376.794919
605.346989 376.794919
604.340680 376.794919
603.334371 376.794919
602.328062 376.794919
601.321753 376.794919
600.315445 376.794919
599.309136 376.794919
598.302827 376.794919
597.296518 376.794919
596.290209 376.794919
594.277591 376.794919
593.271282 376.794919
592.264973 376.794919
591.258665 376.794919
590.252356 376.794919
589.246047 376.794919
588.239738 376.794919
587.233429 376.794919
585.220811 376.794919
583.208194 376.794919
582.201885 376.794919
581.195576 376.794919
580.189267 376.794919
579.182958 376.794919
578.176649 376.794919
577.170340 376.794919
576.164031 376.794919
575.157723 376.794919
574.151414 376.794919
573.145105 376.794919
572.138796 376.794919
571.132487 376.794919
571.132487 376.794919
570.629333 375.923430
570.126178 375.051941
569.119869 373.308963
568.616715 372.437474
568.113560 371.565985
567.610406 370.694496
567.107251 369.823007
566.604097 368.951518
566.100942 368.080029
565.597788 367.208539
565.094634 366.337050
564.591479 365.465561
564.088325 364.594072
563.585170 363.722583
563.082016 362.851094
562.578861 361.979605
562.075707 361.108116
561.572552 360.236627
561.069398 359.365138
560.566243 358.493649
559.559935 356.750671
559.056780 355.879182
558.553626 355.007693
558.050471 354.136204
556.541008 351.521737
556.037853 350.650248
555.534699 349.778759
555.031545 348.907269
554.528390 348.035780
554.025236 347.164291
553.522081 346.292802
553.018927 345.421313
552.515772 344.549824
552.012618 343.678335
551.509463 342.806846
550.503154 341.063868
550.000000 340.192379
549.496846 341.063868
548.993691 341.935357
548.490537 342.806846
547.987382 343.678335
547.484228 344.549824
546.981073 345.421313
546.477919 346.292802
545.974764 347.164291
545.471610 348.035780
544.968455 348.907269
544.465301 349.778759
543.962147 350.650248
543.458992 351.521737
542.955838 352.393226
542.452683 353.264715
541.949529 354.136204
541.446374 355.007693
540.943220 355.879182
540.440065 356.750671
539.936911 357.622160
539.433757 358.493649
538.930602 359.365138
538.427448 360.236627
537.924293 361.108116
537.421139 361.979605
536.917984 362.851094
536.414830 363.722583
535.911675 364.594072
535.408521 365.465561
534.905366 366.337050
534.402212 367.208539
533.899058 368.080029
533.395903 368.951518
532.892749 369.823007
532.389594 370.694496
531.886440 371.565985
530.880131 373.308963
530.376976 374.180452
529.873822 375.051941
529.370667 375.923430
528.867513 376.794919
528.867513 376.794919
527.861204 376.794919
526.854895 376.794919
525.848586 376.794919
524.842277 376.794919
523.835969 376.794919
522.829660 376.794919
521.823351 376.794919
520.817042 376.794919
519.810733 376.794919
518.804424 376.794919
517.798115 376.794919
516.791806 376.794919
515.785498 376.794919
514.779189 376.794919
513.772880 376.794919
512.766571 376.794919
510.753953 376.794919
509.747644 376.794919
508.741335 376.794919
507.735027 376.794919
506.728718 376.794919
505.722409 376.794919
504.716100 376.794919
503.709791 376.794919
502.703482 376.794919
501.697173 376.794919
500.690864 376.794919
499.684555 376.794919
498.678247 376.794919
497.671938 376.794919
496.665629 376.794919
495.659320 376.794919
494.653011 376.794919
493.646702 376.794919
492.640393 376.794919
491.634084 376.794919
490.627776 376.794919
489.621467 376.794919
488.615158 376.794919
487.608849 376.794919
486.602540 376.794919
486.602540 376.794919
487.105694 377.666408
487.608849 378.537897
488.112003 379.409386
488.615158 380.280875
489.118312 381.152364
489.621467 382.023853
490.124621 382.895342
490.627776 383.766832
491.130930 384.638321
491.634085 385.509810
492.137239 386.381299
493.143548 388.124277
493.646702 388.995766
494.149857 389.867255
494.653011 390.738744
495.156166 391.610233
495.659320 392.481722
496.162475 393.353211
496.665629 394.224700
497.671938 395.967679
498.175092 396.839168
498.678247 397.710657
499.181401 398.582146
499.684556 399.453635
500.187710 400.325124
500.690865 401.196613
501.194019 402.068102
501.697174 402.939591
502.200328 403.811080
502.703482 404.682569
503.206637 405.554058
503.709791 406.425547
504.716100 408.168526
505.219255 409.040015
505.722409 409.911504
506.225564 410.782993
506.728718 411.654482
507.231873 412.525971
507.735027 413.397460
507.735027 413.397460
507.232686 414.267540
505.725664 416.877779
504.720982 418.617939
503.213959 421.228179
502.711618 422.098259
501.706937 423.838418
501.204596 424.708498
500.199914 426.448658
499.697573 427.318738
499.195232 428.188818
495.678847 434.279377
494.171824 436.889617
493.669483 437.759696
492.664801 439.499856
491.660120 441.240016
490.655438 442.980176
489.148415 445.590415
488.646075 446.460495
487.641393 448.200655
487.139052 449.070735
484.627348 453.421134
483.622666 455.161294
483.120325 456.031374
482.617984 456.901454
482.115643 457.771534
481.613303 458.641613
481.110962 459.511693
479.603939 462.121933
479.101598 462.992013
478.096917 464.732172
477.594576 465.602252
477.092235 466.472332
476.087553 468.212492
472.068826 475.173131
470.059463 478.653450
469.557122 479.523530
469.054781 480.393610
468.050100 482.133770
467.045418 483.873930
466.543077 484.744010
466.040736 485.614089
465.538395 486.484169
464.533714 488.224329
464.031373 489.094409
462.022009 492.574728
461.519668 493.444808
460.012646 496.055048
459.510305 496.925128
459.007964 497.795208
458.505623 498.665288
458.003283 499.535367
457.500942 500.405447
456.998601 501.275527
456.496260 502.145607
455.993919 503.015687
455.491578 503.885767
453.984556 506.496006
452.477533 509.106246
451.975192 509.976326
450.468170 512.586565
448.961147 515.196805
446.951784 518.677125
445.947102 520.417284
445.444761 521.287364
444.942420 522.157444
443.435398 524.767684
441.426034 528.248003
440.923693 529.118083
439.919012 530.858243
438.914330 532.598403
437.909648 534.338562
437.407308 535.208642
436.904967 536.078722
435.900285 537.818882
434.393262 540.429121
433.890922 541.299201
433.388581 542.169281
432.383899 543.909441
430.876876 546.519681
429.872195 548.259840
428.867513 550.000000
425.859578 550.000000
423.854289 550.000000
422.851644 550.000000
421.848999 550.000000
417.838420 550.000000
412.825195 550.000000
410.819906 550.000000
408.814616 550.000000
407.811971 550.000000
406.809326 550.000000
405.806681 550.000000
404.804036 550.000000
401.796102 550.000000
395.780233 550.000000
391.769653 550.000000
384.751139 550.000000
380.740560 550.000000
373.722046 550.000000
363.695597 550.000000
361.690308 550.000000
359.685018 550.000000
347.653280 550.000000
343.642700 550.000000
337.626831 550.000000
336.624186 550.000000
324.592448 550.000000
321.584513 550.000000
317.573934 550.000000
315.568644 550.000000
314.565999 550.000000
312.560710 550.000000
308.550130 550.000000
307.547485 550.000000
306.544840 550.000000
305.542196 550.000000
302.534261 550.000000
301.531616 550.000000
299.526326 550.000000
294.513102 550.000000
289.499878 550.000000
288.497233 550.000000
287.494588 550.000000
286.491943 550.000000
283.484009 550.000000
282.481364 550.000000
280.476074 550.000000
278.470784 550.000000
275.462850 550.000000
270.449626 550.000000
267.441691 550.000000
262.428467 550.000000
260.423177 550.000000
255.409953 550.000000
252.402018 550.000000
249.394084 550.000000
242.375570 550.000000
232.349121 550.000000
230.343831 550.000000
229.341187 550.000000
225.330607 550.000000
209.288289 550.000000
206.280355 550.000000
202.269775 550.000000
196.253906 550.000000
193.245972 550.000000
191.240682 550.000000
190.238037 550.000000
183.219523 550.000000
180.211589 550.000000
176.201009 550.000000
166.174561 550.000000
164.169271 550.000000
163.166626 550.000000
156.148112 550.000000
151.134888 550.000000
150.132243 550.000000
148.126953 550.000000
142.111084 550.000000
136.095215 550.000000
135.092570 550.000000
133.087280 550.000000
131.081991 550.000000
127.071411 550.000000
125.066121 550.000000
120.052897 550.000000
118.047607 550.000000
114.037028 550.000000
113.034383 550.000000
110.026449 550.000000
109.023804 550.000000
107.018514 550.000000
103.007935 550.000000
