880
106.002933 450.000000
115.007333 450.000000
119.009289 450.000000
125.012222 450.000000
127.013200 450.000000
131.015155 450.000000
138.018578 450.000000
141.020044 450.000000
149.023955 450.000000
161.029822 450.000000
168.033244 450.000000
173.035688 450.000000
183.040577 450.000000
186.042044 450.000000
196.046933 450.000000
199.048399 450.000000
212.054755 450.000000
216.056710 450.000000
220.058666 450.000000
232.064532 450.000000
240.068443 450.000000
251.073821 450.000000
260.078221 450.000000
261.078710 450.000000
267.081643 450.000000
273.084577 450.000000
278.087021 450.000000
280.087999 450.000000
285.090443 450.000000
288.091910 450.000000
291.093376 450.000000
292.093865 450.000000
297.096310 450.000000
299.097288 450.000000
306.100710 450.000000
308.101687 450.000000
332.113421 450.000000
335.114887 450.000000
338.116354 450.000000
345.119776 450.000000
346.120265 450.000000
357.125643 450.000000
360.127109 450.000000
362.128087 450.000000
364.129065 450.000000
371.132487 450.000000
371.132487 450.000000
371.635641 449.128511
372.138796 448.257022
372.641950 447.385533
373.145105 446.514044
374.151414 444.771066
374.654568 443.899577
375.157722 443.028088
375.660877 442.156599
376.667186 440.413620
377.170340 439.542131
377.673495 438.670642
378.176649 437.799153
378.679803 436.927664
379.686112 435.184686
380.189267 434.313197
381.195576 432.570219
381.698730 431.698730
382.201884 430.827241
382.705039 429.955752
383.208193 429.084263
383.711348 428.212774
384.214502 427.341285
384.717657 426.469796
385.220811 425.598307
385.723965 424.726818
386.730274 422.983840
387.233429 422.112350
388.239738 420.369372
388.742892 419.497883
389.246046 418.626394
389.749201 417.754905
390.252355 416.883416
390.755510 416.011927
391.258664 415.140438
391.761819 414.268949
392.264973 413.397460
391.762632 412.527380
390.757950 410.787220
390.255610 409.917140
389.753269 409.047061
384.729860 400.346262
382.720497 396.865942
380.711134 393.385623
379.204111 390.775383
378.199429 389.035223
375.185384 383.814744
373.678362 381.204504
373.176021 380.334425
372.171339 378.594265
371.668998 377.724185
370.161976 375.113945
369.659635 374.243865
368.654953 372.503706
367.650271 370.763546
367.147931 369.893466
366.645590 369.023386
366.143249 368.153306
363.631545 363.802907
362.124522 361.192667
360.115159 357.712348
359.612818 356.842268
359.110477 355.972188
351.073024 342.050910
349.063660 338.570590
348.561319 337.700511
347.556638 335.960351
346.049615 333.350111
345.044933 331.609951
344.040252 329.869792
342.030888 326.389472
339.519184 322.039073
335.500457 315.078434
334.998116 314.208354
334.495776 313.338274
333.491094 311.598114
331.481730 308.117795
329.974708 305.507555
328.970026 303.767395
327.965345 302.027235
327.463004 301.157156
325.955981 298.546916
325.453640 297.676836
323.946618 295.066596
322.941936 293.326437
321.937254 291.586277
320.430232 288.976037
319.927891 288.105957
315.909164 281.145318
314.904483 279.405159
314.402142 278.535079
313.397460 276.794919
319.425550 276.794919
320.430232 276.794919
322.439595 276.794919
325.453640 276.794919
329.472367 276.794919
330.477049 276.794919
331.481731 276.794919
332.486412 276.794919
335.500457 276.794919
336.505139 276.794919
337.509821 276.794919
339.519184 276.794919
340.523866 276.794919
341.528548 276.794919
343.537911 276.794919
346.551956 276.794919
349.566001 276.794919
352.580046 276.794919
361.622182 276.794919
363.631545 276.794919
368.654954 276.794919
377.697089 276.794919
379.706452 276.794919
381.715816 276.794919
384.729861 276.794919
386.739224 276.794919
388.748588 276.794919
389.753269 276.794919
403.818813 276.794919
405.828176 276.794919
406.832858 276.794919
409.846903 276.794919
410.851585 276.794919
423.912447 276.794919
425.921810 276.794919
426.926492 276.794919
427.931174 276.794919
430.945219 276.794919
431.949901 276.794919
432.954582 276.794919
434.963946 276.794919
439.987354 276.794919
452.043535 276.794919
455.057580 276.794919
457.066943 276.794919
458.071625 276.794919
460.080988 276.794919
462.090352 276.794919
464.099715 276.794919
467.113760 276.794919
471.634828 275.924839
476.155895 268.094120
480.174622 261.133481
480.676963 260.263401
481.681645 258.523242
483.188667 255.913002
484.193349 254.172842
485.700372 251.562603
486.705053 249.822443
487.709735 248.082283
488.714417 246.342123
491.226121 241.991724
492.230803 240.251564
492.733143 239.381484
493.737825 237.641325
494.240166 236.771245
494.742507 235.901165
495.747189 234.161005
496.751870 232.420845
498.258893 229.810606
501.272938 224.590127
503.282301 221.109807
505.291665 217.629488
505.794005 216.759408
506.798687 215.019248
510.817414 208.058609
512.826777 204.578290
513.831459 202.838130
514.333800 201.968050
516.343163 198.487730
518.854867 194.137331
519.357208 193.267251
520.864231 190.657012
521.868913 188.916852
526.389980 181.086133
529.404025 175.865654
531.413389 172.385334
531.915730 171.515254
532.418070 170.645175
536.436797 163.684536
536.939138 162.814456
538.446161 160.204216
538.948501 159.334136
540.455524 156.723897
540.957865 155.853817
543.971910 150.633337
544.976592 148.893178
548.492977 142.802619
548.995318 141.932539
549.497659 141.062459
550.000000 140.192379
550.000000 140.192379
550.502341 141.062459
554.018727 147.153018
557.032772 152.373497
557.535113 153.243577
558.539794 154.983737
561.553839 160.204216
564.065544 164.554615
565.572566 167.164855
566.074907 168.034935
566.577248 168.905015
567.581930 170.645175
572.605338 179.345973
576.624065 186.306612
577.126406 187.176692
577.628747 188.046772
578.131087 188.916852
579.135769 190.657012
580.642792 193.267251
581.145133 194.137331
582.149814 195.877491
583.656837 198.487730
585.163859 201.097970
585.666200 201.968050
589.684927 208.928689
594.205995 216.759408
597.220040 221.979887
597.722380 222.849967
598.727062 224.590127
600.234085 227.200366
600.736426 228.070446
601.741107 229.810606
604.252811 234.161005
605.257493 235.901165
605.759834 236.771245
607.769197 240.251564
610.783243 245.472044
613.797288 250.692523
614.801969 252.432683
617.816014 257.653162
619.323037 260.263401
624.346445 268.964200
625.853468 271.574440
627.862831 275.054759
633.890922 276.794919
634.895603 276.794919
636.904967 276.794919
640.923693 276.794919
641.928375 276.794919
645.947102 276.794919
651.975192 276.794919
655.993919 276.794919
656.998601 276.794919
659.007964 276.794919
664.031373 276.794919
665.036054 276.794919
669.054781 276.794919
676.087553 276.794919
680.106280 276.794919
684.125007 276.794919
689.148415 276.794919
693.167142 276.794919
695.176505 276.794919
698.190550 276.794919
701.204595 276.794919
706.228004 276.794919
708.237367 276.794919
709.242049 276.794919
710.246731 276.794919
713.260776 276.794919
717.279503 276.794919
720.293548 276.794919
726.321638 276.794919
728.331001 276.794919
730.340365 276.794919
739.382500 276.794919
742.396545 276.794919
743.401227 276.794919
749.429317 276.794919
750.433999 276.794919
756.462089 276.794919
759.476134 276.794919
762.490179 276.794919
763.494861 276.794919
765.504224 276.794919
766.508906 276.794919
769.522951 276.794919
774.546360 276.794919
776.555723 276.794919
777.560405 276.794919
778.565086 276.794919
780.574450 276.794919
782.583813 276.794919
784.593177 276.794919
786.100199 277.664999
783.588495 282.015398
782.081472 284.625638
775.551041 295.936676
772.034655 302.027235
768.015929 308.987875
766.006565 312.468194
765.504224 313.338274
764.499543 315.078434
763.494861 316.818593
762.992520 317.688673
762.490179 318.558753
758.973793 324.649312
754.955067 331.609951
752.443362 335.960351
748.424636 342.920990
743.903568 350.751709
743.401227 351.621789
741.894205 354.232028
740.387182 356.842268
739.382500 358.582428
737.373137 362.062747
736.870796 362.932827
735.866114 364.672987
733.856751 368.153306
730.842706 373.373786
729.838024 375.113945
727.326320 379.464345
724.814616 383.814744
723.307593 386.424984
722.805252 387.295064
722.302912 388.165144
720.795889 390.775383
720.293548 391.645463
716.777162 397.736022
716.274821 398.606102
713.763117 402.956501
711.251413 407.306901
710.246731 409.047061
708.237368 412.527380
707.735027 413.397460
708.238181 414.268949
708.741336 415.140438
709.244490 416.011927
709.747645 416.883416
710.753954 418.626394
711.760262 420.369372
712.766571 422.112350
713.269726 422.983840
714.276035 424.726818
715.282343 426.469796
715.785498 427.341285
716.288652 428.212774
716.791807 429.084263
717.294961 429.955752
718.301270 431.698730
718.804424 432.570219
719.307579 433.441708
720.313888 435.184686
720.817042 436.056175
721.320197 436.927664
721.823351 437.799153
722.326505 438.670642
722.829660 439.542131
723.332814 440.413620
724.339123 442.156599
724.842278 443.028088
725.848586 444.771066
726.351741 445.642555
726.854895 446.514044
728.364359 449.128511
728.867513 450.000000
730.868491 450.000000
731.868980 450.000000
747.876802 450.000000
753.879735 450.000000
770.888046 450.000000
772.889024 450.000000
777.891468 450.000000
779.892446 450.000000
790.897824 450.000000
794.899779 450.000000
805.905157 450.000000
810.907601 450.000000
811.908090 450.000000
818.911512 450.000000
819.912001 450.000000
820.912490 450.000000
835.919823 450.000000
839.921779 450.000000
848.926179 450.000000
854.929112 450.000000
857.930579 450.000000
865.934490 450.000000
868.935956 450.000000
869.936445 450.000000
872.937912 450.000000
878.940845 450.000000
881.942312 450.000000
884.943779 450.000000
886.944756 450.000000
889.946223 450.000000
890.946712 450.000000
893.948179 450.000000
903.953067 450.000000
904.953556 450.000000
906.954534 450.000000
908.955512 450.000000
915.958934 450.000000
923.962845 450.000000
938.970178 450.000000
940.971156 450.000000
941.971645 450.000000
942.972134 450.000000
957.979467 450.000000
964.982889 450.000000
969.985334 450.000000
970.985822 450.000000
978.989733 450.000000
981.991200 450.000000
988.994622 450.000000
995.998044 450.000000
996.998533 450.000000
1000.000000 452.000000
1000.000000 453.000000
1000.000000 454.000000
1000.000000 455.000000
1000.000000 456.000000
1000.000000 457.000000
1000.000000 458.000000
1000.000000 460.000000
1000.000000 463.000000
1000.000000 471.000000
1000.000000 475.000000
1000.000000 476.000000
1000.000000 481.000000
1000.000000 488.000000
1000.000000 489.000000
1000.000000 491.000000
1000.000000 492.000000
1000.000000 493.000000
1000.000000 494.000000
1000.000000 495.000000
1000.000000 498.000000
1000.000000 502.000000
1000.000000 505.000000
1000.000000 513.000000
1000.000000 516.000000
1000.000000 517.000000
1000.000000 519.000000
1000.000000 523.000000
1000.000000 524.000000
1000.000000 528.000000
1000.000000 529.000000
1000.000000 531.000000
1000.000000 535.000000
1000.000000 538.000000
1000.000000 541.000000
1000.000000 543.000000
1000.000000 544.000000
1000.000000 545.000000
1000.000000 547.000000
1000.000000 548.000000
1000.000000 549.000000
993.984131 550.000000
989.973551 550.000000
978.944458 550.000000
976.939168 550.000000
971.925944 550.000000
964.907430 550.000000
960.896851 550.000000
933.825439 550.000000
926.806925 550.000000
919.788411 550.000000
914.775187 550.000000
912.769897 550.000000
910.764608 550.000000
907.756673 550.000000
888.706421 550.000000
885.698486 550.000000
865.645589 550.000000
860.632365 550.000000
855.619141 550.000000
844.590047 550.000000
841.582113 550.000000
820.526571 550.000000
809.497477 550.000000
804.484253 550.000000
793.455160 550.000000
790.447225 550.000000
786.436646 550.000000
773.402262 550.000000
765.381104 550.000000
752.346720 550.000000
750.341431 550.000000
735.301758 550.000000
715.248861 550.000000
714.246216 550.000000
701.211833 550.000000
691.185384 550.000000
684.166870 550.000000
681.158936 550.000000
678.151001 550.000000
671.132487 550.000000
670.127805 548.259840
669.123124 546.519681
666.611419 542.169281
665.606738 540.429121
665.104397 539.559042
663.597374 536.948802
663.095033 536.078722
661.085670 532.598403
658.573966 528.248003
657.569284 526.507843
656.062261 523.897604
652.043535 516.936965
651.541194 516.066885
650.034171 513.456645
647.522467 509.106246
646.015444 506.496006
645.513103 505.625926
644.006081 503.015687
641.996717 499.535367
641.494377 498.665288
640.992036 497.795208
637.475650 491.704649
636.973309 490.834569
634.963946 487.354249
634.461605 486.484169
633.959264 485.614089
631.949900 482.133770
630.442878 479.523530
629.438196 477.783371
627.931174 475.173131
626.424151 472.562891
622.405424 465.602252
619.391379 460.381773
617.382016 456.901454
616.377334 455.161294
615.874993 454.291214
613.865630 450.810895
613.363289 449.940815
612.358607 448.200655
610.851585 445.590415
608.339880 441.240016
607.335199 439.499856
606.832858 438.629776
601.809449 429.928978
601.307108 429.058898
596.786041 421.228179
596.283700 420.358099
595.279018 418.617939
594.776677 417.747859
593.771996 416.007700
592.767314 414.267540
592.264973 413.397460
592.768127 412.525971
593.271282 411.654482
594.277591 409.911504
594.780745 409.040015
595.283900 408.168526
595.787054 407.297036
596.290209 406.425547
596.793363 405.554058
597.799672 403.811080
599.812290 400.325124
600.315444 399.453635
600.818599 398.582146
601.321753 397.710657
601.824908 396.839168
602.831216 395.096190
603.334371 394.224700
603.837525 393.353211
604.340680 392.481722
604.843834 391.610233
606.353298 388.995766
606.856452 388.124277
607.359607 387.252788
607.862761 386.381299
608.365915 385.509810
608.869070 384.638321
609.372224 383.766832
609.875379 382.895342
610.378533 382.023853
610.881688 381.152364
611.887997 379.409386
613.397460 376.794919
613.397460 376.794919
612.391151 376.794919
611.384842 376.794919
610.378533 376.794919
609.372224 376.794919
608.365916 376.794919
607.359607 376.794919
606.353298 376.794919
605.346989 376.794919
604.340680 376.794919
603.334371 376.794919
601.321753 376.794919
599.309136 376.794919
598.302827 376.794919
597.296518 376.794919
596.290209 376.794919
593.271282 376.794919
591.258665 376.794919
590.252356 376.794919
588.239738 376.794919
585.220811 376.794919
584.214502 376.794919
581.195576 376.794919
580.189267 376.794919
579.182958 376.794919
578.176649 376.794919
576.164031 376.794919
575.157723 376.794919
574.151414 376.794919
573.145105 376.794919
572.138796 376.794919
571.132487 376.794919
571.132487 376.794919
570.629333 375.923430
569.623024 374.180452
569.119869 373.308963
568.616715 372.437474
568.113560 371.565985
567.610406 370.694496
567.107251 369.823007
566.604097 368.951518
566.100942 368.080029
565.597788 367.208539
565.094634 366.337050
564.591479 365.465561
564.088325 364.594072
563.585170 363.722583
563.082016 362.851094
562.578861 361.979605
561.069398 359.365138
560.566243 358.493649
560.063089 357.622160
559.056780 355.879182
558.553626 355.007693
558.050471 354.136204
556.541008 351.521737
556.037853 350.650248
555.031545 348.907269
554.528390 348.035780
554.025236 347.164291
553.522081 346.292802
552.515772 344.549824
552.012618 343.678335
551.509463 342.806846
551.006309 341.935357
550.503154 341.063868
550.000000 340.192379
549.496846 341.063868
548.993691 341.935357
547.987382 343.678335
547.484228 344.549824
546.981073 345.421313
546.477919 346.292802
545.974764 347.164291
545.471610 348.035780
544.968455 348.907269
543.962147 350.650248
541.949529 354.136204
541.446374 355.007693
540.440065 356.750671
539.936911 357.622160
539.433757 358.493649
538.930602 359.365138
538.427448 360.236627
537.924293 361.108116
537.421139 361.979605
536.917984 362.851094
536.414830 363.722583
535.408521 365.465561
534.905366 366.337050
533.899058 368.080029
533.395903 368.951518
532.892749 369.823007
532.389594 370.694496
530.880131 373.308963
530.376976 374.180452
529.873822 375.051941
529.370667 375.923430
528.867513 376.794919
528.867513 376.794919
527.861204 376.794919
526.854895 376.794919
525.848586 376.794919
524.842277 376.794919
523.835969 376.794919
521.823351 376.794919
520.817042 376.794919
519.810733 376.794919
518.804424 376.794919
517.798115 376.794919
516.791806 376.794919
514.779189 376.794919
513.772880 376.794919
512.766571 376.794919
511.760262 376.794919
510.753953 376.794919
507.735027 376.794919
506.728718 376.794919
504.716100 376.794919
503.709791 376.794919
501.697173 376.794919
500.690864 376.794919
499.684555 376.794919
498.678247 376.794919
497.671938 376.794919
496.665629 376.794919
495.659320 376.794919
493.646702 376.794919
492.640393 376.794919
491.634084 376.794919
490.627776 376.794919
488.615158 376.794919
487.608849 376.794919
487.105694 377.666408
487.608849 378.537897
488.112003 379.409386
488.615158 380.280875
489.621467 382.023853
490.124621 382.895342
490.627776 383.766832
491.130930 384.638321
491.634085 385.509810
492.640393 387.252788
493.646702 388.995766
494.149857 389.867255
494.653011 390.738744
495.156166 391.610233
495.659320 392.481722
497.168784 395.096190
497.671938 395.967679
498.678247 397.710657
499.181401 398.582146
499.684556 399.453635
500.187710 400.325124
500.690865 401.196613
501.194019 402.068102
501.697174 402.939591
502.703482 404.682569
505.219255 409.040015
506.225564 410.782993
506.728718 411.654482
507.231873 412.525971
507.735027 413.397460
507.735027 413.397460
506.730345 415.137620
506.228004 416.007700
505.725664 416.877779
504.218641 419.488019
502.711618 422.098259
502.209278 422.968339
498.190551 429.928978
497.185869 431.669137
495.176506 435.149457
494.171824 436.889617
493.669483 437.759696
492.162461 440.369936
490.153097 443.850256
487.139052 449.070735
485.632029 451.680974
484.627348 453.421134
482.617984 456.901454
482.115643 457.771534
480.608621 460.381773
479.101598 462.992013
477.092235 466.472332
476.087553 468.212492
475.585212 469.082572
473.575849 472.562891
473.073508 473.432971
470.059463 478.653450
469.557122 479.523530
467.045418 483.873930
466.040736 485.614089
465.538395 486.484169
464.031373 489.094409
462.022009 492.574728
460.012646 496.055048
459.510305 496.925128
458.505623 498.665288
452.477533 509.106246
451.975192 509.976326
449.965829 513.456645
448.961147 515.196805
447.454125 517.807045
446.449443 519.547204
445.444761 521.287364
444.942420 522.157444
441.426034 528.248003
440.421353 529.988163
439.919012 530.858243
439.416671 531.728323
430.876876 546.519681
429.369854 549.129920
419.843709 550.000000
418.841064 550.000000
416.835775 550.000000
410.819906 550.000000
409.817261 550.000000
406.809326 550.000000
361.690308 550.000000
355.674438 550.000000
353.669149 550.000000
344.645345 550.000000
339.632121 550.000000
337.626831 550.000000
332.613607 550.000000
330.608317 550.000000
324.592448 550.000000
318.576579 550.000000
316.571289 550.000000
314.565999 550.000000
309.552775 550.000000
305.542196 550.000000
301.531616 550.000000
299.526326 550.000000
298.523682 550.000000
290.502523 550.000000
286.491943 550.000000
284.486654 550.000000
281.478719 550.000000
271.452270 550.000000
257.415243 550.000000
253.404663 550.000000
220.317383 550.000000
210.290934 550.000000
208.285645 550.000000
205.277710 550.000000
196.253906 550.000000
193.245972 550.000000
191.240682 550.000000
182.216878 550.000000
173.193075 550.000000
164.169271 550.000000
159.156047 550.000000
152.137533 550.000000
147.124308 550.000000
128.074056 550.000000
122.058187 550.000000
116.042318 550.000000
107.018514 550.000000
