1060
100.000000 450.000000
102.000978 450.000000
103.001467 450.000000
104.001956 450.000000
105.002444 450.000000
108.003911 450.000000
112.005867 450.000000
114.006844 450.000000
118.008800 450.000000
119.009289 450.000000
121.010266 450.000000
123.011244 450.000000
125.012222 450.000000
126.012711 450.000000
127.013200 450.000000
130.014666 450.000000
131.015155 450.000000
132.015644 450.000000
133.016133 450.000000
136.017600 450.000000
137.018089 450.000000
139.019066 450.000000
140.019555 450.000000
141.020044 450.000000
145.022000 450.000000
146.022488 450.000000
149.023955 450.000000
152.025422 450.000000
155.026888 450.000000
157.027866 450.000000
160.029333 450.000000
164.031288 450.000000
167.032755 450.000000
174.036177 450.000000
182.040088 450.000000
183.040577 450.000000
184.041066 450.000000
185.041555 450.000000
186.042044 450.000000
189.043510 450.000000
194.045955 450.000000
196.046933 450.000000
197.047421 450.000000
198.047910 450.000000
200.048888 450.000000
202.049866 450.000000
215.056221 450.000000
217.057199 450.000000
218.057688 450.000000
221.059155 450.000000
223.060132 450.000000
225.061110 450.000000
230.063554 450.000000
234.065510 450.000000
248.072354 450.000000
250.073332 450.000000
252.074310 450.000000
253.074799 450.000000
255.075776 450.000000
256.076265 450.000000
259.077732 450.000000
260.078221 450.000000
261.078710 450.000000
264.080176 450.000000
267.081643 450.000000
268.082132 450.000000
269.082621 450.000000
270.083110 450.000000
271.083599 450.000000
273.084576 450.000000
275.085554 450.000000
276.086043 450.000000
277.086532 450.000000
278.087021 450.000000
279.087510 450.000000
281.088487 450.000000
282.088976 450.000000
290.092887 450.000000
292.093865 450.000000
295.095332 450.000000
296.095821 450.000000
298.096798 450.000000
300.097776 450.000000
309.102176 450.000000
310.102665 450.000000
311.103154 450.000000
312.103643 450.000000
314.104620 450.000000
319.107065 450.000000
322.108531 450.000000
325.109998 450.000000
326.110487 450.000000
327.110976 450.000000
328.111465 450.000000
330.112442 450.000000
331.112931 450.000000
333.113909 450.000000
335.114887 450.000000
338.116353 450.000000
343.118798 450.000000
345.119776 450.000000
350.122220 450.000000
353.123687 450.000000
355.124664 450.000000
356.125153 450.000000
360.127109 450.000000
362.128087 450.000000
363.128575 450.000000
365.129553 450.000000
366.130042 450.000000
367.130531 450.000000
369.131509 450.000000
370.131998 450.000000
371.132487 450.000000
371.132487 450.000000
373.136604 446.528766
375.140722 443.057532
376.142781 441.321915
379.148958 436.115065
379.649987 435.247256
380.151017 434.379448
381.153076 432.643831
381.654105 431.776022
385.662341 424.833555
386.163370 423.965746
387.165429 422.230129
387.666458 421.362321
388.167488 420.494512
388.668517 419.626704
389.670576 417.891087
390.672635 416.155470
391.173665 415.287661
392.676753 412.684236
395.181900 408.345194
395.682930 407.477385
396.183959 406.609577
397.186018 404.873960
398.188077 403.138343
402.697342 395.328067
404.701460 391.856833
405.703519 390.121216
408.709695 384.914365
409.210725 384.046557
412.216901 378.839706
412.717931 377.971898
415.223078 373.632855
417.227196 370.161621
417.728225 369.293813
419.231314 366.690388
424.742638 357.144495
425.243667 356.276686
426.245726 354.541069
427.247785 352.805452
428.249844 351.069835
429.251903 349.334218
431.256020 345.862984
431.757050 344.995176
433.260138 342.391751
433.761168 341.523942
434.262197 340.656134
439.272492 331.978049
439.773521 331.110241
440.274551 330.242432
442.278668 326.771198
443.280727 325.035581
449.293081 314.621880
451.798228 310.282838
452.299257 309.415029
453.802346 306.811604
454.804405 305.075987
455.305434 304.208178
456.808522 301.604753
457.810581 299.869136
458.311611 299.001328
458.812640 298.133519
459.313670 297.265711
459.814699 296.397902
460.315729 295.530094
461.818817 292.926668
462.319846 292.058860
464.323964 288.587626
464.824994 287.719818
468.833229 280.777350
469.835288 279.041733
470.336318 278.173924
471.338376 276.438307
471.839406 275.570499
473.342494 272.967074
474.845583 270.363648
475.847641 268.628031
476.348671 267.760223
479.354848 262.553372
480.356907 260.817755
481.358965 259.082138
483.864113 254.743096
484.365142 253.875287
486.369260 250.404054
487.371319 248.668437
490.878525 242.593777
491.379554 241.725969
492.381613 239.990352
493.383672 238.254735
494.385731 236.519118
495.387790 234.783501
496.389849 233.047884
497.391908 231.312267
498.393967 229.576651
499.396026 227.841034
500.899114 225.237608
501.901173 223.501991
502.402202 222.634183
504.907350 218.295140
506.410438 215.691715
507.412497 213.956098
507.913526 213.088290
508.915585 211.352673
509.416615 210.484864
511.921762 206.145822
512.923821 204.410205
513.424850 203.542397
515.428968 200.071163
515.929997 199.203354
516.932056 197.467737
518.936174 193.996504
519.437204 193.128695
521.441321 189.657461
523.445439 186.186227
526.952645 180.111568
527.954704 178.375951
528.455734 177.508143
530.960881 173.169100
531.962940 171.433484
532.463969 170.565675
533.466028 168.830058
534.468087 167.094441
534.969117 166.226633
535.971175 164.491016
536.973234 162.755399
538.977352 159.284165
539.478382 158.416357
541.983529 154.077314
542.484558 153.209506
543.486617 151.473889
544.488676 149.738272
544.989706 148.870463
545.490735 148.002655
545.991764 147.134847
547.494853 144.531421
547.995882 143.663613
548.496912 142.795804
551.503088 142.795804
552.505147 144.531421
553.006177 145.399230
553.507206 146.267038
554.509265 148.002655
555.010294 148.870463
556.012353 150.606080
556.513383 151.473889
559.018530 155.812931
560.020589 157.548548
561.022648 159.284165
562.024707 161.019782
564.028825 164.491016
567.035001 169.697867
568.037060 171.433484
568.538090 172.301292
571.043237 176.640334
573.047355 180.111568
574.550443 182.714994
575.051472 183.582802
575.552502 184.450610
576.053531 185.318419
576.554561 186.186227
577.055590 187.054036
578.057649 188.789653
581.564855 194.864312
582.566914 196.599929
583.568973 198.335546
584.070003 199.203354
585.072061 200.938971
585.573091 201.806780
589.080297 207.881439
589.581327 208.749247
592.587503 213.956098
593.088533 214.823907
594.591621 217.427332
595.593680 219.162949
597.096768 221.766374
597.597798 222.634183
598.098827 223.501991
599.100886 225.237608
601.606033 229.576651
603.109122 232.180076
605.113239 235.651310
605.614269 236.519118
606.616328 238.254735
607.117357 239.122544
608.119416 240.858161
613.129711 249.536245
614.131770 251.271862
615.634858 253.875287
617.137946 256.478713
619.142064 259.949947
621.146182 263.421181
621.647211 264.288989
625.655447 271.231457
627.158535 273.834882
630.665741 279.909541
632.168830 282.512967
632.669859 283.380775
633.671918 285.116392
634.673977 286.852009
640.185301 296.397902
640.686330 297.265711
641.187360 298.133519
641.688389 299.001328
644.694566 304.208178
648.702802 311.150646
649.203831 312.018454
650.706919 314.621880
651.207949 315.489688
652.210008 317.225305
653.713096 319.828731
656.218243 324.167773
659.224420 329.374624
661.228538 332.845858
661.729567 333.713666
662.230597 334.581474
662.731626 335.449283
663.733685 337.184900
664.234714 338.052708
666.238832 341.523942
667.741921 344.127368
669.245009 346.730793
669.746038 347.598601
670.748097 349.334218
672.752215 352.805452
673.253245 353.673261
673.754274 354.541069
675.758392 358.012303
676.259421 358.880111
676.760451 359.747920
677.762510 361.483537
678.764569 363.219154
683.273834 371.029430
684.275892 372.765047
684.776922 373.632855
686.781040 377.104089
688.785158 380.575323
689.286187 381.443131
692.292364 386.649982
693.294423 388.385599
699.807805 399.667109
700.308835 400.534918
701.310894 402.270535
702.312953 404.006151
703.816041 406.609577
704.818100 408.345194
705.319129 409.213002
706.822218 411.816428
708.826335 415.287661
711.832512 420.494512
712.333542 421.362321
712.834571 422.230129
713.335601 423.097938
713.836630 423.965746
714.337659 424.833555
717.343836 430.040405
718.345895 431.776022
718.846924 432.643831
719.347954 433.511639
719.848983 434.379448
721.352072 436.982873
722.855160 439.586298
723.857219 441.321915
725.360307 443.925341
725.861337 444.793149
728.366484 449.132192
731.868980 450.000000
733.869958 450.000000
734.870447 450.000000
735.870936 450.000000
737.871913 450.000000
739.872891 450.000000
743.874847 450.000000
744.875336 450.000000
746.876313 450.000000
747.876802 450.000000
748.877291 450.000000
752.879247 450.000000
754.880224 450.000000
757.881691 450.000000
758.882180 450.000000
760.883158 450.000000
762.884135 450.000000
764.885113 450.000000
765.885602 450.000000
767.886580 450.000000
768.887069 450.000000
769.887558 450.000000
771.888535 450.000000
772.889024 450.000000
774.890002 450.000000
776.890980 450.000000
778.891957 450.000000
779.892446 450.000000
780.892935 450.000000
781.893424 450.000000
782.893913 450.000000
788.896846 450.000000
794.899780 450.000000
795.900268 450.000000
798.901735 450.000000
799.902224 450.000000
801.903202 450.000000
802.903691 450.000000
805.905157 450.000000
806.905646 450.000000
810.907602 450.000000
811.908091 450.000000
812.908579 450.000000
814.909557 450.000000
815.910046 450.000000
818.911513 450.000000
819.912002 450.000000
822.913468 450.000000
826.915424 450.000000
829.916890 450.000000
830.917379 450.000000
831.917868 450.000000
834.919335 450.000000
835.919824 450.000000
836.920313 450.000000
837.920801 450.000000
838.921290 450.000000
840.922268 450.000000
844.924224 450.000000
846.925201 450.000000
848.926179 450.000000
850.927157 450.000000
851.927646 450.000000
852.928135 450.000000
853.928623 450.000000
854.929112 450.000000
859.931557 450.000000
861.932535 450.000000
863.933512 450.000000
865.934490 450.000000
868.935957 450.000000
872.937912 450.000000
873.938401 450.000000
874.938890 450.000000
875.939379 450.000000
876.939868 450.000000
877.940357 450.000000
878.940845 450.000000
881.942312 450.000000
882.942801 450.000000
883.943290 450.000000
885.944268 450.000000
887.945245 450.000000
888.945734 450.000000
889.946223 450.000000
892.947690 450.000000
893.948179 450.000000
894.948668 450.000000
896.949645 450.000000
900.951601 450.000000
901.952090 450.000000
902.952579 450.000000
911.956979 450.000000
914.958445 450.000000
917.959912 450.000000
918.960401 450.000000
919.960890 450.000000
920.961378 450.000000
925.963823 450.000000
930.966267 450.000000
931.966756 450.000000
932.967245 450.000000
933.967734 450.000000
934.968223 450.000000
937.969689 450.000000
938.970178 450.000000
940.971156 450.000000
952.977023 450.000000
953.977512 450.000000
954.978000 450.000000
955.978489 450.000000
958.979956 450.000000
959.980445 450.000000
963.982400 450.000000
964.982889 450.000000
965.983378 450.000000
967.984356 450.000000
969.985334 450.000000
970.985822 450.000000
971.986311 450.000000
972.986800 450.000000
973.987289 450.000000
975.988267 450.000000
985.993156 450.000000
989.995111 450.000000
992.996578 450.000000
993.997067 450.000000
994.997556 450.000000
996.998533 450.000000
1000.000000 450.000000
1000.000000 451.000000
1000.000000 452.000000
1000.000000 454.000000
1000.000000 455.000000
1000.000000 456.000000
1000.000000 457.000000
1000.000000 458.000000
1000.000000 460.000000
1000.000000 461.000000
1000.000000 463.000000
1000.000000 464.000000
1000.000000 465.000000
1000.000000 466.000000
1000.000000 467.000000
1000.000000 468.000000
1000.000000 469.000000
1000.000000 470.000000
1000.000000 471.000000
1000.000000 472.000000
1000.000000 473.000000
1000.000000 474.000000
1000.000000 476.000000
1000.000000 477.000000
1000.000000 478.000000
1000.000000 479.000000
1000.000000 480.000000
1000.000000 481.000000
1000.000000 483.000000
1000.000000 484.000000
1000.000000 485.000000
1000.000000 486.000000
1000.000000 487.000000
1000.000000 488.000000
1000.000000 491.000000
1000.000000 493.000000
1000.000000 494.000000
1000.000000 495.000000
1000.000000 496.000000
1000.000000 497.000000
1000.000000 498.000000
1000.000000 500.000000
1000.000000 501.000000
1000.000000 502.000000
1000.000000 503.000000
1000.000000 504.000000
1000.000000 505.000000
1000.000000 507.000000
1000.000000 508.000000
1000.000000 509.000000
1000.000000 510.000000
1000.000000 511.000000
1000.000000 512.000000
1000.000000 514.000000
1000.000000 515.000000
1000.000000 517.000000
1000.000000 518.000000
1000.000000 519.000000
1000.000000 520.000000
1000.000000 521.000000
1000.000000 524.000000
1000.000000 526.000000
1000.000000 527.000000
1000.000000 528.000000
1000.000000 529.000000
1000.000000 530.000000
1000.000000 531.000000
1000.000000 532.000000
1000.000000 534.000000
1000.000000 535.000000
1000.000000 537.000000
1000.000000 538.000000
1000.000000 539.000000
1000.000000 540.000000
1000.000000 542.000000
1000.000000 543.000000
1000.000000 544.000000
1000.000000 545.000000
1000.000000 546.000000
1000.000000 547.000000
1000.000000 549.000000
998.997355 550.000000
997.994710 550.000000
996.992065 550.000000
995.989421 550.000000
994.986776 550.000000
991.978841 550.000000
985.962972 550.000000
982.955037 550.000000
981.952393 550.000000
978.944458 550.000000
974.933879 550.000000
972.928589 550.000000
968.918009 550.000000
966.912720 550.000000
962.902140 550.000000
960.896851 550.000000
953.878337 550.000000
951.873047 550.000000
949.867757 550.000000
943.851888 550.000000
940.843953 550.000000
939.841309 550.000000
935.830729 550.000000
931.820150 550.000000
929.814860 550.000000
928.812215 550.000000
925.804280 550.000000
923.798991 550.000000
922.796346 550.000000
920.791056 550.000000
916.780477 550.000000
915.777832 550.000000
914.775187 550.000000
912.769897 550.000000
911.767252 550.000000
907.756673 550.000000
906.754028 550.000000
904.748738 550.000000
903.746094 550.000000
901.740804 550.000000
895.724935 550.000000
892.717000 550.000000
889.709066 550.000000
888.706421 550.000000
882.690552 550.000000
881.687907 550.000000
880.685262 550.000000
878.679972 550.000000
877.677327 550.000000
876.674682 550.000000
875.672038 550.000000
874.669393 550.000000
873.666748 550.000000
870.658813 550.000000
869.656168 550.000000
868.653524 550.000000
862.637654 550.000000
861.635010 550.000000
858.627075 550.000000
856.621785 550.000000
854.616496 550.000000
852.611206 550.000000
851.608561 550.000000
848.600626 550.000000
845.592692 550.000000
842.584757 550.000000
840.579468 550.000000
836.568888 550.000000
831.555664 550.000000
830.553019 550.000000
828.547729 550.000000
818.521281 550.000000
816.515991 550.000000
815.513346 550.000000
814.510701 550.000000
811.502767 550.000000
809.497477 550.000000
807.492187 550.000000
806.489542 550.000000
805.486898 550.000000
804.484253 550.000000
802.478963 550.000000
799.471028 550.000000
796.463094 550.000000
795.460449 550.000000
792.452514 550.000000
791.449870 550.000000
789.444580 550.000000
783.428711 550.000000
777.412841 550.000000
775.407552 550.000000
772.399617 550.000000
770.394327 550.000000
767.386393 550.000000
763.375813 550.000000
762.373169 550.000000
759.365234 550.000000
758.362589 550.000000
751.344075 550.000000
749.338785 550.000000
746.330851 550.000000
744.325561 550.000000
743.322916 550.000000
741.317627 550.000000
739.312337 550.000000
738.309692 550.000000
735.301757 550.000000
732.293823 550.000000
731.291178 550.000000
725.275309 550.000000
724.272664 550.000000
722.267374 550.000000
719.259440 550.000000
718.256795 550.000000
714.246215 550.000000
703.217122 550.000000
701.211832 550.000000
698.203898 550.000000
695.195963 550.000000
694.193318 550.000000
693.190673 550.000000
692.188029 550.000000
689.180094 550.000000
688.177449 550.000000
686.172159 550.000000
684.166870 550.000000
681.158935 550.000000
678.151001 550.000000
676.145711 550.000000
672.135131 550.000000
671.132487 550.000000
669.130297 546.532105
668.129202 544.798158
667.628654 543.931185
667.128107 543.064211
666.627559 542.197237
665.626464 540.463290
663.123727 536.128422
662.122632 534.394474
660.620990 531.793554
658.618800 528.325659
658.118252 527.458685
657.617705 526.591712
655.615515 523.123817
655.114968 522.256843
653.613325 519.655923
652.111683 517.055002
650.109493 513.587107
647.606756 509.252239
646.605661 507.518292
645.104018 504.917371
644.603471 504.050397
644.102923 503.183423
639.597996 495.380661
638.096354 492.779740
636.594711 490.178819
635.093069 487.577898
634.592522 486.710924
633.591427 484.976977
633.090879 484.110003
632.089784 482.376056
631.589237 481.509082
631.088689 480.642109
630.588142 479.775135
628.585952 476.307241
627.084310 473.706320
626.083215 471.972372
622.579382 465.903557
621.578288 464.169610
620.577193 462.435662
620.076645 461.568689
619.576098 460.701715
618.575003 458.967768
617.073360 456.366847
616.572813 455.499873
616.072265 454.632899
615.571718 453.765926
615.071170 452.898952
614.070076 451.165005
613.569528 450.298031
612.568433 448.564084
612.067886 447.697110
608.564053 441.628295
608.063506 440.761321
607.062411 439.027374
604.559674 434.692506
603.558579 432.958558
603.058031 432.091585
602.557484 431.224611
600.054747 426.889743
599.053652 425.155796
598.553104 424.288822
598.052557 423.421848
597.051462 421.687901
596.050367 419.953954
595.549819 419.086980
595.049272 418.220007
593.547629 415.619086
593.047082 414.752112
591.545440 412.151191
591.044892 411.284217
590.544345 410.417244
589.042702 407.816323
588.542155 406.949349
587.040512 404.348428
586.539965 403.481455
586.039417 402.614481
585.538870 401.747507
584.537775 400.013560
584.037228 399.146586
583.536680 398.279613
582.535585 396.545666
580.533395 393.077771
580.032848 392.210797
579.532300 391.343824
579.031753 390.476850
578.030658 388.742903
576.529016 386.141982
574.526826 382.674087
574.026278 381.807114
572.524636 379.206193
572.024088 378.339219
570.522446 375.738298
570.021899 374.871325
569.020804 373.137377
568.520256 372.270404
565.016424 366.201588
563.514782 363.600667
563.014234 362.733694
562.513687 361.866720
559.009854 355.797904
558.509307 354.930931
557.508212 353.196983
556.006570 350.596063
554.504927 347.995142
554.004380 347.128168
551.501642 342.793300
550.500547 341.059353
549.499453 341.059353
547.997810 343.660273
547.497263 344.527247
544.994525 348.862115
544.493978 349.729089
543.993430 350.596063
543.492883 351.463036
542.992335 352.330010
541.490693 354.930931
540.990146 355.797904
540.489598 356.664878
539.989051 357.531852
538.487408 360.132773
537.986861 360.999746
535.984671 364.467641
533.481934 368.802509
531.980291 371.403430
530.979196 373.137377
529.978101 374.871325
527.475364 379.206193
526.974817 380.073166
525.973722 381.807114
524.472079 384.408035
521.468794 389.609876
520.968247 390.476850
520.467700 391.343824
519.466605 393.077771
518.966057 393.944745
518.465510 394.811718
517.964962 395.678692
517.464415 396.545666
515.462225 400.013560
513.460035 403.481455
512.959488 404.348428
511.958393 406.082376
510.957298 407.816323
510.456750 408.683297
509.455655 410.417244
508.454560 412.151191
507.954013 413.018165
507.453465 413.885138
506.952918 414.752112
506.452371 415.619086
505.951823 416.486059
505.451276 417.353033
503.449086 420.820927
500.946348 425.155796
498.944159 428.623690
497.943064 430.357638
497.442516 431.224611
496.441421 432.958558
495.940874 433.825532
494.439231 436.426453
493.938684 437.293427
492.937589 439.027374
492.437042 439.894348
490.434852 443.362242
489.934304 444.229216
487.932114 447.697110
486.430472 450.298031
484.928830 452.898952
484.428282 453.765926
482.926640 456.366847
482.426092 457.233820
481.925545 458.100794
481.424997 458.967768
480.924450 459.834741
479.923355 461.568689
479.422807 462.435662
478.922260 463.302636
477.921165 465.036583
477.420618 465.903557
476.920070 466.770530
476.419523 467.637504
475.918975 468.504478
472.915690 473.706320
472.415143 474.573293
468.911311 480.642109
466.408573 484.976977
465.908026 485.843951
465.407478 486.710924
464.906931 487.577898
463.405289 490.178819
461.903646 492.779740
458.900361 497.981582
458.399814 498.848555
456.898172 501.449476
456.397624 502.316450
453.894887 506.651318
453.394339 507.518292
452.393244 509.252239
451.892697 510.119213
451.392149 510.986186
450.891602 511.853160
450.391054 512.720133
449.890507 513.587107
448.889412 515.321054
447.387770 517.921975
446.386675 519.655923
444.885032 522.256843
444.384485 523.123817
443.383390 524.857764
442.882842 525.724738
441.881748 527.458685
440.380105 530.059606
439.879558 530.926580
436.876273 536.128422
435.374631 538.729343
434.874083 539.596316
434.373536 540.463290
433.372441 542.197237
431.870798 544.798158
430.869703 546.532105
430.369156 547.399079
429.868608 548.266053
429.368061 549.133026
428.867513 550.000000
427.864869 550.000000
426.862224 550.000000
418.841065 550.000000
417.838420 550.000000
415.833130 550.000000
405.806682 550.000000
403.801392 550.000000
396.782878 550.000000
395.780233 550.000000
391.769654 550.000000
390.767009 550.000000
389.764364 550.000000
387.759074 550.000000
386.756429 550.000000
383.748495 550.000000
381.743205 550.000000
367.706177 550.000000
366.703532 550.000000
365.700887 550.000000
364.698243 550.000000
362.692953 550.000000
361.690308 550.000000
359.685018 550.000000
357.679729 550.000000
354.671794 550.000000
353.669149 550.000000
347.653280 550.000000
344.645345 550.000000
343.642701 550.000000
341.637411 550.000000
339.632121 550.000000
337.626831 550.000000
336.624187 550.000000
332.613607 550.000000
328.603028 550.000000
327.600383 550.000000
326.597738 550.000000
324.592448 550.000000
320.581869 550.000000
318.576579 550.000000
315.568644 550.000000
311.558065 550.000000
309.552775 550.000000
307.547486 550.000000
306.544841 550.000000
293.510458 550.000000
291.505168 550.000000
290.502523 550.000000
289.499878 550.000000
285.489299 550.000000
283.484009 550.000000
282.481364 550.000000
281.478719 550.000000
280.476074 550.000000
276.465495 550.000000
275.462850 550.000000
270.449626 550.000000
268.444336 550.000000
256.412598 550.000000
253.404663 550.000000
248.391439 550.000000
244.380860 550.000000
242.375570 550.000000
236.359701 550.000000
222.322673 550.000000
217.309448 550.000000
216.306804 550.000000
215.304159 550.000000
212.296224 550.000000
209.288290 550.000000
207.283000 550.000000
204.275065 550.000000
203.272420 550.000000
200.264486 550.000000
198.259196 550.000000
194.248617 550.000000
188.232748 550.000000
183.219523 550.000000
181.214234 550.000000
180.211589 550.000000
177.203654 550.000000
174.195720 550.000000
171.187785 550.000000
169.182495 550.000000
167.177205 550.000000
166.174561 550.000000
165.171916 550.000000
164.169271 550.000000
163.166626 550.000000
160.158691 550.000000
158.153402 550.000000
157.150757 550.000000
156.148112 550.000000
155.145467 550.000000
154.142822 550.000000
153.140177 550.000000
151.134888 550.000000
149.129598 550.000000
148.126953 550.000000
146.121663 550.000000
145.119019 550.000000
143.113729 550.000000
141.108439 550.000000
133.087280 550.000000
131.081991 550.000000
130.079346 550.000000
127.071411 550.000000
126.068766 550.000000
125.066121 550.000000
124.063477 550.000000
123.060832 550.000000
118.047607 550.000000
112.031738 550.000000
107.018514 550.000000
106.015869 550.000000
102.005290 550.000000
100.000000 550.000000
