980
101.001866 450.000000
105.009330 450.000000
109.016794 450.000000
111.020526 450.000000
112.022392 450.000000
114.026124 450.000000
116.029856 450.000000
118.033588 450.000000
122.041052 450.000000
123.042918 450.000000
125.046650 450.000000
129.054114 450.000000
132.059712 450.000000
133.061578 450.000000
138.070909 450.000000
143.080239 450.000000
144.082105 450.000000
146.085837 450.000000
147.087703 450.000000
150.093301 450.000000
156.104497 450.000000
159.110095 450.000000
160.111961 450.000000
164.119425 450.000000
165.121291 450.000000
166.123157 450.000000
169.128755 450.000000
170.130621 450.000000
171.132487 450.000000
174.146532 444.779521
174.648873 443.909441
176.155895 441.299201
179.169941 436.078722
180.676963 433.468482
181.179304 432.598403
182.183986 430.858243
184.695690 426.507843
186.202712 423.897604
187.709735 421.287364
188.714417 419.547204
189.216757 418.677125
192.733143 412.586565
197.756552 403.885767
204.286983 392.574728
205.291665 390.834569
209.812732 383.003850
215.840822 372.562891
216.343163 371.692811
221.366572 362.992013
223.375935 359.511693
225.385298 356.031374
226.389980 354.291214
226.892321 353.421134
229.404025 349.070735
231.413389 345.590415
232.418070 343.850256
235.934456 337.759696
240.957865 329.058898
241.962546 327.318738
243.469569 324.708498
246.483614 319.488019
247.990637 316.877779
248.995318 315.137620
252.009363 316.877779
253.516386 319.488019
254.521068 321.228179
258.037454 327.318738
259.042135 329.058898
260.549158 331.669137
263.060862 336.019537
264.065544 337.759696
265.070225 339.499856
271.600656 350.810895
273.610020 354.291214
275.619383 357.771534
277.628747 361.251853
280.140451 365.602252
282.149814 369.082572
283.154496 370.822732
286.168541 376.043211
287.173223 377.783371
289.182586 381.263690
289.684927 382.133770
291.694290 385.614089
293.201313 388.224329
299.731744 399.535367
308.773879 415.196805
312.290265 421.287364
314.299628 424.767684
319.825378 434.338562
320.830059 436.078722
321.332400 436.948802
321.834741 437.818882
322.839423 439.559042
324.848786 443.039361
326.355809 445.649601
326.858150 446.519681
328.867513 450.000000
328.867513 450.000000
331.886440 450.000000
335.911675 450.000000
336.917984 450.000000
338.930602 450.000000
339.936911 450.000000
342.955838 450.000000
344.968455 450.000000
345.974764 450.000000
346.981073 450.000000
347.987382 450.000000
348.993691 450.000000
351.006309 450.000000
354.025236 450.000000
355.031545 450.000000
356.037853 450.000000
357.044162 450.000000
358.050471 450.000000
360.063089 450.000000
362.075707 450.000000
364.088325 450.000000
366.100942 450.000000
367.107251 450.000000
368.113560 450.000000
371.132487 450.000000
371.635641 449.128511
372.641950 447.385533
373.648259 445.642555
375.660877 442.156599
376.164031 441.285110
377.170340 439.542131
378.176649 437.799153
378.679803 436.927664
379.182958 436.056175
379.686112 435.184686
380.189267 434.313197
381.195576 432.570219
381.698730 431.698730
382.201884 430.827241
383.208193 429.084263
383.711348 428.212774
384.214502 427.341285
385.220811 425.598307
385.723965 424.726818
386.227120 423.855329
386.730274 422.983840
387.233429 422.112350
387.736583 421.240861
388.742892 419.497883
389.246046 418.626394
389.749201 417.754905
390.252355 416.883416
390.755510 416.011927
391.258664 415.140438
391.761819 414.268949
392.264973 413.397460
391.260291 411.657300
390.255610 409.917140
388.246246 406.436821
385.734542 402.086422
385.232201 401.216342
384.729860 400.346262
382.218156 395.995862
381.213474 394.255703
378.701770 389.905303
377.697088 388.165144
370.664317 375.984025
367.650271 370.763546
364.133886 364.672987
363.129204 362.932827
362.626863 362.062747
361.119840 359.452508
358.105795 354.232028
357.101114 352.491868
356.096432 350.751709
354.087069 347.271389
353.082387 345.531229
351.575364 342.920990
350.570683 341.180830
350.068342 340.310750
344.040252 329.869792
343.035570 328.129632
337.007480 317.688673
336.002798 315.948514
329.472367 304.637475
328.970026 303.767395
328.467685 302.897315
327.463004 301.157156
325.453640 297.676836
324.951299 296.806756
321.937254 291.586277
320.430232 288.976037
318.420868 285.495718
317.416187 283.755558
313.397460 276.794919
321.434914 276.794919
327.463004 276.794919
338.514503 276.794919
340.523866 276.794919
343.537911 276.794919
344.542593 276.794919
354.589410 276.794919
355.594091 276.794919
358.608137 276.794919
360.617500 276.794919
363.631545 276.794919
374.683044 276.794919
386.739224 276.794919
392.767314 276.794919
406.832858 276.794919
408.842222 276.794919
412.860948 276.794919
413.865630 276.794919
417.884357 276.794919
420.898402 276.794919
432.954582 276.794919
435.968627 276.794919
440.992036 276.794919
441.996718 276.794919
443.001399 276.794919
450.034171 276.794919
452.043535 276.794919
453.048216 276.794919
456.062261 276.794919
460.080988 276.794919
464.099715 276.794919
466.109078 276.794919
467.113760 276.794919
471.132487 276.794919
473.644191 272.444520
477.160577 266.353961
478.165259 264.613801
479.672281 262.003561
480.676963 260.263401
481.681645 258.523242
482.686326 256.783082
487.709735 248.082283
489.216757 245.472044
489.719098 244.601964
490.723780 242.861804
493.235484 238.511405
493.737825 237.641325
494.240166 236.771245
495.244848 235.031085
504.286983 219.369647
504.789324 218.499568
506.296346 215.889328
509.812732 209.798769
510.315073 208.928689
513.831459 202.838130
516.845504 197.617651
518.352527 195.007411
518.854867 194.137331
519.357208 193.267251
523.375935 186.306612
524.882958 183.696373
526.389980 181.086133
529.906366 174.995574
535.934456 164.554615
537.943820 161.074296
538.948501 159.334136
540.455524 156.723897
547.990637 143.672698
548.492977 142.802619
555.525749 149.763258
558.037454 154.113657
561.051499 159.334136
562.056180 161.074296
564.567885 165.424695
565.572566 167.164855
566.074907 168.034935
567.079589 169.775095
570.093634 174.995574
570.595975 175.865654
571.098316 176.735734
573.107679 180.216053
574.112361 181.956213
574.614702 182.826293
580.140451 192.397171
585.163859 201.097970
585.666200 201.968050
586.670882 203.708210
589.182586 208.058609
589.684927 208.928689
592.698972 214.149168
594.205995 216.759408
594.708335 217.629488
597.220040 221.979887
603.248130 232.420845
604.755152 235.031085
605.257493 235.901165
608.773879 241.991724
610.280902 244.601964
615.806651 254.172842
616.308992 255.042922
617.816014 257.653162
621.332400 263.743721
622.839423 266.353961
627.360490 274.184679
627.862831 275.054759
628.365172 275.924839
642.933057 276.794919
643.937739 276.794919
646.951784 276.794919
647.956465 276.794919
653.984556 276.794919
655.993919 276.794919
660.012646 276.794919
665.036054 276.794919
668.050099 276.794919
676.087553 276.794919
679.101598 276.794919
681.110961 276.794919
682.115643 276.794919
684.125007 276.794919
685.129688 276.794919
686.134370 276.794919
687.139052 276.794919
702.209277 276.794919
703.213959 276.794919
709.242049 276.794919
714.265458 276.794919
716.274821 276.794919
720.293548 276.794919
724.312275 276.794919
729.335683 276.794919
746.415272 276.794919
747.419954 276.794919
751.438680 276.794919
753.448044 276.794919
759.476134 276.794919
764.499543 276.794919
768.518269 276.794919
769.522951 276.794919
773.541678 276.794919
774.546360 276.794919
779.569768 276.794919
786.100199 277.664999
785.597858 278.535079
781.076791 286.365798
780.072109 288.105957
779.067427 289.846117
774.546360 297.676836
773.039337 300.287076
770.025292 305.507555
767.011247 310.728034
764.499543 315.078434
755.457407 330.739871
753.950385 333.350111
747.922295 343.791070
745.912931 347.271389
742.898886 352.491868
742.396545 353.361948
738.880160 359.452508
737.875478 361.192667
736.870796 362.932827
735.866114 364.672987
734.359092 367.283226
733.354410 369.023386
729.335683 375.984025
728.833343 376.854105
728.331002 377.724185
726.321638 381.204504
725.819297 382.074584
721.298230 389.905303
716.274821 398.606102
711.251413 407.306901
710.246731 409.047061
709.244490 416.011927
710.250799 417.754905
710.753954 418.626394
711.257108 419.497883
713.269726 422.983840
713.772880 423.855329
714.276035 424.726818
715.282343 426.469796
715.785498 427.341285
716.288652 428.212774
716.791807 429.084263
717.294961 429.955752
717.798116 430.827241
718.301270 431.698730
718.804424 432.570219
719.307579 433.441708
719.810733 434.313197
721.823351 437.799153
722.326505 438.670642
722.829660 439.542131
724.339123 442.156599
724.842278 443.028088
725.345432 443.899577
726.351741 445.642555
726.854895 446.514044
727.358050 447.385533
727.861204 448.257022
728.364359 449.128511
728.867513 450.000000
731.886440 450.000000
732.892749 450.000000
733.899058 450.000000
734.905366 450.000000
737.924293 450.000000
738.930602 450.000000
741.949529 450.000000
742.955838 450.000000
743.962147 450.000000
745.974764 450.000000
748.993691 450.000000
752.012618 450.000000
753.018927 450.000000
757.044162 450.000000
759.056780 450.000000
761.069398 450.000000
765.094634 450.000000
766.100942 450.000000
767.107251 450.000000
769.119869 450.000000
771.132487 450.000000
775.653555 442.169281
776.658236 440.429121
780.676963 433.468482
783.188667 429.118083
784.193349 427.377923
785.700372 424.767684
788.212076 420.417284
788.714417 419.547204
790.221439 416.936965
791.226121 415.196805
793.737825 410.846406
796.249529 406.496006
798.761234 402.145607
802.779960 395.184968
803.784642 393.444808
805.291665 390.834569
807.803369 386.484169
808.305710 385.614089
809.310391 383.873930
809.812732 383.003850
811.822096 379.523530
813.329118 376.913291
813.831459 376.043211
816.845504 370.822732
817.347845 369.952652
818.352527 368.212492
823.375935 359.511693
824.882958 356.901454
827.394662 352.551054
828.901684 349.940815
829.404025 349.070735
831.413389 345.590415
831.915730 344.720335
837.441479 335.149457
837.943820 334.279377
838.948501 332.539217
844.474251 322.968339
845.478932 321.228179
846.483614 319.488019
846.985955 318.617939
850.000000 313.397460
850.502341 314.267540
852.009363 316.877779
853.516386 319.488019
854.018727 320.358099
855.525749 322.968339
859.544476 329.928978
862.056180 334.279377
862.558521 335.149457
867.581930 343.850256
872.102997 351.680974
873.610020 354.291214
878.131087 362.121933
878.633428 362.992013
883.656837 371.692811
884.159178 372.562891
884.661518 373.432971
888.680245 380.393610
890.689609 383.873930
891.191949 384.744010
892.196631 386.484169
893.703654 389.094409
894.205995 389.964489
895.713017 392.574728
897.220040 395.184968
906.262175 410.846406
911.285583 419.547204
912.792606 422.157444
915.304310 426.507843
916.308992 428.248003
916.811333 429.118083
917.313674 429.988163
920.327719 435.208642
920.830059 436.078722
921.834741 437.818882
924.346445 442.169281
924.848786 443.039361
928.867513 450.000000
931.873111 450.000000
934.878709 450.000000
936.882441 450.000000
937.884307 450.000000
938.886173 450.000000
940.889905 450.000000
941.891771 450.000000
942.893637 450.000000
945.899235 450.000000
946.901101 450.000000
950.908565 450.000000
953.914163 450.000000
956.919761 450.000000
959.925359 450.000000
960.927225 450.000000
963.932823 450.000000
964.934690 450.000000
966.938422 450.000000
970.945886 450.000000
972.949618 450.000000
975.955216 450.000000
978.960814 450.000000
980.964546 450.000000
988.979474 450.000000
990.983206 450.000000
994.990670 450.000000
1000.000000 450.000000
1000.000000 464.000000
1000.000000 465.000000
1000.000000 469.000000
1000.000000 476.000000
1000.000000 478.000000
1000.000000 480.000000
1000.000000 483.000000
1000.000000 487.000000
1000.000000 488.000000
1000.000000 490.000000
1000.000000 493.000000
1000.000000 495.000000
1000.000000 499.000000
1000.000000 501.000000
1000.000000 510.000000
1000.000000 511.000000
1000.000000 512.000000
1000.000000 514.000000
1000.000000 516.000000
1000.000000 517.000000
1000.000000 519.000000
1000.000000 521.000000
1000.000000 528.000000
1000.000000 534.000000
1000.000000 540.000000
1000.000000 546.000000
1000.000000 547.000000
1000.000000 548.000000
1000.000000 549.000000
997.986445 550.000000
988.925448 550.000000
985.905116 550.000000
981.878006 550.000000
980.871229 550.000000
979.864451 550.000000
978.857674 550.000000
975.837341 550.000000
973.823786 550.000000
965.769567 550.000000
963.756012 550.000000
958.722125 550.000000
957.715347 550.000000
954.695015 550.000000
952.681460 550.000000
951.674683 550.000000
947.647573 550.000000
940.600131 550.000000
937.579798 550.000000
936.573021 550.000000
934.559466 550.000000
933.552689 550.000000
923.484914 550.000000
920.464582 550.000000
918.451027 550.000000
916.437472 550.000000
915.430695 550.000000
901.335810 550.000000
899.322255 550.000000
897.308701 550.000000
888.247704 550.000000
885.227371 550.000000
879.186707 550.000000
871.132487 550.000000
870.629333 549.128511
870.126178 548.257022
869.623024 547.385533
867.107251 543.028088
866.604097 542.156599
865.094634 539.542131
864.591479 538.670642
864.088325 537.799153
862.075707 534.313197
860.063089 530.827241
859.056780 529.084263
858.553626 528.212774
857.547317 526.469796
857.044162 525.598307
856.037853 523.855329
854.528390 521.240861
854.025236 520.369372
853.522081 519.497883
853.018927 518.626394
852.515772 517.754905
851.509463 516.011927
850.000000 513.397460
849.496846 514.268949
848.993691 515.140438
847.987382 516.883416
847.484228 517.754905
846.477919 519.497883
845.471610 521.240861
843.458992 524.726818
842.955838 525.598307
841.949529 527.341285
841.446374 528.212774
840.943220 529.084263
840.440065 529.955752
839.936911 530.827241
839.433757 531.698730
838.930602 532.570219
838.427448 533.441708
837.924293 534.313197
837.421139 535.184686
836.917984 536.056175
834.905366 539.542131
833.899058 541.285110
832.892749 543.028088
832.389594 543.899577
831.886440 544.771066
830.376976 547.385533
829.873822 548.257022
829.370667 549.128511
827.862831 550.000000
820.830059 550.000000
818.820696 550.000000
810.783243 550.000000
806.764516 550.000000
804.755152 550.000000
795.713017 550.000000
791.694290 550.000000
790.689609 550.000000
782.652155 550.000000
774.614702 550.000000
771.600656 550.000000
768.586611 550.000000
766.577248 550.000000
754.521068 550.000000
748.492977 550.000000
747.488296 550.000000
741.460206 550.000000
740.455524 550.000000
737.441479 550.000000
731.413389 550.000000
729.404025 550.000000
728.399344 550.000000
719.357208 550.000000
717.347845 550.000000
715.338482 550.000000
713.329118 550.000000
712.324436 550.000000
708.305710 550.000000
707.301028 550.000000
706.296346 550.000000
691.226121 550.000000
690.221439 550.000000
689.216757 550.000000
686.202712 550.000000
680.174622 550.000000
679.169941 550.000000
678.165259 550.000000
674.146532 550.000000
670.630146 549.129920
666.109078 541.299201
665.606738 540.429121
663.597374 536.948802
660.080988 530.858243
659.076307 529.118083
657.569284 526.507843
656.564602 524.767684
656.062261 523.897604
649.531830 512.586565
648.527149 510.846406
647.020126 508.236166
642.499058 500.405447
638.982672 494.314888
635.968627 489.094409
633.959264 485.614089
631.447560 481.263690
627.428833 474.303051
619.391379 460.381773
617.884357 457.771534
615.372652 453.421134
612.358607 448.200655
609.846903 443.850256
603.818813 433.409297
601.809449 429.928978
597.790722 422.968339
596.283700 420.358099
594.274336 416.877779
592.264973 413.397460
593.271282 411.654482
593.774436 410.782993
595.283900 408.168526
595.787054 407.297036
596.290209 406.425547
596.793363 405.554058
598.302826 402.939591
598.805981 402.068102
599.309135 401.196613
599.812290 400.325124
601.824908 396.839168
602.328062 395.967679
603.334371 394.224700
603.837525 393.353211
604.340680 392.481722
604.843834 391.610233
605.850143 389.867255
607.862761 386.381299
608.869070 384.638321
609.372224 383.766832
611.887997 379.409386
612.391151 378.537897
612.894306 377.666408
613.397460 376.794919
613.397460 376.794919
612.391151 376.794919
611.384842 376.794919
610.378533 376.794919
609.372224 376.794919
607.359607 376.794919
606.353298 376.794919
605.346989 376.794919
599.309136 376.794919
598.302827 376.794919
597.296518 376.794919
593.271282 376.794919
591.258665 376.794919
589.246047 376.794919
588.239738 376.794919
586.227120 376.794919
584.214502 376.794919
581.195576 376.794919
575.157723 376.794919
574.151414 376.794919
573.145105 376.794919
572.138796 376.794919
571.132487 376.794919
570.126178 375.051941
569.623024 374.180452
568.113560 371.565985
567.107251 369.823007
565.597788 367.208539
565.094634 366.337050
564.088325 364.594072
563.082016 362.851094
562.578861 361.979605
562.075707 361.108116
560.063089 357.622160
558.050471 354.136204
557.547317 353.264715
557.044162 352.393226
556.037853 350.650248
555.534699 349.778759
555.031545 348.907269
553.018927 345.421313
552.012618 343.678335
550.503154 341.063868
550.000000 340.192379
550.000000 340.192379
547.987382 343.678335
547.484228 344.549824
546.981073 345.421313
546.477919 346.292802
545.974764 347.164291
543.962147 350.650248
543.458992 351.521737
542.452683 353.264715
541.949529 354.136204
538.930602 359.365138
538.427448 360.236627
537.421139 361.979605
536.917984 362.851094
536.414830 363.722583
535.408521 365.465561
534.402212 367.208539
533.899058 368.080029
531.383285 372.437474
530.880131 373.308963
530.376976 374.180452
529.873822 375.051941
529.370667 375.923430
528.867513 376.794919
528.867513 376.794919
527.861204 376.794919
526.854895 376.794919
524.842277 376.794919
523.835969 376.794919
521.823351 376.794919
520.817042 376.794919
518.804424 376.794919
512.766571 376.794919
511.760262 376.794919
510.753953 376.794919
509.747644 376.794919
508.741335 376.794919
507.735027 376.794919
506.728718 376.794919
504.716100 376.794919
503.709791 376.794919
501.697173 376.794919
500.690864 376.794919
499.684555 376.794919
498.678247 376.794919
497.671938 376.794919
493.646702 376.794919
492.640393 376.794919
490.627776 376.794919
489.621467 376.794919
486.602540 376.794919
487.105694 377.666408
487.608849 378.537897
488.112003 379.409386
489.118312 381.152364
489.621467 382.023853
492.137239 386.381299
492.640393 387.252788
493.646702 388.995766
494.149857 389.867255
494.653011 390.738744
495.659320 392.481722
496.665629 394.224700
497.168784 395.096190
497.671938 395.967679
498.678247 397.710657
499.181401 398.582146
500.690865 401.196613
501.194019 402.068102
501.697174 402.939591
503.206637 405.554058
504.212946 407.297036
505.722409 409.911504
507.231873 412.525971
499.697573 427.318738
498.692892 429.058898
498.190551 429.928978
496.683528 432.539217
493.669483 437.759696
491.660120 441.240016
488.143734 447.330575
487.139052 449.070735
484.627348 453.421134
477.092235 466.472332
476.589894 467.342412
475.585212 469.082572
472.068826 475.173131
471.064145 476.913291
467.045418 483.873930
466.543077 484.744010
462.022009 492.574728
461.519668 493.444808
457.500942 500.405447
455.491578 503.885767
454.989237 504.755847
448.458806 516.066885
447.956465 516.936965
444.942420 522.157444
444.440079 523.027524
440.421353 529.988163
439.919012 530.858243
438.914330 532.598403
438.411989 533.468482
437.909648 534.338562
437.407308 535.208642
434.393262 540.429121
431.379217 545.649601
429.872195 548.259840
429.369854 549.129920
423.844105 550.000000
421.834741 550.000000
419.825378 550.000000
418.820696 550.000000
400.736426 550.000000
390.689609 550.000000
385.666200 550.000000
384.661518 550.000000
378.633428 550.000000
377.628747 550.000000
373.610020 550.000000
364.567885 550.000000
356.530431 550.000000
350.502341 550.000000
334.427434 550.000000
333.422752 550.000000
331.413389 550.000000
330.408707 550.000000
329.404025 550.000000
324.380617 550.000000
323.375935 550.000000
321.366572 550.000000
319.357208 550.000000
315.338482 550.000000
314.333800 550.000000
313.329118 550.000000
312.324436 550.000000
311.319755 550.000000
306.296346 550.000000
300.268256 550.000000
286.202712 550.000000
284.193349 550.000000
283.188667 550.000000
276.155895 550.000000
272.137169 550.000000
270.629333 549.128511
269.623024 547.385533
269.119869 546.514044
268.616715 545.642555
268.113560 544.771066
267.107251 543.028088
266.604097 542.156599
266.100942 541.285110
264.591479 538.670642
264.088325 537.799153
263.082016 536.056175
261.572552 533.441708
260.566244 531.698730
260.063089 530.827241
259.056780 529.084263
258.050471 527.341285
256.541008 524.726818
255.031545 522.112350
254.025236 520.369372
253.522081 519.497883
252.515772 517.754905
251.509463 516.011927
250.503154 514.268949
250.000000 513.397460
246.981073 518.626394
246.477919 519.497883
245.974764 520.369372
244.465301 522.983840
243.962147 523.855329
242.452683 526.469796
241.446374 528.212774
240.943220 529.084263
238.930602 532.570219
238.427448 533.441708
237.421139 535.184686
236.414830 536.927664
235.408521 538.670642
234.905366 539.542131
234.402212 540.413620
233.899058 541.285110
233.395903 542.156599
231.886440 544.771066
231.383285 545.642555
230.880131 546.514044
228.867513 550.000000
227.860736 550.000000
222.826848 550.000000
221.820071 550.000000
219.806516 550.000000
215.779406 550.000000
213.765851 550.000000
212.759074 550.000000
209.738742 550.000000
196.650635 550.000000
170.474421 550.000000
168.460866 550.000000
163.426979 550.000000
161.413424 550.000000
156.379537 550.000000
154.365982 550.000000
139.264320 550.000000
130.203323 550.000000
128.189768 550.000000
126.176214 550.000000
120.135549 550.000000
107.047442 550.000000
105.033887 550.000000
