1440
100.000000 450.000000
105.002444 450.000000
107.003422 450.000000
108.003911 450.000000
109.004400 450.000000
110.004889 450.000000
111.005378 450.000000
113.006355 450.000000
119.009289 450.000000
121.010266 450.000000
124.011733 450.000000
127.013200 450.000000
128.013689 450.000000
129.014178 450.000000
130.014666 450.000000
131.015155 450.000000
132.015644 450.000000
133.016133 450.000000
135.017111 450.000000
136.017600 450.000000
137.018089 450.000000
139.019066 450.000000
140.019555 450.000000
141.020044 450.000000
143.021022 450.000000
145.022000 450.000000
146.022488 450.000000
147.022977 450.000000
148.023466 450.000000
149.023955 450.000000
150.024444 450.000000
151.024933 450.000000
152.025422 450.000000
153.025911 450.000000
154.026400 450.000000
155.026888 450.000000
156.027377 450.000000
157.027866 450.000000
159.028844 450.000000
165.031777 450.000000
166.032266 450.000000
168.033244 450.000000
170.034222 450.000000
173.035688 450.000000
174.036177 450.000000
176.037155 450.000000
178.038133 450.000000
179.038622 450.000000
181.039599 450.000000
182.040088 450.000000
185.041555 450.000000
186.042044 450.000000
187.042533 450.000000
190.043999 450.000000
191.044488 450.000000
192.044977 450.000000
193.045466 450.000000
194.045955 450.000000
197.047421 450.000000
198.047910 450.000000
199.048399 450.000000
200.048888 450.000000
202.049866 450.000000
204.050844 450.000000
205.051332 450.000000
209.053288 450.000000
210.053777 450.000000
214.055732 450.000000
215.056221 450.000000
216.056710 450.000000
217.057199 450.000000
219.058177 450.000000
221.059155 450.000000
223.060132 450.000000
225.061110 450.000000
226.061599 450.000000
227.062088 450.000000
228.062577 450.000000
231.064043 450.000000
232.064532 450.000000
233.065021 450.000000
235.065999 450.000000
236.066488 450.000000
237.066977 450.000000
242.069421 450.000000
245.070888 450.000000
246.071377 450.000000
247.071865 450.000000
249.072843 450.000000
250.073332 450.000000
251.073821 450.000000
252.074310 450.000000
253.074799 450.000000
254.075288 450.000000
256.076265 450.000000
257.076754 450.000000
258.077243 450.000000
259.077732 450.000000
260.078221 450.000000
261.078710 450.000000
263.079687 450.000000
264.080176 450.000000
267.081643 450.000000
269.082621 450.000000
270.083110 450.000000
272.084087 450.000000
275.085554 450.000000
276.086043 450.000000
279.087510 450.000000
280.087998 450.000000
281.088487 450.000000
283.089465 450.000000
284.089954 450.000000
286.090932 450.000000
288.091909 450.000000
291.093376 450.000000
293.094354 450.000000
294.094843 450.000000
296.095821 450.000000
297.096309 450.000000
298.096798 450.000000
301.098265 450.000000
302.098754 450.000000
303.099243 450.000000
305.100220 450.000000
306.100709 450.000000
307.101198 450.000000
310.102665 450.000000
312.103643 450.000000
315.105109 450.000000
316.105598 450.000000
317.106087 450.000000
318.106576 450.000000
320.107554 450.000000
321.108043 450.000000
323.109020 450.000000
324.109509 450.000000
325.109998 450.000000
328.111465 450.000000
333.113909 450.000000
334.114398 450.000000
336.115376 450.000000
341.117820 450.000000
342.118309 450.000000
343.118798 450.000000
348.121242 450.000000
349.121731 450.000000
350.122220 450.000000
352.123198 450.000000
353.123687 450.000000
354.124176 450.000000
355.124664 450.000000
356.125153 450.000000
359.126620 450.000000
363.128575 450.000000
364.129064 450.000000
365.129553 450.000000
368.131020 450.000000
369.131509 450.000000
370.131998 450.000000
371.132487 450.000000
371.132487 450.000000
371.633516 449.132192
372.134545 448.264383
373.136604 446.528766
373.637634 445.660958
375.140722 443.057532
375.641752 442.189724
376.643810 440.454107
378.146899 437.850682
378.647928 436.982873
379.649987 435.247256
380.151017 434.379448
381.654105 431.776022
382.155134 430.908214
382.656164 430.040405
383.658223 428.304788
385.662341 424.833555
387.165429 422.230129
387.666458 421.362321
388.668517 419.626704
389.169547 418.758895
389.670576 417.891087
390.171606 417.023278
390.672635 416.155470
391.173665 415.287661
392.175723 413.552045
392.676753 412.684236
393.678812 410.948619
394.179841 410.080811
394.680871 409.213002
395.181900 408.345194
395.682930 407.477385
396.684988 405.741768
399.190136 401.402726
400.192195 399.667109
400.693224 398.799301
401.194254 397.931492
401.695283 397.063684
402.697342 395.328067
403.699401 393.592450
404.200430 392.724641
404.701460 391.856833
406.204548 389.253408
406.705577 388.385599
407.206607 387.517791
408.709695 384.914365
410.713813 381.443131
411.214842 380.575323
412.216901 378.839706
412.717931 377.971898
413.719990 376.236281
414.722049 374.500664
415.724108 372.765047
416.225137 371.897238
417.728225 369.293813
418.730284 367.558196
420.233373 364.954771
420.734402 364.086962
421.235431 363.219154
421.736461 362.351345
422.237490 361.483537
422.738520 360.615728
423.239549 359.747920
425.243667 356.276686
425.744697 355.408878
427.748814 351.937644
428.249844 351.069835
428.750873 350.202027
430.253962 347.598601
431.757050 344.995176
432.258079 344.127368
433.761168 341.523942
434.262197 340.656134
435.765286 338.052708
436.266315 337.184900
436.767344 336.317091
437.769403 334.581474
438.270433 333.713666
438.771462 332.845858
439.773521 331.110241
440.775580 329.374624
443.280727 325.035581
443.781757 324.167773
444.282786 323.299964
445.785875 320.696539
446.286904 319.828731
446.787933 318.960922
447.789992 317.225305
448.792051 315.489688
449.794110 313.754071
450.796169 312.018454
452.299257 309.415029
452.800287 308.547221
453.301316 307.679412
453.802346 306.811604
456.307493 302.472561
458.311611 299.001328
459.313670 297.265711
461.317787 293.794477
461.818817 292.926668
463.321905 290.323243
465.326023 286.852009
465.827052 285.984201
466.328082 285.116392
466.829111 284.248584
468.332200 281.645158
469.334259 279.909541
469.835288 279.041733
470.837347 277.306116
471.839406 275.570499
473.342494 272.967074
473.843524 272.099265
474.845583 270.363648
477.851759 265.156797
478.352789 264.288989
479.855877 261.685564
480.857936 259.949947
481.358965 259.082138
482.862054 256.478713
484.365142 253.875287
484.866172 253.007479
485.868230 251.271862
486.870289 249.536245
489.375437 245.197203
490.377496 243.461586
490.878525 242.593777
491.379554 241.725969
492.882643 239.122544
493.383672 238.254735
493.884702 237.386927
495.387790 234.783501
496.389849 233.047884
496.890878 232.180076
497.391908 231.312267
497.892937 230.444459
498.393967 229.576651
502.402202 222.634183
503.404261 220.898566
503.905291 220.030757
504.907350 218.295140
506.410438 215.691715
507.412497 213.956098
507.913526 213.088290
509.416615 210.484864
509.917644 209.617056
510.919703 207.881439
512.923821 204.410205
513.925880 202.674588
516.431027 198.335546
516.932056 197.467737
517.433086 196.599929
519.437204 193.128695
519.938233 192.260887
520.439262 191.393078
520.940292 190.525270
521.942351 188.789653
522.944410 187.054036
523.445439 186.186227
524.447498 184.450610
525.449557 182.714994
526.451616 180.979377
528.455734 177.508143
529.457793 175.772526
529.958822 174.904717
530.960881 173.169100
531.461910 172.301292
532.463969 170.565675
535.971175 164.491016
536.472205 163.623207
536.973234 162.755399
537.975293 161.019782
538.476323 160.151974
539.979411 157.548548
541.482499 154.945123
542.484558 153.209506
543.987647 150.606080
546.492794 146.267038
546.993823 145.399230
548.997941 141.927996
550.000000 140.192379
551.503088 142.795804
554.509265 148.002655
555.010294 148.870463
556.513383 151.473889
557.515442 153.209506
558.517501 154.945123
560.020589 157.548548
560.521618 158.416357
561.022648 159.284165
562.525736 161.887590
563.026766 162.755399
563.527795 163.623207
567.035001 169.697867
567.536031 170.565675
569.039119 173.169100
570.041178 174.904717
571.544266 177.508143
573.047355 180.111568
573.548384 180.979377
574.049414 181.847185
576.554561 186.186227
577.055590 187.054036
577.556620 187.921844
583.568973 198.335546
584.070003 199.203354
585.573091 201.806780
586.074120 202.674588
588.579268 207.013630
589.080297 207.881439
591.585444 212.220481
592.086474 213.088290
592.587503 213.956098
593.088533 214.823907
594.591621 217.427332
595.092650 218.295140
595.593680 219.162949
597.597798 222.634183
598.599857 224.369800
599.100886 225.237608
599.601915 226.105417
600.102945 226.973225
600.603974 227.841034
601.105004 228.708842
601.606033 229.576651
602.608092 231.312267
603.109122 232.180076
603.610151 233.047884
604.612210 234.783501
605.113239 235.651310
606.115298 237.386927
606.616328 238.254735
607.618387 239.990352
608.620446 241.725969
609.622504 243.461586
610.123534 244.329394
610.624563 245.197203
611.125593 246.065011
611.626622 246.932820
612.127652 247.800628
612.628681 248.668437
613.630740 250.404054
614.131770 251.271862
615.133828 253.007479
618.140005 258.214330
618.641035 259.082138
619.142064 259.949947
619.643093 260.817755
620.144123 261.685564
621.146182 263.421181
622.649270 266.024606
623.150300 266.892414
624.653388 269.495840
626.156476 272.099265
626.657506 272.967074
627.158535 273.834882
627.659565 274.702691
628.160594 275.570499
630.164712 279.041733
630.665741 279.909541
632.168830 282.512967
632.669859 283.380775
633.170889 284.248584
634.172948 285.984201
634.673977 286.852009
635.175006 287.719818
636.678095 290.323243
637.680154 292.058860
638.181183 292.926668
639.684271 295.530094
640.185301 296.397902
640.686330 297.265711
641.187360 298.133519
643.692507 302.472561
644.193536 303.340370
644.694566 304.208178
645.195595 305.075987
645.696625 305.943795
647.700743 309.415029
648.201772 310.282838
648.702802 311.150646
650.706919 314.621880
651.708978 316.357497
652.711037 318.093114
653.212067 318.960922
653.713096 319.828731
655.216184 322.432156
655.717214 323.299964
656.218243 324.167773
656.719273 325.035581
657.220302 325.903390
658.222361 327.639007
658.723391 328.506815
659.725449 330.242432
660.226479 331.110241
661.729567 333.713666
662.731626 335.449283
663.232656 336.317091
663.733685 337.184900
664.735744 338.920517
665.236773 339.788325
666.739862 342.391751
667.741921 344.127368
668.743980 345.862984
669.746038 347.598601
670.247068 348.466410
671.249127 350.202027
671.750156 351.069835
675.257362 357.144495
677.261480 360.615728
677.762510 361.483537
678.764569 363.219154
679.265598 364.086962
679.766627 364.954771
680.267657 365.822579
682.772804 370.161621
686.280010 376.236281
687.783099 378.839706
689.286187 381.443131
690.288246 383.178748
691.290305 384.914365
695.298540 391.856833
695.799570 392.724641
696.300599 393.592450
696.801629 394.460258
697.302658 395.328067
698.304717 397.063684
700.308835 400.534918
700.809864 401.402726
701.811923 403.138343
702.312953 404.006151
702.813982 404.873960
703.315012 405.741768
703.816041 406.609577
704.818100 408.345194
705.319129 409.213002
705.820159 410.080811
707.824277 413.552045
709.828394 417.023278
710.329424 417.891087
711.832512 420.494512
712.333542 421.362321
712.834571 422.230129
713.836630 423.965746
714.838689 425.701363
716.341777 428.304788
720.851042 436.115065
721.853101 437.850682
725.360307 443.925341
725.861337 444.793149
727.364425 447.396575
727.865455 448.264383
728.366484 449.132192
728.867513 450.000000
728.867513 450.000000
729.868002 450.000000
731.868980 450.000000
733.869958 450.000000
736.871425 450.000000
737.871913 450.000000
738.872402 450.000000
739.872891 450.000000
740.873380 450.000000
742.874358 450.000000
743.874847 450.000000
747.876802 450.000000
748.877291 450.000000
749.877780 450.000000
750.878269 450.000000
754.880224 450.000000
755.880713 450.000000
757.881691 450.000000
759.882669 450.000000
761.883647 450.000000
763.884624 450.000000
764.885113 450.000000
767.886580 450.000000
769.887558 450.000000
770.888046 450.000000
771.888535 450.000000
772.889024 450.000000
773.889513 450.000000
774.890002 450.000000
778.891957 450.000000
783.894402 450.000000
784.894891 450.000000
787.896357 450.000000
791.898313 450.000000
792.898802 450.000000
793.899291 450.000000
796.900757 450.000000
797.901246 450.000000
800.902713 450.000000
801.903202 450.000000
802.903691 450.000000
803.904179 450.000000
804.904668 450.000000
805.905157 450.000000
806.905646 450.000000
807.906135 450.000000
811.908091 450.000000
812.908579 450.000000
814.909557 450.000000
815.910046 450.000000
816.910535 450.000000
817.911024 450.000000
818.911513 450.000000
819.912002 450.000000
820.912490 450.000000
821.912979 450.000000
822.913468 450.000000
824.914446 450.000000
826.915424 450.000000
829.916890 450.000000
831.917868 450.000000
833.918846 450.000000
839.921779 450.000000
844.924224 450.000000
850.927157 450.000000
851.927646 450.000000
852.928135 450.000000
853.928623 450.000000
855.929601 450.000000
856.930090 450.000000
857.930579 450.000000
858.931068 450.000000
859.931557 450.000000
861.932535 450.000000
866.934979 450.000000
868.935957 450.000000
870.936934 450.000000
871.937423 450.000000
872.937912 450.000000
873.938401 450.000000
874.938890 450.000000
878.940845 450.000000
879.941334 450.000000
880.941823 450.000000
881.942312 450.000000
882.942801 450.000000
886.944757 450.000000
888.945734 450.000000
890.946712 450.000000
891.947201 450.000000
893.948179 450.000000
895.949156 450.000000
897.950134 450.000000
898.950623 450.000000
899.951112 450.000000
901.952090 450.000000
903.953067 450.000000
904.953556 450.000000
905.954045 450.000000
906.954534 450.000000
907.955023 450.000000
908.955512 450.000000
909.956001 450.000000
910.956490 450.000000
912.957467 450.000000
913.957956 450.000000
915.958934 450.000000
916.959423 450.000000
918.960401 450.000000
920.961378 450.000000
921.961867 450.000000
922.962356 450.000000
924.963334 450.000000
926.964312 450.000000
928.965290 450.000000
930.966267 450.000000
931.966756 450.000000
932.967245 450.000000
933.967734 450.000000
934.968223 450.000000
937.969689 450.000000
939.970667 450.000000
941.971645 450.000000
942.972134 450.000000
943.972623 450.000000
944.973112 450.000000
945.973600 450.000000
948.975067 450.000000
949.975556 450.000000
950.976045 450.000000
952.977023 450.000000
956.978978 450.000000
957.979467 450.000000
958.979956 450.000000
959.980445 450.000000
961.981423 450.000000
962.981911 450.000000
963.982400 450.000000
965.983378 450.000000
968.984845 450.000000
970.985822 450.000000
972.986800 450.000000
974.987778 450.000000
975.988267 450.000000
976.988756 450.000000
977.989245 450.000000
979.990222 450.000000
981.991200 450.000000
984.992667 450.000000
986.993645 450.000000
987.994133 450.000000
988.994622 450.000000
989.995111 450.000000
990.995600 450.000000
991.996089 450.000000
995.998044 450.000000
996.998533 450.000000
1000.000000 450.000000
1000.000000 450.000000
1000.000000 451.000000
1000.000000 452.000000
1000.000000 453.000000
1000.000000 454.000000
1000.000000 455.000000
1000.000000 456.000000
1000.000000 457.000000
1000.000000 458.000000
1000.000000 459.000000
1000.000000 460.000000
1000.000000 461.000000
1000.000000 462.000000
1000.000000 463.000000
1000.000000 464.000000
1000.000000 465.000000
1000.000000 466.000000
1000.000000 467.000000
1000.000000 469.000000
1000.000000 470.000000
1000.000000 471.000000
1000.000000 472.000000
1000.000000 473.000000
1000.000000 474.000000
1000.000000 475.000000
1000.000000 476.000000
1000.000000 477.000000
1000.000000 478.000000
1000.000000 479.000000
1000.000000 480.000000
1000.000000 481.000000
1000.000000 482.000000
1000.000000 483.000000
1000.000000 484.000000
1000.000000 485.000000
1000.000000 486.000000
1000.000000 487.000000
1000.000000 489.000000
1000.000000 490.000000
1000.000000 491.000000
1000.000000 492.000000
1000.000000 494.000000
1000.000000 495.000000
1000.000000 496.000000
1000.000000 497.000000
1000.000000 498.000000
1000.000000 499.000000
1000.000000 500.000000
1000.000000 501.000000
1000.000000 502.000000
1000.000000 503.000000
1000.000000 504.000000
1000.000000 505.000000
1000.000000 506.000000
1000.000000 507.000000
1000.000000 508.000000
1000.000000 509.000000
1000.000000 510.000000
1000.000000 512.000000
1000.000000 513.000000
1000.000000 514.000000
1000.000000 515.000000
1000.000000 516.000000
1000.000000 517.000000
1000.000000 518.000000
1000.000000 519.000000
1000.000000 520.000000
1000.000000 521.000000
1000.000000 522.000000
1000.000000 523.000000
1000.000000 524.000000
1000.000000 525.000000
1000.000000 526.000000
1000.000000 527.000000
1000.000000 528.000000
1000.000000 529.000000
1000.000000 530.000000
1000.000000 532.000000
1000.000000 534.000000
1000.000000 535.000000
1000.000000 536.000000
1000.000000 538.000000
1000.000000 540.000000
1000.000000 541.000000
1000.000000 542.000000
1000.000000 544.000000
1000.000000 545.000000
1000.000000 546.000000
1000.000000 547.000000
1000.000000 548.000000
1000.000000 549.000000
1000.000000 550.000000
1000.000000 550.000000
997.994710 550.000000
996.992065 550.000000
995.989421 550.000000
994.986776 550.000000
991.978841 550.000000
990.976196 550.000000
989.973551 550.000000
988.970907 550.000000
986.965617 550.000000
984.960327 550.000000
983.957682 550.000000
982.955037 550.000000
980.949748 550.000000
979.947103 550.000000
978.944458 550.000000
977.941813 550.000000
976.939168 550.000000
975.936523 550.000000
974.933879 550.000000
973.931234 550.000000
972.928589 550.000000
971.925944 550.000000
970.923299 550.000000
969.920654 550.000000
968.918009 550.000000
965.910075 550.000000
964.907430 550.000000
961.899495 550.000000
958.891561 550.000000
956.886271 550.000000
953.878337 550.000000
952.875692 550.000000
951.873047 550.000000
950.870402 550.000000
949.867757 550.000000
948.865112 550.000000
947.862467 550.000000
944.854533 550.000000
942.849243 550.000000
941.846598 550.000000
940.843953 550.000000
939.841309 550.000000
936.833374 550.000000
935.830729 550.000000
933.825439 550.000000
932.822795 550.000000
931.820150 550.000000
930.817505 550.000000
928.812215 550.000000
927.809570 550.000000
924.801636 550.000000
922.796346 550.000000
921.793701 550.000000
918.785766 550.000000
914.775187 550.000000
912.769897 550.000000
909.761963 550.000000
907.756673 550.000000
905.751383 550.000000
902.743449 550.000000
901.740804 550.000000
896.727580 550.000000
894.722290 550.000000
892.717000 550.000000
890.711710 550.000000
888.706421 550.000000
884.695841 550.000000
883.693196 550.000000
881.687907 550.000000
878.679972 550.000000
877.677327 550.000000
875.672038 550.000000
872.664103 550.000000
870.658813 550.000000
869.656168 550.000000
867.650879 550.000000
866.648234 550.000000
864.642944 550.000000
862.637654 550.000000
861.635010 550.000000
860.632365 550.000000
859.629720 550.000000
856.621785 550.000000
854.616496 550.000000
853.613851 550.000000
851.608561 550.000000
850.605916 550.000000
849.603271 550.000000
846.595337 550.000000
843.587402 550.000000
842.584757 550.000000
840.579468 550.000000
838.574178 550.000000
837.571533 550.000000
835.566243 550.000000
832.558309 550.000000
831.555664 550.000000
829.550374 550.000000
828.547729 550.000000
827.545084 550.000000
825.539795 550.000000
823.534505 550.000000
822.531860 550.000000
821.529215 550.000000
820.526570 550.000000
819.523926 550.000000
818.521281 550.000000
817.518636 550.000000
816.515991 550.000000
815.513346 550.000000
814.510701 550.000000
813.508056 550.000000
812.505412 550.000000
810.500122 550.000000
808.494832 550.000000
807.492187 550.000000
804.484253 550.000000
803.481608 550.000000
797.465739 550.000000
796.463094 550.000000
795.460449 550.000000
794.457804 550.000000
792.452514 550.000000
791.449870 550.000000
789.444580 550.000000
783.428711 550.000000
782.426066 550.000000
781.423421 550.000000
780.420776 550.000000
778.415486 550.000000
776.410197 550.000000
775.407552 550.000000
774.404907 550.000000
773.402262 550.000000
772.399617 550.000000
771.396972 550.000000
770.394327 550.000000
768.389038 550.000000
766.383748 550.000000
765.381103 550.000000
763.375813 550.000000
762.373169 550.000000
761.370524 550.000000
757.359944 550.000000
752.346720 550.000000
751.344075 550.000000
750.341430 550.000000
748.336141 550.000000
747.333496 550.000000
746.330851 550.000000
743.322916 550.000000
742.320271 550.000000
741.317627 550.000000
740.314982 550.000000
739.312337 550.000000
736.304402 550.000000
735.301757 550.000000
734.299113 550.000000
733.296468 550.000000
732.293823 550.000000
731.291178 550.000000
730.288533 550.000000
729.285888 550.000000
727.280599 550.000000
726.277954 550.000000
725.275309 550.000000
724.272664 550.000000
721.264729 550.000000
720.262085 550.000000
717.254150 550.000000
716.251505 550.000000
715.248860 550.000000
714.246215 550.000000
712.240926 550.000000
710.235636 550.000000
709.232991 550.000000
701.211832 550.000000
699.206543 550.000000
698.203898 550.000000
696.198608 550.000000
694.193318 550.000000
692.188029 550.000000
691.185384 550.000000
690.182739 550.000000
689.180094 550.000000
688.177449 550.000000
685.169515 550.000000
682.161580 550.000000
681.158935 550.000000
678.151001 550.000000
675.143066 550.000000
673.137776 550.000000
671.132487 550.000000
671.132487 550.000000
670.631939 549.133026
670.131392 548.266053
669.630844 547.399079
668.629749 545.665132
668.129202 544.798158
667.628654 543.931185
667.128107 543.064211
666.627559 542.197237
666.127012 541.330264
665.125917 539.596316
664.625369 538.729343
664.124822 537.862369
663.123727 536.128422
662.122632 534.394474
661.622085 533.527501
660.620990 531.793554
659.619895 530.059606
659.119347 529.192633
658.118252 527.458685
656.616610 524.857764
656.116063 523.990791
655.615515 523.123817
655.114968 522.256843
654.614420 521.389870
653.112778 518.788949
652.111683 517.055002
651.611135 516.188028
650.610040 514.454081
647.606756 509.252239
647.106208 508.385265
646.605661 507.518292
645.604566 505.784344
645.104018 504.917371
643.602376 502.316450
643.101828 501.449476
641.600186 498.848555
641.099639 497.981582
640.599091 497.114608
640.098544 496.247634
639.097449 494.513687
638.596901 493.646713
637.095259 491.045792
636.594711 490.178819
636.094164 489.311845
635.593617 488.444871
635.093069 487.577898
634.091974 485.843951
633.090879 484.110003
631.589237 481.509082
631.088689 480.642109
630.588142 479.775135
629.587047 478.041188
629.086499 477.174214
628.585952 476.307241
628.085405 475.440267
626.083215 471.972372
625.582667 471.105399
624.081025 468.504478
623.580477 467.637504
623.079930 466.770530
622.579382 465.903557
621.578288 464.169610
621.077740 463.302636
620.577193 462.435662
620.076645 461.568689
619.576098 460.701715
619.075550 459.834741
618.575003 458.967768
617.073360 456.366847
616.572813 455.499873
614.570623 452.031979
614.070076 451.165005
613.569528 450.298031
612.568433 448.564084
611.567338 446.830137
611.066791 445.963163
610.566243 445.096189
610.065696 444.229216
609.064601 442.495269
608.564053 441.628295
608.063506 440.761321
607.562958 439.894348
606.561864 438.160400
606.061316 437.293427
605.560769 436.426453
605.060221 435.559479
604.559674 434.692506
604.059126 433.825532
603.558579 432.958558
603.058031 432.091585
602.557484 431.224611
602.056936 430.357638
601.556389 429.490664
601.055841 428.623690
600.054747 426.889743
599.554199 426.022769
599.053652 425.155796
598.553104 424.288822
598.052557 423.421848
597.552009 422.554875
597.051462 421.687901
596.550914 420.820927
595.049272 418.220007
594.548724 417.353033
593.547629 415.619086
593.047082 414.752112
591.545440 412.151191
590.544345 410.417244
588.542155 406.949349
588.041607 406.082376
586.539965 403.481455
585.038323 400.880534
584.537775 400.013560
584.037228 399.146586
583.536680 398.279613
583.036133 397.412639
582.035038 395.678692
581.033943 393.944745
580.032848 392.210797
579.532300 391.343824
579.031753 390.476850
577.029563 387.008955
576.529016 386.141982
576.028468 385.275008
575.527921 384.408035
574.526826 382.674087
574.026278 381.807114
573.525731 380.940140
573.025183 380.073166
572.524636 379.206193
571.022994 376.605272
570.522446 375.738298
570.021899 374.871325
569.521351 374.004351
568.520256 372.270404
568.019709 371.403430
567.519161 370.536456
567.018614 369.669483
566.518066 368.802509
565.516971 367.068562
565.016424 366.201588
564.515876 365.334614
564.015329 364.467641
563.514782 363.600667
562.513687 361.866720
561.512592 360.132773
561.012044 359.265799
560.010949 357.531852
559.510402 356.664878
557.508212 353.196983
557.007665 352.330010
556.507117 351.463036
555.506022 349.729089
553.503832 346.261194
552.502737 344.527247
551.501642 342.793300
550.000000 340.192379
549.499453 341.059353
548.998905 341.926326
547.497263 344.527247
546.496168 346.261194
545.495073 347.995142
544.994525 348.862115
544.493978 349.729089
542.992335 352.330010
542.491788 353.196983
541.490693 354.930931
540.990146 355.797904
540.489598 356.664878
539.989051 357.531852
538.987956 359.265799
536.485218 363.600667
535.984671 364.467641
535.484124 365.334614
534.983576 366.201588
532.480839 370.536456
531.980291 371.403430
530.979196 373.137377
530.478649 374.004351
529.477554 375.738298
528.977006 376.605272
528.476459 377.472245
527.975912 378.339219
524.472079 384.408035
523.470984 386.141982
520.467700 391.343824
519.967152 392.210797
519.466605 393.077771
518.966057 393.944745
517.464415 396.545666
516.963867 397.412639
515.962772 399.146586
514.961677 400.880534
514.461130 401.747507
513.460035 403.481455
512.959488 404.348428
512.458940 405.215402
511.958393 406.082376
510.957298 407.816323
510.456750 408.683297
509.956203 409.550270
509.455655 410.417244
508.955108 411.284217
508.454560 412.151191
506.952918 414.752112
506.452371 415.619086
505.951823 416.486059
505.451276 417.353033
503.449086 420.820927
500.946348 425.155796
500.445801 426.022769
499.945253 426.889743
499.444706 427.756717
498.944159 428.623690
498.443611 429.490664
497.442516 431.224611
496.941969 432.091585
495.940874 433.825532
495.440326 434.692506
493.938684 437.293427
492.937589 439.027374
492.437042 439.894348
491.936494 440.761321
490.935399 442.495269
489.934304 444.229216
488.933209 445.963163
487.932114 447.697110
487.431567 448.564084
485.929924 451.165005
485.429377 452.031979
484.928830 452.898952
484.428282 453.765926
483.427187 455.499873
482.926640 456.366847
481.925545 458.100794
481.424997 458.967768
480.423902 460.701715
479.923355 461.568689
479.422807 462.435662
478.421712 464.169610
477.921165 465.036583
477.420618 465.903557
476.920070 466.770530
476.419523 467.637504
474.417333 471.105399
473.916785 471.972372
472.915690 473.706320
471.914595 475.440267
471.414048 476.307241
470.913501 477.174214
469.912406 478.908161
469.411858 479.775135
465.908026 485.843951
465.407478 486.710924
464.406383 488.444871
463.905836 489.311845
462.404194 491.912766
461.403099 493.646713
460.902551 494.513687
460.402004 495.380661
458.900361 497.981582
458.399814 498.848555
457.899266 499.715529
456.898172 501.449476
455.897077 503.183423
455.396529 504.050397
454.895982 504.917371
454.395434 505.784344
453.894887 506.651318
453.394339 507.518292
452.893792 508.385265
452.393244 509.252239
451.892697 510.119213
451.392149 510.986186
450.391054 512.720133
447.888317 517.055002
444.885032 522.256843
444.384485 523.123817
443.383390 524.857764
442.882842 525.724738
442.382295 526.591712
441.881748 527.458685
441.381200 528.325659
439.879558 530.926580
439.379010 531.793554
438.878463 532.660527
437.877368 534.394474
436.375725 536.995395
435.875178 537.862369
435.374631 538.729343
434.874083 539.596316
433.872988 541.330264
432.371346 543.931185
431.870798 544.798158
431.370251 545.665132
430.369156 547.399079
429.868608 548.266053
429.368061 549.133026
428.867513 550.000000
425.859579 550.000000
423.854289 550.000000
417.838420 550.000000
415.833130 550.000000
413.827841 550.000000
412.825196 550.000000
411.822551 550.000000
409.817261 550.000000
406.809327 550.000000
405.806682 550.000000
403.801392 550.000000
402.798747 550.000000
400.793457 550.000000
399.790813 550.000000
398.788168 550.000000
396.782878 550.000000
394.777588 550.000000
393.774943 550.000000
392.772299 550.000000
390.767009 550.000000
387.759074 550.000000
386.756429 550.000000
383.748495 550.000000
382.745850 550.000000
380.740560 550.000000
377.732626 550.000000
376.729981 550.000000
375.727336 550.000000
374.724691 550.000000
373.722046 550.000000
372.719401 550.000000
371.716757 550.000000
370.714112 550.000000
368.708822 550.000000
367.706177 550.000000
365.700887 550.000000
364.698243 550.000000
362.692953 550.000000
361.690308 550.000000
359.685018 550.000000
355.674439 550.000000
354.671794 550.000000
353.669149 550.000000
350.661215 550.000000
349.658570 550.000000
346.650635 550.000000
345.647990 550.000000
343.642701 550.000000
342.640056 550.000000
341.637411 550.000000
339.632121 550.000000
338.629476 550.000000
333.616252 550.000000
331.610962 550.000000
329.605673 550.000000
326.597738 550.000000
324.592448 550.000000
322.587159 550.000000
321.584514 550.000000
320.581869 550.000000
316.571289 550.000000
315.568644 550.000000
314.566000 550.000000
313.563355 550.000000
312.560710 550.000000
309.552775 550.000000
308.550130 550.000000
307.547486 550.000000
306.544841 550.000000
305.542196 550.000000
304.539551 550.000000
301.531616 550.000000
300.528972 550.000000
299.526327 550.000000
298.523682 550.000000
294.513102 550.000000
292.507813 550.000000
289.499878 550.000000
288.497233 550.000000
286.491944 550.000000
285.489299 550.000000
284.486654 550.000000
283.484009 550.000000
282.481364 550.000000
281.478719 550.000000
280.476074 550.000000
275.462850 550.000000
274.460205 550.000000
272.454916 550.000000
271.452271 550.000000
270.449626 550.000000
268.444336 550.000000
266.439046 550.000000
265.436402 550.000000
264.433757 550.000000
263.431112 550.000000
259.420532 550.000000
258.417888 550.000000
256.412598 550.000000
255.409953 550.000000
254.407308 550.000000
251.399374 550.000000
250.396729 550.000000
245.383504 550.000000
238.364990 550.000000
236.359701 550.000000
235.357056 550.000000
234.354411 550.000000
233.351766 550.000000
230.343832 550.000000
229.341187 550.000000
226.333252 550.000000
223.325318 550.000000
222.322673 550.000000
219.314738 550.000000
218.312093 550.000000
217.309448 550.000000
216.306804 550.000000
214.301514 550.000000
211.293579 550.000000
210.290934 550.000000
209.288290 550.000000
208.285645 550.000000
207.283000 550.000000
206.280355 550.000000
205.277710 550.000000
204.275065 550.000000
203.272420 550.000000
202.269776 550.000000
201.267131 550.000000
197.256551 550.000000
195.251262 550.000000
192.243327 550.000000
191.240682 550.000000
186.227458 550.000000
185.224813 550.000000
184.222168 550.000000
183.219523 550.000000
182.216878 550.000000
181.214234 550.000000
180.211589 550.000000
178.206299 550.000000
175.198364 550.000000
172.190430 550.000000
171.187785 550.000000
169.182495 550.000000
165.171916 550.000000
164.169271 550.000000
160.158691 550.000000
159.156047 550.000000
157.150757 550.000000
155.145467 550.000000
154.142822 550.000000
153.140177 550.000000
152.137533 550.000000
151.134888 550.000000
146.121663 550.000000
145.119019 550.000000
144.116374 550.000000
142.111084 550.000000
140.105794 550.000000
139.103149 550.000000
137.097860 550.000000
133.087280 550.000000
130.079346 550.000000
129.076701 550.000000
127.071411 550.000000
126.068766 550.000000
125.066121 550.000000
124.063477 550.000000
121.055542 550.000000
118.047607 550.000000
116.042318 550.000000
115.039673 550.000000
114.037028 550.000000
110.026449 550.000000
109.023804 550.000000
108.021159 550.000000
106.015869 550.000000
104.010579 550.000000
102.005290 550.000000
100.000000 550.000000
