950
106.002933 450.000000
110.004889 450.000000
115.007333 450.000000
122.010755 450.000000
125.012222 450.000000
132.015644 450.000000
136.017600 450.000000
145.022000 450.000000
147.022977 450.000000
152.025422 450.000000
155.026889 450.000000
160.029333 450.000000
164.031288 450.000000
171.034711 450.000000
181.039599 450.000000
183.040577 450.000000
187.042533 450.000000
193.045466 450.000000
197.047422 450.000000
212.054755 450.000000
215.056221 450.000000
225.061110 450.000000
226.061599 450.000000
228.062577 450.000000
229.063066 450.000000
232.064532 450.000000
235.065999 450.000000
237.066977 450.000000
244.070399 450.000000
245.070888 450.000000
255.075777 450.000000
257.076754 450.000000
266.081154 450.000000
275.085554 450.000000
278.087021 450.000000
281.088488 450.000000
291.093376 450.000000
296.095821 450.000000
302.098754 450.000000
307.101199 450.000000
309.102176 450.000000
314.104621 450.000000
315.105110 450.000000
316.105598 450.000000
317.106087 450.000000
319.107065 450.000000
320.107554 450.000000
325.109998 450.000000
328.111465 450.000000
335.114887 450.000000
344.119287 450.000000
345.119776 450.000000
350.122220 450.000000
351.122709 450.000000
352.123198 450.000000
364.129065 450.000000
371.132487 450.000000
371.635641 449.128511
372.138796 448.257022
372.641950 447.385533
373.145105 446.514044
373.648259 445.642555
374.151414 444.771066
374.654568 443.899577
375.660877 442.156599
376.164031 441.285110
376.667186 440.413620
377.170340 439.542131
377.673495 438.670642
378.176649 437.799153
378.679803 436.927664
379.182958 436.056175
379.686112 435.184686
380.189267 434.313197
380.692421 433.441708
381.195576 432.570219
381.698730 431.698730
383.208193 429.084263
383.711348 428.212774
384.214502 427.341285
385.220811 425.598307
385.723965 424.726818
386.227120 423.855329
386.730274 422.983840
387.233429 422.112350
387.736583 421.240861
389.246046 418.626394
389.749201 417.754905
390.252355 416.883416
391.258664 415.140438
391.761819 414.268949
390.757950 410.787220
389.753269 409.047061
389.250928 408.176981
386.739224 403.826581
386.236883 402.956501
385.734542 402.086422
378.199429 389.035223
375.687725 384.684824
375.185384 383.814744
371.668998 377.724185
370.664317 375.984025
369.157294 373.373786
367.147931 369.893466
366.143249 368.153306
365.640908 367.283226
365.138567 366.413147
364.133886 364.672987
363.631545 363.802907
362.626863 362.062747
361.622181 360.322587
360.617500 358.582428
359.110477 355.972188
358.608136 355.102108
358.105795 354.232028
357.603455 353.361948
355.594091 349.881629
353.584728 346.401309
351.073024 342.050910
350.570683 341.180830
345.044933 331.609951
344.542593 330.739871
343.035570 328.129632
342.030888 326.389472
336.002798 315.948514
335.500457 315.078434
334.495776 313.338274
333.993435 312.468194
332.486412 309.857954
331.984071 308.987875
330.979390 307.247715
329.974708 305.507555
328.970026 303.767395
327.463004 301.157156
326.960663 300.287076
326.458322 299.416996
321.937254 291.586277
319.927891 288.105957
319.425550 287.235878
315.406823 280.275239
314.904483 279.405159
313.397460 276.794919
315.406823 276.794919
316.411505 276.794919
319.425550 276.794919
326.458322 276.794919
329.472367 276.794919
332.486412 276.794919
336.505139 276.794919
341.528548 276.794919
343.537911 276.794919
347.556638 276.794919
351.575365 276.794919
352.580046 276.794919
354.589410 276.794919
355.594091 276.794919
361.622182 276.794919
363.631545 276.794919
365.640908 276.794919
368.654954 276.794919
370.664317 276.794919
375.687725 276.794919
383.725179 276.794919
384.729861 276.794919
385.734542 276.794919
389.753269 276.794919
397.790723 276.794919
399.800086 276.794919
400.804768 276.794919
405.828176 276.794919
411.856267 276.794919
412.860948 276.794919
414.870312 276.794919
421.903084 276.794919
422.907765 276.794919
428.935856 276.794919
431.949901 276.794919
437.977991 276.794919
439.987354 276.794919
443.001399 276.794919
446.015444 276.794919
447.020126 276.794919
448.024808 276.794919
449.029490 276.794919
452.043535 276.794919
453.048216 276.794919
455.057580 276.794919
457.066943 276.794919
458.071625 276.794919
464.099715 276.794919
466.109078 276.794919
469.123124 276.794919
472.639510 274.184679
474.648873 270.704360
477.160577 266.353961
477.662918 265.483881
481.179304 259.393322
482.183986 257.653162
485.198031 252.432683
487.207394 248.952363
487.709735 248.082283
488.714417 246.342123
491.226121 241.991724
491.728462 241.121644
493.235484 238.511405
493.737825 237.641325
496.249529 233.290925
497.756552 230.680686
498.761234 228.940526
499.263574 228.070446
501.775279 223.720047
503.784642 220.239727
505.291665 217.629488
506.296346 215.889328
507.803369 213.279088
514.333800 201.968050
514.836141 201.097970
515.338482 200.227890
517.850186 195.877491
518.352527 195.007411
518.854867 194.137331
519.357208 193.267251
521.868913 188.916852
523.878276 185.436532
524.380617 184.566453
525.887639 181.956213
526.389980 181.086133
527.394662 179.345973
527.897003 178.475893
528.399344 177.605814
529.404025 175.865654
529.906366 174.995574
530.408707 174.125494
531.413389 172.385334
531.915730 171.515254
532.418070 170.645175
533.422752 168.905015
536.939138 162.814456
539.450842 158.464056
540.455524 156.723897
542.464887 153.243577
545.478932 148.023098
548.995318 141.932539
553.014045 145.412858
556.530431 151.503417
557.535113 153.243577
558.539794 154.983737
560.549158 158.464056
561.553839 160.204216
562.056180 161.074296
562.558521 161.944376
563.060862 162.814456
563.563203 163.684536
564.065544 164.554615
566.074907 168.034935
567.079589 169.775095
568.084270 171.515254
570.595975 175.865654
572.102997 178.475893
575.619383 184.566453
576.624065 186.306612
577.126406 187.176692
577.628747 188.046772
579.638110 191.527091
581.145133 194.137331
582.652155 196.747571
583.656837 198.487730
585.666200 201.968050
586.670882 203.708210
588.680245 207.188529
592.196631 213.279088
592.698972 214.149168
593.201313 215.019248
595.210676 218.499568
595.713017 219.369647
596.215358 220.239727
596.717699 221.109807
597.220040 221.979887
597.722380 222.849967
600.234085 227.200366
601.238766 228.940526
602.243448 230.680686
603.248130 232.420845
603.750471 233.290925
604.755152 235.031085
605.759834 236.771245
606.262175 237.641325
606.764516 238.511405
607.769197 240.251564
612.792606 248.952363
613.797288 250.692523
616.811333 255.913002
617.313674 256.783082
619.323037 260.263401
620.327719 262.003561
622.839423 266.353961
624.848786 269.834280
626.355809 272.444520
628.867513 276.794919
630.876876 276.794919
631.881558 276.794919
633.890922 276.794919
637.909648 276.794919
641.928375 276.794919
644.942420 276.794919
646.951784 276.794919
648.961147 276.794919
650.970510 276.794919
653.984556 276.794919
658.003282 276.794919
661.017327 276.794919
662.022009 276.794919
663.026691 276.794919
667.045418 276.794919
668.050099 276.794919
673.073508 276.794919
674.078190 276.794919
675.082871 276.794919
676.087553 276.794919
680.106280 276.794919
681.110961 276.794919
684.125007 276.794919
685.129688 276.794919
687.139052 276.794919
691.157778 276.794919
694.171824 276.794919
698.190550 276.794919
699.195232 276.794919
700.199914 276.794919
703.213959 276.794919
705.223322 276.794919
708.237367 276.794919
710.246731 276.794919
716.274821 276.794919
717.279503 276.794919
719.288866 276.794919
720.293548 276.794919
724.312275 276.794919
725.316956 276.794919
726.321638 276.794919
728.331001 276.794919
730.340365 276.794919
733.354410 276.794919
734.359092 276.794919
735.363773 276.794919
736.368455 276.794919
740.387182 276.794919
744.405909 276.794919
745.410590 276.794919
751.438680 276.794919
754.452726 276.794919
756.462089 276.794919
757.466771 276.794919
759.476134 276.794919
766.508906 276.794919
768.518269 276.794919
770.527633 276.794919
771.532314 276.794919
772.536996 276.794919
774.546360 276.794919
777.560405 276.794919
779.569768 276.794919
781.579131 276.794919
782.583813 276.794919
784.593177 276.794919
783.086154 282.885478
782.081472 284.625638
781.579132 285.495718
780.574450 287.235878
779.067427 289.846117
777.560405 292.456357
777.058064 293.326437
776.053382 295.066596
774.546360 297.676836
774.044019 298.546916
772.536996 301.157156
769.522951 306.377635
767.513588 309.857954
761.987838 319.428833
758.471453 325.519392
757.969112 326.389472
754.452726 332.480031
753.950385 333.350111
751.941022 336.830431
750.936340 338.570590
747.419954 344.661150
746.917613 345.531229
745.912931 347.271389
744.908250 349.011549
743.903568 350.751709
742.396545 353.361948
741.391864 355.102108
739.884841 357.712348
739.382500 358.582428
737.373137 362.062747
736.368455 363.802907
732.852069 369.893466
732.349729 370.763546
727.828661 378.594265
726.823979 380.334425
722.805252 387.295064
720.293548 391.645463
717.781844 395.995862
716.777162 397.736022
716.274821 398.606102
714.265458 402.086422
710.749072 408.176981
708.741336 415.140438
709.244490 416.011927
709.747645 416.883416
710.753954 418.626394
711.257108 419.497883
712.263417 421.240861
712.766571 422.112350
713.269726 422.983840
713.772880 423.855329
714.276035 424.726818
714.779189 425.598307
715.282343 426.469796
715.785498 427.341285
716.288652 428.212774
716.791807 429.084263
717.294961 429.955752
717.798116 430.827241
718.301270 431.698730
718.804424 432.570219
719.810733 434.313197
720.313888 435.184686
720.817042 436.056175
721.320197 436.927664
721.823351 437.799153
722.326505 438.670642
723.332814 440.413620
725.848586 444.771066
726.351741 445.642555
727.358050 447.385533
727.861204 448.257022
728.364359 449.128511
728.867513 450.000000
729.868002 450.000000
732.869469 450.000000
735.870935 450.000000
747.876802 450.000000
751.878757 450.000000
754.880224 450.000000
758.882179 450.000000
763.884624 450.000000
792.898801 450.000000
795.900268 450.000000
801.903201 450.000000
816.910535 450.000000
817.911023 450.000000
821.912979 450.000000
822.913468 450.000000
835.919823 450.000000
837.920801 450.000000
839.921779 450.000000
844.924223 450.000000
854.929112 450.000000
855.929601 450.000000
857.930579 450.000000
862.933023 450.000000
863.933512 450.000000
869.936445 450.000000
870.936934 450.000000
877.940356 450.000000
879.941334 450.000000
885.944267 450.000000
886.944756 450.000000
887.945245 450.000000
888.945734 450.000000
890.946712 450.000000
892.947690 450.000000
893.948179 450.000000
894.948667 450.000000
895.949156 450.000000
898.950623 450.000000
902.952578 450.000000
910.956490 450.000000
920.961378 450.000000
922.962356 450.000000
928.965289 450.000000
930.966267 450.000000
934.968223 450.000000
935.968712 450.000000
938.970178 450.000000
944.973111 450.000000
946.974089 450.000000
947.974578 450.000000
948.975067 450.000000
949.975556 450.000000
952.977023 450.000000
954.978000 450.000000
961.981422 450.000000
965.983378 450.000000
979.990222 450.000000
985.993156 450.000000
991.996089 450.000000
993.997067 450.000000
1000.000000 450.000000
1000.000000 451.000000
1000.000000 453.000000
1000.000000 454.000000
1000.000000 455.000000
1000.000000 457.000000
1000.000000 460.000000
1000.000000 461.000000
1000.000000 462.000000
1000.000000 464.000000
1000.000000 465.000000
1000.000000 466.000000
1000.000000 469.000000
1000.000000 470.000000
1000.000000 473.000000
1000.000000 474.000000
1000.000000 477.000000
1000.000000 479.000000
1000.000000 480.000000
1000.000000 483.000000
1000.000000 486.000000
1000.000000 489.000000
1000.000000 491.000000
1000.000000 493.000000
1000.000000 495.000000
1000.000000 497.000000
1000.000000 498.000000
1000.000000 500.000000
1000.000000 506.000000
1000.000000 516.000000
1000.000000 517.000000
1000.000000 518.000000
1000.000000 519.000000
1000.000000 522.000000
1000.000000 523.000000
1000.000000 524.000000
1000.000000 527.000000
1000.000000 528.000000
1000.000000 530.000000
1000.000000 531.000000
1000.000000 532.000000
1000.000000 533.000000
1000.000000 535.000000
1000.000000 536.000000
1000.000000 537.000000
1000.000000 538.000000
1000.000000 543.000000
1000.000000 545.000000
1000.000000 547.000000
1000.000000 548.000000
998.997355 550.000000
996.992065 550.000000
990.976196 550.000000
976.939168 550.000000
964.907430 550.000000
958.891561 550.000000
956.886271 550.000000
955.883626 550.000000
949.867757 550.000000
946.859823 550.000000
938.838664 550.000000
937.836019 550.000000
930.817505 550.000000
929.814860 550.000000
918.785767 550.000000
912.769897 550.000000
906.754028 550.000000
905.751383 550.000000
899.735514 550.000000
897.730225 550.000000
879.682617 550.000000
873.666748 550.000000
869.656169 550.000000
868.653524 550.000000
865.645589 550.000000
863.640299 550.000000
861.635010 550.000000
859.629720 550.000000
858.627075 550.000000
855.619141 550.000000
854.616496 550.000000
829.550374 550.000000
826.542440 550.000000
823.534505 550.000000
818.521281 550.000000
815.513346 550.000000
810.500122 550.000000
809.497477 550.000000
793.455160 550.000000
789.444580 550.000000
786.436646 550.000000
774.404907 550.000000
768.389038 550.000000
764.378459 550.000000
763.375814 550.000000
761.370524 550.000000
758.362590 550.000000
755.354655 550.000000
728.283244 550.000000
724.272664 550.000000
722.267375 550.000000
720.262085 550.000000
719.259440 550.000000
718.256795 550.000000
706.225057 550.000000
705.222412 550.000000
689.180094 550.000000
682.161580 550.000000
676.145711 550.000000
669.123124 546.519681
668.118442 544.779521
667.616101 543.909441
664.602056 538.688962
663.095033 536.078722
662.592692 535.208642
660.080988 530.858243
659.076307 529.118083
658.573966 528.248003
658.071625 527.377923
656.062261 523.897604
655.559921 523.027524
655.057580 522.157444
653.048216 518.677125
650.536512 514.326725
649.029489 511.716486
647.522467 509.106246
647.020126 508.236166
646.015444 506.496006
643.503740 502.145607
640.992036 497.795208
639.987354 496.055048
635.466286 488.224329
634.461605 486.484169
631.949900 482.133770
629.940537 478.653450
623.912447 468.212492
618.889038 459.511693
618.386697 458.641613
617.884357 457.771534
615.372652 453.421134
614.870311 452.551054
613.865630 450.810895
612.860948 449.070735
611.353925 446.460495
607.837539 440.369936
607.335199 439.499856
606.832858 438.629776
604.823494 435.149457
603.818813 433.409297
602.311790 430.799057
600.804768 428.188818
599.297745 425.578578
598.795404 424.708498
598.293063 423.838418
596.283700 420.358099
595.279018 418.617939
594.776677 417.747859
593.771996 416.007700
592.264973 413.397460
592.768127 412.525971
593.271282 411.654482
593.774436 410.782993
594.277591 409.911504
594.780745 409.040015
595.283900 408.168526
595.787054 407.297036
596.793363 405.554058
597.296518 404.682569
597.799672 403.811080
598.302826 402.939591
598.805981 402.068102
599.309135 401.196613
599.812290 400.325124
600.315444 399.453635
600.818599 398.582146
601.321753 397.710657
602.328062 395.967679
603.334371 394.224700
603.837525 393.353211
605.850143 389.867255
606.353298 388.995766
607.359607 387.252788
607.862761 386.381299
608.365915 385.509810
608.869070 384.638321
609.372224 383.766832
609.875379 382.895342
610.378533 382.023853
610.881688 381.152364
611.384842 380.280875
611.887997 379.409386
613.397460 376.794919
612.391151 376.794919
611.384842 376.794919
610.378533 376.794919
608.365916 376.794919
606.353298 376.794919
605.346989 376.794919
603.334371 376.794919
602.328062 376.794919
601.321753 376.794919
600.315445 376.794919
599.309136 376.794919
597.296518 376.794919
596.290209 376.794919
595.283900 376.794919
594.277591 376.794919
590.252356 376.794919
589.246047 376.794919
588.239738 376.794919
586.227120 376.794919
585.220811 376.794919
584.214502 376.794919
583.208194 376.794919
582.201885 376.794919
581.195576 376.794919
580.189267 376.794919
579.182958 376.794919
578.176649 376.794919
577.170340 376.794919
576.164031 376.794919
575.157723 376.794919
574.151414 376.794919
573.145105 376.794919
572.138796 376.794919
571.132487 376.794919
571.132487 376.794919
570.629333 375.923430
570.126178 375.051941
569.119869 373.308963
568.616715 372.437474
568.113560 371.565985
567.610406 370.694496
567.107251 369.823007
566.604097 368.951518
566.100942 368.080029
565.597788 367.208539
564.591479 365.465561
563.585170 363.722583
562.578861 361.979605
562.075707 361.108116
561.572552 360.236627
561.069398 359.365138
560.063089 357.622160
559.559935 356.750671
559.056780 355.879182
558.050471 354.136204
557.547317 353.264715
557.044162 352.393226
556.541008 351.521737
556.037853 350.650248
555.534699 349.778759
554.528390 348.035780
553.522081 346.292802
553.018927 345.421313
552.515772 344.549824
552.012618 343.678335
551.509463 342.806846
550.503154 341.063868
550.000000 340.192379
550.000000 340.192379
549.496846 341.063868
548.993691 341.935357
548.490537 342.806846
547.484228 344.549824
546.981073 345.421313
545.974764 347.164291
544.968455 348.907269
544.465301 349.778759
543.962147 350.650248
543.458992 351.521737
542.955838 352.393226
541.949529 354.136204
541.446374 355.007693
540.440065 356.750671
538.930602 359.365138
538.427448 360.236627
537.924293 361.108116
537.421139 361.979605
536.917984 362.851094
535.911675 364.594072
535.408521 365.465561
534.905366 366.337050
534.402212 367.208539
533.899058 368.080029
533.395903 368.951518
532.892749 369.823007
531.886440 371.565985
531.383285 372.437474
530.880131 373.308963
529.873822 375.051941
529.370667 375.923430
528.867513 376.794919
527.861204 376.794919
526.854895 376.794919
525.848586 376.794919
524.842277 376.794919
523.835969 376.794919
522.829660 376.794919
521.823351 376.794919
520.817042 376.794919
519.810733 376.794919
518.804424 376.794919
516.791806 376.794919
515.785498 376.794919
514.779189 376.794919
513.772880 376.794919
512.766571 376.794919
510.753953 376.794919
509.747644 376.794919
507.735027 376.794919
506.728718 376.794919
505.722409 376.794919
504.716100 376.794919
503.709791 376.794919
502.703482 376.794919
500.690864 376.794919
498.678247 376.794919
497.671938 376.794919
495.659320 376.794919
494.653011 376.794919
493.646702 376.794919
492.640393 376.794919
491.634084 376.794919
490.627776 376.794919
489.621467 376.794919
488.615158 376.794919
487.608849 376.794919
486.602540 376.794919
487.105694 377.666408
488.112003 379.409386
489.118312 381.152364
489.621467 382.023853
491.130930 384.638321
491.634085 385.509810
492.137239 386.381299
493.143548 388.124277
493.646702 388.995766
494.149857 389.867255
494.653011 390.738744
495.156166 391.610233
495.659320 392.481722
496.665629 394.224700
497.671938 395.967679
498.678247 397.710657
499.181401 398.582146
499.684556 399.453635
500.187710 400.325124
500.690865 401.196613
501.194019 402.068102
501.697174 402.939591
502.200328 403.811080
502.703482 404.682569
503.206637 405.554058
504.716100 408.168526
505.219255 409.040015
505.722409 409.911504
507.231873 412.525971
507.735027 413.397460
507.232686 414.267540
506.228004 416.007700
504.720982 418.617939
504.218641 419.488019
500.199914 426.448658
499.697573 427.318738
498.692892 429.058898
496.181187 433.409297
494.674165 436.019537
491.157779 442.110096
490.655438 442.980176
488.646075 446.460495
487.139052 449.070735
486.636711 449.940815
483.622666 455.161294
475.082872 469.952652
473.073508 473.432971
472.571167 474.303051
464.031373 489.094409
463.529032 489.964489
463.026691 490.834569
462.022009 492.574728
461.519668 493.444808
461.017328 494.314888
455.491578 503.885767
454.486897 505.625926
452.477533 509.106246
449.965829 513.456645
449.463488 514.326725
448.458806 516.066885
447.956465 516.936965
444.942420 522.157444
442.430716 526.507843
441.928375 527.377923
441.426034 528.248003
440.421353 529.988163
436.904967 536.078722
435.900285 537.818882
432.886240 543.039361
432.383899 543.909441
429.872195 548.259840
425.859578 550.000000
424.856934 550.000000
419.843709 550.000000
414.830485 550.000000
412.825195 550.000000
406.809326 550.000000
403.801392 550.000000
399.790812 550.000000
382.745850 550.000000
374.724691 550.000000
370.714111 550.000000
355.674438 550.000000
354.671794 550.000000
353.669149 550.000000
349.658569 550.000000
328.603027 550.000000
312.560710 550.000000
299.526326 550.000000
292.507812 550.000000
289.499878 550.000000
286.491943 550.000000
277.468140 550.000000
261.425822 550.000000
258.417887 550.000000
253.404663 550.000000
251.399373 550.000000
246.386149 550.000000
245.383504 550.000000
236.359701 550.000000
230.343831 550.000000
227.335897 550.000000
222.322673 550.000000
220.317383 550.000000
209.288289 550.000000
208.285645 550.000000
205.277710 550.000000
204.275065 550.000000
203.272420 550.000000
199.261841 550.000000
187.230103 550.000000
184.222168 550.000000
183.219523 550.000000
175.198364 550.000000
156.148112 550.000000
144.116374 550.000000
141.108439 550.000000
139.103149 550.000000
111.029093 550.000000
106.015869 550.000000
104.010579 550.000000
100.000000 550.000000
