970
104.007464 450.000000
106.011196 450.000000
111.020526 450.000000
113.024258 450.000000
117.031722 450.000000
119.035454 450.000000
120.037320 450.000000
123.042918 450.000000
125.046650 450.000000
126.048516 450.000000
127.050382 450.000000
128.052248 450.000000
131.057846 450.000000
138.070909 450.000000
139.072775 450.000000
142.078373 450.000000
143.080239 450.000000
149.091435 450.000000
151.095167 450.000000
154.100765 450.000000
158.108229 450.000000
160.111961 450.000000
162.115693 450.000000
167.125023 450.000000
169.128755 450.000000
170.130621 450.000000
171.132487 450.000000
171.634828 449.129920
173.644191 445.649601
185.700372 424.767684
186.705053 423.027524
187.709735 421.287364
191.728462 414.326725
192.230803 413.456645
193.737825 410.846406
196.751870 405.625926
197.254211 404.755847
198.761234 402.145607
200.770597 398.665288
202.779960 395.184968
207.803369 386.484169
213.329118 376.913291
217.850186 369.082572
218.352527 368.212492
219.357208 366.472332
219.859549 365.602252
221.366572 362.992013
229.906366 348.200655
232.920411 342.980176
235.934456 337.759696
237.441479 335.149457
239.953183 330.799057
240.455524 329.928978
245.981273 320.358099
247.990637 316.877779
248.995318 315.137620
249.497659 314.267540
250.000000 313.397460
253.516386 319.488019
256.028090 323.838418
266.074907 341.240016
272.102997 351.680974
272.605338 352.551054
279.638110 364.732172
281.145133 367.342412
282.652155 369.952652
287.173223 377.783371
291.191949 384.744010
292.196631 386.484169
294.205995 389.964489
296.717699 394.314888
303.750471 406.496006
304.252811 407.366086
306.262175 410.846406
307.769197 413.456645
311.285583 419.547204
311.787924 420.417284
312.792606 422.157444
313.294947 423.027524
318.318355 431.728323
318.820696 432.598403
323.341764 440.429121
325.351127 443.909441
326.858150 446.519681
328.867513 450.000000
329.873822 450.000000
333.899058 450.000000
334.905366 450.000000
336.917984 450.000000
337.924293 450.000000
338.930602 450.000000
339.936911 450.000000
340.943220 450.000000
341.949529 450.000000
346.981073 450.000000
347.987382 450.000000
348.993691 450.000000
351.006309 450.000000
352.012618 450.000000
354.025236 450.000000
356.037853 450.000000
358.050471 450.000000
359.056780 450.000000
360.063089 450.000000
361.069398 450.000000
362.075707 450.000000
363.082016 450.000000
365.094634 450.000000
367.107251 450.000000
369.119869 450.000000
370.126178 450.000000
371.132487 450.000000
371.132487 450.000000
373.648259 445.642555
374.151414 444.771066
376.164031 441.285110
376.667186 440.413620
377.170340 439.542131
377.673495 438.670642
378.176649 437.799153
378.679803 436.927664
379.686112 435.184686
380.692421 433.441708
381.195576 432.570219
381.698730 431.698730
383.208193 429.084263
384.214502 427.341285
384.717657 426.469796
385.220811 425.598307
386.227120 423.855329
386.730274 422.983840
387.233429 422.112350
389.246046 418.626394
389.749201 417.754905
390.755510 416.011927
391.761819 414.268949
392.264973 413.397460
392.264973 413.397460
391.762632 412.527380
388.748587 407.306901
386.739224 403.826581
385.734542 402.086422
385.232201 401.216342
383.725179 398.606102
382.218156 395.995862
381.715815 395.125783
381.213474 394.255703
376.692407 386.424984
376.190066 385.554904
374.180703 382.074584
368.654953 372.503706
367.147931 369.893466
366.143249 368.153306
364.133886 364.672987
363.631545 363.802907
356.096432 350.751709
351.575364 342.920990
349.566001 339.440670
349.063660 338.570590
346.551956 334.220191
332.988753 310.728034
327.463004 301.157156
326.458322 299.416996
324.448959 295.936676
323.946618 295.066596
321.434914 290.716197
319.927891 288.105957
317.918528 284.625638
316.913846 282.885478
316.411505 276.794919
317.416187 276.794919
319.425550 276.794919
322.439595 276.794919
335.500457 276.794919
336.505139 276.794919
341.528548 276.794919
348.561320 276.794919
351.575365 276.794919
360.617500 276.794919
372.673680 276.794919
376.692407 276.794919
377.697089 276.794919
379.706452 276.794919
384.729861 276.794919
386.739224 276.794919
389.753269 276.794919
418.889039 276.794919
420.898402 276.794919
432.954582 276.794919
438.982673 276.794919
443.001399 276.794919
449.029490 276.794919
460.080988 276.794919
466.109078 276.794919
469.123124 276.794919
472.639510 274.184679
476.658236 267.224040
479.169941 262.873641
480.174622 261.133481
480.676963 260.263401
481.179304 259.393322
484.193349 254.172842
487.207394 248.952363
488.212076 247.212203
489.719098 244.601964
494.742507 235.901165
495.747189 234.161005
498.258893 229.810606
499.263574 228.070446
499.765915 227.200366
500.268256 226.330286
503.282301 221.109807
505.291665 217.629488
507.301028 214.149168
509.310391 210.668849
510.315073 208.928689
514.836141 201.097970
515.338482 200.227890
520.864231 190.657012
522.873594 187.176692
524.380617 184.566453
528.901684 176.735734
534.929775 166.294775
538.446161 160.204216
539.450842 158.464056
541.962546 154.113657
543.469569 151.503417
544.474251 149.763258
547.488296 144.542778
547.990637 143.672698
549.497659 141.062459
550.502341 141.062459
551.004682 141.932539
554.521068 148.023098
560.046817 157.593976
562.056180 161.074296
564.065544 164.554615
565.070225 166.294775
568.586611 172.385334
570.595975 175.865654
571.600656 177.605814
574.614702 182.826293
593.201313 215.019248
594.708335 217.629488
596.215358 220.239727
597.220040 221.979887
598.224721 223.720047
599.731744 226.330286
602.243448 230.680686
604.755152 235.031085
605.257493 235.901165
607.769197 240.251564
608.271538 241.121644
609.276220 242.861804
613.294947 249.822443
615.304310 253.302762
616.308992 255.042922
618.318355 258.523242
618.820696 259.393322
622.337082 265.483881
625.351127 270.704360
632.886240 276.794919
633.890922 276.794919
634.895603 276.794919
637.909648 276.794919
642.933057 276.794919
660.012646 276.794919
661.017327 276.794919
662.022009 276.794919
665.036054 276.794919
668.050099 276.794919
669.054781 276.794919
678.096916 276.794919
679.101598 276.794919
685.129688 276.794919
688.143733 276.794919
690.153097 276.794919
695.176505 276.794919
696.181187 276.794919
697.185869 276.794919
699.195232 276.794919
703.213959 276.794919
704.218641 276.794919
708.237367 276.794919
709.242049 276.794919
712.256094 276.794919
715.270139 276.794919
717.279503 276.794919
732.349728 276.794919
745.410590 276.794919
748.424635 276.794919
753.448044 276.794919
757.466771 276.794919
765.504224 276.794919
770.527633 276.794919
774.546360 276.794919
780.574450 276.794919
784.593177 280.275239
783.086154 282.885478
782.081472 284.625638
781.579132 285.495718
775.551041 295.936676
772.536996 301.157156
772.034655 302.027235
767.513588 309.857954
760.983157 321.168993
759.978475 322.909153
757.969112 326.389472
756.964430 328.129632
751.438681 337.700511
750.936340 338.570590
750.433999 339.440670
749.931658 340.310750
742.898886 352.491868
738.377819 360.322587
737.373137 362.062747
735.866114 364.672987
735.363774 365.543067
734.861433 366.413147
732.852069 369.893466
730.842706 373.373786
726.823979 380.334425
726.321638 381.204504
722.302912 388.165144
718.284185 395.125783
717.781844 395.995862
716.274821 398.606102
714.265458 402.086422
713.763117 402.956501
711.251413 407.306901
710.246731 409.047061
707.735027 413.397460
708.238181 414.268949
710.753954 418.626394
715.282343 426.469796
716.791807 429.084263
717.294961 429.955752
717.798116 430.827241
718.301270 431.698730
721.320197 436.927664
721.823351 437.799153
722.829660 439.542131
723.332814 440.413620
724.339123 442.156599
725.345432 443.899577
725.848586 444.771066
726.351741 445.642555
728.867513 450.000000
729.873822 450.000000
731.886440 450.000000
732.892749 450.000000
733.899058 450.000000
735.911675 450.000000
737.924293 450.000000
738.930602 450.000000
739.936911 450.000000
740.943220 450.000000
741.949529 450.000000
744.968455 450.000000
745.974764 450.000000
746.981073 450.000000
747.987382 450.000000
750.000000 450.000000
754.025236 450.000000
755.031545 450.000000
757.044162 450.000000
758.050471 450.000000
759.056780 450.000000
760.063089 450.000000
763.082016 450.000000
764.088325 450.000000
765.094634 450.000000
766.100942 450.000000
769.119869 450.000000
770.126178 450.000000
771.634828 449.129920
773.644191 445.649601
775.653555 442.169281
777.662918 438.688962
780.174622 434.338562
780.676963 433.468482
784.193349 427.377923
789.719098 417.807045
791.226121 415.196805
792.230803 413.456645
793.737825 410.846406
795.244848 408.236166
799.263574 401.275527
800.770597 398.665288
809.812732 383.003850
810.315073 382.133770
812.324436 378.653450
816.343163 371.692811
820.864231 363.862093
823.375935 359.511693
825.385298 356.031374
826.389980 354.291214
829.404025 349.070735
829.906366 348.200655
831.413389 345.590415
833.422752 342.110096
836.436797 336.889617
836.939138 336.019537
837.441479 335.149457
840.957865 329.058898
847.488296 317.747859
847.990637 316.877779
848.492977 316.007700
850.502341 314.267540
851.507023 316.007700
852.009363 316.877779
852.511704 317.747859
858.539794 328.188818
861.051499 332.539217
863.060862 336.019537
863.563203 336.889617
865.572566 340.369936
867.079589 342.980176
870.595975 349.070735
872.102997 351.680974
873.610020 354.291214
874.614702 356.031374
875.117042 356.901454
876.121724 358.641613
880.642792 366.472332
881.145133 367.342412
882.652155 369.952652
884.159178 372.562891
885.666200 375.173131
887.173223 377.783371
888.177904 379.523530
889.182586 381.263690
889.684927 382.133770
890.187268 383.003850
891.191949 384.744010
891.694290 385.614089
892.698972 387.354249
894.205995 389.964489
896.215358 393.444808
897.722380 396.055048
899.229403 398.665288
899.731744 399.535367
900.736426 401.275527
902.745789 404.755847
906.262175 410.846406
909.778561 416.936965
911.787924 420.417284
919.323037 433.468482
919.825378 434.338562
927.360490 447.389760
927.862831 448.259840
928.867513 450.000000
929.869379 450.000000
930.871245 450.000000
937.884307 450.000000
939.888039 450.000000
940.889905 450.000000
942.893637 450.000000
943.895503 450.000000
949.906699 450.000000
950.908565 450.000000
951.910431 450.000000
956.919761 450.000000
959.925359 450.000000
961.929091 450.000000
967.940288 450.000000
968.942154 450.000000
971.947752 450.000000
974.953350 450.000000
975.955216 450.000000
981.966412 450.000000
987.977608 450.000000
992.986938 450.000000
998.998134 450.000000
1000.000000 452.000000
1000.000000 456.000000
1000.000000 457.000000
1000.000000 459.000000
1000.000000 460.000000
1000.000000 467.000000
1000.000000 471.000000
1000.000000 472.000000
1000.000000 478.000000
1000.000000 481.000000
1000.000000 483.000000
1000.000000 488.000000
1000.000000 494.000000
1000.000000 506.000000
1000.000000 507.000000
1000.000000 509.000000
1000.000000 511.000000
1000.000000 514.000000
1000.000000 515.000000
1000.000000 516.000000
1000.000000 517.000000
1000.000000 520.000000
1000.000000 523.000000
1000.000000 525.000000
1000.000000 527.000000
1000.000000 528.000000
1000.000000 530.000000
1000.000000 534.000000
1000.000000 536.000000
1000.000000 538.000000
1000.000000 539.000000
1000.000000 544.000000
1000.000000 545.000000
1000.000000 546.000000
1000.000000 547.000000
1000.000000 549.000000
993.959335 550.000000
991.945780 550.000000
987.918671 550.000000
985.905116 550.000000
974.830564 550.000000
970.803454 550.000000
966.776344 550.000000
961.742457 550.000000
960.735680 550.000000
957.715347 550.000000
954.695015 550.000000
952.681460 550.000000
949.661128 550.000000
947.647573 550.000000
941.606908 550.000000
939.593353 550.000000
936.573021 550.000000
930.532356 550.000000
921.471359 550.000000
918.451027 550.000000
916.437472 550.000000
914.423917 550.000000
911.403585 550.000000
910.396807 550.000000
905.362920 550.000000
904.356143 550.000000
898.315478 550.000000
897.308701 550.000000
894.288368 550.000000
891.268036 550.000000
889.254481 550.000000
888.247704 550.000000
881.200261 550.000000
878.179929 550.000000
875.159597 550.000000
874.152819 550.000000
872.139264 550.000000
871.132487 550.000000
870.126178 548.257022
869.623024 547.385533
869.119869 546.514044
868.113560 544.771066
867.610406 543.899577
866.604097 542.156599
866.100942 541.285110
865.597788 540.413620
865.094634 539.542131
864.591479 538.670642
862.075707 534.313197
861.069398 532.570219
859.056780 529.084263
858.050471 527.341285
857.547317 526.469796
857.044162 525.598307
855.534699 522.983840
853.522081 519.497883
852.012618 516.883416
851.509463 516.011927
850.503154 514.268949
850.000000 513.397460
848.490537 516.011927
847.987382 516.883416
846.477919 519.497883
845.974764 520.369372
844.968455 522.112350
842.955838 525.598307
842.452683 526.469796
841.949529 527.341285
841.446374 528.212774
840.440065 529.955752
838.930602 532.570219
837.924293 534.313197
835.911675 537.799153
835.408521 538.670642
834.905366 539.542131
834.402212 540.413620
833.899058 541.285110
833.395903 542.156599
832.892749 543.028088
831.383285 545.642555
830.880131 546.514044
830.376976 547.385533
829.873822 548.257022
829.370667 549.128511
828.867513 550.000000
828.867513 550.000000
815.806651 550.000000
812.792606 550.000000
804.755152 550.000000
802.745789 550.000000
800.736426 550.000000
798.727062 550.000000
794.708335 550.000000
792.698972 550.000000
790.689609 550.000000
789.684927 550.000000
787.675564 550.000000
772.605338 550.000000
771.600656 550.000000
768.586611 550.000000
766.577248 550.000000
760.549158 550.000000
757.535113 550.000000
755.525749 550.000000
754.521068 550.000000
751.507023 550.000000
747.488296 550.000000
744.474251 550.000000
736.436797 550.000000
733.422752 550.000000
732.418070 550.000000
730.408707 550.000000
724.380617 550.000000
723.375935 550.000000
722.371253 550.000000
721.366572 550.000000
720.361890 550.000000
713.329118 550.000000
709.310391 550.000000
704.286983 550.000000
702.277620 550.000000
695.244848 550.000000
691.226121 550.000000
689.216757 550.000000
683.188667 550.000000
678.165259 550.000000
675.151214 550.000000
671.132487 550.000000
669.625464 547.389760
668.620783 545.649601
668.118442 544.779521
667.616101 543.909441
666.109078 541.299201
665.104397 539.559042
663.095033 536.078722
661.588011 533.468482
661.085670 532.598403
659.076307 529.118083
655.559921 523.027524
653.048216 518.677125
651.038853 515.196805
649.531830 512.586565
644.508422 503.885767
642.499058 500.405447
641.996717 499.535367
640.992036 497.795208
639.987354 496.055048
638.480332 493.444808
636.973309 490.834569
635.466286 488.224329
633.456923 484.744010
632.452241 483.003850
627.428833 474.303051
624.917128 469.952652
622.907765 466.472332
620.396061 462.121933
616.879675 456.031374
612.358607 448.200655
611.856266 447.330575
604.823494 435.149457
603.818813 433.409297
598.795404 424.708498
598.293063 423.838418
596.786041 421.228179
594.776677 417.747859
592.264973 413.397460
593.774436 410.782993
594.780745 409.040015
596.793363 405.554058
598.302826 402.939591
598.805981 402.068102
599.309135 401.196613
600.315444 399.453635
600.818599 398.582146
602.328062 395.967679
602.831216 395.096190
604.340680 392.481722
605.346989 390.738744
606.856452 388.124277
608.869070 384.638321
609.372224 383.766832
609.875379 382.895342
610.881688 381.152364
611.887997 379.409386
613.397460 376.794919
612.391151 376.794919
611.384842 376.794919
609.372224 376.794919
608.365916 376.794919
605.346989 376.794919
604.340680 376.794919
603.334371 376.794919
602.328062 376.794919
601.321753 376.794919
600.315445 376.794919
598.302827 376.794919
595.283900 376.794919
593.271282 376.794919
592.264973 376.794919
588.239738 376.794919
585.220811 376.794919
584.214502 376.794919
583.208194 376.794919
582.201885 376.794919
581.195576 376.794919
579.182958 376.794919
578.176649 376.794919
576.164031 376.794919
575.157723 376.794919
574.151414 376.794919
571.132487 376.794919
569.119869 373.308963
568.616715 372.437474
568.113560 371.565985
567.107251 369.823007
566.604097 368.951518
566.100942 368.080029
565.597788 367.208539
564.591479 365.465561
564.088325 364.594072
562.578861 361.979605
562.075707 361.108116
561.069398 359.365138
559.559935 356.750671
559.056780 355.879182
558.050471 354.136204
557.044162 352.393226
556.541008 351.521737
556.037853 350.650248
555.534699 349.778759
554.528390 348.035780
553.018927 345.421313
552.012618 343.678335
551.509463 342.806846
550.000000 340.192379
550.000000 340.192379
549.496846 341.063868
548.490537 342.806846
547.484228 344.549824
546.981073 345.421313
544.968455 348.907269
544.465301 349.778759
543.458992 351.521737
541.446374 355.007693
540.943220 355.879182
539.433757 358.493649
537.924293 361.108116
536.917984 362.851094
535.408521 365.465561
534.905366 366.337050
534.402212 367.208539
533.899058 368.080029
533.395903 368.951518
532.892749 369.823007
532.389594 370.694496
530.880131 373.308963
529.873822 375.051941
528.867513 376.794919
527.861204 376.794919
526.854895 376.794919
525.848586 376.794919
524.842277 376.794919
521.823351 376.794919
519.810733 376.794919
518.804424 376.794919
517.798115 376.794919
513.772880 376.794919
512.766571 376.794919
508.741335 376.794919
506.728718 376.794919
505.722409 376.794919
504.716100 376.794919
502.703482 376.794919
501.697173 376.794919
500.690864 376.794919
499.684555 376.794919
497.671938 376.794919
494.653011 376.794919
491.634084 376.794919
490.627776 376.794919
487.608849 376.794919
486.602540 376.794919
487.608849 378.537897
488.112003 379.409386
490.124621 382.895342
490.627776 383.766832
491.130930 384.638321
492.640393 387.252788
494.653011 390.738744
495.156166 391.610233
496.162475 393.353211
498.678247 397.710657
499.684556 399.453635
500.187710 400.325124
500.690865 401.196613
501.194019 402.068102
503.206637 405.554058
504.212946 407.297036
504.716100 408.168526
505.722409 409.911504
506.225564 410.782993
507.735027 413.397460
504.218641 419.488019
503.716300 420.358099
502.711618 422.098259
501.204596 424.708498
499.697573 427.318738
498.692892 429.058898
496.181187 433.409297
495.678847 434.279377
494.171824 436.889617
492.664801 439.499856
491.660120 441.240016
491.157779 442.110096
489.650756 444.720335
487.641393 448.200655
486.134370 450.810895
485.632029 451.680974
481.613303 458.641613
481.110962 459.511693
480.608621 460.381773
475.585212 469.082572
473.575849 472.562891
473.073508 473.432971
471.566486 476.043211
470.561804 477.783371
468.552440 481.263690
465.538395 486.484169
465.036054 487.354249
464.533714 488.224329
464.031373 489.094409
462.524350 491.704649
462.022009 492.574728
461.519668 493.444808
458.505623 498.665288
457.500942 500.405447
454.486897 505.625926
450.970511 511.716486
444.440079 523.027524
441.928375 527.377923
436.904967 536.078722
434.895603 539.559042
432.383899 543.909441
429.872195 548.259840
423.844105 550.000000
419.825378 550.000000
411.787924 550.000000
408.773879 550.000000
396.717699 550.000000
390.689609 550.000000
385.666200 550.000000
383.656837 550.000000
381.647473 550.000000
373.610020 550.000000
369.591293 550.000000
368.586611 550.000000
365.572566 550.000000
363.563203 550.000000
362.558521 550.000000
349.497659 550.000000
342.464887 550.000000
337.441479 550.000000
336.436797 550.000000
333.422752 550.000000
327.394662 550.000000
326.389980 550.000000
320.361890 550.000000
319.357208 550.000000
306.296346 550.000000
297.254211 550.000000
296.249529 550.000000
292.230803 550.000000
285.198031 550.000000
284.193349 550.000000
282.183986 550.000000
279.169941 550.000000
278.165259 550.000000
277.160577 550.000000
273.141850 550.000000
271.132487 550.000000
269.623024 547.385533
268.616715 545.642555
268.113560 544.771066
266.604097 542.156599
265.597788 540.413620
265.094634 539.542131
264.591479 538.670642
264.088325 537.799153
263.585170 536.927664
263.082016 536.056175
262.075707 534.313197
261.069398 532.570219
260.566244 531.698730
260.063089 530.827241
259.559935 529.955752
259.056780 529.084263
255.031545 522.112350
254.528390 521.240861
254.025236 520.369372
253.522081 519.497883
250.503154 514.268949
250.000000 513.397460
248.993691 515.140438
248.490537 516.011927
247.987382 516.883416
246.981073 518.626394
246.477919 519.497883
245.974764 520.369372
244.968455 522.112350
243.962147 523.855329
241.949529 527.341285
240.943220 529.084263
240.440065 529.955752
239.936911 530.827241
239.433757 531.698730
238.930602 532.570219
237.924293 534.313197
237.421139 535.184686
236.414830 536.927664
235.911675 537.799153
235.408521 538.670642
233.899058 541.285110
232.892749 543.028088
231.886440 544.771066
231.383285 545.642555
229.873822 548.257022
227.860736 550.000000
226.853958 550.000000
224.840403 550.000000
222.826848 550.000000
220.813293 550.000000
219.806516 550.000000
213.765851 550.000000
212.759074 550.000000
209.738742 550.000000
201.684522 550.000000
197.657412 550.000000
196.650635 550.000000
188.596415 550.000000
185.576083 550.000000
181.548973 550.000000
179.535418 550.000000
178.528641 550.000000
176.515086 550.000000
175.508308 550.000000
166.447311 550.000000
160.406647 550.000000
157.386314 550.000000
148.325317 550.000000
140.271098 550.000000
135.237211 550.000000
131.210101 550.000000
122.149104 550.000000
121.142326 550.000000
118.121994 550.000000
114.094884 550.000000
105.033887 550.000000
103.020332 550.000000
101.006777 550.000000
100.000000 550.000000
