780
107.003422 450.000000
109.004400 450.000000
115.007333 450.000000
119.009289 450.000000
121.010267 450.000000
132.015644 450.000000
134.016622 450.000000
135.017111 450.000000
138.018578 450.000000
144.021511 450.000000
146.022489 450.000000
152.025422 450.000000
155.026889 450.000000
158.028355 450.000000
159.028844 450.000000
160.029333 450.000000
176.037155 450.000000
187.042533 450.000000
192.044977 450.000000
193.045466 450.000000
195.046444 450.000000
204.050844 450.000000
213.055244 450.000000
220.058666 450.000000
223.060132 450.000000
233.065021 450.000000
238.067466 450.000000
239.067955 450.000000
241.068932 450.000000
246.071377 450.000000
254.075288 450.000000
258.077243 450.000000
269.082621 450.000000
271.083599 450.000000
277.086532 450.000000
282.088977 450.000000
302.098754 450.000000
307.101199 450.000000
321.108043 450.000000
326.110487 450.000000
327.110976 450.000000
331.112932 450.000000
345.119776 450.000000
357.125643 450.000000
371.132487 450.000000
371.635641 449.128511
373.145105 446.514044
373.648259 445.642555
374.654568 443.899577
375.660877 442.156599
376.164031 441.285110
376.667186 440.413620
377.170340 439.542131
377.673495 438.670642
378.176649 437.799153
378.679803 436.927664
379.686112 435.184686
380.189267 434.313197
381.195576 432.570219
381.698730 431.698730
382.705039 429.955752
383.208193 429.084263
383.711348 428.212774
384.214502 427.341285
385.723965 424.726818
386.227120 423.855329
386.730274 422.983840
387.233429 422.112350
388.742892 419.497883
389.749201 417.754905
391.258664 415.140438
391.761819 414.268949
392.264973 413.397460
392.264973 413.397460
389.753269 409.047061
389.250928 408.176981
387.743905 405.566741
385.232201 401.216342
383.725179 398.606102
382.720497 396.865942
381.715815 395.125783
381.213474 394.255703
378.701770 389.905303
376.692407 386.424984
369.157294 373.373786
368.654953 372.503706
367.650271 370.763546
366.143249 368.153306
365.640908 367.283226
364.636226 365.543067
363.129204 362.932827
362.124522 361.192667
361.622181 360.322587
361.119840 359.452508
359.110477 355.972188
358.608136 355.102108
355.594091 349.881629
355.091750 349.011549
354.589409 348.141469
354.087069 347.271389
353.584728 346.401309
353.082387 345.531229
352.077705 343.791070
350.570683 341.180830
348.058978 336.830431
347.054297 335.090271
346.551956 334.220191
346.049615 333.350111
344.542593 330.739871
339.016843 321.168993
336.505139 316.818593
332.988753 310.728034
330.979390 307.247715
330.477049 306.377635
327.965345 302.027235
326.458322 299.416996
325.955981 298.546916
321.434914 290.716197
319.425550 287.235878
317.416187 283.755558
315.406823 280.275239
313.899801 277.664999
315.406823 276.794919
317.416187 276.794919
321.434914 276.794919
331.481731 276.794919
336.505139 276.794919
339.519184 276.794919
343.537911 276.794919
345.547274 276.794919
348.561320 276.794919
356.598773 276.794919
359.612818 276.794919
361.622182 276.794919
364.636227 276.794919
366.645590 276.794919
373.678362 276.794919
374.683044 276.794919
377.697089 276.794919
380.711134 276.794919
381.715816 276.794919
382.720497 276.794919
385.734542 276.794919
388.748588 276.794919
390.757951 276.794919
393.771996 276.794919
400.804768 276.794919
403.818813 276.794919
405.828176 276.794919
409.846903 276.794919
414.870312 276.794919
418.889039 276.794919
434.963946 276.794919
439.987354 276.794919
455.057580 276.794919
461.085670 276.794919
464.099715 276.794919
468.118442 276.794919
471.634828 275.924839
472.639510 274.184679
473.141850 273.314600
473.644191 272.444520
474.146532 271.574440
478.165259 264.613801
480.174622 261.133481
482.183986 257.653162
482.686326 256.783082
487.207394 248.952363
487.709735 248.082283
488.714417 246.342123
489.719098 244.601964
491.728462 241.121644
492.733143 239.381484
493.235484 238.511405
497.756552 230.680686
498.258893 229.810606
501.272938 224.590127
501.775279 223.720047
502.277620 222.849967
503.282301 221.109807
504.286983 219.369647
510.315073 208.928689
511.319755 207.188529
512.324436 205.448369
513.329118 203.708210
513.831459 202.838130
514.333800 201.968050
516.343163 198.487730
519.859549 192.397171
520.361890 191.527091
524.882958 183.696373
525.385298 182.826293
525.887639 181.956213
526.892321 180.216053
527.394662 179.345973
527.897003 178.475893
529.404025 175.865654
531.915730 171.515254
534.427434 167.164855
535.934456 164.554615
536.939138 162.814456
538.446161 160.204216
540.455524 156.723897
543.469569 151.503417
543.971910 150.633337
544.474251 149.763258
545.478932 148.023098
546.483614 146.282938
550.000000 140.192379
551.004682 141.932539
553.014045 145.412858
553.516386 146.282938
556.530431 151.503417
557.032772 152.373497
562.558521 161.944376
563.060862 162.814456
563.563203 163.684536
569.591293 174.125494
573.610020 181.086133
574.614702 182.826293
575.619383 184.566453
580.642792 193.267251
582.652155 196.747571
583.656837 198.487730
596.215358 220.239727
598.727062 224.590127
602.243448 230.680686
603.750471 233.290925
604.755152 235.031085
606.764516 238.511405
607.769197 240.251564
608.773879 241.991724
610.280902 244.601964
612.290265 248.082283
623.341764 267.224040
623.844105 268.094120
627.862831 275.054759
628.365172 275.924839
631.881558 276.794919
636.904967 276.794919
640.923693 276.794919
642.933057 276.794919
646.951784 276.794919
648.961147 276.794919
649.965829 276.794919
652.979874 276.794919
654.989237 276.794919
656.998601 276.794919
664.031373 276.794919
666.040736 276.794919
672.068826 276.794919
674.078190 276.794919
676.087553 276.794919
678.096916 276.794919
680.106280 276.794919
681.110961 276.794919
691.157778 276.794919
692.162460 276.794919
695.176505 276.794919
699.195232 276.794919
718.284184 276.794919
721.298229 276.794919
722.302911 276.794919
728.331001 276.794919
731.345046 276.794919
733.354410 276.794919
740.387182 276.794919
743.401227 276.794919
748.424635 276.794919
749.429317 276.794919
755.457407 276.794919
762.490179 276.794919
764.499543 276.794919
766.508906 276.794919
768.518269 276.794919
771.532314 276.794919
775.551041 276.794919
779.569768 276.794919
780.574450 276.794919
786.602540 276.794919
783.086154 282.885478
780.574450 287.235878
779.569768 288.976037
778.565086 290.716197
776.555723 294.196517
775.048701 296.806756
765.001884 314.208354
761.987838 319.428833
758.973793 324.649312
757.466771 327.259552
754.955067 331.609951
754.452726 332.480031
751.941022 336.830431
750.936340 338.570590
747.419954 344.661150
746.415272 346.401309
745.912931 347.271389
743.903568 350.751709
743.401227 351.621789
742.396545 353.361948
740.889523 355.972188
740.387182 356.842268
739.884841 357.712348
736.870796 362.932827
734.359092 367.283226
731.345047 372.503706
730.340365 374.243865
728.833343 376.854105
727.828661 378.594265
727.326320 379.464345
726.321638 381.204504
725.819297 382.074584
722.805252 387.295064
720.795889 390.775383
717.781844 395.995862
715.772481 399.476182
711.251413 407.306901
710.749072 408.176981
710.246731 409.047061
709.242050 410.787220
708.237368 412.527380
708.238181 414.268949
708.741336 415.140438
710.250799 417.754905
711.257108 419.497883
712.766571 422.112350
713.772880 423.855329
714.276035 424.726818
714.779189 425.598307
715.282343 426.469796
716.288652 428.212774
717.294961 429.955752
717.798116 430.827241
718.804424 432.570219
719.307579 433.441708
720.817042 436.056175
721.320197 436.927664
721.823351 437.799153
722.326505 438.670642
722.829660 439.542131
723.332814 440.413620
723.835969 441.285110
724.842278 443.028088
725.848586 444.771066
726.854895 446.514044
727.358050 447.385533
727.861204 448.257022
728.364359 449.128511
733.869957 450.000000
740.873380 450.000000
742.874357 450.000000
745.875824 450.000000
746.876313 450.000000
747.876802 450.000000
748.877291 450.000000
751.878757 450.000000
753.879735 450.000000
771.888535 450.000000
772.889024 450.000000
776.890979 450.000000
778.891957 450.000000
781.893424 450.000000
791.898313 450.000000
800.902712 450.000000
801.903201 450.000000
805.905157 450.000000
806.905646 450.000000
815.910046 450.000000
821.912979 450.000000
822.913468 450.000000
825.914935 450.000000
826.915423 450.000000
834.919334 450.000000
838.921290 450.000000
846.925201 450.000000
847.925690 450.000000
873.938401 450.000000
874.938890 450.000000
878.940845 450.000000
887.945245 450.000000
897.950134 450.000000
899.951112 450.000000
904.953556 450.000000
907.955023 450.000000
909.956001 450.000000
910.956490 450.000000
911.956978 450.000000
912.957467 450.000000
919.960889 450.000000
934.968223 450.000000
939.970667 450.000000
943.972623 450.000000
950.976045 450.000000
951.976534 450.000000
952.977023 450.000000
955.978489 450.000000
957.979467 450.000000
974.987778 450.000000
975.988267 450.000000
978.989733 450.000000
986.993645 450.000000
1000.000000 450.000000
1000.000000 451.000000
1000.000000 452.000000
1000.000000 453.000000
1000.000000 454.000000
1000.000000 455.000000
1000.000000 457.000000
1000.000000 460.000000
1000.000000 463.000000
1000.000000 465.000000
1000.000000 468.000000
1000.000000 469.000000
1000.000000 472.000000
1000.000000 474.000000
1000.000000 477.000000
1000.000000 487.000000
1000.000000 488.000000
1000.000000 490.000000
1000.000000 491.000000
1000.000000 492.000000
1000.000000 496.000000
1000.000000 498.000000
1000.000000 500.000000
1000.000000 504.000000
1000.000000 508.000000
1000.000000 509.000000
1000.000000 510.000000
1000.000000 514.000000
1000.000000 519.000000
1000.000000 520.000000
1000.000000 521.000000
1000.000000 524.000000
1000.000000 525.000000
1000.000000 528.000000
1000.000000 532.000000
1000.000000 539.000000
1000.000000 550.000000
993.984131 550.000000
988.970907 550.000000
986.965617 550.000000
960.896851 550.000000
926.806925 550.000000
915.777832 550.000000
894.722290 550.000000
892.717000 550.000000
890.711711 550.000000
888.706421 550.000000
880.685262 550.000000
858.627075 550.000000
843.587402 550.000000
839.576823 550.000000
816.515991 550.000000
802.478963 550.000000
794.457804 550.000000
757.359945 550.000000
756.357300 550.000000
753.349365 550.000000
745.328206 550.000000
736.304403 550.000000
722.267375 550.000000
720.262085 550.000000
712.240926 550.000000
708.230347 550.000000
707.227702 550.000000
693.190674 550.000000
684.166870 550.000000
678.151001 550.000000
677.148356 550.000000
676.145711 550.000000
668.620783 545.649601
668.118442 544.779521
667.616101 543.909441
667.113760 543.039361
666.109078 541.299201
664.602056 538.688962
661.588011 533.468482
660.583329 531.728323
660.080988 530.858243
659.578647 529.988163
658.573966 528.248003
656.062261 523.897604
655.057580 522.157444
654.555239 521.287364
653.048216 518.677125
649.531830 512.586565
645.010763 504.755847
642.499058 500.405447
641.996717 499.535367
639.485013 495.184968
635.466286 488.224329
634.461605 486.484169
633.456923 484.744010
631.949900 482.133770
631.447560 481.263690
628.433514 476.043211
625.921810 471.692811
623.912447 468.212492
623.410106 467.342412
622.907765 466.472332
619.391379 460.381773
618.386697 458.641613
617.382016 456.901454
615.372652 453.421134
614.367971 451.680974
610.349244 444.720335
609.344562 442.980176
607.837539 440.369936
606.832858 438.629776
604.823494 435.149457
603.818813 433.409297
603.316472 432.539217
601.307108 429.058898
599.800086 426.448658
598.795404 424.708498
596.283700 420.358099
593.269655 415.137620
592.264973 413.397460
592.768127 412.525971
594.277591 409.911504
595.283900 408.168526
595.787054 407.297036
596.290209 406.425547
596.793363 405.554058
597.799672 403.811080
598.805981 402.068102
599.309135 401.196613
599.812290 400.325124
601.321753 397.710657
602.831216 395.096190
603.837525 393.353211
604.340680 392.481722
604.843834 391.610233
605.346989 390.738744
606.856452 388.124277
607.862761 386.381299
608.869070 384.638321
610.378533 382.023853
610.881688 381.152364
611.384842 380.280875
611.887997 379.409386
612.894306 377.666408
613.397460 376.794919
610.378533 376.794919
609.372224 376.794919
608.365916 376.794919
607.359607 376.794919
606.353298 376.794919
605.346989 376.794919
604.340680 376.794919
603.334371 376.794919
602.328062 376.794919
601.321753 376.794919
599.309136 376.794919
597.296518 376.794919
596.290209 376.794919
595.283900 376.794919
594.277591 376.794919
591.258665 376.794919
590.252356 376.794919
589.246047 376.794919
588.239738 376.794919
585.220811 376.794919
582.201885 376.794919
581.195576 376.794919
580.189267 376.794919
579.182958 376.794919
578.176649 376.794919
577.170340 376.794919
573.145105 376.794919
571.132487 376.794919
570.629333 375.923430
570.126178 375.051941
569.623024 374.180452
569.119869 373.308963
568.616715 372.437474
567.107251 369.823007
566.604097 368.951518
565.597788 367.208539
564.591479 365.465561
564.088325 364.594072
563.082016 362.851094
562.578861 361.979605
562.075707 361.108116
561.069398 359.365138
560.566243 358.493649
560.063089 357.622160
559.559935 356.750671
558.553626 355.007693
558.050471 354.136204
557.547317 353.264715
557.044162 352.393226
556.541008 351.521737
555.031545 348.907269
554.528390 348.035780
554.025236 347.164291
553.522081 346.292802
553.018927 345.421313
552.515772 344.549824
552.012618 343.678335
551.509463 342.806846
551.006309 341.935357
550.503154 341.063868
550.000000 340.192379
549.496846 341.063868
548.490537 342.806846
547.987382 343.678335
547.484228 344.549824
546.477919 346.292802
545.974764 347.164291
544.968455 348.907269
544.465301 349.778759
543.962147 350.650248
543.458992 351.521737
542.955838 352.393226
542.452683 353.264715
541.446374 355.007693
539.936911 357.622160
538.427448 360.236627
537.924293 361.108116
536.917984 362.851094
536.414830 363.722583
535.911675 364.594072
534.905366 366.337050
534.402212 367.208539
533.395903 368.951518
532.892749 369.823007
532.389594 370.694496
530.880131 373.308963
530.376976 374.180452
528.867513 376.794919
526.854895 376.794919
525.848586 376.794919
521.823351 376.794919
520.817042 376.794919
518.804424 376.794919
517.798115 376.794919
516.791806 376.794919
515.785498 376.794919
514.779189 376.794919
513.772880 376.794919
510.753953 376.794919
509.747644 376.794919
505.722409 376.794919
504.716100 376.794919
503.709791 376.794919
501.697173 376.794919
500.690864 376.794919
496.665629 376.794919
494.653011 376.794919
493.646702 376.794919
492.640393 376.794919
491.634084 376.794919
490.627776 376.794919
489.621467 376.794919
488.615158 376.794919
487.608849 376.794919
487.105694 377.666408
487.608849 378.537897
488.112003 379.409386
488.615158 380.280875
489.118312 381.152364
489.621467 382.023853
490.124621 382.895342
490.627776 383.766832
491.634085 385.509810
494.149857 389.867255
494.653011 390.738744
495.156166 391.610233
495.659320 392.481722
496.162475 393.353211
497.671938 395.967679
498.175092 396.839168
498.678247 397.710657
499.181401 398.582146
499.684556 399.453635
500.187710 400.325124
500.690865 401.196613
501.194019 402.068102
502.200328 403.811080
502.703482 404.682569
503.709791 406.425547
504.212946 407.297036
504.716100 408.168526
505.219255 409.040015
505.722409 409.911504
506.225564 410.782993
506.728718 411.654482
507.231873 412.525971
507.735027 413.397460
507.735027 413.397460
506.228004 416.007700
505.223323 417.747859
502.209278 422.968339
501.706937 423.838418
500.702255 425.578578
497.688210 430.799057
493.669483 437.759696
489.650756 444.720335
487.139052 449.070735
486.636711 449.940815
482.617984 456.901454
481.110962 459.511693
478.096917 464.732172
475.585212 469.082572
475.082872 469.952652
474.078190 471.692811
470.561804 477.783371
469.054781 480.393610
468.552440 481.263690
468.050100 482.133770
464.031373 489.094409
463.026691 490.834569
461.519668 493.444808
461.017328 494.314888
460.012646 496.055048
459.510305 496.925128
455.491578 503.885767
452.979874 508.236166
450.468170 512.586565
448.458806 516.066885
447.956465 516.936965
446.951784 518.677125
446.449443 519.547204
443.937739 523.897604
443.435398 524.767684
440.421353 529.988163
439.416671 531.728323
437.909648 534.338562
435.397944 538.688962
434.895603 539.559042
432.886240 543.039361
429.872195 548.259840
422.851644 550.000000
413.827840 550.000000
407.811971 550.000000
406.809326 550.000000
398.788167 550.000000
385.753784 550.000000
384.751139 550.000000
373.722046 550.000000
361.690308 550.000000
350.661214 550.000000
345.647990 550.000000
339.632121 550.000000
338.629476 550.000000
334.618896 550.000000
322.587158 550.000000
317.573934 550.000000
316.571289 550.000000
305.542196 550.000000
302.534261 550.000000
298.523682 550.000000
297.521037 550.000000
295.515747 550.000000
292.507812 550.000000
288.497233 550.000000
276.465495 550.000000
272.454915 550.000000
270.449626 550.000000
248.391439 550.000000
203.272420 550.000000
193.245972 550.000000
189.235392 550.000000
187.230103 550.000000
185.224813 550.000000
184.222168 550.000000
178.206299 550.000000
176.201009 550.000000
175.198364 550.000000
167.177205 550.000000
158.153402 550.000000
157.150757 550.000000
156.148112 550.000000
135.092570 550.000000
131.081991 550.000000
125.066121 550.000000
124.063477 550.000000
122.058187 550.000000
117.044963 550.000000
