1340
106.011196 450.000000
107.013062 450.000000
108.014928 450.000000
110.018660 450.000000
111.020526 450.000000
115.027990 450.000000
117.031722 450.000000
119.035454 450.000000
121.039186 450.000000
122.041052 450.000000
123.042918 450.000000
124.044784 450.000000
125.046650 450.000000
126.048516 450.000000
127.050382 450.000000
128.052248 450.000000
131.057846 450.000000
132.059712 450.000000
133.061578 450.000000
135.065310 450.000000
139.072775 450.000000
140.074641 450.000000
141.076507 450.000000
145.083971 450.000000
146.085837 450.000000
148.089569 450.000000
149.091435 450.000000
150.093301 450.000000
152.097033 450.000000
154.100765 450.000000
155.102631 450.000000
156.104497 450.000000
158.108229 450.000000
160.111961 450.000000
161.113827 450.000000
162.115693 450.000000
163.117559 450.000000
164.119425 450.000000
165.121291 450.000000
166.123157 450.000000
167.125023 450.000000
169.128755 450.000000
171.132487 450.000000
172.639510 447.389760
174.648873 443.909441
175.151214 443.039361
177.662918 438.688962
178.667600 436.948802
183.188667 429.118083
186.202712 423.897604
187.709735 421.287364
191.226121 415.196805
193.235484 411.716486
199.263574 401.275527
199.765915 400.405447
200.268256 399.535367
200.770597 398.665288
202.277620 396.055048
203.784642 393.444808
204.789324 391.704649
208.808051 384.744010
210.817414 381.263690
212.826777 377.783371
213.329118 376.913291
213.831459 376.043211
215.840822 372.562891
216.343163 371.692811
219.859549 365.602252
220.864231 363.862093
221.366572 362.992013
221.868913 362.121933
225.887639 355.161294
226.389980 354.291214
227.897003 351.680974
228.399344 350.810895
230.408707 347.330575
232.418070 343.850256
233.422752 342.110096
233.925093 341.240016
234.929775 339.499856
235.432115 338.629776
235.934456 337.759696
236.939138 336.019537
237.943820 334.279377
239.953183 330.799057
241.962546 327.318738
243.469569 324.708498
245.478932 321.228179
247.488296 317.747859
248.492977 316.007700
248.995318 315.137620
251.004682 315.137620
253.014045 318.617939
253.516386 319.488019
254.018727 320.358099
255.023408 322.098259
255.525749 322.968339
256.530431 324.708498
259.042135 329.058898
261.553839 333.409297
263.563203 336.889617
266.074907 341.240016
267.079589 342.980176
268.586611 345.590415
271.098316 349.940815
273.610020 354.291214
277.126406 360.381773
277.628747 361.251853
278.633428 362.992013
279.135769 363.862093
283.154496 370.822732
284.159178 372.562891
287.173223 377.783371
288.680245 380.393610
289.684927 382.133770
292.698972 387.354249
298.224721 396.925128
300.234085 400.405447
301.741107 403.015687
302.745789 404.755847
304.755152 408.236166
307.266857 412.586565
308.271538 414.326725
309.778561 416.936965
310.783243 418.677125
311.285583 419.547204
313.294947 423.027524
313.797288 423.897604
314.299628 424.767684
317.816014 430.858243
318.318355 431.728323
323.341764 440.429121
325.853468 444.779521
328.867513 450.000000
329.873822 450.000000
330.880131 450.000000
332.892749 450.000000
333.899058 450.000000
334.905366 450.000000
335.911675 450.000000
336.917984 450.000000
337.924293 450.000000
338.930602 450.000000
339.936911 450.000000
342.955838 450.000000
343.962147 450.000000
344.968455 450.000000
345.974764 450.000000
346.981073 450.000000
347.987382 450.000000
348.993691 450.000000
351.006309 450.000000
352.012618 450.000000
354.025236 450.000000
355.031545 450.000000
356.037853 450.000000
357.044162 450.000000
359.056780 450.000000
361.069398 450.000000
362.075707 450.000000
363.082016 450.000000
365.094634 450.000000
366.100942 450.000000
367.107251 450.000000
368.113560 450.000000
369.119869 450.000000
370.126178 450.000000
371.132487 450.000000
371.635641 449.128511
372.138796 448.257022
372.641950 447.385533
373.145105 446.514044
373.648259 445.642555
374.654568 443.899577
375.157722 443.028088
375.660877 442.156599
376.164031 441.285110
376.667186 440.413620
377.170340 439.542131
379.182958 436.056175
379.686112 435.184686
380.189267 434.313197
380.692421 433.441708
381.698730 431.698730
382.201884 430.827241
382.705039 429.955752
383.208193 429.084263
384.214502 427.341285
384.717657 426.469796
385.723965 424.726818
386.227120 423.855329
388.239738 420.369372
388.742892 419.497883
389.246046 418.626394
390.252355 416.883416
391.258664 415.140438
391.761819 414.268949
392.264973 413.397460
389.250928 408.176981
388.748587 407.306901
386.739224 403.826581
384.227519 399.476182
383.222838 397.736022
381.715815 395.125783
378.199429 389.035223
377.194748 387.295064
375.185384 383.814744
373.678362 381.204504
372.673680 379.464345
369.157294 373.373786
368.152612 371.633626
365.640908 367.283226
364.636226 365.543067
361.622181 360.322587
359.612818 356.842268
358.105795 354.232028
357.603455 353.361948
356.598773 351.621789
355.091750 349.011549
353.584728 346.401309
352.077705 343.791070
351.575364 342.920990
350.570683 341.180830
349.063660 338.570590
348.561319 337.700511
345.547274 332.480031
345.044933 331.609951
344.040252 329.869792
343.537911 328.999712
342.533229 327.259552
342.030888 326.389472
340.523866 323.779232
340.021525 322.909153
338.514502 320.298913
337.509821 318.558753
336.002798 315.948514
335.500457 315.078434
334.495776 313.338274
332.486412 309.857954
327.965345 302.027235
327.463004 301.157156
325.453640 297.676836
324.951299 296.806756
321.937254 291.586277
320.932573 289.846117
319.927891 288.105957
316.411505 282.015398
315.406823 280.275239
313.397460 276.794919
316.411505 276.794919
324.448959 276.794919
326.458322 276.794919
330.477049 276.794919
334.495776 276.794919
335.500457 276.794919
337.509821 276.794919
338.514503 276.794919
345.547274 276.794919
347.556638 276.794919
350.570683 276.794919
352.580046 276.794919
360.617500 276.794919
362.626863 276.794919
363.631545 276.794919
364.636227 276.794919
371.668999 276.794919
373.678362 276.794919
377.697089 276.794919
380.711134 276.794919
382.720497 276.794919
386.739224 276.794919
387.743906 276.794919
388.748588 276.794919
392.767314 276.794919
395.781359 276.794919
398.795405 276.794919
401.809450 276.794919
406.832858 276.794919
408.842222 276.794919
409.846903 276.794919
411.856267 276.794919
418.889039 276.794919
429.940537 276.794919
436.973309 276.794919
441.996718 276.794919
444.006081 276.794919
445.010763 276.794919
447.020126 276.794919
449.029490 276.794919
452.043535 276.794919
454.052898 276.794919
457.066943 276.794919
459.076307 276.794919
461.085670 276.794919
464.099715 276.794919
467.113760 276.794919
471.132487 276.794919
474.146532 271.574440
475.653555 268.964200
477.662918 265.483881
479.169941 262.873641
479.672281 262.003561
481.681645 258.523242
482.686326 256.783082
483.188667 255.913002
485.700372 251.562603
486.202712 250.692523
489.216757 245.472044
489.719098 244.601964
490.723780 242.861804
491.226121 241.991724
492.733143 239.381484
493.235484 238.511405
494.240166 236.771245
495.747189 234.161005
499.765915 227.200366
501.775279 223.720047
502.779960 221.979887
505.794005 216.759408
506.798687 215.019248
507.803369 213.279088
510.817414 208.058609
511.319755 207.188529
513.329118 203.708210
515.840822 199.357810
517.850186 195.877491
522.371253 188.046772
523.375935 186.306612
523.878276 185.436532
526.892321 180.216053
528.399344 177.605814
530.408707 174.125494
530.911048 173.255414
534.427434 167.164855
536.939138 162.814456
537.441479 161.944376
540.957865 155.853817
542.967228 152.373497
543.971910 150.633337
548.492977 142.802619
549.497659 141.062459
551.004682 141.932539
551.507023 142.802619
552.009363 143.672698
553.516386 146.282938
554.018727 147.153018
556.530431 151.503417
558.539794 154.983737
559.544476 156.723897
562.056180 161.074296
563.060862 162.814456
565.070225 166.294775
566.577248 168.905015
568.586611 172.385334
569.088952 173.255414
570.595975 175.865654
571.098316 176.735734
572.102997 178.475893
574.614702 182.826293
575.117042 183.696373
577.126406 187.176692
577.628747 188.046772
579.135769 190.657012
582.149814 195.877491
588.177904 206.318449
588.680245 207.188529
589.182586 208.058609
591.694290 212.409008
594.708335 217.629488
596.215358 220.239727
598.224721 223.720047
600.234085 227.200366
601.741107 229.810606
604.755152 235.031085
611.285583 246.342123
611.787924 247.212203
612.290265 248.082283
612.792606 248.952363
614.801969 252.432683
617.816014 257.653162
618.318355 258.523242
621.834741 264.613801
625.853468 271.574440
627.360490 274.184679
628.365172 275.924839
631.881558 276.794919
636.904967 276.794919
637.909648 276.794919
639.919012 276.794919
649.965829 276.794919
650.970510 276.794919
652.979874 276.794919
668.050099 276.794919
678.096916 276.794919
680.106280 276.794919
681.110961 276.794919
686.134370 276.794919
688.143733 276.794919
697.185869 276.794919
701.204595 276.794919
704.218641 276.794919
705.223322 276.794919
706.228004 276.794919
707.232686 276.794919
708.237367 276.794919
713.260776 276.794919
715.270139 276.794919
718.284184 276.794919
719.288866 276.794919
721.298229 276.794919
722.302911 276.794919
726.321638 276.794919
728.331001 276.794919
732.349728 276.794919
736.368455 276.794919
737.373137 276.794919
743.401227 276.794919
746.415272 276.794919
747.419954 276.794919
750.433999 276.794919
756.462089 276.794919
760.480816 276.794919
761.485497 276.794919
766.508906 276.794919
772.536996 276.794919
775.551041 276.794919
776.555723 276.794919
779.569768 276.794919
786.602540 276.794919
785.597858 278.535079
785.095517 279.405159
784.593177 280.275239
782.583813 283.755558
781.076791 286.365798
780.574450 287.235878
779.569768 288.976037
778.565086 290.716197
777.058064 293.326437
772.034655 302.027235
771.532315 302.897315
771.029974 303.767395
770.527633 304.637475
769.020610 307.247715
768.015929 308.987875
767.513588 309.857954
767.011247 310.728034
766.508906 311.598114
765.504224 313.338274
763.997202 315.948514
762.992520 317.688673
761.485498 320.298913
760.983157 321.168993
759.476134 323.779232
756.462089 328.999712
755.959748 329.869792
755.457407 330.739871
752.945703 335.090271
751.438681 337.700511
750.433999 339.440670
749.931658 340.310750
749.429317 341.180830
748.424636 342.920990
747.922295 343.791070
746.917613 345.531229
745.410591 348.141469
744.405909 349.881629
743.903568 350.751709
742.898886 352.491868
741.894205 354.232028
741.391864 355.102108
738.377819 360.322587
737.875478 361.192667
737.373137 362.062747
731.345047 372.503706
730.842706 373.373786
727.828661 378.594265
726.823979 380.334425
726.321638 381.204504
725.316957 382.944664
724.312275 384.684824
721.298230 389.905303
720.795889 390.775383
716.777162 397.736022
716.274821 398.606102
715.772481 399.476182
715.270140 400.346262
712.758435 404.696661
712.256095 405.566741
711.753754 406.436821
710.246731 409.047061
709.744390 409.917140
708.237368 412.527380
708.741336 415.140438
709.244490 416.011927
709.747645 416.883416
710.250799 417.754905
710.753954 418.626394
711.257108 419.497883
712.263417 421.240861
712.766571 422.112350
713.269726 422.983840
713.772880 423.855329
714.779189 425.598307
715.282343 426.469796
716.288652 428.212774
717.294961 429.955752
718.301270 431.698730
719.810733 434.313197
721.320197 436.927664
721.823351 437.799153
722.326505 438.670642
722.829660 439.542131
723.332814 440.413620
723.835969 441.285110
724.339123 442.156599
724.842278 443.028088
725.345432 443.899577
725.848586 444.771066
726.351741 445.642555
729.873822 450.000000
730.880131 450.000000
732.892749 450.000000
733.899058 450.000000
734.905366 450.000000
735.911675 450.000000
736.917984 450.000000
737.924293 450.000000
738.930602 450.000000
739.936911 450.000000
740.943220 450.000000
742.955838 450.000000
743.962147 450.000000
745.974764 450.000000
746.981073 450.000000
747.987382 450.000000
748.993691 450.000000
750.000000 450.000000
751.006309 450.000000
752.012618 450.000000
753.018927 450.000000
754.025236 450.000000
755.031545 450.000000
756.037853 450.000000
757.044162 450.000000
759.056780 450.000000
760.063089 450.000000
761.069398 450.000000
762.075707 450.000000
765.094634 450.000000
766.100942 450.000000
767.107251 450.000000
768.113560 450.000000
769.119869 450.000000
770.126178 450.000000
771.634828 449.129920
773.141850 446.519681
775.653555 442.169281
776.658236 440.429121
777.160577 439.559042
778.165259 437.818882
779.169941 436.078722
779.672281 435.208642
783.691008 428.248003
784.193349 427.377923
788.714417 419.547204
790.221439 416.936965
792.230803 413.456645
793.235484 411.716486
794.240166 409.976326
794.742507 409.106246
796.249529 406.496006
796.751870 405.625926
797.254211 404.755847
797.756552 403.885767
798.258893 403.015687
798.761234 402.145607
799.263574 401.275527
800.268256 399.535367
801.775279 396.925128
805.291665 390.834569
806.296346 389.094409
806.798687 388.224329
810.315073 382.133770
812.324436 378.653450
812.826777 377.783371
813.329118 376.913291
813.831459 376.043211
815.338482 373.432971
816.845504 370.822732
822.873594 360.381773
823.375935 359.511693
824.882958 356.901454
825.887639 355.161294
827.897003 351.680974
829.404025 349.070735
830.408707 347.330575
832.418070 343.850256
832.920411 342.980176
833.422752 342.110096
834.427434 340.369936
834.929775 339.499856
835.934456 337.759696
836.939138 336.019537
837.943820 334.279377
839.450842 331.669137
840.455524 329.928978
841.962546 327.318738
842.464887 326.448658
846.483614 319.488019
846.985955 318.617939
848.492977 316.007700
850.000000 313.397460
851.004682 315.137620
852.511704 317.747859
853.516386 319.488019
855.023408 322.098259
855.525749 322.968339
856.530431 324.708498
861.553839 333.409297
863.563203 336.889617
864.065544 337.759696
867.581930 343.850256
869.088952 346.460495
869.591293 347.330575
870.595975 349.070735
871.098316 349.940815
872.102997 351.680974
874.112361 355.161294
875.117042 356.901454
876.121724 358.641613
877.126406 360.381773
877.628747 361.251853
878.131087 362.121933
879.135769 363.862093
880.642792 366.472332
881.647473 368.212492
883.656837 371.692811
884.159178 372.562891
886.670882 376.913291
888.680245 380.393610
889.182586 381.263690
889.684927 382.133770
891.191949 384.744010
893.703654 389.094409
897.722380 396.055048
899.229403 398.665288
900.234085 400.405447
902.243448 403.885767
903.750471 406.496006
907.266857 412.586565
907.769197 413.456645
909.276220 416.066885
909.778561 416.936965
910.783243 418.677125
912.792606 422.157444
914.299628 424.767684
915.806651 427.377923
918.318355 431.728323
918.820696 432.598403
920.327719 435.208642
920.830059 436.078722
921.332400 436.948802
922.839423 439.559042
923.341764 440.429121
923.844105 441.299201
927.360490 447.389760
927.862831 448.259840
928.365172 449.129920
928.867513 450.000000
931.873111 450.000000
932.874977 450.000000
934.878709 450.000000
935.880575 450.000000
936.882441 450.000000
939.888039 450.000000
940.889905 450.000000
943.895503 450.000000
944.897369 450.000000
945.899235 450.000000
946.901101 450.000000
948.904833 450.000000
949.906699 450.000000
952.912297 450.000000
954.916029 450.000000
955.917895 450.000000
959.925359 450.000000
961.929091 450.000000
965.936556 450.000000
968.942154 450.000000
969.944020 450.000000
970.945886 450.000000
971.947752 450.000000
974.953350 450.000000
975.955216 450.000000
978.960814 450.000000
981.966412 450.000000
984.972010 450.000000
987.977608 450.000000
989.981340 450.000000
990.983206 450.000000
992.986938 450.000000
993.988804 450.000000
994.990670 450.000000
996.994402 450.000000
997.996268 450.000000
998.998134 450.000000
1000.000000 458.000000
1000.000000 460.000000
1000.000000 463.000000
1000.000000 464.000000
1000.000000 465.000000
1000.000000 467.000000
1000.000000 468.000000
1000.000000 469.000000
1000.000000 471.000000
1000.000000 476.000000
1000.000000 479.000000
1000.000000 480.000000
1000.000000 482.000000
1000.000000 483.000000
1000.000000 484.000000
1000.000000 488.000000
1000.000000 494.000000
1000.000000 499.000000
1000.000000 503.000000
1000.000000 505.000000
1000.000000 507.000000
1000.000000 510.000000
1000.000000 512.000000
1000.000000 516.000000
1000.000000 517.000000
1000.000000 518.000000
1000.000000 520.000000
1000.000000 526.000000
1000.000000 527.000000
1000.000000 528.000000
1000.000000 530.000000
1000.000000 531.000000
1000.000000 534.000000
1000.000000 536.000000
1000.000000 541.000000
1000.000000 548.000000
1000.000000 550.000000
994.966113 550.000000
993.959335 550.000000
988.925448 550.000000
987.918671 550.000000
984.898338 550.000000
983.891561 550.000000
980.871229 550.000000
977.850896 550.000000
975.837341 550.000000
974.830564 550.000000
964.762789 550.000000
958.722125 550.000000
954.695015 550.000000
950.667905 550.000000
947.647573 550.000000
945.634018 550.000000
942.613686 550.000000
938.586576 550.000000
935.566243 550.000000
933.552689 550.000000
928.518801 550.000000
927.512024 550.000000
923.484914 550.000000
922.478137 550.000000
921.471359 550.000000
917.444249 550.000000
916.437472 550.000000
915.430695 550.000000
914.423917 550.000000
913.417140 550.000000
906.369698 550.000000
898.315478 550.000000
897.308701 550.000000
896.301923 550.000000
889.254481 550.000000
887.240926 550.000000
885.227371 550.000000
880.193484 550.000000
875.159597 550.000000
872.139264 550.000000
871.132487 550.000000
871.132487 550.000000
870.629333 549.128511
870.126178 548.257022
869.623024 547.385533
869.119869 546.514044
868.616715 545.642555
868.113560 544.771066
867.107251 543.028088
866.100942 541.285110
865.094634 539.542131
864.591479 538.670642
863.585170 536.927664
863.082016 536.056175
862.578861 535.184686
861.069398 532.570219
860.566243 531.698730
860.063089 530.827241
859.056780 529.084263
858.553626 528.212774
858.050471 527.341285
857.547317 526.469796
857.044162 525.598307
856.541008 524.726818
856.037853 523.855329
855.534699 522.983840
854.528390 521.240861
854.025236 520.369372
853.522081 519.497883
853.018927 518.626394
852.012618 516.883416
851.509463 516.011927
851.006309 515.140438
850.503154 514.268949
850.000000 513.397460
850.000000 513.397460
848.993691 515.140438
848.490537 516.011927
847.987382 516.883416
846.981073 518.626394
846.477919 519.497883
845.974764 520.369372
845.471610 521.240861
844.968455 522.112350
844.465301 522.983840
843.962147 523.855329
843.458992 524.726818
842.452683 526.469796
841.949529 527.341285
841.446374 528.212774
840.943220 529.084263
839.433757 531.698730
838.930602 532.570219
838.427448 533.441708
837.924293 534.313197
837.421139 535.184686
836.917984 536.056175
836.414830 536.927664
835.911675 537.799153
835.408521 538.670642
834.905366 539.542131
834.402212 540.413620
833.899058 541.285110
833.395903 542.156599
832.389594 543.899577
831.886440 544.771066
831.383285 545.642555
830.880131 546.514044
830.376976 547.385533
829.873822 548.257022
829.370667 549.128511
828.867513 550.000000
823.844105 550.000000
822.839423 550.000000
819.825378 550.000000
815.806651 550.000000
814.801969 550.000000
812.792606 550.000000
811.787924 550.000000
808.773879 550.000000
804.755152 550.000000
796.717699 550.000000
792.698972 550.000000
788.680245 550.000000
783.656837 550.000000
781.647473 550.000000
780.642792 550.000000
778.633428 550.000000
773.610020 550.000000
771.600656 550.000000
770.595975 550.000000
762.558521 550.000000
755.525749 550.000000
753.516386 550.000000
743.469569 550.000000
742.464887 550.000000
739.450842 550.000000
738.446161 550.000000
737.441479 550.000000
734.427434 550.000000
731.413389 550.000000
729.404025 550.000000
727.394662 550.000000
725.385298 550.000000
723.375935 550.000000
720.361890 550.000000
717.347845 550.000000
714.333800 550.000000
712.324436 550.000000
711.319755 550.000000
706.296346 550.000000
701.272938 550.000000
698.258893 550.000000
696.249529 550.000000
693.235484 550.000000
692.230803 550.000000
691.226121 550.000000
689.216757 550.000000
688.212076 550.000000
686.202712 550.000000
685.198031 550.000000
679.169941 550.000000
678.165259 550.000000
676.155895 550.000000
675.151214 550.000000
671.132487 550.000000
667.616101 543.909441
666.109078 541.299201
663.597374 536.948802
661.588011 533.468482
661.085670 532.598403
659.076307 529.118083
657.569284 526.507843
654.555239 521.287364
654.052898 520.417284
653.550557 519.547204
652.043535 516.936965
650.034171 513.456645
646.015444 506.496006
645.513103 505.625926
641.494377 498.665288
640.489695 496.925128
639.485013 495.184968
638.982672 494.314888
636.973309 490.834569
628.433514 476.043211
627.428833 474.303051
626.926492 473.432971
624.414788 469.082572
623.410106 467.342412
620.396061 462.121933
618.889038 459.511693
617.884357 457.771534
615.372652 453.421134
612.358607 448.200655
611.353925 446.460495
607.335199 439.499856
602.311790 430.799057
601.809449 429.928978
598.795404 424.708498
597.790722 422.968339
596.786041 421.228179
594.274336 416.877779
593.269655 415.137620
592.264973 413.397460
593.271282 411.654482
593.774436 410.782993
594.277591 409.911504
594.780745 409.040015
595.787054 407.297036
596.793363 405.554058
597.296518 404.682569
598.302826 402.939591
598.805981 402.068102
599.309135 401.196613
599.812290 400.325124
600.315444 399.453635
602.328062 395.967679
602.831216 395.096190
603.837525 393.353211
604.340680 392.481722
605.346989 390.738744
605.850143 389.867255
606.353298 388.995766
606.856452 388.124277
607.359607 387.252788
607.862761 386.381299
608.869070 384.638321
609.372224 383.766832
609.875379 382.895342
611.384842 380.280875
612.391151 378.537897
612.894306 377.666408
613.397460 376.794919
613.397460 376.794919
612.391151 376.794919
610.378533 376.794919
609.372224 376.794919
608.365916 376.794919
607.359607 376.794919
606.353298 376.794919
605.346989 376.794919
604.340680 376.794919
603.334371 376.794919
602.328062 376.794919
601.321753 376.794919
600.315445 376.794919
599.309136 376.794919
598.302827 376.794919
597.296518 376.794919
595.283900 376.794919
594.277591 376.794919
593.271282 376.794919
592.264973 376.794919
591.258665 376.794919
590.252356 376.794919
588.239738 376.794919
587.233429 376.794919
586.227120 376.794919
585.220811 376.794919
583.208194 376.794919
582.201885 376.794919
581.195576 376.794919
580.189267 376.794919
577.170340 376.794919
576.164031 376.794919
575.157723 376.794919
574.151414 376.794919
573.145105 376.794919
572.138796 376.794919
571.132487 376.794919
571.132487 376.794919
570.629333 375.923430
569.119869 373.308963
568.616715 372.437474
568.113560 371.565985
567.610406 370.694496
567.107251 369.823007
566.604097 368.951518
565.094634 366.337050
564.591479 365.465561
564.088325 364.594072
563.585170 363.722583
563.082016 362.851094
561.572552 360.236627
561.069398 359.365138
560.566243 358.493649
560.063089 357.622160
559.559935 356.750671
558.553626 355.007693
558.050471 354.136204
557.547317 353.264715
556.037853 350.650248
555.534699 349.778759
554.025236 347.164291
553.522081 346.292802
553.018927 345.421313
552.515772 344.549824
551.509463 342.806846
551.006309 341.935357
550.503154 341.063868
550.000000 340.192379
549.496846 341.063868
548.993691 341.935357
548.490537 342.806846
547.987382 343.678335
547.484228 344.549824
546.981073 345.421313
545.974764 347.164291
545.471610 348.035780
544.968455 348.907269
544.465301 349.778759
543.962147 350.650248
543.458992 351.521737
542.955838 352.393226
542.452683 353.264715
541.949529 354.136204
541.446374 355.007693
540.943220 355.879182
540.440065 356.750671
539.936911 357.622160
538.930602 359.365138
538.427448 360.236627
537.421139 361.979605
536.917984 362.851094
536.414830 363.722583
535.408521 365.465561
534.402212 367.208539
533.899058 368.080029
532.892749 369.823007
532.389594 370.694496
531.886440 371.565985
531.383285 372.437474
530.880131 373.308963
530.376976 374.180452
529.873822 375.051941
529.370667 375.923430
528.867513 376.794919
528.867513 376.794919
527.861204 376.794919
526.854895 376.794919
525.848586 376.794919
523.835969 376.794919
522.829660 376.794919
521.823351 376.794919
520.817042 376.794919
519.810733 376.794919
517.798115 376.794919
516.791806 376.794919
515.785498 376.794919
514.779189 376.794919
513.772880 376.794919
512.766571 376.794919
511.760262 376.794919
510.753953 376.794919
509.747644 376.794919
508.741335 376.794919
507.735027 376.794919
506.728718 376.794919
505.722409 376.794919
504.716100 376.794919
503.709791 376.794919
502.703482 376.794919
501.697173 376.794919
499.684555 376.794919
498.678247 376.794919
497.671938 376.794919
496.665629 376.794919
494.653011 376.794919
493.646702 376.794919
491.634084 376.794919
487.608849 376.794919
486.602540 376.794919
487.105694 377.666408
488.615158 380.280875
489.118312 381.152364
489.621467 382.023853
490.124621 382.895342
490.627776 383.766832
491.634085 385.509810
492.137239 386.381299
492.640393 387.252788
493.143548 388.124277
493.646702 388.995766
494.149857 389.867255
494.653011 390.738744
495.156166 391.610233
496.162475 393.353211
496.665629 394.224700
497.168784 395.096190
498.175092 396.839168
498.678247 397.710657
499.181401 398.582146
500.187710 400.325124
500.690865 401.196613
501.194019 402.068102
501.697174 402.939591
502.703482 404.682569
503.206637 405.554058
503.709791 406.425547
505.219255 409.040015
505.722409 409.911504
506.225564 410.782993
506.728718 411.654482
507.231873 412.525971
507.735027 413.397460
507.735027 413.397460
506.228004 416.007700
504.218641 419.488019
503.716300 420.358099
502.209278 422.968339
500.702255 425.578578
500.199914 426.448658
499.697573 427.318738
499.195232 428.188818
498.692892 429.058898
497.185869 431.669137
496.181187 433.409297
495.176506 435.149457
493.167142 438.629776
490.153097 443.850256
488.646075 446.460495
487.139052 449.070735
485.632029 451.680974
482.115643 457.771534
481.613303 458.641613
479.603939 462.121933
478.096917 464.732172
477.594576 465.602252
477.092235 466.472332
475.082872 469.952652
474.580531 470.822732
473.575849 472.562891
472.571167 474.303051
470.561804 477.783371
467.045418 483.873930
466.543077 484.744010
465.538395 486.484169
462.524350 491.704649
461.519668 493.444808
460.514987 495.184968
458.003283 499.535367
457.500942 500.405447
455.993919 503.015687
453.482215 507.366086
450.970511 511.716486
449.965829 513.456645
449.463488 514.326725
448.458806 516.066885
447.454125 517.807045
446.449443 519.547204
445.444761 521.287364
441.928375 527.377923
438.411989 533.468482
433.388581 542.169281
431.881558 544.779521
428.867513 550.000000
428.867513 550.000000
427.862831 550.000000
424.848786 550.000000
423.844105 550.000000
418.820696 550.000000
410.783243 550.000000
404.755152 550.000000
401.741107 550.000000
400.736426 550.000000
394.708335 550.000000
390.689609 550.000000
387.675564 550.000000
382.652155 550.000000
377.628747 550.000000
371.600656 550.000000
370.595975 550.000000
361.553839 550.000000
359.544476 550.000000
355.525749 550.000000
353.516386 550.000000
351.507023 550.000000
346.483614 550.000000
343.469569 550.000000
336.436797 550.000000
323.375935 550.000000
320.361890 550.000000
318.352527 550.000000
313.329118 550.000000
312.324436 550.000000
308.305710 550.000000
307.301028 550.000000
298.258893 550.000000
297.254211 550.000000
296.249529 550.000000
294.240166 550.000000
292.230803 550.000000
281.179304 550.000000
279.169941 550.000000
270.629333 549.128511
270.126178 548.257022
269.119869 546.514044
268.616715 545.642555
268.113560 544.771066
266.100942 541.285110
265.597788 540.413620
265.094634 539.542131
264.591479 538.670642
264.088325 537.799153
262.075707 534.313197
261.572552 533.441708
260.566244 531.698730
260.063089 530.827241
259.056780 529.084263
258.553626 528.212774
258.050471 527.341285
257.547317 526.469796
257.044162 525.598307
256.037853 523.855329
254.528390 521.240861
254.025236 520.369372
252.515772 517.754905
251.006309 515.140438
250.503154 514.268949
250.000000 513.397460
250.000000 513.397460
248.490537 516.011927
247.987382 516.883416
247.484228 517.754905
246.981073 518.626394
245.974764 520.369372
244.968455 522.112350
244.465301 522.983840
243.962147 523.855329
243.458992 524.726818
242.955838 525.598307
242.452683 526.469796
241.949529 527.341285
241.446374 528.212774
240.943220 529.084263
240.440065 529.955752
239.936911 530.827241
239.433757 531.698730
238.930602 532.570219
238.427448 533.441708
237.924293 534.313197
236.917984 536.056175
235.911675 537.799153
235.408521 538.670642
234.905366 539.542131
234.402212 540.413620
233.899058 541.285110
233.395903 542.156599
232.892749 543.028088
232.389594 543.899577
231.886440 544.771066
231.383285 545.642555
230.376976 547.385533
229.873822 548.257022
229.370667 549.128511
227.860736 550.000000
226.853958 550.000000
223.833626 550.000000
222.826848 550.000000
221.820071 550.000000
219.806516 550.000000
217.792961 550.000000
211.752296 550.000000
204.704854 550.000000
195.643857 550.000000
192.623525 550.000000
191.616748 550.000000
190.609970 550.000000
188.596415 550.000000
182.555751 550.000000
180.542196 550.000000
176.515086 550.000000
174.501531 550.000000
170.474421 550.000000
168.460866 550.000000
166.447311 550.000000
164.433757 550.000000
157.386314 550.000000
156.379537 550.000000
148.325317 550.000000
141.277875 550.000000
139.264320 550.000000
135.237211 550.000000
129.196546 550.000000
127.182991 550.000000
122.149104 550.000000
118.121994 550.000000
116.108439 550.000000
114.094884 550.000000
113.088107 550.000000
112.081329 550.000000
108.054220 550.000000
107.047442 550.000000
104.027110 550.000000
102.013555 550.000000
100.000000 550.000000
