1230
103.005598 450.000000
104.007464 450.000000
105.009330 450.000000
108.014928 450.000000
109.016794 450.000000
110.018660 450.000000
112.022392 450.000000
113.024258 450.000000
115.027990 450.000000
119.035454 450.000000
121.039186 450.000000
122.041052 450.000000
123.042918 450.000000
128.052248 450.000000
131.057846 450.000000
132.059712 450.000000
134.063444 450.000000
135.065310 450.000000
136.067177 450.000000
140.074641 450.000000
142.078373 450.000000
143.080239 450.000000
144.082105 450.000000
146.085837 450.000000
148.089569 450.000000
149.091435 450.000000
151.095167 450.000000
152.097033 450.000000
153.098899 450.000000
154.100765 450.000000
155.102631 450.000000
156.104497 450.000000
159.110095 450.000000
162.115693 450.000000
163.117559 450.000000
164.119425 450.000000
168.126889 450.000000
170.130621 450.000000
171.132487 450.000000
173.141850 446.519681
176.155895 441.299201
177.160577 439.559042
181.179304 432.598403
183.691008 428.248003
188.714417 419.547204
189.216757 418.677125
192.733143 412.586565
194.240166 409.976326
194.742507 409.106246
195.747189 407.366086
197.254211 404.755847
199.263574 401.275527
201.272938 397.795208
201.775279 396.925128
204.286983 392.574728
205.291665 390.834569
205.794005 389.964489
207.301028 387.354249
207.803369 386.484169
208.808051 384.744010
209.812732 383.003850
213.329118 376.913291
214.333800 375.173131
216.343163 371.692811
216.845504 370.822732
220.864231 363.862093
229.404025 349.070735
233.422752 342.110096
233.925093 341.240016
234.929775 339.499856
235.432115 338.629776
236.939138 336.019537
237.441479 335.149457
241.962546 327.318738
242.967228 325.578578
248.492977 316.007700
250.000000 313.397460
250.000000 313.397460
256.028090 323.838418
256.530431 324.708498
257.535113 326.448658
261.051499 332.539217
262.056180 334.279377
265.070225 339.499856
266.577248 342.110096
267.581930 343.850256
269.591293 347.330575
271.098316 349.940815
271.600656 350.810895
273.107679 353.421134
274.112361 355.161294
276.121724 358.641613
277.126406 360.381773
279.638110 364.732172
282.149814 369.082572
286.168541 376.043211
287.675564 378.653450
289.182586 381.263690
292.698972 387.354249
294.205995 389.964489
296.215358 393.444808
296.717699 394.314888
297.220040 395.184968
297.722380 396.055048
301.238766 402.145607
301.741107 403.015687
303.248130 405.625926
304.755152 408.236166
312.290265 421.287364
313.797288 423.897604
317.816014 430.858243
318.318355 431.728323
319.323037 433.468482
320.327719 435.208642
320.830059 436.078722
321.332400 436.948802
325.853468 444.779521
326.355809 445.649601
328.867513 450.000000
328.867513 450.000000
329.873822 450.000000
330.880131 450.000000
332.892749 450.000000
333.899058 450.000000
334.905366 450.000000
335.911675 450.000000
336.917984 450.000000
337.924293 450.000000
338.930602 450.000000
339.936911 450.000000
340.943220 450.000000
342.955838 450.000000
343.962147 450.000000
345.974764 450.000000
347.987382 450.000000
348.993691 450.000000
350.000000 450.000000
351.006309 450.000000
353.018927 450.000000
354.025236 450.000000
356.037853 450.000000
359.056780 450.000000
360.063089 450.000000
361.069398 450.000000
362.075707 450.000000
363.082016 450.000000
364.088325 450.000000
365.094634 450.000000
367.107251 450.000000
369.119869 450.000000
371.132487 450.000000
372.138796 448.257022
372.641950 447.385533
374.151414 444.771066
374.654568 443.899577
375.660877 442.156599
376.164031 441.285110
376.667186 440.413620
378.176649 437.799153
378.679803 436.927664
379.182958 436.056175
380.189267 434.313197
380.692421 433.441708
381.698730 431.698730
382.201884 430.827241
382.705039 429.955752
383.711348 428.212774
384.717657 426.469796
385.220811 425.598307
385.723965 424.726818
386.227120 423.855329
388.239738 420.369372
388.742892 419.497883
389.246046 418.626394
389.749201 417.754905
390.252355 416.883416
390.755510 416.011927
391.258664 415.140438
391.761819 414.268949
392.264973 413.397460
392.264973 413.397460
391.260291 411.657300
388.246246 406.436821
387.743905 405.566741
385.232201 401.216342
384.729860 400.346262
382.218156 395.995862
380.711134 393.385623
380.208793 392.515543
379.706452 391.645463
376.692407 386.424984
375.687725 384.684824
373.176021 380.334425
372.673680 379.464345
371.668998 377.724185
370.664317 375.984025
370.161976 375.113945
368.654953 372.503706
368.152612 371.633626
365.640908 367.283226
365.138567 366.413147
364.636226 365.543067
362.626863 362.062747
362.124522 361.192667
357.603455 353.361948
357.101114 352.491868
356.096432 350.751709
353.584728 346.401309
351.073024 342.050910
350.068342 340.310750
349.566001 339.440670
348.058978 336.830431
344.542593 330.739871
342.533229 327.259552
342.030888 326.389472
341.528547 325.519392
340.021525 322.909153
339.016843 321.168993
336.505139 316.818593
336.002798 315.948514
334.998116 314.208354
331.984071 308.987875
328.970026 303.767395
328.467685 302.897315
326.960663 300.287076
326.458322 299.416996
322.439595 292.456357
320.932573 289.846117
320.430232 288.976037
319.425550 287.235878
318.923209 286.365798
313.397460 276.794919
314.402142 276.794919
317.416187 276.794919
320.430232 276.794919
328.467686 276.794919
330.477049 276.794919
332.486412 276.794919
341.528548 276.794919
348.561320 276.794919
349.566001 276.794919
351.575365 276.794919
356.598773 276.794919
358.608137 276.794919
359.612818 276.794919
363.631545 276.794919
365.640908 276.794919
368.654954 276.794919
371.668999 276.794919
376.692407 276.794919
380.711134 276.794919
382.720497 276.794919
384.729861 276.794919
385.734542 276.794919
392.767314 276.794919
393.771996 276.794919
394.776678 276.794919
399.800086 276.794919
402.814131 276.794919
405.828176 276.794919
410.851585 276.794919
415.874993 276.794919
416.879675 276.794919
417.884357 276.794919
422.907765 276.794919
430.945219 276.794919
436.973309 276.794919
450.034171 276.794919
452.043535 276.794919
454.052898 276.794919
461.085670 276.794919
462.090352 276.794919
464.099715 276.794919
468.118442 276.794919
469.123124 276.794919
470.127805 276.794919
473.644191 272.444520
474.146532 271.574440
477.662918 265.483881
479.169941 262.873641
480.174622 261.133481
489.719098 244.601964
491.728462 241.121644
493.737825 237.641325
494.240166 236.771245
495.747189 234.161005
496.249529 233.290925
496.751870 232.420845
498.761234 228.940526
500.770597 225.460207
503.282301 221.109807
503.784642 220.239727
510.315073 208.928689
511.822096 206.318449
514.836141 201.097970
515.840822 199.357810
519.357208 193.267251
519.859549 192.397171
520.361890 191.527091
520.864231 190.657012
521.868913 188.916852
522.371253 188.046772
523.375935 186.306612
523.878276 185.436532
528.399344 177.605814
528.901684 176.735734
530.911048 173.255414
531.915730 171.515254
533.422752 168.905015
534.427434 167.164855
537.441479 161.944376
537.943820 161.074296
538.446161 160.204216
541.962546 154.113657
542.464887 153.243577
545.981273 147.153018
548.492977 142.802619
550.502341 141.062459
551.004682 141.932539
551.507023 142.802619
552.009363 143.672698
552.511704 144.542778
553.516386 146.282938
557.032772 152.373497
557.535113 153.243577
559.042135 155.853817
560.046817 157.593976
561.051499 159.334136
567.581930 170.645175
568.084270 171.515254
568.586611 172.385334
570.595975 175.865654
571.098316 176.735734
572.102997 178.475893
572.605338 179.345973
574.112361 181.956213
576.624065 186.306612
578.131087 188.916852
583.154496 197.617651
583.656837 198.487730
584.661518 200.227890
585.666200 201.968050
587.173223 204.578290
590.187268 209.798769
590.689609 210.668849
592.196631 213.279088
594.205995 216.759408
594.708335 217.629488
595.713017 219.369647
598.224721 223.720047
598.727062 224.590127
600.234085 227.200366
600.736426 228.070446
602.745789 231.550766
605.257493 235.901165
606.262175 237.641325
606.764516 238.511405
607.769197 240.251564
608.271538 241.121644
611.787924 247.212203
621.834741 264.613801
622.337082 265.483881
625.351127 270.704360
627.360490 274.184679
630.876876 276.794919
633.890922 276.794919
635.900285 276.794919
637.909648 276.794919
639.919012 276.794919
640.923693 276.794919
643.937739 276.794919
653.984556 276.794919
659.007964 276.794919
662.022009 276.794919
679.101598 276.794919
682.115643 276.794919
684.125007 276.794919
686.134370 276.794919
688.143733 276.794919
689.148415 276.794919
690.153097 276.794919
697.185869 276.794919
699.195232 276.794919
700.199914 276.794919
702.209277 276.794919
706.228004 276.794919
708.237367 276.794919
709.242049 276.794919
713.260776 276.794919
715.270139 276.794919
719.288866 276.794919
720.293548 276.794919
721.298229 276.794919
723.307593 276.794919
727.326320 276.794919
732.349728 276.794919
733.354410 276.794919
740.387182 276.794919
746.415272 276.794919
749.429317 276.794919
750.433999 276.794919
755.457407 276.794919
759.476134 276.794919
769.522951 276.794919
777.560405 276.794919
779.569768 276.794919
783.588495 276.794919
785.597858 276.794919
786.602540 276.794919
784.090836 281.145318
782.583813 283.755558
780.072109 288.105957
779.569768 288.976037
778.565086 290.716197
777.058064 293.326437
775.551041 295.936676
775.048701 296.806756
774.546360 297.676836
771.029974 303.767395
769.020610 307.247715
767.011247 310.728034
766.006565 312.468194
765.001884 314.208354
763.997202 315.948514
761.987838 319.428833
760.480816 322.039073
759.476134 323.779232
755.959748 329.869792
754.452726 332.480031
752.945703 335.090271
752.443362 335.960351
751.941022 336.830431
748.926976 342.050910
745.410591 348.141469
743.903568 350.751709
742.898886 352.491868
741.391864 355.102108
740.889523 355.972188
739.884841 357.712348
739.382500 358.582428
738.880160 359.452508
738.377819 360.322587
737.875478 361.192667
736.870796 362.932827
735.866114 364.672987
734.861433 366.413147
734.359092 367.283226
733.856751 368.153306
733.354410 369.023386
732.349729 370.763546
730.842706 373.373786
727.326320 379.464345
725.819297 382.074584
722.805252 387.295064
714.265458 402.086422
709.744390 409.917140
708.739709 411.657300
707.735027 413.397460
708.741336 415.140438
709.244490 416.011927
710.250799 417.754905
710.753954 418.626394
711.257108 419.497883
711.760262 420.369372
712.263417 421.240861
712.766571 422.112350
713.269726 422.983840
713.772880 423.855329
715.785498 427.341285
716.288652 428.212774
716.791807 429.084263
717.294961 429.955752
718.301270 431.698730
718.804424 432.570219
719.810733 434.313197
720.313888 435.184686
720.817042 436.056175
721.320197 436.927664
722.326505 438.670642
722.829660 439.542131
723.332814 440.413620
725.345432 443.899577
726.854895 446.514044
727.358050 447.385533
728.364359 449.128511
728.867513 450.000000
728.867513 450.000000
729.873822 450.000000
730.880131 450.000000
731.886440 450.000000
732.892749 450.000000
733.899058 450.000000
734.905366 450.000000
735.911675 450.000000
736.917984 450.000000
737.924293 450.000000
738.930602 450.000000
739.936911 450.000000
740.943220 450.000000
741.949529 450.000000
742.955838 450.000000
743.962147 450.000000
744.968455 450.000000
746.981073 450.000000
747.987382 450.000000
748.993691 450.000000
750.000000 450.000000
751.006309 450.000000
753.018927 450.000000
756.037853 450.000000
757.044162 450.000000
758.050471 450.000000
759.056780 450.000000
760.063089 450.000000
761.069398 450.000000
762.075707 450.000000
764.088325 450.000000
765.094634 450.000000
766.100942 450.000000
767.107251 450.000000
768.113560 450.000000
769.119869 450.000000
770.126178 450.000000
772.137169 448.259840
773.644191 445.649601
774.146532 444.779521
775.151214 443.039361
783.188667 429.118083
785.198031 425.637764
789.216757 418.677125
792.230803 413.456645
792.733143 412.586565
793.235484 411.716486
793.737825 410.846406
796.751870 405.625926
797.254211 404.755847
799.765915 400.405447
800.770597 398.665288
801.272938 397.795208
804.286983 392.574728
804.789324 391.704649
807.803369 386.484169
809.812732 383.003850
813.831459 376.043211
816.845504 370.822732
818.854867 367.342412
819.357208 366.472332
819.859549 365.602252
820.864231 363.862093
822.873594 360.381773
824.380617 357.771534
826.892321 353.421134
828.399344 350.810895
829.906366 348.200655
830.408707 347.330575
831.413389 345.590415
832.418070 343.850256
832.920411 342.980176
833.422752 342.110096
834.427434 340.369936
835.934456 337.759696
837.441479 335.149457
837.943820 334.279377
838.446161 333.409297
840.455524 329.928978
841.962546 327.318738
845.478932 321.228179
847.488296 317.747859
848.492977 316.007700
850.000000 313.397460
852.511704 317.747859
853.014045 318.617939
853.516386 319.488019
854.521068 321.228179
858.037454 327.318738
859.042135 329.058898
861.553839 333.409297
864.065544 337.759696
864.567885 338.629776
865.070225 339.499856
866.074907 341.240016
866.577248 342.110096
868.586611 345.590415
870.595975 349.070735
871.600656 350.810895
873.610020 354.291214
874.112361 355.161294
875.117042 356.901454
880.140451 365.602252
880.642792 366.472332
883.154496 370.822732
884.159178 372.562891
887.173223 377.783371
888.177904 379.523530
889.684927 382.133770
890.689609 383.873930
893.703654 389.094409
896.215358 393.444808
897.220040 395.184968
901.238766 402.145607
902.745789 404.755847
903.750471 406.496006
904.755152 408.236166
905.257493 409.106246
907.266857 412.586565
909.778561 416.936965
910.280902 417.807045
910.783243 418.677125
914.801969 425.637764
915.806651 427.377923
919.323037 433.468482
921.332400 436.948802
923.341764 440.429121
924.848786 443.039361
925.351127 443.909441
925.853468 444.779521
926.355809 445.649601
929.869379 450.000000
933.876843 450.000000
934.878709 450.000000
937.884307 450.000000
938.886173 450.000000
939.888039 450.000000
940.889905 450.000000
941.891771 450.000000
942.893637 450.000000
943.895503 450.000000
950.908565 450.000000
951.910431 450.000000
952.912297 450.000000
953.914163 450.000000
955.917895 450.000000
958.923493 450.000000
960.927225 450.000000
961.929091 450.000000
963.932823 450.000000
964.934690 450.000000
965.936556 450.000000
969.944020 450.000000
971.947752 450.000000
973.951484 450.000000
974.953350 450.000000
977.958948 450.000000
978.960814 450.000000
981.966412 450.000000
983.970144 450.000000
984.972010 450.000000
985.973876 450.000000
987.977608 450.000000
988.979474 450.000000
989.981340 450.000000
990.983206 450.000000
992.986938 450.000000
993.988804 450.000000
995.992536 450.000000
997.996268 450.000000
1000.000000 450.000000
1000.000000 453.000000
1000.000000 454.000000
1000.000000 456.000000
1000.000000 459.000000
1000.000000 465.000000
1000.000000 469.000000
1000.000000 471.000000
1000.000000 473.000000
1000.000000 474.000000
1000.000000 476.000000
1000.000000 480.000000
1000.000000 481.000000
1000.000000 485.000000
1000.000000 488.000000
1000.000000 489.000000
1000.000000 490.000000
1000.000000 491.000000
1000.000000 494.000000
1000.000000 501.000000
1000.000000 502.000000
1000.000000 503.000000
1000.000000 508.000000
1000.000000 512.000000
1000.000000 517.000000
1000.000000 520.000000
1000.000000 521.000000
1000.000000 524.000000
1000.000000 525.000000
1000.000000 528.000000
1000.000000 529.000000
1000.000000 531.000000
1000.000000 533.000000
1000.000000 534.000000
1000.000000 535.000000
1000.000000 539.000000
1000.000000 544.000000
993.959335 550.000000
991.945780 550.000000
985.905116 550.000000
983.891561 550.000000
980.871229 550.000000
979.864451 550.000000
976.844119 550.000000
967.783122 550.000000
966.776344 550.000000
951.674683 550.000000
947.647573 550.000000
940.600131 550.000000
939.593353 550.000000
936.573021 550.000000
935.566243 550.000000
932.545911 550.000000
930.532356 550.000000
924.491692 550.000000
921.471359 550.000000
919.457804 550.000000
917.444249 550.000000
915.430695 550.000000
913.417140 550.000000
910.396807 550.000000
909.390030 550.000000
900.329033 550.000000
898.315478 550.000000
896.301923 550.000000
894.288368 550.000000
893.281591 550.000000
892.274813 550.000000
891.268036 550.000000
885.227371 550.000000
880.193484 550.000000
876.166374 550.000000
874.152819 550.000000
872.139264 550.000000
871.132487 550.000000
869.623024 547.385533
869.119869 546.514044
868.616715 545.642555
868.113560 544.771066
867.610406 543.899577
867.107251 543.028088
866.604097 542.156599
866.100942 541.285110
865.597788 540.413620
865.094634 539.542131
862.578861 535.184686
861.069398 532.570219
860.566243 531.698730
860.063089 530.827241
859.056780 529.084263
858.553626 528.212774
858.050471 527.341285
857.547317 526.469796
857.044162 525.598307
856.037853 523.855329
855.534699 522.983840
854.528390 521.240861
854.025236 520.369372
853.522081 519.497883
853.018927 518.626394
852.515772 517.754905
851.509463 516.011927
851.006309 515.140438
850.503154 514.268949
850.000000 513.397460
850.000000 513.397460
849.496846 514.268949
848.490537 516.011927
847.987382 516.883416
846.981073 518.626394
845.974764 520.369372
845.471610 521.240861
844.968455 522.112350
844.465301 522.983840
843.962147 523.855329
843.458992 524.726818
841.949529 527.341285
841.446374 528.212774
840.943220 529.084263
840.440065 529.955752
839.936911 530.827241
839.433757 531.698730
838.930602 532.570219
838.427448 533.441708
837.421139 535.184686
836.917984 536.056175
835.911675 537.799153
834.905366 539.542131
834.402212 540.413620
833.899058 541.285110
833.395903 542.156599
832.892749 543.028088
832.389594 543.899577
831.886440 544.771066
831.383285 545.642555
830.880131 546.514044
830.376976 547.385533
829.873822 548.257022
829.370667 549.128511
828.867513 550.000000
828.867513 550.000000
826.858150 550.000000
823.844105 550.000000
822.839423 550.000000
820.830059 550.000000
818.820696 550.000000
814.801969 550.000000
812.792606 550.000000
811.787924 550.000000
805.759834 550.000000
803.750471 550.000000
799.731744 550.000000
798.727062 550.000000
790.689609 550.000000
784.661518 550.000000
769.591293 550.000000
762.558521 550.000000
759.544476 550.000000
758.539794 550.000000
756.530431 550.000000
745.478932 550.000000
739.450842 550.000000
734.427434 550.000000
732.418070 550.000000
729.404025 550.000000
728.399344 550.000000
725.385298 550.000000
718.352527 550.000000
717.347845 550.000000
715.338482 550.000000
710.315073 550.000000
705.291665 550.000000
704.286983 550.000000
697.254211 550.000000
695.244848 550.000000
691.226121 550.000000
688.212076 550.000000
685.198031 550.000000
684.193349 550.000000
683.188667 550.000000
679.169941 550.000000
678.165259 550.000000
673.141850 550.000000
670.630146 549.129920
669.625464 547.389760
668.620783 545.649601
664.099715 537.818882
661.085670 532.598403
659.578647 529.988163
658.071625 527.377923
656.564602 524.767684
656.062261 523.897604
655.057580 522.157444
653.048216 518.677125
651.541194 516.066885
650.034171 513.456645
649.029489 511.716486
648.527149 510.846406
645.513103 505.625926
639.485013 495.184968
638.480332 493.444808
637.475650 491.704649
630.945219 480.393610
629.940537 478.653450
628.433514 476.043211
626.424151 472.562891
625.419469 470.822732
624.917128 469.952652
622.907765 466.472332
621.903083 464.732172
619.893720 461.251853
617.884357 457.771534
614.367971 451.680974
612.860948 449.070735
611.856266 447.330575
611.353925 446.460495
607.837539 440.369936
602.311790 430.799057
601.307108 429.058898
600.804768 428.188818
600.302427 427.318738
599.800086 426.448658
599.297745 425.578578
595.781359 419.488019
595.279018 418.617939
592.264973 413.397460
593.271282 411.654482
594.277591 409.911504
594.780745 409.040015
595.283900 408.168526
595.787054 407.297036
596.290209 406.425547
597.296518 404.682569
599.309135 401.196613
599.812290 400.325124
601.824908 396.839168
602.328062 395.967679
602.831216 395.096190
603.334371 394.224700
604.340680 392.481722
604.843834 391.610233
605.850143 389.867255
606.353298 388.995766
606.856452 388.124277
607.359607 387.252788
608.365915 385.509810
608.869070 384.638321
609.372224 383.766832
610.378533 382.023853
610.881688 381.152364
611.887997 379.409386
612.391151 378.537897
612.894306 377.666408
613.397460 376.794919
613.397460 376.794919
612.391151 376.794919
611.384842 376.794919
610.378533 376.794919
609.372224 376.794919
605.346989 376.794919
601.321753 376.794919
600.315445 376.794919
599.309136 376.794919
598.302827 376.794919
596.290209 376.794919
595.283900 376.794919
593.271282 376.794919
591.258665 376.794919
590.252356 376.794919
589.246047 376.794919
587.233429 376.794919
586.227120 376.794919
585.220811 376.794919
583.208194 376.794919
581.195576 376.794919
579.182958 376.794919
577.170340 376.794919
576.164031 376.794919
575.157723 376.794919
574.151414 376.794919
572.138796 376.794919
571.132487 376.794919
570.126178 375.051941
569.623024 374.180452
569.119869 373.308963
568.113560 371.565985
567.610406 370.694496
566.604097 368.951518
565.094634 366.337050
564.088325 364.594072
563.585170 363.722583
562.578861 361.979605
562.075707 361.108116
561.069398 359.365138
560.566243 358.493649
559.056780 355.879182
558.553626 355.007693
558.050471 354.136204
556.037853 350.650248
555.534699 349.778759
554.528390 348.035780
552.515772 344.549824
552.012618 343.678335
551.006309 341.935357
550.503154 341.063868
550.000000 340.192379
550.000000 340.192379
549.496846 341.063868
548.993691 341.935357
548.490537 342.806846
547.987382 343.678335
547.484228 344.549824
546.981073 345.421313
545.974764 347.164291
544.465301 349.778759
543.962147 350.650248
543.458992 351.521737
542.955838 352.393226
542.452683 353.264715
541.949529 354.136204
541.446374 355.007693
540.943220 355.879182
540.440065 356.750671
539.936911 357.622160
538.930602 359.365138
538.427448 360.236627
537.924293 361.108116
537.421139 361.979605
536.917984 362.851094
535.911675 364.594072
534.905366 366.337050
534.402212 367.208539
533.899058 368.080029
533.395903 368.951518
532.892749 369.823007
531.886440 371.565985
530.880131 373.308963
529.873822 375.051941
528.867513 376.794919
528.867513 376.794919
527.861204 376.794919
526.854895 376.794919
525.848586 376.794919
524.842277 376.794919
523.835969 376.794919
522.829660 376.794919
520.817042 376.794919
518.804424 376.794919
517.798115 376.794919
516.791806 376.794919
513.772880 376.794919
512.766571 376.794919
511.760262 376.794919
510.753953 376.794919
509.747644 376.794919
507.735027 376.794919
506.728718 376.794919
505.722409 376.794919
504.716100 376.794919
503.709791 376.794919
501.697173 376.794919
497.671938 376.794919
496.665629 376.794919
494.653011 376.794919
493.646702 376.794919
492.640393 376.794919
490.627776 376.794919
489.621467 376.794919
486.602540 376.794919
487.105694 377.666408
487.608849 378.537897
488.112003 379.409386
488.615158 380.280875
489.621467 382.023853
490.124621 382.895342
490.627776 383.766832
491.130930 384.638321
492.137239 386.381299
493.143548 388.124277
494.653011 390.738744
495.659320 392.481722
496.162475 393.353211
496.665629 394.224700
497.168784 395.096190
497.671938 395.967679
499.181401 398.582146
500.187710 400.325124
500.690865 401.196613
501.194019 402.068102
502.200328 403.811080
504.716100 408.168526
505.722409 409.911504
506.728718 411.654482
507.735027 413.397460
504.720982 418.617939
504.218641 419.488019
503.213959 421.228179
497.185869 431.669137
493.669483 437.759696
492.162461 440.369936
482.115643 457.771534
481.613303 458.641613
480.106280 461.251853
473.575849 472.562891
472.068826 475.173131
469.557122 479.523530
466.040736 485.614089
465.538395 486.484169
458.003283 499.535367
455.491578 503.885767
454.989237 504.755847
453.482215 507.366086
447.956465 516.936965
445.444761 521.287364
444.440079 523.027524
442.933057 525.637764
442.430716 526.507843
440.923693 529.118083
439.919012 530.858243
438.914330 532.598403
432.886240 543.039361
430.876876 546.519681
428.867513 550.000000
423.844105 550.000000
422.839423 550.000000
419.825378 550.000000
417.816014 550.000000
413.797288 550.000000
411.787924 550.000000
409.778561 550.000000
407.769197 550.000000
400.736426 550.000000
398.727062 550.000000
395.713017 550.000000
386.670882 550.000000
381.647473 550.000000
380.642792 550.000000
378.633428 550.000000
377.628747 550.000000
376.624065 550.000000
373.610020 550.000000
371.600656 550.000000
369.591293 550.000000
368.586611 550.000000
364.567885 550.000000
363.563203 550.000000
361.553839 550.000000
358.539794 550.000000
357.535113 550.000000
356.530431 550.000000
354.521068 550.000000
347.488296 550.000000
338.446161 550.000000
334.427434 550.000000
328.399344 550.000000
324.380617 550.000000
320.361890 550.000000
319.357208 550.000000
318.352527 550.000000
317.347845 550.000000
312.324436 550.000000
311.319755 550.000000
298.258893 550.000000
295.244848 550.000000
293.235484 550.000000
281.179304 550.000000
279.169941 550.000000
278.165259 550.000000
276.155895 550.000000
270.629333 549.128511
269.623024 547.385533
268.616715 545.642555
268.113560 544.771066
267.610406 543.899577
267.107251 543.028088
266.604097 542.156599
266.100942 541.285110
265.597788 540.413620
265.094634 539.542131
264.088325 537.799153
263.585170 536.927664
263.082016 536.056175
262.578861 535.184686
262.075707 534.313197
261.572552 533.441708
261.069398 532.570219
260.566244 531.698730
260.063089 530.827241
258.553626 528.212774
257.044162 525.598307
256.541008 524.726818
256.037853 523.855329
255.031545 522.112350
254.528390 521.240861
253.522081 519.497883
252.515772 517.754905
252.012618 516.883416
251.509463 516.011927
251.006309 515.140438
250.503154 514.268949
250.000000 513.397460
250.000000 513.397460
249.496846 514.268949
248.490537 516.011927
247.987382 516.883416
247.484228 517.754905
246.981073 518.626394
245.471610 521.240861
244.968455 522.112350
243.962147 523.855329
243.458992 524.726818
242.955838 525.598307
242.452683 526.469796
241.949529 527.341285
240.943220 529.084263
240.440065 529.955752
239.936911 530.827241
239.433757 531.698730
238.930602 532.570219
238.427448 533.441708
237.924293 534.313197
237.421139 535.184686
236.917984 536.056175
236.414830 536.927664
235.911675 537.799153
235.408521 538.670642
233.899058 541.285110
232.892749 543.028088
232.389594 543.899577
231.886440 544.771066
230.880131 546.514044
230.376976 547.385533
229.873822 548.257022
229.370667 549.128511
228.867513 550.000000
227.860736 550.000000
225.847181 550.000000
220.813293 550.000000
215.779406 550.000000
214.772629 550.000000
211.752296 550.000000
207.725187 550.000000
203.698077 550.000000
202.691299 550.000000
200.677745 550.000000
199.670967 550.000000
195.643857 550.000000
193.630302 550.000000
192.623525 550.000000
184.569305 550.000000
181.548973 550.000000
171.481199 550.000000
168.460866 550.000000
163.426979 550.000000
162.420202 550.000000
161.413424 550.000000
160.406647 550.000000
157.386314 550.000000
156.379537 550.000000
155.372759 550.000000
154.365982 550.000000
153.359205 550.000000
150.338872 550.000000
141.277875 550.000000
140.271098 550.000000
139.264320 550.000000
136.243988 550.000000
135.237211 550.000000
132.216878 550.000000
124.162659 550.000000
121.142326 550.000000
111.074552 550.000000
104.027110 550.000000
101.006777 550.000000
