910
103.005598 450.000000
107.013062 450.000000
112.022392 450.000000
113.024258 450.000000
119.035454 450.000000
121.039186 450.000000
125.046650 450.000000
128.052248 450.000000
129.054114 450.000000
130.055980 450.000000
131.057846 450.000000
132.059712 450.000000
133.061578 450.000000
134.063444 450.000000
142.078373 450.000000
150.093301 450.000000
151.095167 450.000000
152.097033 450.000000
156.104497 450.000000
158.108229 450.000000
160.111961 450.000000
162.115693 450.000000
168.126889 450.000000
172.639510 447.389760
175.653555 442.169281
176.155895 441.299201
178.165259 437.818882
180.174622 434.338562
181.681645 431.728323
185.700372 424.767684
187.709735 421.287364
188.212076 420.417284
194.742507 409.106246
198.761234 402.145607
199.263574 401.275527
202.277620 396.055048
203.282301 394.314888
203.784642 393.444808
205.794005 389.964489
207.803369 386.484169
208.305710 385.614089
210.817414 381.263690
211.822096 379.523530
216.343163 371.692811
220.864231 363.862093
224.380617 357.771534
229.906366 348.200655
232.418070 343.850256
233.925093 341.240016
236.939138 336.019537
237.441479 335.149457
240.455524 329.928978
245.478932 321.228179
249.497659 314.267540
250.502341 314.267540
252.009363 316.877779
255.023408 322.098259
255.525749 322.968339
256.028090 323.838418
256.530431 324.708498
257.032772 325.578578
257.535113 326.448658
261.051499 332.539217
261.553839 333.409297
266.074907 341.240016
269.591293 347.330575
274.614702 356.031374
275.619383 357.771534
279.638110 364.732172
280.642792 366.472332
282.652155 369.952652
283.154496 370.822732
284.661518 373.432971
285.666200 375.173131
287.173223 377.783371
289.684927 382.133770
290.689609 383.873930
292.698972 387.354249
295.713017 392.574728
298.224721 396.925128
300.234085 400.405447
300.736426 401.275527
308.271538 414.326725
310.783243 418.677125
311.285583 419.547204
313.797288 423.897604
317.816014 430.858243
318.820696 432.598403
320.327719 435.208642
321.332400 436.948802
324.848786 443.039361
325.351127 443.909441
325.853468 444.779521
326.355809 445.649601
327.360490 447.389760
327.862831 448.259840
328.867513 450.000000
330.880131 450.000000
331.886440 450.000000
333.899058 450.000000
335.911675 450.000000
336.917984 450.000000
338.930602 450.000000
340.943220 450.000000
341.949529 450.000000
342.955838 450.000000
343.962147 450.000000
345.974764 450.000000
346.981073 450.000000
351.006309 450.000000
352.012618 450.000000
353.018927 450.000000
356.037853 450.000000
360.063089 450.000000
362.075707 450.000000
363.082016 450.000000
365.094634 450.000000
366.100942 450.000000
368.113560 450.000000
371.132487 450.000000
372.138796 448.257022
373.145105 446.514044
373.648259 445.642555
374.654568 443.899577
375.157722 443.028088
375.660877 442.156599
376.667186 440.413620
377.170340 439.542131
378.176649 437.799153
379.686112 435.184686
380.692421 433.441708
381.195576 432.570219
381.698730 431.698730
382.705039 429.955752
383.208193 429.084263
383.711348 428.212774
384.717657 426.469796
386.227120 423.855329
386.730274 422.983840
388.239738 420.369372
388.742892 419.497883
392.264973 413.397460
390.757950 410.787220
390.255610 409.917140
389.753269 409.047061
389.250928 408.176981
386.739224 403.826581
378.701770 389.905303
378.199429 389.035223
377.194748 387.295064
374.180703 382.074584
372.171339 378.594265
369.659635 374.243865
368.152612 371.633626
367.147931 369.893466
366.645590 369.023386
366.143249 368.153306
364.636226 365.543067
361.622181 360.322587
359.612818 356.842268
355.091750 349.011549
354.087069 347.271389
353.584728 346.401309
351.073024 342.050910
350.570683 341.180830
349.063660 338.570590
341.528547 325.519392
341.026207 324.649312
338.514502 320.298913
337.509821 318.558753
331.984071 308.987875
324.951299 296.806756
323.444277 294.196517
322.941936 293.326437
319.425550 287.235878
316.913846 282.885478
318.420869 276.794919
319.425550 276.794919
320.430232 276.794919
330.477049 276.794919
331.481731 276.794919
334.495776 276.794919
337.509821 276.794919
339.519184 276.794919
342.533229 276.794919
343.537911 276.794919
345.547274 276.794919
350.570683 276.794919
352.580046 276.794919
355.594091 276.794919
359.612818 276.794919
368.654954 276.794919
381.715816 276.794919
393.771996 276.794919
395.781359 276.794919
398.795405 276.794919
399.800086 276.794919
401.809450 276.794919
404.823495 276.794919
413.865630 276.794919
415.874993 276.794919
420.898402 276.794919
425.921810 276.794919
426.926492 276.794919
430.945219 276.794919
432.954582 276.794919
433.959264 276.794919
435.968627 276.794919
440.992036 276.794919
443.001399 276.794919
445.010763 276.794919
448.024808 276.794919
453.048216 276.794919
456.062261 276.794919
465.104397 276.794919
467.113760 276.794919
475.151214 269.834280
477.662918 265.483881
483.691008 255.042922
487.709735 248.082283
492.230803 240.251564
495.244848 235.031085
500.268256 226.330286
503.282301 221.109807
503.784642 220.239727
509.812732 209.798769
521.366572 189.786932
524.380617 184.566453
529.404025 175.865654
530.911048 173.255414
531.915730 171.515254
532.418070 170.645175
533.422752 168.905015
538.446161 160.204216
538.948501 159.334136
540.455524 156.723897
540.957865 155.853817
551.004682 141.932539
552.009363 143.672698
561.051499 159.334136
562.056180 161.074296
565.070225 166.294775
568.586611 172.385334
570.093634 174.995574
571.600656 177.605814
573.107679 180.216053
573.610020 181.086133
574.614702 182.826293
588.177904 206.318449
593.201313 215.019248
594.205995 216.759408
597.722380 222.849967
602.745789 231.550766
603.750471 233.290925
604.252811 234.161005
606.262175 237.641325
608.271538 241.121644
608.773879 241.991724
610.280902 244.601964
611.285583 246.342123
612.792606 248.952363
618.318355 258.523242
624.848786 269.834280
625.351127 270.704360
628.867513 276.794919
639.919012 276.794919
647.956465 276.794919
651.975192 276.794919
654.989237 276.794919
656.998601 276.794919
660.012646 276.794919
662.022009 276.794919
665.036054 276.794919
666.040736 276.794919
675.082871 276.794919
676.087553 276.794919
678.096916 276.794919
685.129688 276.794919
694.171824 276.794919
697.185869 276.794919
713.260776 276.794919
720.293548 276.794919
726.321638 276.794919
732.349728 276.794919
733.354410 276.794919
734.359092 276.794919
735.363773 276.794919
737.373137 276.794919
741.391863 276.794919
746.415272 276.794919
757.466771 276.794919
761.485497 276.794919
770.527633 276.794919
771.532314 276.794919
775.551041 276.794919
779.569768 276.794919
786.602540 276.794919
785.095517 279.405159
784.090836 281.145318
780.574450 287.235878
779.569768 288.976037
778.062746 291.586277
775.048701 296.806756
773.541678 299.416996
768.518270 308.117795
766.508906 311.598114
762.490179 318.558753
745.912931 347.271389
743.401227 351.621789
742.396545 353.361948
738.880160 359.452508
737.875478 361.192667
737.373137 362.062747
732.852069 369.893466
730.340365 374.243865
728.331002 377.724185
725.819297 382.074584
724.312275 384.684824
719.791207 392.515543
718.284185 395.125783
716.274821 398.606102
712.758435 404.696661
708.237368 412.527380
707.735027 413.397460
708.238181 414.268949
708.741336 415.140438
709.244490 416.011927
712.766571 422.112350
713.269726 422.983840
713.772880 423.855329
714.779189 425.598307
715.282343 426.469796
715.785498 427.341285
717.798116 430.827241
718.301270 431.698730
718.804424 432.570219
719.307579 433.441708
722.326505 438.670642
722.829660 439.542131
723.332814 440.413620
724.842278 443.028088
725.848586 444.771066
726.351741 445.642555
726.854895 446.514044
727.861204 448.257022
728.867513 450.000000
728.867513 450.000000
729.873822 450.000000
731.886440 450.000000
732.892749 450.000000
733.899058 450.000000
734.905366 450.000000
735.911675 450.000000
736.917984 450.000000
737.924293 450.000000
743.962147 450.000000
744.968455 450.000000
746.981073 450.000000
748.993691 450.000000
750.000000 450.000000
752.012618 450.000000
753.018927 450.000000
754.025236 450.000000
755.031545 450.000000
757.044162 450.000000
761.069398 450.000000
765.094634 450.000000
768.113560 450.000000
769.119869 450.000000
772.137169 448.259840
774.146532 444.779521
780.174622 434.338562
781.179304 432.598403
781.681645 431.728323
783.188667 429.118083
783.691008 428.248003
791.226121 415.196805
796.751870 405.625926
800.268256 399.535367
804.789324 391.704649
806.296346 389.094409
806.798687 388.224329
807.301028 387.354249
810.817414 381.263690
812.324436 378.653450
812.826777 377.783371
813.329118 376.913291
814.333800 375.173131
817.347845 369.952652
817.850186 369.082572
818.352527 368.212492
818.854867 367.342412
820.864231 363.862093
822.371253 361.251853
827.394662 352.551054
828.901684 349.940815
829.906366 348.200655
831.413389 345.590415
837.441479 335.149457
837.943820 334.279377
840.957865 329.058898
843.971910 323.838418
845.981273 320.358099
846.483614 319.488019
848.995318 315.137620
850.000000 313.397460
852.009363 316.877779
853.014045 318.617939
857.032772 325.578578
858.037454 327.318738
859.042135 329.058898
862.558521 335.149457
863.060862 336.019537
865.572566 340.369936
867.079589 342.980176
868.586611 345.590415
874.112361 355.161294
878.131087 362.121933
878.633428 362.992013
880.642792 366.472332
882.149814 369.082572
883.154496 370.822732
883.656837 371.692811
886.168541 376.043211
887.173223 377.783371
888.177904 379.523530
890.187268 383.003850
891.191949 384.744010
897.220040 395.184968
899.731744 399.535367
902.745789 404.755847
905.257493 409.106246
906.262175 410.846406
906.764516 411.716486
908.773879 415.196805
911.285583 419.547204
912.792606 422.157444
916.308992 428.248003
917.313674 429.988163
919.825378 434.338562
922.337082 438.688962
923.844105 441.299201
928.867513 450.000000
928.867513 450.000000
929.869379 450.000000
931.873111 450.000000
938.886173 450.000000
943.895503 450.000000
949.906699 450.000000
951.910431 450.000000
952.912297 450.000000
953.914163 450.000000
954.916029 450.000000
956.919761 450.000000
959.925359 450.000000
960.927225 450.000000
963.932823 450.000000
965.936556 450.000000
969.944020 450.000000
979.962680 450.000000
982.968278 450.000000
987.977608 450.000000
988.979474 450.000000
993.988804 450.000000
997.996268 450.000000
1000.000000 453.000000
1000.000000 455.000000
1000.000000 470.000000
1000.000000 471.000000
1000.000000 472.000000
1000.000000 474.000000
1000.000000 475.000000
1000.000000 486.000000
1000.000000 492.000000
1000.000000 493.000000
1000.000000 500.000000
1000.000000 502.000000
1000.000000 509.000000
1000.000000 511.000000
1000.000000 513.000000
1000.000000 515.000000
1000.000000 520.000000
1000.000000 527.000000
1000.000000 529.000000
1000.000000 531.000000
1000.000000 534.000000
1000.000000 537.000000
1000.000000 543.000000
981.878006 550.000000
979.864451 550.000000
978.857674 550.000000
976.844119 550.000000
959.728902 550.000000
958.722125 550.000000
957.715347 550.000000
955.701792 550.000000
952.681460 550.000000
951.674683 550.000000
950.667905 550.000000
932.545911 550.000000
931.539134 550.000000
918.451027 550.000000
913.417140 550.000000
912.410362 550.000000
906.369698 550.000000
903.349365 550.000000
898.315478 550.000000
897.308701 550.000000
893.281591 550.000000
892.274813 550.000000
888.247704 550.000000
885.227371 550.000000
884.220594 550.000000
879.186707 550.000000
877.173152 550.000000
876.166374 550.000000
871.132487 550.000000
871.132487 550.000000
870.126178 548.257022
869.623024 547.385533
868.616715 545.642555
868.113560 544.771066
867.610406 543.899577
867.107251 543.028088
866.604097 542.156599
865.094634 539.542131
864.088325 537.799153
863.082016 536.056175
862.578861 535.184686
861.572552 533.441708
860.566243 531.698730
860.063089 530.827241
859.056780 529.084263
858.050471 527.341285
857.547317 526.469796
856.541008 524.726818
855.534699 522.983840
855.031545 522.112350
854.025236 520.369372
852.515772 517.754905
852.012618 516.883416
850.503154 514.268949
850.000000 513.397460
848.993691 515.140438
847.987382 516.883416
846.981073 518.626394
846.477919 519.497883
845.974764 520.369372
845.471610 521.240861
844.968455 522.112350
844.465301 522.983840
843.458992 524.726818
842.955838 525.598307
841.949529 527.341285
840.943220 529.084263
840.440065 529.955752
839.936911 530.827241
838.930602 532.570219
838.427448 533.441708
837.924293 534.313197
837.421139 535.184686
836.414830 536.927664
835.911675 537.799153
833.395903 542.156599
832.892749 543.028088
832.389594 543.899577
831.886440 544.771066
830.376976 547.385533
828.867513 550.000000
821.834741 550.000000
819.825378 550.000000
814.801969 550.000000
808.773879 550.000000
805.759834 550.000000
804.755152 550.000000
803.750471 550.000000
800.736426 550.000000
787.675564 550.000000
782.652155 550.000000
779.638110 550.000000
778.633428 550.000000
777.628747 550.000000
776.624065 550.000000
775.619383 550.000000
761.553839 550.000000
756.530431 550.000000
751.507023 550.000000
748.492977 550.000000
746.483614 550.000000
743.469569 550.000000
740.455524 550.000000
735.432115 550.000000
722.371253 550.000000
711.319755 550.000000
708.305710 550.000000
704.286983 550.000000
700.268256 550.000000
696.249529 550.000000
693.235484 550.000000
689.216757 550.000000
687.207394 550.000000
686.202712 550.000000
681.179304 550.000000
678.165259 550.000000
677.160577 550.000000
673.141850 550.000000
670.127805 548.259840
667.113760 543.039361
664.602056 538.688962
661.085670 532.598403
658.071625 527.377923
657.066943 525.637764
656.062261 523.897604
655.057580 522.157444
653.550557 519.547204
652.043535 516.936965
644.508422 503.885767
644.006081 503.015687
641.494377 498.665288
640.992036 497.795208
637.475650 491.704649
636.973309 490.834569
635.466286 488.224329
633.456923 484.744010
630.945219 480.393610
628.935855 476.913291
628.433514 476.043211
621.400743 463.862093
620.898402 462.992013
613.363289 449.940815
607.335199 439.499856
605.325835 436.019537
598.293063 423.838418
597.790722 422.968339
594.776677 417.747859
592.768127 412.525971
593.271282 411.654482
594.277591 409.911504
594.780745 409.040015
595.787054 407.297036
596.290209 406.425547
596.793363 405.554058
597.799672 403.811080
598.302826 402.939591
599.309135 401.196613
600.818599 398.582146
601.321753 397.710657
602.328062 395.967679
602.831216 395.096190
603.334371 394.224700
604.340680 392.481722
605.346989 390.738744
605.850143 389.867255
607.862761 386.381299
609.875379 382.895342
610.378533 382.023853
611.384842 380.280875
611.887997 379.409386
613.397460 376.794919
613.397460 376.794919
609.372224 376.794919
608.365916 376.794919
607.359607 376.794919
606.353298 376.794919
604.340680 376.794919
600.315445 376.794919
597.296518 376.794919
596.290209 376.794919
594.277591 376.794919
592.264973 376.794919
591.258665 376.794919
589.246047 376.794919
588.239738 376.794919
587.233429 376.794919
585.220811 376.794919
582.201885 376.794919
581.195576 376.794919
580.189267 376.794919
576.164031 376.794919
575.157723 376.794919
573.145105 376.794919
570.629333 375.923430
569.623024 374.180452
568.616715 372.437474
567.107251 369.823007
566.100942 368.080029
565.597788 367.208539
564.591479 365.465561
564.088325 364.594072
563.585170 363.722583
563.082016 362.851094
562.578861 361.979605
561.069398 359.365138
560.063089 357.622160
559.559935 356.750671
558.553626 355.007693
556.541008 351.521737
556.037853 350.650248
555.534699 349.778759
554.025236 347.164291
553.522081 346.292802
553.018927 345.421313
552.515772 344.549824
551.509463 342.806846
550.000000 340.192379
548.993691 341.935357
548.490537 342.806846
546.981073 345.421313
546.477919 346.292802
544.968455 348.907269
544.465301 349.778759
543.962147 350.650248
543.458992 351.521737
542.955838 352.393226
542.452683 353.264715
541.446374 355.007693
540.440065 356.750671
539.433757 358.493649
537.924293 361.108116
537.421139 361.979605
535.408521 365.465561
534.402212 367.208539
533.899058 368.080029
532.389594 370.694496
531.886440 371.565985
530.880131 373.308963
528.867513 376.794919
528.867513 376.794919
527.861204 376.794919
526.854895 376.794919
525.848586 376.794919
524.842277 376.794919
522.829660 376.794919
521.823351 376.794919
518.804424 376.794919
517.798115 376.794919
515.785498 376.794919
514.779189 376.794919
513.772880 376.794919
512.766571 376.794919
511.760262 376.794919
510.753953 376.794919
508.741335 376.794919
507.735027 376.794919
506.728718 376.794919
505.722409 376.794919
502.703482 376.794919
501.697173 376.794919
498.678247 376.794919
497.671938 376.794919
493.646702 376.794919
492.640393 376.794919
491.634084 376.794919
490.627776 376.794919
489.621467 376.794919
488.615158 376.794919
487.608849 376.794919
486.602540 376.794919
486.602540 376.794919
487.608849 378.537897
488.112003 379.409386
488.615158 380.280875
489.621467 382.023853
490.124621 382.895342
490.627776 383.766832
491.634085 385.509810
493.646702 388.995766
494.653011 390.738744
495.156166 391.610233
496.162475 393.353211
497.671938 395.967679
498.678247 397.710657
499.181401 398.582146
499.684556 399.453635
500.187710 400.325124
500.690865 401.196613
501.194019 402.068102
501.697174 402.939591
502.200328 403.811080
503.206637 405.554058
504.212946 407.297036
504.716100 408.168526
505.219255 409.040015
506.225564 410.782993
506.728718 411.654482
507.231873 412.525971
505.725664 416.877779
503.213959 421.228179
502.209278 422.968339
496.683528 432.539217
495.176506 435.149457
492.664801 439.499856
488.143734 447.330575
487.641393 448.200655
485.632029 451.680974
482.115643 457.771534
476.087553 468.212492
473.575849 472.562891
471.064145 476.913291
470.561804 477.783371
469.557122 479.523530
468.552440 481.263690
465.036054 487.354249
461.017328 494.314888
460.012646 496.055048
457.500942 500.405447
455.993919 503.015687
454.486897 505.625926
452.477533 509.106246
447.454125 517.807045
446.449443 519.547204
445.444761 521.287364
443.937739 523.897604
441.426034 528.248003
437.407308 535.208642
413.797288 550.000000
411.787924 550.000000
407.769197 550.000000
405.759834 550.000000
404.755152 550.000000
364.567885 550.000000
359.544476 550.000000
357.535113 550.000000
351.507023 550.000000
345.478932 550.000000
340.455524 550.000000
339.450842 550.000000
333.422752 550.000000
315.338482 550.000000
313.329118 550.000000
305.291665 550.000000
289.216757 550.000000
287.207394 550.000000
286.202712 550.000000
270.126178 548.257022
269.119869 546.514044
268.616715 545.642555
268.113560 544.771066
267.610406 543.899577
267.107251 543.028088
266.604097 542.156599
266.100942 541.285110
265.094634 539.542131
264.591479 538.670642
263.585170 536.927664
262.578861 535.184686
262.075707 534.313197
260.566244 531.698730
259.056780 529.084263
258.553626 528.212774
255.534699 522.983840
254.528390 521.240861
253.018927 518.626394
252.515772 517.754905
250.503154 514.268949
247.987382 516.883416
246.981073 518.626394
246.477919 519.497883
245.974764 520.369372
245.471610 521.240861
244.968455 522.112350
244.465301 522.983840
243.962147 523.855329
243.458992 524.726818
242.452683 526.469796
241.949529 527.341285
241.446374 528.212774
238.930602 532.570219
237.924293 534.313197
237.421139 535.184686
236.917984 536.056175
234.402212 540.413620
233.899058 541.285110
233.395903 542.156599
231.383285 545.642555
230.880131 546.514044
230.376976 547.385533
228.867513 550.000000
224.840403 550.000000
223.833626 550.000000
221.820071 550.000000
219.806516 550.000000
217.792961 550.000000
216.786184 550.000000
214.772629 550.000000
211.752296 550.000000
201.684522 550.000000
200.677745 550.000000
199.670967 550.000000
198.664190 550.000000
196.650635 550.000000
192.623525 550.000000
185.576083 550.000000
183.562528 550.000000
180.542196 550.000000
172.487976 550.000000
168.460866 550.000000
163.426979 550.000000
159.399869 550.000000
158.393092 550.000000
152.352427 550.000000
145.304985 550.000000
144.298208 550.000000
142.284653 550.000000
128.189768 550.000000
126.176214 550.000000
122.149104 550.000000
117.115217 550.000000
115.101662 550.000000
106.040665 550.000000
