760
100.000000 450.000000
105.009330 450.000000
107.013062 450.000000
111.020526 450.000000
113.024258 450.000000
114.026124 450.000000
123.042918 450.000000
125.046650 450.000000
127.050382 450.000000
128.052248 450.000000
132.059712 450.000000
134.063444 450.000000
138.070909 450.000000
139.072775 450.000000
140.074641 450.000000
141.076507 450.000000
144.082105 450.000000
148.089569 450.000000
149.091435 450.000000
151.095167 450.000000
157.106363 450.000000
159.110095 450.000000
160.111961 450.000000
165.121291 450.000000
168.126889 450.000000
169.128755 450.000000
179.672281 435.208642
183.691008 428.248003
185.198031 425.637764
186.202712 423.897604
191.728462 414.326725
192.230803 413.456645
198.258893 403.015687
200.770597 398.665288
206.296346 389.094409
209.310391 383.873930
210.315073 382.133770
214.333800 375.173131
223.375935 359.511693
225.385298 356.031374
232.418070 343.850256
244.474251 322.968339
246.985955 318.617939
248.492977 316.007700
249.497659 314.267540
250.000000 313.397460
251.507023 316.007700
253.516386 319.488019
254.018727 320.358099
256.028090 323.838418
256.530431 324.708498
262.558521 335.149457
267.581930 343.850256
272.605338 352.551054
278.633428 362.992013
280.140451 365.602252
283.154496 370.822732
285.666200 375.173131
287.173223 377.783371
289.182586 381.263690
290.689609 383.873930
293.703654 389.094409
294.708335 390.834569
297.220040 395.184968
307.266857 412.586565
308.271538 414.326725
314.801969 425.637764
318.820696 432.598403
321.332400 436.948802
326.355809 445.649601
329.873822 450.000000
336.917984 450.000000
338.930602 450.000000
343.962147 450.000000
347.987382 450.000000
348.993691 450.000000
353.018927 450.000000
355.031545 450.000000
361.069398 450.000000
363.082016 450.000000
365.094634 450.000000
366.100942 450.000000
367.107251 450.000000
368.113560 450.000000
369.119869 450.000000
372.641950 447.385533
373.145105 446.514044
373.648259 445.642555
375.660877 442.156599
376.164031 441.285110
377.673495 438.670642
378.176649 437.799153
379.182958 436.056175
379.686112 435.184686
380.692421 433.441708
381.195576 432.570219
381.698730 431.698730
382.201884 430.827241
384.717657 426.469796
386.227120 423.855329
386.730274 422.983840
387.233429 422.112350
387.736583 421.240861
388.742892 419.497883
389.749201 417.754905
391.761819 414.268949
392.264973 413.397460
392.264973 413.397460
380.711134 393.385623
372.171339 378.594265
364.636226 365.543067
362.626863 362.062747
358.608136 355.102108
345.044933 331.609951
340.523866 323.779232
339.016843 321.168993
338.514502 320.298913
334.998116 314.208354
329.974708 305.507555
324.448959 295.936676
321.434914 290.716197
318.923209 286.365798
313.397460 276.794919
316.411505 276.794919
321.434914 276.794919
336.505139 276.794919
341.528548 276.794919
344.542593 276.794919
354.589410 276.794919
358.608137 276.794919
379.706452 276.794919
385.734542 276.794919
393.771996 276.794919
394.776678 276.794919
397.790723 276.794919
408.842222 276.794919
410.851585 276.794919
415.874993 276.794919
444.006081 276.794919
447.020126 276.794919
453.048216 276.794919
469.123124 276.794919
471.132487 276.794919
474.648873 270.704360
476.658236 267.224040
478.667600 263.743721
483.691008 255.042922
484.193349 254.172842
484.695690 253.302762
487.709735 248.082283
495.244848 235.031085
495.747189 234.161005
497.254211 231.550766
498.761234 228.940526
501.775279 223.720047
502.779960 221.979887
507.803369 213.279088
508.808051 211.538929
511.319755 207.188529
516.343163 198.487730
517.347845 196.747571
522.371253 188.046772
530.911048 173.255414
532.920411 169.775095
533.422752 168.905015
534.929775 166.294775
539.450842 158.464056
547.488296 144.542778
551.004682 141.932539
552.511704 144.542778
559.042135 155.853817
559.544476 156.723897
560.046817 157.593976
569.591293 174.125494
572.102997 178.475893
573.107679 180.216053
575.117042 183.696373
577.126406 187.176692
577.628747 188.046772
592.698972 214.149168
594.205995 216.759408
598.224721 223.720047
599.229403 225.460207
602.243448 230.680686
607.266857 239.381484
607.769197 240.251564
608.271538 241.121644
609.276220 242.861804
612.792606 248.952363
613.294947 249.822443
620.327719 262.003561
628.365172 275.924839
628.867513 276.794919
632.886240 276.794919
642.933057 276.794919
643.937739 276.794919
649.965829 276.794919
667.045418 276.794919
669.054781 276.794919
673.073508 276.794919
685.129688 276.794919
691.157778 276.794919
692.162460 276.794919
694.171824 276.794919
702.209277 276.794919
705.223322 276.794919
715.270139 276.794919
716.274821 276.794919
727.326320 276.794919
731.345046 276.794919
735.363773 276.794919
737.373137 276.794919
742.396545 276.794919
748.424635 276.794919
749.429317 276.794919
754.452726 276.794919
757.466771 276.794919
765.504224 276.794919
766.508906 276.794919
784.090836 281.145318
782.081472 284.625638
778.565086 290.716197
774.546360 297.676836
774.044019 298.546916
773.039337 300.287076
770.527633 304.637475
769.522951 306.377635
768.015929 308.987875
763.494861 316.818593
761.987838 319.428833
759.476134 323.779232
758.471453 325.519392
756.964430 328.129632
754.955067 331.609951
752.443362 335.960351
747.922295 343.791070
736.368455 363.802907
732.349729 370.763546
729.335683 375.984025
725.316957 382.944664
722.302912 388.165144
721.800571 389.035223
719.791207 392.515543
719.288866 393.385623
718.284185 395.125783
715.772481 399.476182
715.270140 400.346262
714.767799 401.216342
712.256095 405.566741
707.735027 413.397460
711.760262 420.369372
712.263417 421.240861
715.785498 427.341285
716.791807 429.084263
719.307579 433.441708
719.810733 434.313197
721.320197 436.927664
723.332814 440.413620
724.842278 443.028088
725.345432 443.899577
726.351741 445.642555
727.861204 448.257022
730.880131 450.000000
731.886440 450.000000
733.899058 450.000000
736.917984 450.000000
737.924293 450.000000
739.936911 450.000000
740.943220 450.000000
742.955838 450.000000
745.974764 450.000000
750.000000 450.000000
751.006309 450.000000
754.025236 450.000000
757.044162 450.000000
758.050471 450.000000
759.056780 450.000000
760.063089 450.000000
761.069398 450.000000
762.075707 450.000000
764.088325 450.000000
765.094634 450.000000
766.100942 450.000000
767.107251 450.000000
769.119869 450.000000
771.634828 449.129920
772.639510 447.389760
773.141850 446.519681
776.155895 441.299201
777.160577 439.559042
778.667600 436.948802
783.691008 428.248003
786.202712 423.897604
789.216757 418.677125
807.301028 387.354249
808.305710 385.614089
811.822096 379.523530
813.831459 376.043211
815.840822 372.562891
820.361890 364.732172
823.375935 359.511693
823.878276 358.641613
824.882958 356.901454
830.911048 346.460495
832.418070 343.850256
832.920411 342.980176
834.929775 339.499856
835.432115 338.629776
838.948501 332.539217
842.967228 325.578578
848.492977 316.007700
848.995318 315.137620
849.497659 314.267540
850.502341 314.267540
851.004682 315.137620
853.516386 319.488019
856.028090 323.838418
856.530431 324.708498
857.032772 325.578578
859.042135 329.058898
860.046817 330.799057
861.553839 333.409297
862.558521 335.149457
865.572566 340.369936
867.079589 342.980176
881.145133 367.342412
882.149814 369.082572
883.656837 371.692811
884.159178 372.562891
884.661518 373.432971
886.670882 376.913291
887.675564 378.653450
888.680245 380.393610
900.234085 400.405447
900.736426 401.275527
903.248130 405.625926
909.778561 416.936965
915.806651 427.377923
917.313674 429.988163
917.816014 430.858243
919.825378 434.338562
920.830059 436.078722
923.844105 441.299201
927.360490 447.389760
928.365172 449.129920
929.869379 450.000000
936.882441 450.000000
937.884307 450.000000
938.886173 450.000000
943.895503 450.000000
944.897369 450.000000
945.899235 450.000000
949.906699 450.000000
950.908565 450.000000
951.910431 450.000000
952.912297 450.000000
957.921627 450.000000
960.927225 450.000000
963.932823 450.000000
964.934690 450.000000
971.947752 450.000000
978.960814 450.000000
979.962680 450.000000
980.964546 450.000000
985.973876 450.000000
991.985072 450.000000
992.986938 450.000000
996.994402 450.000000
997.996268 450.000000
998.998134 450.000000
1000.000000 450.000000
1000.000000 462.000000
1000.000000 465.000000
1000.000000 472.000000
1000.000000 473.000000
1000.000000 475.000000
1000.000000 477.000000
1000.000000 478.000000
1000.000000 486.000000
1000.000000 497.000000
1000.000000 500.000000
1000.000000 501.000000
1000.000000 509.000000
1000.000000 510.000000
1000.000000 517.000000
1000.000000 518.000000
1000.000000 520.000000
1000.000000 524.000000
1000.000000 525.000000
1000.000000 533.000000
1000.000000 535.000000
1000.000000 542.000000
1000.000000 543.000000
992.952558 550.000000
983.891561 550.000000
982.884783 550.000000
975.837341 550.000000
968.789899 550.000000
961.742457 550.000000
959.728902 550.000000
958.722125 550.000000
946.640795 550.000000
943.620463 550.000000
941.606908 550.000000
939.593353 550.000000
938.586576 550.000000
929.525579 550.000000
927.512024 550.000000
920.464582 550.000000
915.430695 550.000000
912.410362 550.000000
910.396807 550.000000
907.376475 550.000000
903.349365 550.000000
902.342588 550.000000
901.335810 550.000000
883.213816 550.000000
882.207039 550.000000
881.200261 550.000000
873.146042 550.000000
871.132487 550.000000
868.113560 544.771066
867.610406 543.899577
866.604097 542.156599
865.094634 539.542131
864.088325 537.799153
862.075707 534.313197
861.069398 532.570219
860.566243 531.698730
860.063089 530.827241
859.056780 529.084263
858.553626 528.212774
856.541008 524.726818
856.037853 523.855329
855.534699 522.983840
853.018927 518.626394
852.012618 516.883416
851.509463 516.011927
851.006309 515.140438
850.503154 514.268949
850.000000 513.397460
849.496846 514.268949
848.993691 515.140438
848.490537 516.011927
846.981073 518.626394
846.477919 519.497883
845.974764 520.369372
844.968455 522.112350
844.465301 522.983840
843.962147 523.855329
843.458992 524.726818
841.446374 528.212774
840.943220 529.084263
838.427448 533.441708
833.899058 541.285110
832.389594 543.899577
831.383285 545.642555
830.376976 547.385533
829.873822 548.257022
825.853468 550.000000
824.848786 550.000000
816.811333 550.000000
807.769197 550.000000
799.731744 550.000000
798.727062 550.000000
788.680245 550.000000
785.666200 550.000000
783.656837 550.000000
779.638110 550.000000
777.628747 550.000000
770.595975 550.000000
750.502341 550.000000
749.497659 550.000000
748.492977 550.000000
745.478932 550.000000
736.436797 550.000000
725.385298 550.000000
721.366572 550.000000
715.338482 550.000000
707.301028 550.000000
701.272938 550.000000
700.268256 550.000000
699.263574 550.000000
682.183986 550.000000
678.165259 550.000000
674.146532 550.000000
669.625464 547.389760
667.616101 543.909441
662.592692 535.208642
659.578647 529.988163
650.536512 514.326725
646.015444 506.496006
639.485013 495.184968
637.977991 492.574728
634.963946 487.354249
629.438196 477.783371
627.931174 475.173131
625.419469 470.822732
619.893720 461.251853
619.391379 460.381773
617.884357 457.771534
617.382016 456.901454
612.358607 448.200655
607.837539 440.369936
603.818813 433.409297
599.800086 426.448658
593.269655 415.137620
592.264973 413.397460
594.780745 409.040015
597.296518 404.682569
597.799672 403.811080
599.309135 401.196613
599.812290 400.325124
600.315444 399.453635
600.818599 398.582146
601.321753 397.710657
603.837525 393.353211
604.843834 391.610233
605.346989 390.738744
605.850143 389.867255
606.856452 388.124277
607.359607 387.252788
607.862761 386.381299
608.869070 384.638321
609.372224 383.766832
609.875379 382.895342
611.384842 380.280875
612.391151 378.537897
613.397460 376.794919
612.391151 376.794919
609.372224 376.794919
608.365916 376.794919
606.353298 376.794919
605.346989 376.794919
603.334371 376.794919
600.315445 376.794919
595.283900 376.794919
593.271282 376.794919
592.264973 376.794919
590.252356 376.794919
580.189267 376.794919
578.176649 376.794919
577.170340 376.794919
576.164031 376.794919
575.157723 376.794919
574.151414 376.794919
573.145105 376.794919
571.132487 376.794919
571.132487 376.794919
569.623024 374.180452
569.119869 373.308963
568.616715 372.437474
567.610406 370.694496
565.597788 367.208539
565.094634 366.337050
564.591479 365.465561
563.585170 363.722583
560.566243 358.493649
560.063089 357.622160
559.559935 356.750671
559.056780 355.879182
557.547317 353.264715
556.037853 350.650248
555.534699 349.778759
554.025236 347.164291
553.018927 345.421313
552.012618 343.678335
550.503154 341.063868
550.000000 340.192379
548.490537 342.806846
547.987382 343.678335
547.484228 344.549824
546.981073 345.421313
543.962147 350.650248
543.458992 351.521737
541.446374 355.007693
539.936911 357.622160
539.433757 358.493649
537.924293 361.108116
536.414830 363.722583
535.408521 365.465561
534.905366 366.337050
534.402212 367.208539
533.899058 368.080029
533.395903 368.951518
532.389594 370.694496
530.376976 374.180452
529.370667 375.923430
528.867513 376.794919
528.867513 376.794919
527.861204 376.794919
525.848586 376.794919
523.835969 376.794919
521.823351 376.794919
519.810733 376.794919
518.804424 376.794919
517.798115 376.794919
513.772880 376.794919
511.760262 376.794919
510.753953 376.794919
509.747644 376.794919
507.735027 376.794919
504.716100 376.794919
501.697173 376.794919
494.653011 376.794919
492.640393 376.794919
491.634084 376.794919
486.602540 376.794919
486.602540 376.794919
487.105694 377.666408
487.608849 378.537897
488.112003 379.409386
490.124621 382.895342
492.137239 386.381299
493.143548 388.124277
493.646702 388.995766
494.149857 389.867255
494.653011 390.738744
495.156166 391.610233
496.162475 393.353211
499.181401 398.582146
500.690865 401.196613
501.194019 402.068102
502.200328 403.811080
503.709791 406.425547
504.212946 407.297036
504.716100 408.168526
505.219255 409.040015
505.722409 409.911504
506.225564 410.782993
507.231873 412.525971
506.730345 415.137620
502.711618 422.098259
498.190551 429.928978
497.185869 431.669137
493.669483 437.759696
489.148415 445.590415
486.636711 449.940815
485.129689 452.551054
479.603939 462.121933
474.078190 471.692811
472.571167 474.303051
471.064145 476.913291
467.547759 483.003850
462.022009 492.574728
460.514987 495.184968
456.998601 501.275527
454.989237 504.755847
454.486897 505.625926
448.961147 515.196805
447.454125 517.807045
444.440079 523.027524
441.928375 527.377923
435.900285 537.818882
434.393262 540.429121
429.369854 549.129920
427.862831 550.000000
426.858150 550.000000
419.825378 550.000000
418.820696 550.000000
405.759834 550.000000
396.717699 550.000000
391.694290 550.000000
390.689609 550.000000
383.656837 550.000000
380.642792 550.000000
376.624065 550.000000
374.614702 550.000000
373.610020 550.000000
371.600656 550.000000
368.586611 550.000000
365.572566 550.000000
364.567885 550.000000
350.502341 550.000000
344.474251 550.000000
336.436797 550.000000
325.385298 550.000000
318.352527 550.000000
316.343163 550.000000
311.319755 550.000000
309.310391 550.000000
296.249529 550.000000
292.230803 550.000000
288.212076 550.000000
285.198031 550.000000
281.179304 550.000000
280.174622 550.000000
272.137169 550.000000
271.132487 550.000000
270.629333 549.128511
269.623024 547.385533
269.119869 546.514044
268.616715 545.642555
267.107251 543.028088
266.604097 542.156599
266.100942 541.285110
264.088325 537.799153
263.585170 536.927664
261.572552 533.441708
260.063089 530.827241
258.553626 528.212774
257.547317 526.469796
256.541008 524.726818
255.534699 522.983840
255.031545 522.112350
254.528390 521.240861
254.025236 520.369372
253.018927 518.626394
252.012618 516.883416
251.006309 515.140438
249.496846 514.268949
248.993691 515.140438
247.987382 516.883416
246.981073 518.626394
245.471610 521.240861
244.968455 522.112350
243.962147 523.855329
242.452683 526.469796
240.440065 529.955752
239.936911 530.827241
239.433757 531.698730
238.930602 532.570219
237.924293 534.313197
236.414830 536.927664
233.395903 542.156599
232.892749 543.028088
232.389594 543.899577
231.886440 544.771066
231.383285 545.642555
230.376976 547.385533
229.873822 548.257022
228.867513 550.000000
227.860736 550.000000
222.826848 550.000000
220.813293 550.000000
217.792961 550.000000
215.779406 550.000000
212.759074 550.000000
211.752296 550.000000
207.725187 550.000000
197.657412 550.000000
195.643857 550.000000
194.637080 550.000000
192.623525 550.000000
188.596415 550.000000
181.548973 550.000000
178.528641 550.000000
174.501531 550.000000
172.487976 550.000000
169.467644 550.000000
162.420202 550.000000
155.372759 550.000000
154.365982 550.000000
147.318540 550.000000
142.284653 550.000000
139.264320 550.000000
136.243988 550.000000
134.230433 550.000000
116.108439 550.000000
103.020332 550.000000
