1520
100.000000 450.000000
101.001866 450.000000
102.003732 450.000000
105.009330 450.000000
107.013062 450.000000
108.014928 450.000000
109.016794 450.000000
110.018660 450.000000
112.022392 450.000000
113.024258 450.000000
115.027990 450.000000
116.029856 450.000000
118.033588 450.000000
119.035454 450.000000
121.039186 450.000000
125.046650 450.000000
128.052248 450.000000
129.054114 450.000000
130.055980 450.000000
131.057846 450.000000
132.059712 450.000000
134.063444 450.000000
135.065310 450.000000
137.069043 450.000000
139.072775 450.000000
140.074641 450.000000
141.076507 450.000000
143.080239 450.000000
145.083971 450.000000
146.085837 450.000000
149.091435 450.000000
150.093301 450.000000
151.095167 450.000000
152.097033 450.000000
153.098899 450.000000
155.102631 450.000000
157.106363 450.000000
158.108229 450.000000
159.110095 450.000000
160.111961 450.000000
162.115693 450.000000
163.117559 450.000000
164.119425 450.000000
165.121291 450.000000
167.125023 450.000000
168.126889 450.000000
171.132487 450.000000
171.132487 450.000000
172.137169 448.259840
173.644191 445.649601
174.648873 443.909441
175.653555 442.169281
176.658236 440.429121
177.160577 439.559042
177.662918 438.688962
179.672281 435.208642
180.676963 433.468482
182.183986 430.858243
182.686326 429.988163
184.695690 426.507843
185.198031 425.637764
187.709735 421.287364
189.216757 418.677125
190.723780 416.066885
191.226121 415.196805
191.728462 414.326725
195.244848 408.236166
196.751870 405.625926
197.254211 404.755847
197.756552 403.885767
200.770597 398.665288
202.779960 395.184968
203.784642 393.444808
204.789324 391.704649
205.291665 390.834569
207.301028 387.354249
209.812732 383.003850
212.324436 378.653450
212.826777 377.783371
213.329118 376.913291
214.333800 375.173131
214.836141 374.303051
216.343163 371.692811
217.850186 369.082572
218.352527 368.212492
218.854867 367.342412
219.859549 365.602252
220.361890 364.732172
221.366572 362.992013
221.868913 362.121933
223.375935 359.511693
226.389980 354.291214
226.892321 353.421134
229.404025 349.070735
230.408707 347.330575
230.911048 346.460495
232.418070 343.850256
232.920411 342.980176
233.422752 342.110096
234.427434 340.369936
235.432115 338.629776
235.934456 337.759696
236.436797 336.889617
236.939138 336.019537
239.953183 330.799057
240.957865 329.058898
241.460206 328.188818
241.962546 327.318738
242.967228 325.578578
243.469569 324.708498
246.985955 318.617939
248.492977 316.007700
249.497659 314.267540
250.000000 313.397460
251.004682 315.137620
253.014045 318.617939
253.516386 319.488019
254.018727 320.358099
254.521068 321.228179
255.023408 322.098259
256.028090 323.838418
256.530431 324.708498
257.032772 325.578578
260.549158 331.669137
262.558521 335.149457
263.060862 336.019537
264.065544 337.759696
264.567885 338.629776
265.070225 339.499856
266.577248 342.110096
268.084270 344.720335
268.586611 345.590415
271.098316 349.940815
271.600656 350.810895
272.102997 351.680974
273.107679 353.421134
274.614702 356.031374
275.619383 357.771534
276.624065 359.511693
279.135769 363.862093
281.145133 367.342412
282.149814 369.082572
282.652155 369.952652
287.173223 377.783371
288.177904 379.523530
288.680245 380.393610
291.191949 384.744010
292.698972 387.354249
293.201313 388.224329
294.708335 390.834569
295.713017 392.574728
296.215358 393.444808
297.722380 396.055048
298.224721 396.925128
298.727062 397.795208
300.234085 400.405447
302.243448 403.885767
303.248130 405.625926
306.764516 411.716486
307.266857 412.586565
307.769197 413.456645
308.271538 414.326725
309.276220 416.066885
314.801969 425.637764
317.313674 429.988163
317.816014 430.858243
318.820696 432.598403
320.327719 435.208642
320.830059 436.078722
321.834741 437.818882
322.337082 438.688962
323.341764 440.429121
325.853468 444.779521
326.355809 445.649601
328.365172 449.129920
328.867513 450.000000
329.873822 450.000000
330.880131 450.000000
332.892749 450.000000
333.899058 450.000000
334.905366 450.000000
335.911675 450.000000
336.917984 450.000000
337.924293 450.000000
339.936911 450.000000
340.943220 450.000000
341.949529 450.000000
342.955838 450.000000
343.962147 450.000000
344.968455 450.000000
345.974764 450.000000
346.981073 450.000000
347.987382 450.000000
350.000000 450.000000
351.006309 450.000000
352.012618 450.000000
353.018927 450.000000
355.031545 450.000000
356.037853 450.000000
357.044162 450.000000
359.056780 450.000000
360.063089 450.000000
361.069398 450.000000
362.075707 450.000000
363.082016 450.000000
364.088325 450.000000
365.094634 450.000000
366.100942 450.000000
367.107251 450.000000
369.119869 450.000000
370.126178 450.000000
371.132487 450.000000
371.132487 450.000000
372.138796 448.257022
372.641950 447.385533
373.648259 445.642555
374.654568 443.899577
375.157722 443.028088
375.660877 442.156599
376.667186 440.413620
377.170340 439.542131
377.673495 438.670642
378.176649 437.799153
378.679803 436.927664
379.182958 436.056175
379.686112 435.184686
380.189267 434.313197
380.692421 433.441708
381.195576 432.570219
381.698730 431.698730
382.201884 430.827241
382.705039 429.955752
383.208193 429.084263
383.711348 428.212774
384.214502 427.341285
384.717657 426.469796
385.220811 425.598307
385.723965 424.726818
386.227120 423.855329
386.730274 422.983840
387.233429 422.112350
387.736583 421.240861
388.239738 420.369372
389.246046 418.626394
389.749201 417.754905
390.755510 416.011927
391.258664 415.140438
391.761819 414.268949
392.264973 413.397460
391.762632 412.527380
389.753269 409.047061
389.250928 408.176981
388.748587 407.306901
387.743905 405.566741
387.241565 404.696661
385.734542 402.086422
382.218156 395.995862
381.715815 395.125783
380.711134 393.385623
380.208793 392.515543
378.199429 389.035223
373.678362 381.204504
373.176021 380.334425
371.166657 376.854105
370.664317 375.984025
370.161976 375.113945
369.659635 374.243865
369.157294 373.373786
368.152612 371.633626
367.147931 369.893466
364.133886 364.672987
363.129204 362.932827
362.626863 362.062747
361.119840 359.452508
359.110477 355.972188
358.608136 355.102108
358.105795 354.232028
357.101114 352.491868
356.598773 351.621789
356.096432 350.751709
355.594091 349.881629
355.091750 349.011549
354.087069 347.271389
352.580046 344.661150
349.063660 338.570590
347.054297 335.090271
345.044933 331.609951
342.030888 326.389472
340.523866 323.779232
340.021525 322.909153
337.509821 318.558753
336.002798 315.948514
334.998116 314.208354
332.486412 309.857954
331.481730 308.117795
330.979390 307.247715
328.970026 303.767395
328.467685 302.897315
327.463004 301.157156
325.955981 298.546916
324.951299 296.806756
323.444277 294.196517
320.932573 289.846117
319.425550 287.235878
317.918528 284.625638
317.416187 283.755558
315.406823 280.275239
314.904483 279.405159
313.899801 277.664999
316.411505 276.794919
317.416187 276.794919
318.420869 276.794919
320.430232 276.794919
323.444277 276.794919
328.467686 276.794919
331.481731 276.794919
339.519184 276.794919
343.537911 276.794919
346.551956 276.794919
350.570683 276.794919
351.575365 276.794919
354.589410 276.794919
357.603455 276.794919
360.617500 276.794919
363.631545 276.794919
365.640908 276.794919
370.664317 276.794919
373.678362 276.794919
379.706452 276.794919
382.720497 276.794919
384.729861 276.794919
389.753269 276.794919
393.771996 276.794919
398.795405 276.794919
402.814131 276.794919
405.828176 276.794919
410.851585 276.794919
417.884357 276.794919
418.889039 276.794919
419.893720 276.794919
420.898402 276.794919
424.917129 276.794919
425.921810 276.794919
435.968627 276.794919
436.973309 276.794919
441.996718 276.794919
443.001399 276.794919
446.015444 276.794919
447.020126 276.794919
448.024808 276.794919
450.034171 276.794919
454.052898 276.794919
455.057580 276.794919
461.085670 276.794919
464.099715 276.794919
465.104397 276.794919
467.113760 276.794919
470.127805 276.794919
473.141850 273.314600
474.648873 270.704360
475.653555 268.964200
476.155895 268.094120
476.658236 267.224040
478.165259 264.613801
479.169941 262.873641
479.672281 262.003561
481.681645 258.523242
485.700372 251.562603
486.705053 249.822443
489.216757 245.472044
489.719098 244.601964
491.226121 241.991724
491.728462 241.121644
492.230803 240.251564
492.733143 239.381484
494.240166 236.771245
494.742507 235.901165
496.249529 233.290925
497.756552 230.680686
498.258893 229.810606
499.765915 227.200366
500.268256 226.330286
503.784642 220.239727
504.789324 218.499568
507.301028 214.149168
507.803369 213.279088
508.305710 212.409008
509.310391 210.668849
509.812732 209.798769
511.319755 207.188529
512.324436 205.448369
514.333800 201.968050
517.347845 196.747571
520.864231 190.657012
521.366572 189.786932
521.868913 188.916852
524.380617 184.566453
529.404025 175.865654
529.906366 174.995574
532.418070 170.645175
533.422752 168.905015
534.427434 167.164855
535.432115 165.424695
536.436797 163.684536
539.953183 157.593976
541.962546 154.113657
542.464887 153.243577
543.469569 151.503417
544.474251 149.763258
544.976592 148.893178
545.981273 147.153018
550.000000 140.192379
551.004682 141.932539
553.516386 146.282938
554.521068 148.023098
555.525749 149.763258
556.028090 150.633337
556.530431 151.503417
559.042135 155.853817
559.544476 156.723897
562.056180 161.074296
562.558521 161.944376
563.563203 163.684536
564.065544 164.554615
565.070225 166.294775
565.572566 167.164855
568.586611 172.385334
569.088952 173.255414
570.093634 174.995574
570.595975 175.865654
572.102997 178.475893
572.605338 179.345973
573.107679 180.216053
576.121724 185.436532
577.628747 188.046772
578.633428 189.786932
579.135769 190.657012
583.154496 197.617651
584.661518 200.227890
585.666200 201.968050
587.675564 205.448369
590.187268 209.798769
590.689609 210.668849
591.191949 211.538929
592.698972 214.149168
593.201313 215.019248
594.708335 217.629488
595.713017 219.369647
598.224721 223.720047
599.731744 226.330286
600.234085 227.200366
600.736426 228.070446
601.741107 229.810606
603.750471 233.290925
604.755152 235.031085
605.257493 235.901165
606.262175 237.641325
606.764516 238.511405
607.769197 240.251564
611.285583 246.342123
611.787924 247.212203
612.290265 248.082283
613.797288 250.692523
614.801969 252.432683
616.308992 255.042922
616.811333 255.913002
618.820696 259.393322
620.327719 262.003561
621.834741 264.613801
623.844105 268.094120
627.862831 275.054759
628.365172 275.924839
636.904967 276.794919
638.914330 276.794919
641.928375 276.794919
643.937739 276.794919
644.942420 276.794919
645.947102 276.794919
652.979874 276.794919
653.984556 276.794919
655.993919 276.794919
658.003282 276.794919
661.017327 276.794919
664.031373 276.794919
669.054781 276.794919
673.073508 276.794919
675.082871 276.794919
677.092235 276.794919
679.101598 276.794919
680.106280 276.794919
681.110961 276.794919
682.115643 276.794919
684.125007 276.794919
685.129688 276.794919
691.157778 276.794919
698.190550 276.794919
700.199914 276.794919
703.213959 276.794919
707.232686 276.794919
713.260776 276.794919
714.265458 276.794919
716.274821 276.794919
718.284184 276.794919
723.307593 276.794919
728.331001 276.794919
729.335683 276.794919
731.345046 276.794919
732.349728 276.794919
736.368455 276.794919
737.373137 276.794919
738.377818 276.794919
740.387182 276.794919
741.391863 276.794919
743.401227 276.794919
746.415272 276.794919
748.424635 276.794919
749.429317 276.794919
755.457407 276.794919
756.462089 276.794919
757.466771 276.794919
758.471452 276.794919
761.485497 276.794919
765.504224 276.794919
766.508906 276.794919
767.513588 276.794919
769.522951 276.794919
779.569768 276.794919
781.579131 276.794919
782.583813 276.794919
784.593177 276.794919
783.588495 282.015398
783.086154 282.885478
777.560405 292.456357
777.058064 293.326437
776.053382 295.066596
774.044019 298.546916
773.541678 299.416996
773.039337 300.287076
771.532315 302.897315
770.527633 304.637475
770.025292 305.507555
768.015929 308.987875
767.513588 309.857954
766.006565 312.468194
764.499543 315.078434
763.997202 315.948514
763.494861 316.818593
762.992520 317.688673
761.987838 319.428833
760.983157 321.168993
757.466771 327.259552
756.964430 328.129632
755.457407 330.739871
752.945703 335.090271
752.443362 335.960351
751.941022 336.830431
751.438681 337.700511
750.936340 338.570590
748.926976 342.050910
747.922295 343.791070
741.391864 355.102108
738.377819 360.322587
737.875478 361.192667
736.368455 363.802907
735.866114 364.672987
734.861433 366.413147
734.359092 367.283226
733.856751 368.153306
733.354410 369.023386
732.852069 369.893466
731.345047 372.503706
730.842706 373.373786
730.340365 374.243865
728.833343 376.854105
728.331002 377.724185
727.326320 379.464345
726.321638 381.204504
722.805252 387.295064
722.302912 388.165144
721.298230 389.905303
718.284185 395.125783
717.279503 396.865942
716.777162 397.736022
714.767799 401.216342
713.763117 402.956501
710.246731 409.047061
708.739709 411.657300
707.735027 413.397460
708.238181 414.268949
708.741336 415.140438
709.244490 416.011927
709.747645 416.883416
710.250799 417.754905
711.257108 419.497883
711.760262 420.369372
712.263417 421.240861
712.766571 422.112350
714.276035 424.726818
714.779189 425.598307
715.282343 426.469796
715.785498 427.341285
716.288652 428.212774
716.791807 429.084263
717.294961 429.955752
717.798116 430.827241
718.301270 431.698730
719.307579 433.441708
719.810733 434.313197
720.817042 436.056175
721.320197 436.927664
721.823351 437.799153
722.326505 438.670642
723.332814 440.413620
723.835969 441.285110
724.339123 442.156599
724.842278 443.028088
725.345432 443.899577
725.848586 444.771066
726.351741 445.642555
726.854895 446.514044
727.358050 447.385533
727.861204 448.257022
728.364359 449.128511
728.867513 450.000000
729.873822 450.000000
732.892749 450.000000
733.899058 450.000000
735.911675 450.000000
737.924293 450.000000
738.930602 450.000000
739.936911 450.000000
740.943220 450.000000
741.949529 450.000000
742.955838 450.000000
743.962147 450.000000
744.968455 450.000000
745.974764 450.000000
747.987382 450.000000
748.993691 450.000000
750.000000 450.000000
752.012618 450.000000
754.025236 450.000000
758.050471 450.000000
760.063089 450.000000
761.069398 450.000000
762.075707 450.000000
763.082016 450.000000
764.088325 450.000000
765.094634 450.000000
766.100942 450.000000
770.126178 450.000000
771.132487 450.000000
771.132487 450.000000
773.644191 445.649601
774.146532 444.779521
774.648873 443.909441
776.155895 441.299201
776.658236 440.429121
780.676963 433.468482
783.691008 428.248003
784.193349 427.377923
786.202712 423.897604
787.207394 422.157444
788.714417 419.547204
789.216757 418.677125
790.221439 416.936965
790.723780 416.066885
791.728462 414.326725
792.230803 413.456645
793.737825 410.846406
794.240166 409.976326
794.742507 409.106246
795.244848 408.236166
796.249529 406.496006
797.254211 404.755847
800.268256 399.535367
800.770597 398.665288
801.775279 396.925128
802.779960 395.184968
804.789324 391.704649
805.291665 390.834569
805.794005 389.964489
808.808051 384.744010
809.812732 383.003850
810.817414 381.263690
811.319755 380.393610
814.333800 375.173131
816.845504 370.822732
817.347845 369.952652
817.850186 369.082572
818.854867 367.342412
822.873594 360.381773
823.878276 358.641613
825.385298 356.031374
827.897003 351.680974
828.901684 349.940815
831.915730 344.720335
832.418070 343.850256
833.422752 342.110096
834.929775 339.499856
836.436797 336.889617
837.441479 335.149457
838.446161 333.409297
843.469569 324.708498
845.478932 321.228179
845.981273 320.358099
847.488296 317.747859
847.990637 316.877779
848.995318 315.137620
852.009363 316.877779
853.516386 319.488019
854.018727 320.358099
854.521068 321.228179
855.023408 322.098259
856.028090 323.838418
858.539794 328.188818
859.042135 329.058898
860.046817 330.799057
863.060862 336.019537
863.563203 336.889617
865.572566 340.369936
866.074907 341.240016
867.079589 342.980176
867.581930 343.850256
868.586611 345.590415
869.591293 347.330575
871.600656 350.810895
872.102997 351.680974
872.605338 352.551054
873.107679 353.421134
873.610020 354.291214
875.117042 356.901454
877.628747 361.251853
878.131087 362.121933
879.135769 363.862093
880.642792 366.472332
883.154496 370.822732
884.159178 372.562891
885.666200 375.173131
889.182586 381.263690
889.684927 382.133770
891.191949 384.744010
892.196631 386.484169
894.708335 390.834569
895.210676 391.704649
895.713017 392.574728
897.722380 396.055048
899.229403 398.665288
902.243448 403.885767
902.745789 404.755847
903.248130 405.625926
904.252811 407.366086
907.266857 412.586565
909.778561 416.936965
910.280902 417.807045
914.801969 425.637764
919.825378 434.338562
920.327719 435.208642
923.341764 440.429121
924.346445 442.169281
925.351127 443.909441
927.360490 447.389760
927.862831 448.259840
931.873111 450.000000
933.876843 450.000000
934.878709 450.000000
935.880575 450.000000
936.882441 450.000000
937.884307 450.000000
938.886173 450.000000
941.891771 450.000000
942.893637 450.000000
943.895503 450.000000
944.897369 450.000000
946.901101 450.000000
947.902967 450.000000
951.910431 450.000000
957.921627 450.000000
958.923493 450.000000
961.929091 450.000000
964.934690 450.000000
965.936556 450.000000
968.942154 450.000000
969.944020 450.000000
970.945886 450.000000
972.949618 450.000000
974.953350 450.000000
975.955216 450.000000
976.957082 450.000000
977.958948 450.000000
978.960814 450.000000
980.964546 450.000000
982.968278 450.000000
983.970144 450.000000
984.972010 450.000000
985.973876 450.000000
986.975742 450.000000
987.977608 450.000000
989.981340 450.000000
990.983206 450.000000
993.988804 450.000000
994.990670 450.000000
996.994402 450.000000
998.998134 450.000000
1000.000000 450.000000
1000.000000 450.000000
1000.000000 453.000000
1000.000000 457.000000
1000.000000 458.000000
1000.000000 465.000000
1000.000000 466.000000
1000.000000 468.000000
1000.000000 469.000000
1000.000000 471.000000
1000.000000 472.000000
1000.000000 473.000000
1000.000000 474.000000
1000.000000 477.000000
1000.000000 479.000000
1000.000000 480.000000
1000.000000 483.000000
1000.000000 484.000000
1000.000000 486.000000
1000.000000 487.000000
1000.000000 488.000000
1000.000000 490.000000
1000.000000 492.000000
1000.000000 493.000000
1000.000000 494.000000
1000.000000 495.000000
1000.000000 497.000000
1000.000000 498.000000
1000.000000 502.000000
1000.000000 503.000000
1000.000000 505.000000
1000.000000 509.000000
1000.000000 510.000000
1000.000000 519.000000
1000.000000 522.000000
1000.000000 523.000000
1000.000000 527.000000
1000.000000 530.000000
1000.000000 533.000000
1000.000000 536.000000
1000.000000 537.000000
1000.000000 538.000000
1000.000000 539.000000
1000.000000 544.000000
1000.000000 545.000000
1000.000000 546.000000
998.993223 550.000000
996.979668 550.000000
995.972890 550.000000
991.945780 550.000000
987.918671 550.000000
981.878006 550.000000
980.871229 550.000000
976.844119 550.000000
975.837341 550.000000
974.830564 550.000000
970.803454 550.000000
968.789899 550.000000
965.769567 550.000000
963.756012 550.000000
960.735680 550.000000
958.722125 550.000000
957.715347 550.000000
955.701792 550.000000
954.695015 550.000000
953.688238 550.000000
949.661128 550.000000
947.647573 550.000000
944.627241 550.000000
937.579798 550.000000
936.573021 550.000000
935.566243 550.000000
930.532356 550.000000
927.512024 550.000000
926.505246 550.000000
923.484914 550.000000
918.451027 550.000000
913.417140 550.000000
909.390030 550.000000
908.383252 550.000000
906.369698 550.000000
905.362920 550.000000
904.356143 550.000000
903.349365 550.000000
900.329033 550.000000
899.322255 550.000000
898.315478 550.000000
897.308701 550.000000
896.301923 550.000000
894.288368 550.000000
893.281591 550.000000
892.274813 550.000000
889.254481 550.000000
885.227371 550.000000
879.186707 550.000000
876.166374 550.000000
875.159597 550.000000
871.132487 550.000000
871.132487 550.000000
870.126178 548.257022
869.623024 547.385533
869.119869 546.514044
868.113560 544.771066
867.107251 543.028088
866.604097 542.156599
865.597788 540.413620
865.094634 539.542131
864.591479 538.670642
864.088325 537.799153
863.585170 536.927664
863.082016 536.056175
862.578861 535.184686
862.075707 534.313197
861.572552 533.441708
861.069398 532.570219
860.566243 531.698730
860.063089 530.827241
859.559935 529.955752
859.056780 529.084263
858.553626 528.212774
858.050471 527.341285
857.547317 526.469796
857.044162 525.598307
856.541008 524.726818
856.037853 523.855329
855.534699 522.983840
855.031545 522.112350
854.528390 521.240861
854.025236 520.369372
853.522081 519.497883
853.018927 518.626394
851.006309 515.140438
850.503154 514.268949
850.000000 513.397460
850.000000 513.397460
849.496846 514.268949
848.490537 516.011927
847.987382 516.883416
847.484228 517.754905
846.981073 518.626394
846.477919 519.497883
845.471610 521.240861
844.968455 522.112350
844.465301 522.983840
843.962147 523.855329
842.955838 525.598307
842.452683 526.469796
841.949529 527.341285
841.446374 528.212774
840.943220 529.084263
840.440065 529.955752
839.936911 530.827241
839.433757 531.698730
838.930602 532.570219
838.427448 533.441708
837.924293 534.313197
837.421139 535.184686
836.414830 536.927664
835.911675 537.799153
834.905366 539.542131
834.402212 540.413620
833.899058 541.285110
833.395903 542.156599
832.389594 543.899577
831.886440 544.771066
831.383285 545.642555
830.880131 546.514044
829.873822 548.257022
829.370667 549.128511
828.867513 550.000000
826.858150 550.000000
824.848786 550.000000
820.830059 550.000000
808.773879 550.000000
807.769197 550.000000
806.764516 550.000000
804.755152 550.000000
802.745789 550.000000
795.713017 550.000000
792.698972 550.000000
787.675564 550.000000
786.670882 550.000000
782.652155 550.000000
780.642792 550.000000
776.624065 550.000000
773.610020 550.000000
768.586611 550.000000
767.581930 550.000000
765.572566 550.000000
763.563203 550.000000
760.549158 550.000000
757.535113 550.000000
755.525749 550.000000
753.516386 550.000000
750.502341 550.000000
748.492977 550.000000
745.478932 550.000000
742.464887 550.000000
738.446161 550.000000
732.418070 550.000000
731.413389 550.000000
728.399344 550.000000
727.394662 550.000000
723.375935 550.000000
719.357208 550.000000
713.329118 550.000000
711.319755 550.000000
709.310391 550.000000
708.305710 550.000000
699.263574 550.000000
693.235484 550.000000
692.230803 550.000000
690.221439 550.000000
687.207394 550.000000
685.198031 550.000000
681.179304 550.000000
676.155895 550.000000
674.146532 550.000000
671.132487 550.000000
669.625464 547.389760
666.109078 541.299201
665.104397 539.559042
662.592692 535.208642
661.085670 532.598403
660.583329 531.728323
658.573966 528.248003
656.564602 524.767684
656.062261 523.897604
655.559921 523.027524
653.550557 519.547204
653.048216 518.677125
652.545875 517.807045
651.541194 516.066885
651.038853 515.196805
650.536512 514.326725
649.531830 512.586565
648.527149 510.846406
644.508422 503.885767
641.996717 499.535367
641.494377 498.665288
639.987354 496.055048
637.475650 491.704649
636.470968 489.964489
635.466286 488.224329
633.456923 484.744010
632.954582 483.873930
632.452241 483.003850
631.949900 482.133770
631.447560 481.263690
630.945219 480.393610
629.940537 478.653450
628.935855 476.913291
627.428833 474.303051
626.424151 472.562891
625.921810 471.692811
625.419469 470.822732
623.912447 468.212492
622.907765 466.472332
622.405424 465.602252
619.893720 461.251853
618.889038 459.511693
618.386697 458.641613
617.884357 457.771534
617.382016 456.901454
616.377334 455.161294
615.372652 453.421134
613.363289 449.940815
612.358607 448.200655
609.846903 443.850256
609.344562 442.980176
608.339880 441.240016
607.335199 439.499856
603.818813 433.409297
600.302427 427.318738
599.297745 425.578578
598.293063 423.838418
596.283700 420.358099
595.781359 419.488019
594.274336 416.877779
593.771996 416.007700
592.767314 414.267540
592.264973 413.397460
592.264973 413.397460
592.768127 412.525971
593.271282 411.654482
595.283900 408.168526
595.787054 407.297036
596.793363 405.554058
597.296518 404.682569
597.799672 403.811080
598.302826 402.939591
598.805981 402.068102
599.309135 401.196613
599.812290 400.325124
600.315444 399.453635
600.818599 398.582146
601.321753 397.710657
602.831216 395.096190
603.334371 394.224700
603.837525 393.353211
604.340680 392.481722
604.843834 391.610233
605.346989 390.738744
605.850143 389.867255
606.353298 388.995766
606.856452 388.124277
607.359607 387.252788
607.862761 386.381299
608.365915 385.509810
608.869070 384.638321
609.372224 383.766832
609.875379 382.895342
610.378533 382.023853
610.881688 381.152364
611.887997 379.409386
612.391151 378.537897
612.894306 377.666408
613.397460 376.794919
613.397460 376.794919
612.391151 376.794919
609.372224 376.794919
608.365916 376.794919
607.359607 376.794919
605.346989 376.794919
602.328062 376.794919
599.309136 376.794919
598.302827 376.794919
597.296518 376.794919
596.290209 376.794919
595.283900 376.794919
594.277591 376.794919
593.271282 376.794919
592.264973 376.794919
591.258665 376.794919
589.246047 376.794919
588.239738 376.794919
587.233429 376.794919
586.227120 376.794919
585.220811 376.794919
584.214502 376.794919
582.201885 376.794919
580.189267 376.794919
577.170340 376.794919
576.164031 376.794919
575.157723 376.794919
574.151414 376.794919
572.138796 376.794919
571.132487 376.794919
571.132487 376.794919
570.629333 375.923430
570.126178 375.051941
569.119869 373.308963
568.616715 372.437474
567.610406 370.694496
567.107251 369.823007
566.604097 368.951518
565.597788 367.208539
565.094634 366.337050
564.591479 365.465561
564.088325 364.594072
563.585170 363.722583
563.082016 362.851094
562.578861 361.979605
562.075707 361.108116
561.572552 360.236627
561.069398 359.365138
560.566243 358.493649
560.063089 357.622160
559.559935 356.750671
559.056780 355.879182
558.553626 355.007693
558.050471 354.136204
557.547317 353.264715
557.044162 352.393226
556.541008 351.521737
556.037853 350.650248
555.534699 349.778759
555.031545 348.907269
554.528390 348.035780
554.025236 347.164291
553.522081 346.292802
553.018927 345.421313
552.515772 344.549824
552.012618 343.678335
551.509463 342.806846
551.006309 341.935357
550.000000 340.192379
550.000000 340.192379
549.496846 341.063868
548.993691 341.935357
548.490537 342.806846
547.987382 343.678335
547.484228 344.549824
546.477919 346.292802
545.974764 347.164291
544.968455 348.907269
544.465301 349.778759
543.458992 351.521737
542.955838 352.393226
542.452683 353.264715
541.446374 355.007693
540.943220 355.879182
540.440065 356.750671
539.936911 357.622160
539.433757 358.493649
538.930602 359.365138
538.427448 360.236627
537.924293 361.108116
537.421139 361.979605
536.414830 363.722583
535.911675 364.594072
535.408521 365.465561
533.899058 368.080029
533.395903 368.951518
532.892749 369.823007
532.389594 370.694496
531.886440 371.565985
531.383285 372.437474
530.880131 373.308963
529.873822 375.051941
529.370667 375.923430
528.867513 376.794919
528.867513 376.794919
527.861204 376.794919
526.854895 376.794919
525.848586 376.794919
524.842277 376.794919
523.835969 376.794919
522.829660 376.794919
521.823351 376.794919
520.817042 376.794919
519.810733 376.794919
518.804424 376.794919
517.798115 376.794919
516.791806 376.794919
515.785498 376.794919
514.779189 376.794919
513.772880 376.794919
511.760262 376.794919
510.753953 376.794919
509.747644 376.794919
508.741335 376.794919
506.728718 376.794919
505.722409 376.794919
504.716100 376.794919
501.697173 376.794919
500.690864 376.794919
499.684555 376.794919
498.678247 376.794919
497.671938 376.794919
496.665629 376.794919
495.659320 376.794919
493.646702 376.794919
492.640393 376.794919
491.634084 376.794919
490.627776 376.794919
489.621467 376.794919
488.615158 376.794919
487.608849 376.794919
486.602540 376.794919
486.602540 376.794919
487.105694 377.666408
487.608849 378.537897
488.615158 380.280875
489.118312 381.152364
489.621467 382.023853
490.124621 382.895342
490.627776 383.766832
491.634085 385.509810
492.137239 386.381299
492.640393 387.252788
493.143548 388.124277
493.646702 388.995766
494.149857 389.867255
494.653011 390.738744
495.659320 392.481722
496.162475 393.353211
496.665629 394.224700
497.671938 395.967679
498.175092 396.839168
498.678247 397.710657
499.181401 398.582146
499.684556 399.453635
500.690865 401.196613
501.194019 402.068102
501.697174 402.939591
502.200328 403.811080
502.703482 404.682569
503.206637 405.554058
503.709791 406.425547
504.212946 407.297036
504.716100 408.168526
505.722409 409.911504
506.728718 411.654482
507.231873 412.525971
505.725664 416.877779
502.711618 422.098259
498.692892 429.058898
496.683528 432.539217
496.181187 433.409297
495.678847 434.279377
494.674165 436.019537
493.669483 437.759696
493.167142 438.629776
491.660120 441.240016
491.157779 442.110096
489.650756 444.720335
488.143734 447.330575
487.641393 448.200655
487.139052 449.070735
486.636711 449.940815
486.134370 450.810895
485.632029 451.680974
484.125007 454.291214
482.617984 456.901454
480.106280 461.251853
476.087553 468.212492
475.585212 469.082572
475.082872 469.952652
473.575849 472.562891
471.064145 476.913291
470.561804 477.783371
467.045418 483.873930
466.543077 484.744010
466.040736 485.614089
465.538395 486.484169
463.026691 490.834569
462.524350 491.704649
462.022009 492.574728
461.017328 494.314888
460.514987 495.184968
459.510305 496.925128
458.003283 499.535367
456.998601 501.275527
455.491578 503.885767
452.979874 508.236166
451.472851 510.846406
450.970511 511.716486
449.463488 514.326725
447.956465 516.936965
444.942420 522.157444
444.440079 523.027524
443.937739 523.897604
442.933057 525.637764
440.923693 529.118083
439.919012 530.858243
439.416671 531.728323
437.407308 535.208642
436.904967 536.078722
435.900285 537.818882
435.397944 538.688962
431.881558 544.779521
431.379217 545.649601
430.876876 546.519681
428.867513 550.000000
427.862831 550.000000
422.839423 550.000000
421.834741 550.000000
418.820696 550.000000
413.797288 550.000000
411.787924 550.000000
407.769197 550.000000
405.759834 550.000000
400.736426 550.000000
398.727062 550.000000
395.713017 550.000000
393.703654 550.000000
392.698972 550.000000
391.694290 550.000000
390.689609 550.000000
389.684927 550.000000
384.661518 550.000000
382.652155 550.000000
380.642792 550.000000
374.614702 550.000000
371.600656 550.000000
370.595975 550.000000
368.586611 550.000000
362.558521 550.000000
357.535113 550.000000
353.516386 550.000000
344.474251 550.000000
343.469569 550.000000
336.436797 550.000000
335.432115 550.000000
334.427434 550.000000
331.413389 550.000000
328.399344 550.000000
323.375935 550.000000
322.371253 550.000000
313.329118 550.000000
309.310391 550.000000
307.301028 550.000000
306.296346 550.000000
303.282301 550.000000
302.277620 550.000000
301.272938 550.000000
299.263574 550.000000
297.254211 550.000000
294.240166 550.000000
291.226121 550.000000
290.221439 550.000000
289.216757 550.000000
288.212076 550.000000
287.207394 550.000000
286.202712 550.000000
285.198031 550.000000
282.183986 550.000000
279.169941 550.000000
274.146532 550.000000
271.132487 550.000000
270.629333 549.128511
270.126178 548.257022
269.119869 546.514044
268.616715 545.642555
267.610406 543.899577
267.107251 543.028088
266.604097 542.156599
266.100942 541.285110
265.597788 540.413620
265.094634 539.542131
264.591479 538.670642
264.088325 537.799153
263.585170 536.927664
263.082016 536.056175
262.578861 535.184686
262.075707 534.313197
261.572552 533.441708
261.069398 532.570219
260.566244 531.698730
260.063089 530.827241
259.056780 529.084263
258.553626 528.212774
258.050471 527.341285
256.541008 524.726818
256.037853 523.855329
255.534699 522.983840
255.031545 522.112350
254.528390 521.240861
254.025236 520.369372
253.522081 519.497883
252.515772 517.754905
252.012618 516.883416
251.509463 516.011927
251.006309 515.140438
250.503154 514.268949
250.000000 513.397460
248.993691 515.140438
248.490537 516.011927
247.987382 516.883416
247.484228 517.754905
246.981073 518.626394
246.477919 519.497883
245.974764 520.369372
245.471610 521.240861
244.968455 522.112350
244.465301 522.983840
243.962147 523.855329
242.452683 526.469796
241.949529 527.341285
240.943220 529.084263
240.440065 529.955752
239.936911 530.827241
239.433757 531.698730
238.930602 532.570219
237.924293 534.313197
237.421139 535.184686
236.917984 536.056175
236.414830 536.927664
235.911675 537.799153
235.408521 538.670642
234.905366 539.542131
234.402212 540.413620
233.899058 541.285110
233.395903 542.156599
231.886440 544.771066
229.873822 548.257022
229.370667 549.128511
228.867513 550.000000
225.847181 550.000000
223.833626 550.000000
215.779406 550.000000
213.765851 550.000000
199.670967 550.000000
195.643857 550.000000
193.630302 550.000000
191.616748 550.000000
176.515086 550.000000
173.494754 550.000000
172.487976 550.000000
168.460866 550.000000
166.447311 550.000000
164.433757 550.000000
163.426979 550.000000
162.420202 550.000000
158.393092 550.000000
157.386314 550.000000
156.379537 550.000000
153.359205 550.000000
152.352427 550.000000
151.345650 550.000000
150.338872 550.000000
147.318540 550.000000
146.311762 550.000000
144.298208 550.000000
141.277875 550.000000
138.257543 550.000000
136.243988 550.000000
134.230433 550.000000
133.223656 550.000000
126.176214 550.000000
123.155881 550.000000
121.142326 550.000000
118.121994 550.000000
110.067774 550.000000
100.000000 550.000000
