1000
101.001866 450.000000
107.013062 450.000000
109.016794 450.000000
111.020526 450.000000
112.022392 450.000000
113.024258 450.000000
114.026124 450.000000
116.029856 450.000000
117.031722 450.000000
124.044784 450.000000
125.046650 450.000000
127.050382 450.000000
129.054114 450.000000
132.059712 450.000000
133.061578 450.000000
143.080239 450.000000
147.087703 450.000000
152.097033 450.000000
157.106363 450.000000
158.108229 450.000000
162.115693 450.000000
164.119425 450.000000
166.123157 450.000000
168.126889 450.000000
169.128755 450.000000
170.130621 450.000000
171.132487 450.000000
172.137169 448.259840
175.151214 443.039361
182.183986 430.858243
182.686326 429.988163
184.695690 426.507843
189.216757 418.677125
190.221439 416.936965
192.230803 413.456645
192.733143 412.586565
198.258893 403.015687
199.263574 401.275527
200.770597 398.665288
201.272938 397.795208
203.784642 393.444808
205.794005 389.964489
209.310391 383.873930
210.817414 381.263690
212.826777 377.783371
216.845504 370.822732
218.854867 367.342412
219.357208 366.472332
222.371253 361.251853
223.375935 359.511693
226.389980 354.291214
232.418070 343.850256
235.432115 338.629776
235.934456 337.759696
245.478932 321.228179
246.483614 319.488019
247.488296 317.747859
248.492977 316.007700
250.000000 313.397460
252.009363 316.877779
253.014045 318.617939
253.516386 319.488019
256.530431 324.708498
257.032772 325.578578
258.539794 328.188818
259.042135 329.058898
263.060862 336.019537
263.563203 336.889617
267.581930 343.850256
268.084270 344.720335
268.586611 345.590415
269.591293 347.330575
270.093634 348.200655
272.605338 352.551054
273.610020 354.291214
277.628747 361.251853
280.140451 365.602252
281.647473 368.212492
282.652155 369.952652
284.159178 372.562891
288.177904 379.523530
288.680245 380.393610
290.689609 383.873930
297.220040 395.184968
303.750471 406.496006
308.773879 415.196805
309.276220 416.066885
310.280902 417.807045
311.787924 420.417284
316.308992 428.248003
316.811333 429.118083
320.327719 435.208642
322.337082 438.688962
323.341764 440.429121
323.844105 441.299201
324.346445 442.169281
324.848786 443.039361
326.858150 446.519681
329.873822 450.000000
330.880131 450.000000
332.892749 450.000000
333.899058 450.000000
334.905366 450.000000
335.911675 450.000000
336.917984 450.000000
339.936911 450.000000
340.943220 450.000000
341.949529 450.000000
344.968455 450.000000
345.974764 450.000000
346.981073 450.000000
347.987382 450.000000
352.012618 450.000000
356.037853 450.000000
358.050471 450.000000
359.056780 450.000000
360.063089 450.000000
361.069398 450.000000
363.082016 450.000000
364.088325 450.000000
365.094634 450.000000
367.107251 450.000000
368.113560 450.000000
369.119869 450.000000
371.132487 450.000000
371.635641 449.128511
372.138796 448.257022
372.641950 447.385533
374.151414 444.771066
375.157722 443.028088
377.673495 438.670642
378.176649 437.799153
379.686112 435.184686
380.692421 433.441708
381.195576 432.570219
381.698730 431.698730
382.705039 429.955752
383.208193 429.084263
384.214502 427.341285
385.220811 425.598307
385.723965 424.726818
386.227120 423.855329
386.730274 422.983840
387.736583 421.240861
388.742892 419.497883
390.252355 416.883416
391.761819 414.268949
392.264973 413.397460
391.762632 412.527380
389.250928 408.176981
382.720497 396.865942
382.218156 395.995862
381.715815 395.125783
381.213474 394.255703
380.208793 392.515543
379.706452 391.645463
378.199429 389.035223
376.692407 386.424984
376.190066 385.554904
373.678362 381.204504
372.171339 378.594265
367.650271 370.763546
367.147931 369.893466
366.645590 369.023386
366.143249 368.153306
365.640908 367.283226
364.636226 365.543067
363.631545 363.802907
360.617500 358.582428
357.101114 352.491868
355.594091 349.881629
351.073024 342.050910
350.068342 340.310750
349.063660 338.570590
348.561319 337.700511
348.058978 336.830431
344.040252 329.869792
342.533229 327.259552
342.030888 326.389472
341.026207 324.649312
340.021525 322.909153
339.519184 322.039073
336.505139 316.818593
334.998116 314.208354
334.495776 313.338274
333.491094 311.598114
330.979390 307.247715
330.477049 306.377635
329.472367 304.637475
327.965345 302.027235
322.941936 293.326437
319.425550 287.235878
314.904483 279.405159
314.402142 276.794919
319.425550 276.794919
325.453640 276.794919
326.458322 276.794919
327.463004 276.794919
333.491094 276.794919
338.514503 276.794919
339.519184 276.794919
342.533229 276.794919
347.556638 276.794919
354.589410 276.794919
355.594091 276.794919
366.645590 276.794919
373.678362 276.794919
379.706452 276.794919
380.711134 276.794919
383.725179 276.794919
395.781359 276.794919
397.790723 276.794919
401.809450 276.794919
403.818813 276.794919
407.837540 276.794919
409.846903 276.794919
413.865630 276.794919
419.893720 276.794919
423.912447 276.794919
424.917129 276.794919
426.926492 276.794919
429.940537 276.794919
433.959264 276.794919
437.977991 276.794919
441.996718 276.794919
443.001399 276.794919
446.015444 276.794919
451.038853 276.794919
453.048216 276.794919
458.071625 276.794919
460.080988 276.794919
463.095033 276.794919
471.132487 276.794919
472.137169 275.054759
473.141850 273.314600
476.658236 267.224040
477.160577 266.353961
478.165259 264.613801
478.667600 263.743721
482.686326 256.783082
483.691008 255.042922
485.198031 252.432683
486.202712 250.692523
487.709735 248.082283
496.249529 233.290925
497.254211 231.550766
498.258893 229.810606
498.761234 228.940526
503.784642 220.239727
504.789324 218.499568
506.798687 215.019248
508.808051 211.538929
510.817414 208.058609
512.324436 205.448369
518.854867 194.137331
520.864231 190.657012
521.868913 188.916852
522.873594 187.176692
526.892321 180.216053
528.399344 177.605814
529.906366 174.995574
530.911048 173.255414
535.432115 165.424695
535.934456 164.554615
536.436797 163.684536
538.446161 160.204216
539.953183 157.593976
542.464887 153.243577
545.478932 148.023098
548.492977 142.802619
550.000000 140.192379
554.018727 147.153018
555.525749 149.763258
556.530431 151.503417
557.032772 152.373497
560.549158 158.464056
562.056180 161.074296
562.558521 161.944376
563.563203 163.684536
572.102997 178.475893
574.112361 181.956213
575.619383 184.566453
576.121724 185.436532
578.131087 188.916852
579.135769 190.657012
579.638110 191.527091
583.656837 198.487730
590.689609 210.668849
593.201313 215.019248
593.703654 215.889328
595.210676 218.499568
602.745789 231.550766
608.271538 241.121644
608.773879 241.991724
610.280902 244.601964
613.797288 250.692523
617.313674 256.783082
624.346445 268.964200
627.862831 275.054759
628.365172 275.924839
631.881558 276.794919
639.919012 276.794919
643.937739 276.794919
654.989237 276.794919
655.993919 276.794919
659.007964 276.794919
660.012646 276.794919
670.059463 276.794919
675.082871 276.794919
682.115643 276.794919
690.153097 276.794919
705.223322 276.794919
706.228004 276.794919
715.270139 276.794919
717.279503 276.794919
719.288866 276.794919
726.321638 276.794919
730.340365 276.794919
731.345046 276.794919
732.349728 276.794919
733.354410 276.794919
737.373137 276.794919
740.387182 276.794919
743.401227 276.794919
747.419954 276.794919
748.424635 276.794919
757.466771 276.794919
759.476134 276.794919
762.490179 276.794919
780.574450 276.794919
781.076791 286.365798
780.574450 287.235878
779.569768 288.976037
779.067427 289.846117
778.062746 291.586277
776.555723 294.196517
774.546360 297.676836
773.541678 299.416996
771.532315 302.897315
770.527633 304.637475
769.522951 306.377635
766.508906 311.598114
763.997202 315.948514
762.992520 317.688673
757.466771 327.259552
756.462089 328.999712
747.922295 343.791070
746.917613 345.531229
744.405909 349.881629
739.382500 358.582428
738.880160 359.452508
737.373137 362.062747
732.852069 369.893466
732.349729 370.763546
729.335683 375.984025
726.823979 380.334425
726.321638 381.204504
725.819297 382.074584
724.312275 384.684824
723.809934 385.554904
722.805252 387.295064
720.293548 391.645463
715.772481 399.476182
713.763117 402.956501
707.735027 413.397460
708.741336 415.140438
710.250799 417.754905
710.753954 418.626394
711.257108 419.497883
711.760262 420.369372
712.263417 421.240861
712.766571 422.112350
713.772880 423.855329
714.779189 425.598307
715.282343 426.469796
715.785498 427.341285
716.288652 428.212774
716.791807 429.084263
717.294961 429.955752
717.798116 430.827241
718.301270 431.698730
718.804424 432.570219
719.307579 433.441708
721.320197 436.927664
722.326505 438.670642
722.829660 439.542131
724.842278 443.028088
725.345432 443.899577
725.848586 444.771066
726.351741 445.642555
726.854895 446.514044
727.358050 447.385533
727.861204 448.257022
728.867513 450.000000
729.873822 450.000000
730.880131 450.000000
731.886440 450.000000
734.905366 450.000000
735.911675 450.000000
737.924293 450.000000
738.930602 450.000000
739.936911 450.000000
740.943220 450.000000
741.949529 450.000000
742.955838 450.000000
743.962147 450.000000
744.968455 450.000000
745.974764 450.000000
746.981073 450.000000
747.987382 450.000000
751.006309 450.000000
752.012618 450.000000
754.025236 450.000000
756.037853 450.000000
757.044162 450.000000
760.063089 450.000000
763.082016 450.000000
764.088325 450.000000
765.094634 450.000000
766.100942 450.000000
769.119869 450.000000
770.126178 450.000000
771.132487 450.000000
771.132487 450.000000
774.146532 444.779521
774.648873 443.909441
779.169941 436.078722
779.672281 435.208642
786.705053 423.027524
787.709735 421.287364
788.212076 420.417284
793.737825 410.846406
795.244848 408.236166
798.258893 403.015687
800.268256 399.535367
800.770597 398.665288
802.277620 396.055048
804.789324 391.704649
805.794005 389.964489
810.315073 382.133770
813.329118 376.913291
814.333800 375.173131
815.840822 372.562891
825.385298 356.031374
830.408707 347.330575
830.911048 346.460495
834.427434 340.369936
836.939138 336.019537
838.446161 333.409297
842.967228 325.578578
846.483614 319.488019
847.488296 317.747859
848.995318 315.137620
851.507023 316.007700
853.014045 318.617939
853.516386 319.488019
855.023408 322.098259
856.028090 323.838418
856.530431 324.708498
858.037454 327.318738
859.042135 329.058898
865.572566 340.369936
867.581930 343.850256
874.112361 355.161294
875.117042 356.901454
875.619383 357.771534
878.633428 362.992013
880.642792 366.472332
882.652155 369.952652
884.159178 372.562891
884.661518 373.432971
885.666200 375.173131
889.182586 381.263690
889.684927 382.133770
890.689609 383.873930
891.694290 385.614089
894.205995 389.964489
896.717699 394.314888
899.731744 399.535367
900.234085 400.405447
900.736426 401.275527
902.243448 403.885767
908.773879 415.196805
910.783243 418.677125
913.797288 423.897604
920.830059 436.078722
922.337082 438.688962
924.346445 442.169281
928.867513 450.000000
931.873111 450.000000
932.874977 450.000000
938.886173 450.000000
940.889905 450.000000
941.891771 450.000000
943.895503 450.000000
945.899235 450.000000
946.901101 450.000000
947.902967 450.000000
951.910431 450.000000
954.916029 450.000000
956.919761 450.000000
958.923493 450.000000
963.932823 450.000000
973.951484 450.000000
974.953350 450.000000
975.955216 450.000000
978.960814 450.000000
980.964546 450.000000
981.966412 450.000000
982.968278 450.000000
983.970144 450.000000
986.975742 450.000000
989.981340 450.000000
991.985072 450.000000
992.986938 450.000000
996.994402 450.000000
997.996268 450.000000
1000.000000 450.000000
1000.000000 450.000000
1000.000000 457.000000
1000.000000 459.000000
1000.000000 462.000000
1000.000000 467.000000
1000.000000 469.000000
1000.000000 470.000000
1000.000000 473.000000
1000.000000 478.000000
1000.000000 483.000000
1000.000000 488.000000
1000.000000 490.000000
1000.000000 491.000000
1000.000000 492.000000
1000.000000 493.000000
1000.000000 496.000000
1000.000000 506.000000
1000.000000 514.000000
1000.000000 516.000000
1000.000000 520.000000
1000.000000 521.000000
1000.000000 523.000000
1000.000000 524.000000
1000.000000 529.000000
1000.000000 531.000000
1000.000000 534.000000
1000.000000 538.000000
1000.000000 540.000000
1000.000000 544.000000
1000.000000 548.000000
997.986445 550.000000
996.979668 550.000000
993.959335 550.000000
992.952558 550.000000
989.932226 550.000000
987.918671 550.000000
985.905116 550.000000
971.810232 550.000000
969.796677 550.000000
965.769567 550.000000
962.749235 550.000000
951.674683 550.000000
949.661128 550.000000
939.593353 550.000000
938.586576 550.000000
934.559466 550.000000
933.552689 550.000000
932.545911 550.000000
931.539134 550.000000
924.491692 550.000000
923.484914 550.000000
922.478137 550.000000
917.444249 550.000000
916.437472 550.000000
915.430695 550.000000
911.403585 550.000000
910.396807 550.000000
909.390030 550.000000
907.376475 550.000000
902.342588 550.000000
900.329033 550.000000
894.288368 550.000000
893.281591 550.000000
891.268036 550.000000
886.234149 550.000000
884.220594 550.000000
883.213816 550.000000
879.186707 550.000000
878.179929 550.000000
877.173152 550.000000
874.152819 550.000000
872.139264 550.000000
871.132487 550.000000
870.126178 548.257022
869.119869 546.514044
867.610406 543.899577
867.107251 543.028088
866.604097 542.156599
866.100942 541.285110
865.597788 540.413620
864.591479 538.670642
862.578861 535.184686
862.075707 534.313197
861.069398 532.570219
859.559935 529.955752
859.056780 529.084263
858.553626 528.212774
858.050471 527.341285
857.547317 526.469796
857.044162 525.598307
855.534699 522.983840
855.031545 522.112350
853.018927 518.626394
852.012618 516.883416
851.509463 516.011927
850.503154 514.268949
850.000000 513.397460
849.496846 514.268949
848.993691 515.140438
848.490537 516.011927
847.987382 516.883416
846.477919 519.497883
845.974764 520.369372
845.471610 521.240861
844.968455 522.112350
844.465301 522.983840
843.458992 524.726818
842.452683 526.469796
840.943220 529.084263
840.440065 529.955752
839.936911 530.827241
838.930602 532.570219
838.427448 533.441708
837.924293 534.313197
836.414830 536.927664
835.408521 538.670642
834.402212 540.413620
833.899058 541.285110
832.389594 543.899577
831.886440 544.771066
830.880131 546.514044
830.376976 547.385533
829.873822 548.257022
828.867513 550.000000
827.862831 550.000000
822.839423 550.000000
821.834741 550.000000
819.825378 550.000000
815.806651 550.000000
810.783243 550.000000
807.769197 550.000000
804.755152 550.000000
797.722380 550.000000
794.708335 550.000000
789.684927 550.000000
784.661518 550.000000
781.647473 550.000000
779.638110 550.000000
776.624065 550.000000
769.591293 550.000000
768.586611 550.000000
764.567885 550.000000
761.553839 550.000000
760.549158 550.000000
758.539794 550.000000
752.511704 550.000000
750.502341 550.000000
747.488296 550.000000
743.469569 550.000000
737.441479 550.000000
730.408707 550.000000
726.389980 550.000000
725.385298 550.000000
723.375935 550.000000
722.371253 550.000000
714.333800 550.000000
713.329118 550.000000
708.305710 550.000000
704.286983 550.000000
700.268256 550.000000
693.235484 550.000000
684.193349 550.000000
681.179304 550.000000
677.160577 550.000000
676.155895 550.000000
672.137169 550.000000
670.630146 549.129920
669.625464 547.389760
664.602056 538.688962
660.583329 531.728323
660.080988 530.858243
659.578647 529.988163
659.076307 529.118083
658.573966 528.248003
657.066943 525.637764
655.057580 522.157444
653.550557 519.547204
649.531830 512.586565
645.010763 504.755847
642.499058 500.405447
640.992036 497.795208
638.982672 494.314888
638.480332 493.444808
637.977991 492.574728
625.921810 471.692811
623.410106 467.342412
615.372652 453.421134
613.363289 449.940815
610.349244 444.720335
609.344562 442.980176
608.339880 441.240016
607.335199 439.499856
606.832858 438.629776
605.828176 436.889617
601.307108 429.058898
598.293063 423.838418
594.274336 416.877779
593.269655 415.137620
592.768127 412.525971
593.271282 411.654482
594.780745 409.040015
595.283900 408.168526
596.290209 406.425547
597.799672 403.811080
598.302826 402.939591
598.805981 402.068102
599.812290 400.325124
600.315444 399.453635
601.321753 397.710657
603.837525 393.353211
604.340680 392.481722
604.843834 391.610233
605.850143 389.867255
606.353298 388.995766
607.359607 387.252788
607.862761 386.381299
608.869070 384.638321
609.372224 383.766832
609.875379 382.895342
610.881688 381.152364
612.894306 377.666408
612.391151 376.794919
611.384842 376.794919
608.365916 376.794919
607.359607 376.794919
606.353298 376.794919
605.346989 376.794919
604.340680 376.794919
603.334371 376.794919
602.328062 376.794919
599.309136 376.794919
597.296518 376.794919
595.283900 376.794919
593.271282 376.794919
592.264973 376.794919
588.239738 376.794919
587.233429 376.794919
586.227120 376.794919
583.208194 376.794919
582.201885 376.794919
579.182958 376.794919
578.176649 376.794919
577.170340 376.794919
576.164031 376.794919
574.151414 376.794919
573.145105 376.794919
572.138796 376.794919
570.629333 375.923430
570.126178 375.051941
569.623024 374.180452
569.119869 373.308963
567.610406 370.694496
567.107251 369.823007
566.100942 368.080029
565.597788 367.208539
565.094634 366.337050
564.088325 364.594072
563.585170 363.722583
562.578861 361.979605
562.075707 361.108116
559.559935 356.750671
559.056780 355.879182
558.553626 355.007693
557.547317 353.264715
556.541008 351.521737
554.528390 348.035780
552.515772 344.549824
552.012618 343.678335
551.509463 342.806846
551.006309 341.935357
550.000000 340.192379
549.496846 341.063868
546.477919 346.292802
545.471610 348.035780
544.968455 348.907269
544.465301 349.778759
543.962147 350.650248
542.955838 352.393226
542.452683 353.264715
541.446374 355.007693
539.936911 357.622160
539.433757 358.493649
538.930602 359.365138
537.924293 361.108116
536.917984 362.851094
536.414830 363.722583
535.911675 364.594072
534.402212 367.208539
533.899058 368.080029
533.395903 368.951518
531.886440 371.565985
530.880131 373.308963
530.376976 374.180452
529.370667 375.923430
528.867513 376.794919
523.835969 376.794919
521.823351 376.794919
520.817042 376.794919
519.810733 376.794919
518.804424 376.794919
517.798115 376.794919
511.760262 376.794919
510.753953 376.794919
509.747644 376.794919
508.741335 376.794919
507.735027 376.794919
506.728718 376.794919
505.722409 376.794919
501.697173 376.794919
500.690864 376.794919
499.684555 376.794919
498.678247 376.794919
496.665629 376.794919
494.653011 376.794919
492.640393 376.794919
491.634084 376.794919
490.627776 376.794919
488.615158 376.794919
486.602540 376.794919
487.105694 377.666408
488.112003 379.409386
488.615158 380.280875
489.118312 381.152364
489.621467 382.023853
490.124621 382.895342
491.130930 384.638321
491.634085 385.509810
492.137239 386.381299
492.640393 387.252788
493.143548 388.124277
493.646702 388.995766
494.149857 389.867255
494.653011 390.738744
495.156166 391.610233
495.659320 392.481722
496.162475 393.353211
497.671938 395.967679
499.181401 398.582146
499.684556 399.453635
500.187710 400.325124
501.697174 402.939591
502.200328 403.811080
502.703482 404.682569
503.709791 406.425547
504.212946 407.297036
505.722409 409.911504
506.225564 410.782993
507.735027 413.397460
506.730345 415.137620
504.720982 418.617939
502.209278 422.968339
494.171824 436.889617
493.669483 437.759696
490.153097 443.850256
487.641393 448.200655
485.129689 452.551054
483.622666 455.161294
480.608621 460.381773
478.599257 463.862093
478.096917 464.732172
476.589894 467.342412
475.585212 469.082572
474.078190 471.692811
471.566486 476.043211
468.552440 481.263690
468.050100 482.133770
465.538395 486.484169
462.022009 492.574728
459.007964 497.795208
457.500942 500.405447
456.998601 501.275527
454.989237 504.755847
454.486897 505.625926
451.472851 510.846406
449.463488 514.326725
446.951784 518.677125
441.928375 527.377923
441.426034 528.248003
437.407308 535.208642
436.402626 536.948802
431.881558 544.779521
428.867513 550.000000
420.830059 550.000000
419.825378 550.000000
414.801969 550.000000
404.755152 550.000000
401.741107 550.000000
393.703654 550.000000
392.698972 550.000000
384.661518 550.000000
378.633428 550.000000
373.610020 550.000000
366.577248 550.000000
364.567885 550.000000
362.558521 550.000000
360.549158 550.000000
356.530431 550.000000
353.516386 550.000000
342.464887 550.000000
327.394662 550.000000
322.371253 550.000000
321.366572 550.000000
316.343163 550.000000
313.329118 550.000000
301.272938 550.000000
300.268256 550.000000
296.249529 550.000000
295.244848 550.000000
294.240166 550.000000
292.230803 550.000000
288.212076 550.000000
284.193349 550.000000
274.146532 550.000000
272.137169 550.000000
271.132487 550.000000
270.629333 549.128511
269.623024 547.385533
269.119869 546.514044
268.616715 545.642555
267.107251 543.028088
266.604097 542.156599
265.094634 539.542131
264.088325 537.799153
263.082016 536.056175
261.572552 533.441708
259.559935 529.955752
259.056780 529.084263
258.553626 528.212774
258.050471 527.341285
256.541008 524.726818
255.031545 522.112350
254.528390 521.240861
254.025236 520.369372
253.522081 519.497883
252.515772 517.754905
251.006309 515.140438
250.503154 514.268949
250.000000 513.397460
249.496846 514.268949
247.987382 516.883416
247.484228 517.754905
246.981073 518.626394
244.465301 522.983840
243.962147 523.855329
241.949529 527.341285
240.943220 529.084263
240.440065 529.955752
239.433757 531.698730
238.930602 532.570219
238.427448 533.441708
236.917984 536.056175
235.911675 537.799153
234.402212 540.413620
233.899058 541.285110
231.383285 545.642555
230.376976 547.385533
229.873822 548.257022
229.370667 549.128511
228.867513 550.000000
227.860736 550.000000
226.853958 550.000000
220.813293 550.000000
206.718409 550.000000
205.711632 550.000000
191.616748 550.000000
184.569305 550.000000
178.528641 550.000000
174.501531 550.000000
171.481199 550.000000
164.433757 550.000000
156.379537 550.000000
153.359205 550.000000
149.332095 550.000000
144.298208 550.000000
136.243988 550.000000
134.230433 550.000000
133.223656 550.000000
130.203323 550.000000
122.149104 550.000000
115.101662 550.000000
110.067774 550.000000
102.013555 550.000000
