1870
101.001866 450.000000
102.003732 450.000000
103.005598 450.000000
104.007464 450.000000
107.013062 450.000000
109.016794 450.000000
111.020526 450.000000
112.022392 450.000000
114.026124 450.000000
115.027990 450.000000
120.037320 450.000000
121.039186 450.000000
122.041052 450.000000
123.042918 450.000000
124.044784 450.000000
125.046650 450.000000
126.048516 450.000000
129.054114 450.000000
130.055980 450.000000
132.059712 450.000000
133.061578 450.000000
134.063444 450.000000
135.065310 450.000000
136.067177 450.000000
137.069043 450.000000
139.072775 450.000000
141.076507 450.000000
142.078373 450.000000
144.082105 450.000000
145.083971 450.000000
146.085837 450.000000
148.089569 450.000000
149.091435 450.000000
150.093301 450.000000
151.095167 450.000000
152.097033 450.000000
153.098899 450.000000
154.100765 450.000000
155.102631 450.000000
156.104497 450.000000
157.106363 450.000000
158.108229 450.000000
159.110095 450.000000
162.115693 450.000000
163.117559 450.000000
164.119425 450.000000
165.121291 450.000000
166.123157 450.000000
171.132487 450.000000
171.132487 450.000000
172.639510 447.389760
173.141850 446.519681
174.648873 443.909441
175.151214 443.039361
176.658236 440.429121
177.160577 439.559042
177.662918 438.688962
178.165259 437.818882
180.174622 434.338562
180.676963 433.468482
182.183986 430.858243
182.686326 429.988163
183.188667 429.118083
183.691008 428.248003
184.695690 426.507843
185.700372 424.767684
186.202712 423.897604
186.705053 423.027524
188.212076 420.417284
188.714417 419.547204
189.216757 418.677125
189.719098 417.807045
191.728462 414.326725
192.230803 413.456645
192.733143 412.586565
193.235484 411.716486
194.742507 409.106246
195.747189 407.366086
196.249529 406.496006
196.751870 405.625926
201.775279 396.925128
202.277620 396.055048
202.779960 395.184968
203.784642 393.444808
204.286983 392.574728
205.291665 390.834569
205.794005 389.964489
206.296346 389.094409
206.798687 388.224329
207.301028 387.354249
207.803369 386.484169
208.305710 385.614089
208.808051 384.744010
209.310391 383.873930
211.319755 380.393610
211.822096 379.523530
217.850186 369.082572
218.352527 368.212492
221.366572 362.992013
222.371253 361.251853
222.873594 360.381773
228.901684 349.940815
229.404025 349.070735
230.408707 347.330575
231.413389 345.590415
234.929775 339.499856
237.441479 335.149457
238.446161 333.409297
240.455524 329.928978
240.957865 329.058898
242.464887 326.448658
242.967228 325.578578
243.469569 324.708498
243.971910 323.838418
244.474251 322.968339
244.976592 322.098259
245.478932 321.228179
246.483614 319.488019
246.985955 318.617939
249.497659 314.267540
250.000000 313.397460
252.511704 317.747859
253.516386 319.488019
254.018727 320.358099
256.530431 324.708498
258.539794 328.188818
261.553839 333.409297
263.060862 336.019537
263.563203 336.889617
265.070225 339.499856
266.577248 342.110096
267.581930 343.850256
268.084270 344.720335
268.586611 345.590415
269.088952 346.460495
269.591293 347.330575
270.595975 349.070735
271.098316 349.940815
272.605338 352.551054
273.107679 353.421134
273.610020 354.291214
274.112361 355.161294
275.117042 356.901454
275.619383 357.771534
276.121724 358.641613
278.131087 362.121933
279.135769 363.862093
279.638110 364.732172
281.145133 367.342412
282.652155 369.952652
283.154496 370.822732
284.159178 372.562891
284.661518 373.432971
285.666200 375.173131
286.168541 376.043211
291.694290 385.614089
292.196631 386.484169
294.708335 390.834569
295.210676 391.704649
295.713017 392.574728
296.215358 393.444808
297.722380 396.055048
299.731744 399.535367
300.234085 400.405447
300.736426 401.275527
302.243448 403.885767
303.750471 406.496006
304.252811 407.366086
304.755152 408.236166
305.257493 409.106246
305.759834 409.976326
306.262175 410.846406
307.266857 412.586565
307.769197 413.456645
308.271538 414.326725
308.773879 415.196805
310.783243 418.677125
311.787924 420.417284
312.290265 421.287364
312.792606 422.157444
313.294947 423.027524
315.304310 426.507843
315.806651 427.377923
316.811333 429.118083
317.313674 429.988163
320.327719 435.208642
320.830059 436.078722
321.834741 437.818882
322.337082 438.688962
323.341764 440.429121
323.844105 441.299201
324.346445 442.169281
324.848786 443.039361
325.351127 443.909441
327.360490 447.389760
327.862831 448.259840
328.365172 449.129920
328.867513 450.000000
329.873822 450.000000
330.880131 450.000000
331.886440 450.000000
332.892749 450.000000
333.899058 450.000000
334.905366 450.000000
335.911675 450.000000
336.917984 450.000000
337.924293 450.000000
338.930602 450.000000
339.936911 450.000000
340.943220 450.000000
341.949529 450.000000
342.955838 450.000000
343.962147 450.000000
344.968455 450.000000
346.981073 450.000000
347.987382 450.000000
348.993691 450.000000
350.000000 450.000000
351.006309 450.000000
353.018927 450.000000
354.025236 450.000000
355.031545 450.000000
356.037853 450.000000
357.044162 450.000000
358.050471 450.000000
359.056780 450.000000
360.063089 450.000000
361.069398 450.000000
362.075707 450.000000
363.082016 450.000000
364.088325 450.000000
365.094634 450.000000
366.100942 450.000000
367.107251 450.000000
368.113560 450.000000
369.119869 450.000000
370.126178 450.000000
371.132487 450.000000
371.635641 449.128511
372.138796 448.257022
373.145105 446.514044
373.648259 445.642555
374.151414 444.771066
374.654568 443.899577
375.157722 443.028088
375.660877 442.156599
376.164031 441.285110
376.667186 440.413620
377.170340 439.542131
377.673495 438.670642
378.679803 436.927664
379.182958 436.056175
379.686112 435.184686
380.189267 434.313197
380.692421 433.441708
381.195576 432.570219
381.698730 431.698730
382.201884 430.827241
382.705039 429.955752
383.208193 429.084263
383.711348 428.212774
384.214502 427.341285
384.717657 426.469796
385.220811 425.598307
385.723965 424.726818
386.227120 423.855329
386.730274 422.983840
387.233429 422.112350
387.736583 421.240861
389.246046 418.626394
389.749201 417.754905
390.252355 416.883416
390.755510 416.011927
391.258664 415.140438
391.761819 414.268949
392.264973 413.397460
392.264973 413.397460
391.762632 412.527380
391.260291 411.657300
390.757950 410.787220
390.255610 409.917140
389.250928 408.176981
388.246246 406.436821
387.743905 405.566741
386.739224 403.826581
384.227519 399.476182
382.720497 396.865942
381.715815 395.125783
381.213474 394.255703
379.706452 391.645463
378.701770 389.905303
378.199429 389.035223
377.194748 387.295064
376.692407 386.424984
376.190066 385.554904
375.185384 383.814744
374.683043 382.944664
374.180703 382.074584
373.678362 381.204504
372.673680 379.464345
372.171339 378.594265
371.166657 376.854105
370.161976 375.113945
369.157294 373.373786
367.650271 370.763546
367.147931 369.893466
366.645590 369.023386
365.138567 366.413147
364.636226 365.543067
362.626863 362.062747
360.617500 358.582428
359.612818 356.842268
358.608136 355.102108
357.603455 353.361948
356.598773 351.621789
356.096432 350.751709
355.091750 349.011549
354.087069 347.271389
353.584728 346.401309
351.575364 342.920990
350.068342 340.310750
349.063660 338.570590
348.058978 336.830431
347.556638 335.960351
347.054297 335.090271
346.049615 333.350111
345.547274 332.480031
342.533229 327.259552
342.030888 326.389472
340.523866 323.779232
340.021525 322.909153
339.519184 322.039073
339.016843 321.168993
337.509821 318.558753
337.007480 317.688673
336.505139 316.818593
336.002798 315.948514
335.500457 315.078434
334.998116 314.208354
331.984071 308.987875
330.477049 306.377635
329.974708 305.507555
329.472367 304.637475
328.970026 303.767395
328.467685 302.897315
327.965345 302.027235
326.458322 299.416996
325.453640 297.676836
324.951299 296.806756
324.448959 295.936676
323.946618 295.066596
323.444277 294.196517
320.430232 288.976037
319.927891 288.105957
319.425550 287.235878
318.420868 285.495718
315.909164 281.145318
315.406823 280.275239
314.904483 279.405159
314.402142 278.535079
313.397460 276.794919
318.420869 276.794919
319.425550 276.794919
322.439595 276.794919
323.444277 276.794919
324.448959 276.794919
326.458322 276.794919
327.463004 276.794919
328.467686 276.794919
331.481731 276.794919
334.495776 276.794919
337.509821 276.794919
343.537911 276.794919
344.542593 276.794919
345.547274 276.794919
352.580046 276.794919
354.589410 276.794919
355.594091 276.794919
356.598773 276.794919
357.603455 276.794919
362.626863 276.794919
366.645590 276.794919
370.664317 276.794919
371.668999 276.794919
372.673680 276.794919
378.701771 276.794919
379.706452 276.794919
380.711134 276.794919
381.715816 276.794919
386.739224 276.794919
388.748588 276.794919
390.757951 276.794919
392.767314 276.794919
394.776678 276.794919
396.786041 276.794919
399.800086 276.794919
400.804768 276.794919
403.818813 276.794919
413.865630 276.794919
414.870312 276.794919
415.874993 276.794919
417.884357 276.794919
418.889039 276.794919
425.921810 276.794919
428.935856 276.794919
430.945219 276.794919
431.949901 276.794919
433.959264 276.794919
438.982673 276.794919
439.987354 276.794919
445.010763 276.794919
446.015444 276.794919
447.020126 276.794919
449.029490 276.794919
457.066943 276.794919
458.071625 276.794919
460.080988 276.794919
461.085670 276.794919
463.095033 276.794919
468.118442 276.794919
470.127805 276.794919
471.132487 276.794919
471.132487 276.794919
471.634828 275.924839
474.648873 270.704360
475.653555 268.964200
476.658236 267.224040
477.160577 266.353961
477.662918 265.483881
479.169941 262.873641
479.672281 262.003561
482.183986 257.653162
484.193349 254.172842
485.700372 251.562603
486.705053 249.822443
487.709735 248.082283
488.212076 247.212203
489.216757 245.472044
489.719098 244.601964
490.723780 242.861804
491.226121 241.991724
491.728462 241.121644
492.230803 240.251564
494.240166 236.771245
496.249529 233.290925
496.751870 232.420845
497.756552 230.680686
500.268256 226.330286
502.779960 221.979887
503.784642 220.239727
505.291665 217.629488
505.794005 216.759408
507.301028 214.149168
510.817414 208.058609
511.319755 207.188529
511.822096 206.318449
512.324436 205.448369
512.826777 204.578290
513.329118 203.708210
513.831459 202.838130
514.333800 201.968050
514.836141 201.097970
517.347845 196.747571
517.850186 195.877491
518.854867 194.137331
520.864231 190.657012
522.371253 188.046772
522.873594 187.176692
523.375935 186.306612
523.878276 185.436532
525.385298 182.826293
525.887639 181.956213
528.399344 177.605814
528.901684 176.735734
529.906366 174.995574
530.408707 174.125494
530.911048 173.255414
531.413389 172.385334
531.915730 171.515254
532.418070 170.645175
533.422752 168.905015
533.925093 168.034935
535.934456 164.554615
536.939138 162.814456
538.446161 160.204216
538.948501 159.334136
540.957865 155.853817
542.464887 153.243577
542.967228 152.373497
543.469569 151.503417
543.971910 150.633337
544.976592 148.893178
546.483614 146.282938
546.985955 145.412858
548.492977 142.802619
548.995318 141.932539
550.000000 140.192379
552.009363 143.672698
553.014045 145.412858
556.028090 150.633337
556.530431 151.503417
557.032772 152.373497
557.535113 153.243577
558.037454 154.113657
559.042135 155.853817
559.544476 156.723897
560.046817 157.593976
560.549158 158.464056
562.558521 161.944376
565.572566 167.164855
566.577248 168.905015
567.581930 170.645175
569.088952 173.255414
569.591293 174.125494
574.112361 181.956213
575.117042 183.696373
575.619383 184.566453
579.135769 190.657012
580.140451 192.397171
580.642792 193.267251
581.145133 194.137331
583.656837 198.487730
584.159178 199.357810
585.163859 201.097970
586.168541 202.838130
587.675564 205.448369
588.680245 207.188529
589.684927 208.928689
590.689609 210.668849
591.191949 211.538929
591.694290 212.409008
592.196631 213.279088
593.201313 215.019248
594.205995 216.759408
595.210676 218.499568
596.215358 220.239727
596.717699 221.109807
598.224721 223.720047
600.234085 227.200366
601.238766 228.940526
601.741107 229.810606
602.745789 231.550766
603.248130 232.420845
606.262175 237.641325
606.764516 238.511405
607.769197 240.251564
609.276220 242.861804
611.285583 246.342123
611.787924 247.212203
612.290265 248.082283
612.792606 248.952363
613.797288 250.692523
615.806651 254.172842
617.313674 256.783082
617.816014 257.653162
618.318355 258.523242
618.820696 259.393322
619.323037 260.263401
620.327719 262.003561
621.332400 263.743721
623.844105 268.094120
624.848786 269.834280
625.351127 270.704360
625.853468 271.574440
626.355809 272.444520
627.360490 274.184679
627.862831 275.054759
628.365172 275.924839
628.867513 276.794919
629.872195 276.794919
631.881558 276.794919
634.895603 276.794919
636.904967 276.794919
637.909648 276.794919
639.919012 276.794919
640.923693 276.794919
642.933057 276.794919
643.937739 276.794919
644.942420 276.794919
645.947102 276.794919
648.961147 276.794919
651.975192 276.794919
654.989237 276.794919
655.993919 276.794919
660.012646 276.794919
661.017327 276.794919
664.031373 276.794919
667.045418 276.794919
668.050099 276.794919
670.059463 276.794919
671.064144 276.794919
672.068826 276.794919
674.078190 276.794919
675.082871 276.794919
676.087553 276.794919
678.096916 276.794919
679.101598 276.794919
682.115643 276.794919
683.120325 276.794919
684.125007 276.794919
685.129688 276.794919
687.139052 276.794919
688.143733 276.794919
690.153097 276.794919
691.157778 276.794919
693.167142 276.794919
694.171824 276.794919
695.176505 276.794919
696.181187 276.794919
698.190550 276.794919
700.199914 276.794919
701.204595 276.794919
705.223322 276.794919
707.232686 276.794919
710.246731 276.794919
712.256094 276.794919
714.265458 276.794919
717.279503 276.794919
718.284184 276.794919
722.302911 276.794919
725.316956 276.794919
726.321638 276.794919
727.326320 276.794919
730.340365 276.794919
731.345046 276.794919
732.349728 276.794919
733.354410 276.794919
735.363773 276.794919
736.368455 276.794919
737.373137 276.794919
738.377818 276.794919
751.438680 276.794919
752.443362 276.794919
758.471452 276.794919
762.490179 276.794919
763.494861 276.794919
765.504224 276.794919
767.513588 276.794919
770.527633 276.794919
773.541678 276.794919
777.560405 276.794919
778.565086 276.794919
781.579131 276.794919
785.597858 276.794919
786.602540 276.794919
786.100199 277.664999
784.593177 280.275239
784.090836 281.145318
783.588495 282.015398
783.086154 282.885478
782.583813 283.755558
775.551041 295.936676
775.048701 296.806756
774.546360 297.676836
774.044019 298.546916
772.536996 301.157156
771.029974 303.767395
770.025292 305.507555
769.020610 307.247715
766.006565 312.468194
765.504224 313.338274
765.001884 314.208354
763.494861 316.818593
762.992520 317.688673
760.983157 321.168993
759.978475 322.909153
755.959748 329.869792
754.452726 332.480031
753.950385 333.350111
753.448044 334.220191
752.443362 335.960351
750.433999 339.440670
745.410591 348.141469
744.908250 349.011549
743.903568 350.751709
742.396545 353.361948
741.391864 355.102108
739.382500 358.582428
738.880160 359.452508
738.377819 360.322587
737.875478 361.192667
735.866114 364.672987
735.363774 365.543067
734.861433 366.413147
733.856751 368.153306
733.354410 369.023386
732.852069 369.893466
731.345047 372.503706
730.842706 373.373786
730.340365 374.243865
729.838024 375.113945
729.335683 375.984025
727.828661 378.594265
726.823979 380.334425
724.312275 384.684824
722.302912 388.165144
721.298230 389.905303
720.293548 391.645463
719.288866 393.385623
718.786526 394.255703
718.284185 395.125783
717.781844 395.995862
717.279503 396.865942
716.274821 398.606102
715.270140 400.346262
714.767799 401.216342
713.260776 403.826581
711.753754 406.436821
711.251413 407.306901
710.749072 408.176981
709.242050 410.787220
707.735027 413.397460
707.735027 413.397460
708.741336 415.140438
709.244490 416.011927
710.250799 417.754905
710.753954 418.626394
711.257108 419.497883
711.760262 420.369372
712.263417 421.240861
712.766571 422.112350
713.269726 422.983840
714.276035 424.726818
714.779189 425.598307
715.282343 426.469796
715.785498 427.341285
716.288652 428.212774
717.294961 429.955752
717.798116 430.827241
718.301270 431.698730
718.804424 432.570219
719.307579 433.441708
719.810733 434.313197
720.313888 435.184686
720.817042 436.056175
721.320197 436.927664
721.823351 437.799153
722.326505 438.670642
722.829660 439.542131
723.332814 440.413620
723.835969 441.285110
724.339123 442.156599
724.842278 443.028088
725.345432 443.899577
725.848586 444.771066
726.351741 445.642555
726.854895 446.514044
727.358050 447.385533
727.861204 448.257022
728.364359 449.128511
728.867513 450.000000
728.867513 450.000000
729.873822 450.000000
731.886440 450.000000
732.892749 450.000000
733.899058 450.000000
735.911675 450.000000
736.917984 450.000000
737.924293 450.000000
739.936911 450.000000
740.943220 450.000000
741.949529 450.000000
742.955838 450.000000
743.962147 450.000000
744.968455 450.000000
745.974764 450.000000
746.981073 450.000000
747.987382 450.000000
748.993691 450.000000
750.000000 450.000000
751.006309 450.000000
753.018927 450.000000
754.025236 450.000000
756.037853 450.000000
757.044162 450.000000
759.056780 450.000000
761.069398 450.000000
762.075707 450.000000
763.082016 450.000000
765.094634 450.000000
766.100942 450.000000
767.107251 450.000000
768.113560 450.000000
769.119869 450.000000
770.126178 450.000000
771.132487 450.000000
775.653555 442.169281
777.662918 438.688962
778.667600 436.948802
779.672281 435.208642
780.676963 433.468482
781.681645 431.728323
782.686326 429.988163
784.695690 426.507843
785.198031 425.637764
787.709735 421.287364
788.714417 419.547204
789.216757 418.677125
789.719098 417.807045
790.221439 416.936965
791.226121 415.196805
792.733143 412.586565
793.235484 411.716486
795.747189 407.366086
796.249529 406.496006
796.751870 405.625926
797.756552 403.885767
799.263574 401.275527
800.268256 399.535367
800.770597 398.665288
801.272938 397.795208
801.775279 396.925128
803.282301 394.314888
804.286983 392.574728
805.794005 389.964489
806.798687 388.224329
807.301028 387.354249
807.803369 386.484169
808.305710 385.614089
809.310391 383.873930
810.315073 382.133770
811.319755 380.393610
812.826777 377.783371
813.329118 376.913291
814.333800 375.173131
814.836141 374.303051
815.840822 372.562891
816.343163 371.692811
816.845504 370.822732
817.347845 369.952652
817.850186 369.082572
818.352527 368.212492
819.357208 366.472332
821.366572 362.992013
822.873594 360.381773
823.375935 359.511693
823.878276 358.641613
825.385298 356.031374
826.389980 354.291214
826.892321 353.421134
827.394662 352.551054
828.399344 350.810895
829.906366 348.200655
830.408707 347.330575
830.911048 346.460495
831.413389 345.590415
831.915730 344.720335
832.418070 343.850256
834.929775 339.499856
835.432115 338.629776
835.934456 337.759696
836.436797 336.889617
836.939138 336.019537
839.450842 331.669137
839.953183 330.799057
840.455524 329.928978
840.957865 329.058898
841.962546 327.318738
843.469569 324.708498
845.478932 321.228179
845.981273 320.358099
849.497659 314.267540
850.000000 313.397460
851.004682 315.137620
852.009363 316.877779
853.516386 319.488019
855.023408 322.098259
856.530431 324.708498
858.037454 327.318738
859.544476 329.928978
861.051499 332.539217
862.558521 335.149457
863.563203 336.889617
864.065544 337.759696
864.567885 338.629776
865.070225 339.499856
865.572566 340.369936
866.577248 342.110096
867.079589 342.980176
867.581930 343.850256
868.586611 345.590415
870.093634 348.200655
871.600656 350.810895
876.624065 359.511693
878.633428 362.992013
880.140451 365.602252
881.145133 367.342412
881.647473 368.212492
882.149814 369.082572
883.154496 370.822732
884.661518 373.432971
885.163859 374.303051
886.168541 376.043211
887.173223 377.783371
887.675564 378.653450
892.196631 386.484169
892.698972 387.354249
893.201313 388.224329
895.210676 391.704649
896.717699 394.314888
897.220040 395.184968
897.722380 396.055048
898.727062 397.795208
899.229403 398.665288
900.234085 400.405447
901.238766 402.145607
901.741107 403.015687
902.243448 403.885767
902.745789 404.755847
903.750471 406.496006
904.252811 407.366086
904.755152 408.236166
905.257493 409.106246
905.759834 409.976326
906.764516 411.716486
907.266857 412.586565
907.769197 413.456645
910.280902 417.807045
910.783243 418.677125
911.285583 419.547204
912.290265 421.287364
912.792606 422.157444
913.294947 423.027524
915.304310 426.507843
915.806651 427.377923
916.308992 428.248003
918.820696 432.598403
920.327719 435.208642
921.834741 437.818882
923.844105 441.299201
925.853468 444.779521
926.355809 445.649601
928.867513 450.000000
931.873111 450.000000
933.876843 450.000000
935.880575 450.000000
936.882441 450.000000
937.884307 450.000000
938.886173 450.000000
939.888039 450.000000
940.889905 450.000000
941.891771 450.000000
944.897369 450.000000
946.901101 450.000000
947.902967 450.000000
948.904833 450.000000
951.910431 450.000000
952.912297 450.000000
953.914163 450.000000
954.916029 450.000000
955.917895 450.000000
956.919761 450.000000
957.921627 450.000000
958.923493 450.000000
959.925359 450.000000
960.927225 450.000000
962.930957 450.000000
964.934690 450.000000
965.936556 450.000000
968.942154 450.000000
969.944020 450.000000
971.947752 450.000000
972.949618 450.000000
973.951484 450.000000
974.953350 450.000000
975.955216 450.000000
976.957082 450.000000
977.958948 450.000000
978.960814 450.000000
980.964546 450.000000
981.966412 450.000000
982.968278 450.000000
985.973876 450.000000
987.977608 450.000000
988.979474 450.000000
989.981340 450.000000
990.983206 450.000000
991.985072 450.000000
992.986938 450.000000
995.992536 450.000000
996.994402 450.000000
997.996268 450.000000
1000.000000 450.000000
1000.000000 450.000000
1000.000000 452.000000
1000.000000 454.000000
1000.000000 457.000000
1000.000000 458.000000
1000.000000 459.000000
1000.000000 462.000000
1000.000000 463.000000
1000.000000 464.000000
1000.000000 467.000000
1000.000000 470.000000
1000.000000 472.000000
1000.000000 473.000000
1000.000000 474.000000
1000.000000 477.000000
1000.000000 478.000000
1000.000000 479.000000
1000.000000 481.000000
1000.000000 482.000000
1000.000000 484.000000
1000.000000 486.000000
1000.000000 487.000000
1000.000000 490.000000
1000.000000 491.000000
1000.000000 492.000000
1000.000000 493.000000
1000.000000 495.000000
1000.000000 496.000000
1000.000000 499.000000
1000.000000 500.000000
1000.000000 501.000000
1000.000000 502.000000
1000.000000 503.000000
1000.000000 504.000000
1000.000000 505.000000
1000.000000 506.000000
1000.000000 507.000000
1000.000000 508.000000
1000.000000 509.000000
1000.000000 511.000000
1000.000000 512.000000
1000.000000 514.000000
1000.000000 515.000000
1000.000000 516.000000
1000.000000 517.000000
1000.000000 518.000000
1000.000000 519.000000
1000.000000 520.000000
1000.000000 521.000000
1000.000000 522.000000
1000.000000 523.000000
1000.000000 524.000000
1000.000000 525.000000
1000.000000 526.000000
1000.000000 527.000000
1000.000000 528.000000
1000.000000 529.000000
1000.000000 532.000000
1000.000000 533.000000
1000.000000 534.000000
1000.000000 535.000000
1000.000000 537.000000
1000.000000 538.000000
1000.000000 540.000000
1000.000000 542.000000
1000.000000 543.000000
1000.000000 544.000000
1000.000000 545.000000
1000.000000 547.000000
1000.000000 548.000000
1000.000000 549.000000
1000.000000 550.000000
998.993223 550.000000
992.952558 550.000000
991.945780 550.000000
990.939003 550.000000
989.932226 550.000000
987.918671 550.000000
986.911893 550.000000
985.905116 550.000000
983.891561 550.000000
982.884783 550.000000
980.871229 550.000000
979.864451 550.000000
977.850896 550.000000
975.837341 550.000000
969.796677 550.000000
968.789899 550.000000
967.783122 550.000000
966.776344 550.000000
963.756012 550.000000
962.749235 550.000000
961.742457 550.000000
959.728902 550.000000
958.722125 550.000000
956.708570 550.000000
952.681460 550.000000
951.674683 550.000000
949.661128 550.000000
944.627241 550.000000
943.620463 550.000000
940.600131 550.000000
939.593353 550.000000
938.586576 550.000000
937.579798 550.000000
936.573021 550.000000
934.559466 550.000000
933.552689 550.000000
931.539134 550.000000
927.512024 550.000000
926.505246 550.000000
924.491692 550.000000
923.484914 550.000000
922.478137 550.000000
921.471359 550.000000
920.464582 550.000000
919.457804 550.000000
917.444249 550.000000
914.423917 550.000000
913.417140 550.000000
912.410362 550.000000
911.403585 550.000000
909.390030 550.000000
907.376475 550.000000
905.362920 550.000000
904.356143 550.000000
903.349365 550.000000
902.342588 550.000000
901.335810 550.000000
899.322255 550.000000
895.295146 550.000000
893.281591 550.000000
892.274813 550.000000
891.268036 550.000000
889.254481 550.000000
888.247704 550.000000
887.240926 550.000000
886.234149 550.000000
884.220594 550.000000
882.207039 550.000000
878.179929 550.000000
876.166374 550.000000
875.159597 550.000000
874.152819 550.000000
871.132487 550.000000
870.629333 549.128511
870.126178 548.257022
869.623024 547.385533
868.616715 545.642555
868.113560 544.771066
867.107251 543.028088
866.604097 542.156599
866.100942 541.285110
865.597788 540.413620
865.094634 539.542131
864.591479 538.670642
864.088325 537.799153
863.585170 536.927664
863.082016 536.056175
862.578861 535.184686
862.075707 534.313197
861.572552 533.441708
861.069398 532.570219
860.566243 531.698730
860.063089 530.827241
859.559935 529.955752
859.056780 529.084263
858.050471 527.341285
857.547317 526.469796
857.044162 525.598307
856.541008 524.726818
856.037853 523.855329
855.534699 522.983840
855.031545 522.112350
854.528390 521.240861
854.025236 520.369372
853.522081 519.497883
853.018927 518.626394
852.515772 517.754905
852.012618 516.883416
851.509463 516.011927
851.006309 515.140438
850.503154 514.268949
850.000000 513.397460
850.000000 513.397460
848.993691 515.140438
848.490537 516.011927
847.987382 516.883416
847.484228 517.754905
846.477919 519.497883
845.974764 520.369372
845.471610 521.240861
844.968455 522.112350
843.962147 523.855329
843.458992 524.726818
842.955838 525.598307
842.452683 526.469796
841.949529 527.341285
841.446374 528.212774
840.943220 529.084263
840.440065 529.955752
838.427448 533.441708
837.924293 534.313197
837.421139 535.184686
836.917984 536.056175
836.414830 536.927664
835.911675 537.799153
835.408521 538.670642
834.905366 539.542131
834.402212 540.413620
833.899058 541.285110
833.395903 542.156599
832.892749 543.028088
832.389594 543.899577
831.886440 544.771066
831.383285 545.642555
830.880131 546.514044
830.376976 547.385533
829.873822 548.257022
828.867513 550.000000
828.867513 550.000000
825.853468 550.000000
821.834741 550.000000
819.825378 550.000000
817.816014 550.000000
814.801969 550.000000
812.792606 550.000000
810.783243 550.000000
809.778561 550.000000
808.773879 550.000000
807.769197 550.000000
806.764516 550.000000
803.750471 550.000000
800.736426 550.000000
798.727062 550.000000
784.661518 550.000000
783.656837 550.000000
779.638110 550.000000
776.624065 550.000000
774.614702 550.000000
773.610020 550.000000
772.605338 550.000000
770.595975 550.000000
768.586611 550.000000
763.563203 550.000000
761.553839 550.000000
760.549158 550.000000
758.539794 550.000000
757.535113 550.000000
756.530431 550.000000
755.525749 550.000000
754.521068 550.000000
753.516386 550.000000
752.511704 550.000000
751.507023 550.000000
750.502341 550.000000
749.497659 550.000000
748.492977 550.000000
744.474251 550.000000
742.464887 550.000000
739.450842 550.000000
738.446161 550.000000
737.441479 550.000000
736.436797 550.000000
735.432115 550.000000
734.427434 550.000000
732.418070 550.000000
731.413389 550.000000
727.394662 550.000000
726.389980 550.000000
725.385298 550.000000
724.380617 550.000000
722.371253 550.000000
718.352527 550.000000
717.347845 550.000000
715.338482 550.000000
713.329118 550.000000
712.324436 550.000000
711.319755 550.000000
709.310391 550.000000
707.301028 550.000000
701.272938 550.000000
700.268256 550.000000
696.249529 550.000000
695.244848 550.000000
694.240166 550.000000
689.216757 550.000000
682.183986 550.000000
681.179304 550.000000
678.165259 550.000000
677.160577 550.000000
674.146532 550.000000
673.141850 550.000000
671.132487 550.000000
670.630146 549.129920
670.127805 548.259840
669.625464 547.389760
669.123124 546.519681
668.118442 544.779521
667.616101 543.909441
667.113760 543.039361
666.611419 542.169281
665.104397 539.559042
663.095033 536.078722
662.592692 535.208642
661.588011 533.468482
661.085670 532.598403
660.583329 531.728323
659.578647 529.988163
659.076307 529.118083
658.573966 528.248003
658.071625 527.377923
657.569284 526.507843
656.062261 523.897604
655.559921 523.027524
652.043535 516.936965
651.038853 515.196805
649.531830 512.586565
649.029489 511.716486
648.024808 509.976326
647.522467 509.106246
647.020126 508.236166
645.513103 505.625926
643.001399 501.275527
642.499058 500.405447
641.494377 498.665288
640.489695 496.925128
639.987354 496.055048
638.982672 494.314888
637.977991 492.574728
637.475650 491.704649
636.973309 490.834569
634.461605 486.484169
631.949900 482.133770
629.438196 477.783371
627.428833 474.303051
626.926492 473.432971
626.424151 472.562891
625.921810 471.692811
624.917128 469.952652
623.912447 468.212492
623.410106 467.342412
622.405424 465.602252
620.396061 462.121933
618.889038 459.511693
617.382016 456.901454
616.879675 456.031374
616.377334 455.161294
615.874993 454.291214
614.367971 451.680974
613.363289 449.940815
612.860948 449.070735
612.358607 448.200655
610.851585 445.590415
609.344562 442.980176
608.842221 442.110096
607.837539 440.369936
607.335199 439.499856
606.832858 438.629776
606.330517 437.759696
604.321153 434.279377
602.814131 431.669137
598.293063 423.838418
596.283700 420.358099
594.274336 416.877779
593.269655 415.137620
592.767314 414.267540
592.264973 413.397460
592.768127 412.525971
593.774436 410.782993
594.277591 409.911504
594.780745 409.040015
595.283900 408.168526
595.787054 407.297036
596.290209 406.425547
596.793363 405.554058
597.296518 404.682569
597.799672 403.811080
598.302826 402.939591
598.805981 402.068102
599.309135 401.196613
599.812290 400.325124
600.315444 399.453635
600.818599 398.582146
601.321753 397.710657
601.824908 396.839168
602.328062 395.967679
602.831216 395.096190
603.334371 394.224700
603.837525 393.353211
605.346989 390.738744
605.850143 389.867255
606.353298 388.995766
606.856452 388.124277
607.359607 387.252788
607.862761 386.381299
608.365915 385.509810
608.869070 384.638321
609.372224 383.766832
609.875379 382.895342
610.378533 382.023853
610.881688 381.152364
611.384842 380.280875
611.887997 379.409386
612.391151 378.537897
612.894306 377.666408
613.397460 376.794919
612.391151 376.794919
611.384842 376.794919
610.378533 376.794919
609.372224 376.794919
608.365916 376.794919
607.359607 376.794919
606.353298 376.794919
605.346989 376.794919
604.340680 376.794919
603.334371 376.794919
602.328062 376.794919
601.321753 376.794919
600.315445 376.794919
598.302827 376.794919
597.296518 376.794919
596.290209 376.794919
595.283900 376.794919
594.277591 376.794919
593.271282 376.794919
592.264973 376.794919
591.258665 376.794919
590.252356 376.794919
589.246047 376.794919
588.239738 376.794919
587.233429 376.794919
586.227120 376.794919
585.220811 376.794919
584.214502 376.794919
583.208194 376.794919
582.201885 376.794919
581.195576 376.794919
579.182958 376.794919
578.176649 376.794919
577.170340 376.794919
576.164031 376.794919
575.157723 376.794919
574.151414 376.794919
573.145105 376.794919
572.138796 376.794919
571.132487 376.794919
571.132487 376.794919
570.629333 375.923430
570.126178 375.051941
569.119869 373.308963
568.616715 372.437474
568.113560 371.565985
567.107251 369.823007
566.604097 368.951518
566.100942 368.080029
565.597788 367.208539
565.094634 366.337050
564.591479 365.465561
564.088325 364.594072
563.585170 363.722583
563.082016 362.851094
562.578861 361.979605
562.075707 361.108116
561.572552 360.236627
561.069398 359.365138
560.566243 358.493649
560.063089 357.622160
559.559935 356.750671
559.056780 355.879182
558.050471 354.136204
557.547317 353.264715
556.541008 351.521737
555.534699 349.778759
555.031545 348.907269
554.528390 348.035780
554.025236 347.164291
553.522081 346.292802
553.018927 345.421313
552.515772 344.549824
552.012618 343.678335
551.509463 342.806846
550.503154 341.063868
550.000000 340.192379
549.496846 341.063868
548.993691 341.935357
548.490537 342.806846
547.987382 343.678335
547.484228 344.549824
546.981073 345.421313
546.477919 346.292802
545.974764 347.164291
545.471610 348.035780
544.968455 348.907269
544.465301 349.778759
543.962147 350.650248
543.458992 351.521737
542.955838 352.393226
542.452683 353.264715
541.446374 355.007693
540.440065 356.750671
539.936911 357.622160
539.433757 358.493649
538.930602 359.365138
538.427448 360.236627
537.924293 361.108116
537.421139 361.979605
536.917984 362.851094
535.911675 364.594072
535.408521 365.465561
534.905366 366.337050
534.402212 367.208539
533.899058 368.080029
533.395903 368.951518
532.892749 369.823007
532.389594 370.694496
531.886440 371.565985
531.383285 372.437474
530.880131 373.308963
529.873822 375.051941
528.867513 376.794919
527.861204 376.794919
526.854895 376.794919
525.848586 376.794919
524.842277 376.794919
523.835969 376.794919
522.829660 376.794919
521.823351 376.794919
518.804424 376.794919
517.798115 376.794919
516.791806 376.794919
515.785498 376.794919
514.779189 376.794919
513.772880 376.794919
512.766571 376.794919
511.760262 376.794919
510.753953 376.794919
509.747644 376.794919
508.741335 376.794919
507.735027 376.794919
506.728718 376.794919
505.722409 376.794919
504.716100 376.794919
503.709791 376.794919
502.703482 376.794919
501.697173 376.794919
500.690864 376.794919
499.684555 376.794919
498.678247 376.794919
497.671938 376.794919
496.665629 376.794919
495.659320 376.794919
494.653011 376.794919
493.646702 376.794919
492.640393 376.794919
491.634084 376.794919
490.627776 376.794919
489.621467 376.794919
487.608849 376.794919
486.602540 376.794919
486.602540 376.794919
487.105694 377.666408
487.608849 378.537897
488.112003 379.409386
489.118312 381.152364
489.621467 382.023853
490.124621 382.895342
490.627776 383.766832
491.130930 384.638321
491.634085 385.509810
492.137239 386.381299
492.640393 387.252788
493.143548 388.124277
493.646702 388.995766
494.149857 389.867255
494.653011 390.738744
495.156166 391.610233
495.659320 392.481722
496.162475 393.353211
496.665629 394.224700
497.168784 395.096190
497.671938 395.967679
498.175092 396.839168
498.678247 397.710657
499.181401 398.582146
499.684556 399.453635
500.187710 400.325124
501.194019 402.068102
501.697174 402.939591
502.200328 403.811080
502.703482 404.682569
503.206637 405.554058
503.709791 406.425547
504.212946 407.297036
504.716100 408.168526
505.219255 409.040015
505.722409 409.911504
506.225564 410.782993
506.728718 411.654482
507.231873 412.525971
507.735027 413.397460
507.232686 414.267540
506.228004 416.007700
505.725664 416.877779
501.706937 423.838418
500.702255 425.578578
500.199914 426.448658
498.692892 429.058898
498.190551 429.928978
497.688210 430.799057
495.176506 435.149457
494.674165 436.019537
494.171824 436.889617
491.660120 441.240016
491.157779 442.110096
490.153097 443.850256
488.143734 447.330575
486.636711 449.940815
485.129689 452.551054
484.627348 453.421134
483.622666 455.161294
482.617984 456.901454
481.110962 459.511693
480.106280 461.251853
477.594576 465.602252
476.589894 467.342412
476.087553 468.212492
475.082872 469.952652
474.580531 470.822732
474.078190 471.692811
472.571167 474.303051
471.064145 476.913291
469.054781 480.393610
468.552440 481.263690
468.050100 482.133770
467.547759 483.003850
466.543077 484.744010
464.533714 488.224329
462.022009 492.574728
461.519668 493.444808
459.007964 497.795208
456.998601 501.275527
456.496260 502.145607
455.491578 503.885767
454.989237 504.755847
454.486897 505.625926
452.477533 509.106246
451.472851 510.846406
449.463488 514.326725
448.458806 516.066885
447.454125 517.807045
445.947102 520.417284
445.444761 521.287364
442.933057 525.637764
442.430716 526.507843
441.928375 527.377923
440.923693 529.118083
440.421353 529.988163
436.402626 536.948802
434.895603 539.559042
433.890922 541.299201
433.388581 542.169281
431.379217 545.649601
429.369854 549.129920
427.862831 550.000000
426.858150 550.000000
420.830059 550.000000
419.825378 550.000000
417.816014 550.000000
415.806651 550.000000
414.801969 550.000000
413.797288 550.000000
412.792606 550.000000
411.787924 550.000000
409.778561 550.000000
408.773879 550.000000
407.769197 550.000000
405.759834 550.000000
404.755152 550.000000
403.750471 550.000000
402.745789 550.000000
399.731744 550.000000
398.727062 550.000000
397.722380 550.000000
395.713017 550.000000
390.689609 550.000000
389.684927 550.000000
385.666200 550.000000
384.661518 550.000000
383.656837 550.000000
382.652155 550.000000
380.642792 550.000000
377.628747 550.000000
376.624065 550.000000
375.619383 550.000000
373.610020 550.000000
371.600656 550.000000
370.595975 550.000000
369.591293 550.000000
365.572566 550.000000
364.567885 550.000000
363.563203 550.000000
362.558521 550.000000
359.544476 550.000000
357.535113 550.000000
355.525749 550.000000
354.521068 550.000000
353.516386 550.000000
352.511704 550.000000
347.488296 550.000000
346.483614 550.000000
345.478932 550.000000
342.464887 550.000000
341.460206 550.000000
340.455524 550.000000
338.446161 550.000000
337.441479 550.000000
335.432115 550.000000
332.418070 550.000000
331.413389 550.000000
325.385298 550.000000
324.380617 550.000000
323.375935 550.000000
322.371253 550.000000
320.361890 550.000000
319.357208 550.000000
317.347845 550.000000
313.329118 550.000000
310.315073 550.000000
307.301028 550.000000
306.296346 550.000000
299.263574 550.000000
297.254211 550.000000
295.244848 550.000000
294.240166 550.000000
292.230803 550.000000
291.226121 550.000000
290.221439 550.000000
288.212076 550.000000
287.207394 550.000000
284.193349 550.000000
283.188667 550.000000
279.169941 550.000000
278.165259 550.000000
277.160577 550.000000
275.151214 550.000000
273.141850 550.000000
272.137169 550.000000
271.132487 550.000000
271.132487 550.000000
270.629333 549.128511
270.126178 548.257022
269.623024 547.385533
268.616715 545.642555
268.113560 544.771066
267.610406 543.899577
267.107251 543.028088
266.604097 542.156599
266.100942 541.285110
265.597788 540.413620
265.094634 539.542131
264.591479 538.670642
263.585170 536.927664
263.082016 536.056175
262.578861 535.184686
262.075707 534.313197
261.572552 533.441708
261.069398 532.570219
260.566244 531.698730
260.063089 530.827241
259.559935 529.955752
258.553626 528.212774
258.050471 527.341285
257.547317 526.469796
257.044162 525.598307
256.541008 524.726818
256.037853 523.855329
255.534699 522.983840
255.031545 522.112350
254.528390 521.240861
254.025236 520.369372
253.522081 519.497883
252.515772 517.754905
252.012618 516.883416
251.509463 516.011927
251.006309 515.140438
250.503154 514.268949
250.000000 513.397460
250.000000 513.397460
249.496846 514.268949
248.993691 515.140438
248.490537 516.011927
247.987382 516.883416
247.484228 517.754905
246.981073 518.626394
246.477919 519.497883
245.974764 520.369372
245.471610 521.240861
244.968455 522.112350
244.465301 522.983840
243.962147 523.855329
243.458992 524.726818
242.955838 525.598307
242.452683 526.469796
241.446374 528.212774
240.943220 529.084263
240.440065 529.955752
239.936911 530.827241
239.433757 531.698730
238.930602 532.570219
238.427448 533.441708
237.924293 534.313197
237.421139 535.184686
236.917984 536.056175
236.414830 536.927664
235.911675 537.799153
235.408521 538.670642
234.905366 539.542131
234.402212 540.413620
233.899058 541.285110
233.395903 542.156599
232.892749 543.028088
232.389594 543.899577
231.886440 544.771066
231.383285 545.642555
230.880131 546.514044
230.376976 547.385533
229.873822 548.257022
229.370667 549.128511
228.867513 550.000000
226.853958 550.000000
224.840403 550.000000
223.833626 550.000000
220.813293 550.000000
219.806516 550.000000
216.786184 550.000000
213.765851 550.000000
212.759074 550.000000
207.725187 550.000000
205.711632 550.000000
204.704854 550.000000
201.684522 550.000000
200.677745 550.000000
199.670967 550.000000
198.664190 550.000000
193.630302 550.000000
192.623525 550.000000
191.616748 550.000000
185.576083 550.000000
180.542196 550.000000
178.528641 550.000000
174.501531 550.000000
171.481199 550.000000
170.474421 550.000000
168.460866 550.000000
167.454089 550.000000
165.440534 550.000000
163.426979 550.000000
160.406647 550.000000
159.399869 550.000000
158.393092 550.000000
156.379537 550.000000
155.372759 550.000000
154.365982 550.000000
153.359205 550.000000
152.352427 550.000000
148.325317 550.000000
145.304985 550.000000
140.271098 550.000000
138.257543 550.000000
136.243988 550.000000
135.237211 550.000000
134.230433 550.000000
130.203323 550.000000
126.176214 550.000000
124.162659 550.000000
122.149104 550.000000
121.142326 550.000000
120.135549 550.000000
118.121994 550.000000
114.094884 550.000000
113.088107 550.000000
108.054220 550.000000
107.047442 550.000000
105.033887 550.000000
102.013555 550.000000
100.000000 550.000000
