1760
100.000000 450.000000
101.001866 450.000000
102.003732 450.000000
104.007464 450.000000
105.009330 450.000000
106.011196 450.000000
107.013062 450.000000
108.014928 450.000000
109.016794 450.000000
111.020526 450.000000
112.022392 450.000000
114.026124 450.000000
115.027990 450.000000
117.031722 450.000000
118.033588 450.000000
120.037320 450.000000
122.041052 450.000000
123.042918 450.000000
124.044784 450.000000
125.046650 450.000000
126.048516 450.000000
127.050382 450.000000
131.057846 450.000000
133.061578 450.000000
134.063444 450.000000
135.065310 450.000000
136.067177 450.000000
137.069043 450.000000
138.070909 450.000000
139.072775 450.000000
140.074641 450.000000
143.080239 450.000000
145.083971 450.000000
149.091435 450.000000
150.093301 450.000000
151.095167 450.000000
153.098899 450.000000
154.100765 450.000000
156.104497 450.000000
158.108229 450.000000
159.110095 450.000000
161.113827 450.000000
162.115693 450.000000
163.117559 450.000000
164.119425 450.000000
165.121291 450.000000
166.123157 450.000000
170.130621 450.000000
171.132487 450.000000
171.634828 449.129920
173.644191 445.649601
174.146532 444.779521
175.151214 443.039361
175.653555 442.169281
177.662918 438.688962
178.667600 436.948802
179.169941 436.078722
181.179304 432.598403
184.695690 426.507843
185.700372 424.767684
186.202712 423.897604
187.207394 422.157444
187.709735 421.287364
188.714417 419.547204
189.719098 417.807045
190.221439 416.936965
190.723780 416.066885
191.728462 414.326725
192.733143 412.586565
193.737825 410.846406
194.240166 409.976326
194.742507 409.106246
196.249529 406.496006
198.258893 403.015687
198.761234 402.145607
199.263574 401.275527
199.765915 400.405447
201.272938 397.795208
202.779960 395.184968
205.291665 390.834569
206.296346 389.094409
207.301028 387.354249
208.305710 385.614089
208.808051 384.744010
209.310391 383.873930
209.812732 383.003850
210.315073 382.133770
210.817414 381.263690
212.826777 377.783371
213.329118 376.913291
214.836141 374.303051
215.840822 372.562891
216.343163 371.692811
216.845504 370.822732
217.850186 369.082572
220.864231 363.862093
221.868913 362.121933
222.873594 360.381773
224.380617 357.771534
226.389980 354.291214
227.394662 352.551054
227.897003 351.680974
228.901684 349.940815
229.906366 348.200655
230.408707 347.330575
230.911048 346.460495
231.915730 344.720335
232.920411 342.980176
234.427434 340.369936
235.432115 338.629776
238.446161 333.409297
238.948501 332.539217
239.450842 331.669137
240.957865 329.058898
244.474251 322.968339
246.483614 319.488019
247.990637 316.877779
249.497659 314.267540
252.511704 317.747859
253.014045 318.617939
253.516386 319.488019
255.023408 322.098259
256.028090 323.838418
256.530431 324.708498
257.032772 325.578578
257.535113 326.448658
258.037454 327.318738
262.056180 334.279377
265.070225 339.499856
265.572566 340.369936
266.074907 341.240016
266.577248 342.110096
268.084270 344.720335
269.591293 347.330575
271.098316 349.940815
274.112361 355.161294
275.117042 356.901454
275.619383 357.771534
276.121724 358.641613
276.624065 359.511693
277.628747 361.251853
278.131087 362.121933
279.135769 363.862093
280.642792 366.472332
281.647473 368.212492
282.149814 369.082572
283.154496 370.822732
284.159178 372.562891
286.670882 376.913291
287.173223 377.783371
287.675564 378.653450
289.684927 382.133770
290.187268 383.003850
290.689609 383.873930
292.196631 386.484169
292.698972 387.354249
293.703654 389.094409
295.210676 391.704649
296.215358 393.444808
296.717699 394.314888
299.229403 398.665288
299.731744 399.535367
301.238766 402.145607
301.741107 403.015687
304.252811 407.366086
304.755152 408.236166
306.262175 410.846406
307.769197 413.456645
309.276220 416.066885
311.787924 420.417284
312.290265 421.287364
312.792606 422.157444
314.801969 425.637764
317.313674 429.988163
320.327719 435.208642
323.341764 440.429121
323.844105 441.299201
324.346445 442.169281
325.351127 443.909441
325.853468 444.779521
327.360490 447.389760
327.862831 448.259840
328.365172 449.129920
328.867513 450.000000
329.873822 450.000000
330.880131 450.000000
332.892749 450.000000
333.899058 450.000000
335.911675 450.000000
336.917984 450.000000
337.924293 450.000000
338.930602 450.000000
339.936911 450.000000
340.943220 450.000000
341.949529 450.000000
342.955838 450.000000
343.962147 450.000000
344.968455 450.000000
345.974764 450.000000
347.987382 450.000000
348.993691 450.000000
350.000000 450.000000
351.006309 450.000000
352.012618 450.000000
353.018927 450.000000
354.025236 450.000000
356.037853 450.000000
357.044162 450.000000
358.050471 450.000000
359.056780 450.000000
360.063089 450.000000
361.069398 450.000000
362.075707 450.000000
363.082016 450.000000
364.088325 450.000000
365.094634 450.000000
366.100942 450.000000
367.107251 450.000000
368.113560 450.000000
369.119869 450.000000
370.126178 450.000000
371.132487 450.000000
371.132487 450.000000
371.635641 449.128511
372.138796 448.257022
372.641950 447.385533
373.648259 445.642555
374.151414 444.771066
374.654568 443.899577
375.660877 442.156599
376.164031 441.285110
376.667186 440.413620
377.170340 439.542131
377.673495 438.670642
378.176649 437.799153
378.679803 436.927664
379.182958 436.056175
379.686112 435.184686
380.189267 434.313197
380.692421 433.441708
381.195576 432.570219
381.698730 431.698730
382.201884 430.827241
383.208193 429.084263
384.214502 427.341285
384.717657 426.469796
385.220811 425.598307
386.730274 422.983840
387.233429 422.112350
387.736583 421.240861
388.239738 420.369372
388.742892 419.497883
389.246046 418.626394
389.749201 417.754905
390.252355 416.883416
390.755510 416.011927
391.258664 415.140438
391.761819 414.268949
392.264973 413.397460
392.264973 413.397460
391.762632 412.527380
390.757950 410.787220
390.255610 409.917140
388.748587 407.306901
387.743905 405.566741
387.241565 404.696661
386.739224 403.826581
385.734542 402.086422
382.218156 395.995862
381.715815 395.125783
381.213474 394.255703
380.711134 393.385623
380.208793 392.515543
378.701770 389.905303
378.199429 389.035223
377.194748 387.295064
376.692407 386.424984
376.190066 385.554904
375.687725 384.684824
373.678362 381.204504
372.171339 378.594265
371.668998 377.724185
370.664317 375.984025
370.161976 375.113945
369.659635 374.243865
368.654953 372.503706
367.650271 370.763546
367.147931 369.893466
364.133886 364.672987
363.631545 363.802907
362.124522 361.192667
360.617500 358.582428
359.612818 356.842268
359.110477 355.972188
355.594091 349.881629
355.091750 349.011549
354.589409 348.141469
353.584728 346.401309
351.575364 342.920990
351.073024 342.050910
349.566001 339.440670
348.561319 337.700511
347.556638 335.960351
347.054297 335.090271
346.551956 334.220191
344.542593 330.739871
344.040252 329.869792
343.537911 328.999712
343.035570 328.129632
340.021525 322.909153
338.012162 319.428833
337.007480 317.688673
336.505139 316.818593
334.495776 313.338274
332.486412 309.857954
330.979390 307.247715
330.477049 306.377635
328.970026 303.767395
328.467685 302.897315
327.965345 302.027235
326.960663 300.287076
325.955981 298.546916
325.453640 297.676836
324.448959 295.936676
323.946618 295.066596
321.937254 291.586277
320.430232 288.976037
319.425550 287.235878
318.923209 286.365798
317.416187 283.755558
314.402142 278.535079
314.402142 276.794919
315.406823 276.794919
317.416187 276.794919
319.425550 276.794919
320.430232 276.794919
322.439595 276.794919
327.463004 276.794919
328.467686 276.794919
329.472367 276.794919
333.491094 276.794919
334.495776 276.794919
336.505139 276.794919
337.509821 276.794919
338.514503 276.794919
339.519184 276.794919
340.523866 276.794919
341.528548 276.794919
345.547274 276.794919
347.556638 276.794919
348.561320 276.794919
350.570683 276.794919
355.594091 276.794919
357.603455 276.794919
360.617500 276.794919
368.654954 276.794919
372.673680 276.794919
376.692407 276.794919
379.706452 276.794919
382.720497 276.794919
383.725179 276.794919
385.734542 276.794919
388.748588 276.794919
389.753269 276.794919
394.776678 276.794919
395.781359 276.794919
396.786041 276.794919
408.842222 276.794919
409.846903 276.794919
417.884357 276.794919
418.889039 276.794919
420.898402 276.794919
421.903084 276.794919
427.931174 276.794919
428.935856 276.794919
429.940537 276.794919
430.945219 276.794919
434.963946 276.794919
437.977991 276.794919
441.996718 276.794919
448.024808 276.794919
450.034171 276.794919
452.043535 276.794919
454.052898 276.794919
460.080988 276.794919
461.085670 276.794919
463.095033 276.794919
464.099715 276.794919
465.104397 276.794919
466.109078 276.794919
471.132487 276.794919
472.639510 274.184679
473.644191 272.444520
474.648873 270.704360
475.653555 268.964200
476.155895 268.094120
476.658236 267.224040
479.672281 262.003561
480.676963 260.263401
481.179304 259.393322
481.681645 258.523242
482.686326 256.783082
483.188667 255.913002
484.695690 253.302762
485.198031 252.432683
485.700372 251.562603
486.705053 249.822443
487.207394 248.952363
488.714417 246.342123
489.719098 244.601964
492.230803 240.251564
492.733143 239.381484
494.742507 235.901165
495.244848 235.031085
496.751870 232.420845
497.254211 231.550766
498.258893 229.810606
498.761234 228.940526
499.263574 228.070446
499.765915 227.200366
500.268256 226.330286
502.779960 221.979887
503.282301 221.109807
503.784642 220.239727
504.789324 218.499568
505.291665 217.629488
505.794005 216.759408
507.803369 213.279088
508.305710 212.409008
508.808051 211.538929
510.315073 208.928689
511.319755 207.188529
513.329118 203.708210
513.831459 202.838130
515.338482 200.227890
515.840822 199.357810
516.845504 197.617651
518.854867 194.137331
519.859549 192.397171
520.361890 191.527091
520.864231 190.657012
521.868913 188.916852
522.371253 188.046772
524.380617 184.566453
524.882958 183.696373
525.385298 182.826293
529.906366 174.995574
530.408707 174.125494
531.413389 172.385334
532.418070 170.645175
532.920411 169.775095
533.925093 168.034935
535.934456 164.554615
536.436797 163.684536
538.446161 160.204216
538.948501 159.334136
539.953183 157.593976
540.957865 155.853817
541.962546 154.113657
542.967228 152.373497
543.469569 151.503417
544.976592 148.893178
548.995318 141.932539
549.497659 141.062459
551.507023 142.802619
553.014045 145.412858
554.018727 147.153018
554.521068 148.023098
555.023408 148.893178
555.525749 149.763258
556.028090 150.633337
556.530431 151.503417
557.535113 153.243577
558.037454 154.113657
559.042135 155.853817
560.046817 157.593976
560.549158 158.464056
561.051499 159.334136
561.553839 160.204216
562.056180 161.074296
562.558521 161.944376
563.060862 162.814456
563.563203 163.684536
565.070225 166.294775
566.074907 168.034935
567.581930 170.645175
568.084270 171.515254
568.586611 172.385334
569.088952 173.255414
569.591293 174.125494
570.093634 174.995574
571.098316 176.735734
571.600656 177.605814
573.107679 180.216053
573.610020 181.086133
575.619383 184.566453
576.121724 185.436532
576.624065 186.306612
577.126406 187.176692
577.628747 188.046772
579.638110 191.527091
580.642792 193.267251
581.145133 194.137331
583.656837 198.487730
586.670882 203.708210
587.173223 204.578290
587.675564 205.448369
588.680245 207.188529
589.182586 208.058609
589.684927 208.928689
591.191949 211.538929
591.694290 212.409008
592.196631 213.279088
595.713017 219.369647
597.220040 221.979887
597.722380 222.849967
598.224721 223.720047
600.736426 228.070446
601.238766 228.940526
603.248130 232.420845
604.252811 234.161005
604.755152 235.031085
605.257493 235.901165
605.759834 236.771245
606.764516 238.511405
608.271538 241.121644
609.778561 243.731884
610.280902 244.601964
614.801969 252.432683
615.304310 253.302762
617.816014 257.653162
618.820696 259.393322
619.825378 261.133481
621.834741 264.613801
622.337082 265.483881
623.341764 267.224040
624.346445 268.964200
625.351127 270.704360
625.853468 271.574440
627.862831 275.054759
628.867513 276.794919
631.881558 276.794919
634.895603 276.794919
639.919012 276.794919
640.923693 276.794919
643.937739 276.794919
644.942420 276.794919
647.956465 276.794919
648.961147 276.794919
649.965829 276.794919
652.979874 276.794919
653.984556 276.794919
654.989237 276.794919
656.998601 276.794919
658.003282 276.794919
660.012646 276.794919
661.017327 276.794919
662.022009 276.794919
664.031373 276.794919
668.050099 276.794919
670.059463 276.794919
671.064144 276.794919
673.073508 276.794919
675.082871 276.794919
676.087553 276.794919
680.106280 276.794919
682.115643 276.794919
685.129688 276.794919
686.134370 276.794919
687.139052 276.794919
693.167142 276.794919
695.176505 276.794919
704.218641 276.794919
706.228004 276.794919
708.237367 276.794919
710.246731 276.794919
713.260776 276.794919
714.265458 276.794919
718.284184 276.794919
726.321638 276.794919
729.335683 276.794919
731.345046 276.794919
736.368455 276.794919
737.373137 276.794919
740.387182 276.794919
743.401227 276.794919
744.405909 276.794919
746.415272 276.794919
747.419954 276.794919
748.424635 276.794919
753.448044 276.794919
757.466771 276.794919
758.471452 276.794919
759.476134 276.794919
763.494861 276.794919
764.499543 276.794919
766.508906 276.794919
768.518269 276.794919
769.522951 276.794919
772.536996 276.794919
774.546360 276.794919
776.555723 276.794919
780.574450 276.794919
781.579131 276.794919
783.588495 276.794919
784.593177 276.794919
786.602540 276.794919
786.100199 277.664999
785.095517 279.405159
784.090836 281.145318
783.086154 282.885478
782.583813 283.755558
781.076791 286.365798
780.072109 288.105957
779.067427 289.846117
777.560405 292.456357
777.058064 293.326437
775.551041 295.936676
774.546360 297.676836
774.044019 298.546916
773.039337 300.287076
772.536996 301.157156
771.532315 302.897315
771.029974 303.767395
769.020610 307.247715
768.518270 308.117795
768.015929 308.987875
767.513588 309.857954
766.006565 312.468194
765.001884 314.208354
763.494861 316.818593
762.992520 317.688673
761.485498 320.298913
759.978475 322.909153
758.973793 324.649312
758.471453 325.519392
757.466771 327.259552
755.959748 329.869792
755.457407 330.739871
754.955067 331.609951
753.950385 333.350111
751.941022 336.830431
750.433999 339.440670
749.429317 341.180830
747.922295 343.791070
744.908250 349.011549
744.405909 349.881629
743.401227 351.621789
742.396545 353.361948
741.894205 354.232028
739.884841 357.712348
738.880160 359.452508
737.875478 361.192667
736.870796 362.932827
735.363774 365.543067
733.856751 368.153306
731.345047 372.503706
727.828661 378.594265
727.326320 379.464345
725.819297 382.074584
723.307593 386.424984
722.805252 387.295064
721.298230 389.905303
718.786526 394.255703
717.781844 395.995862
715.772481 399.476182
713.763117 402.956501
713.260776 403.826581
710.749072 408.176981
709.242050 410.787220
708.739709 411.657300
708.237368 412.527380
707.735027 413.397460
707.735027 413.397460
708.238181 414.268949
708.741336 415.140438
709.244490 416.011927
709.747645 416.883416
710.250799 417.754905
710.753954 418.626394
711.257108 419.497883
711.760262 420.369372
712.263417 421.240861
712.766571 422.112350
713.269726 422.983840
714.276035 424.726818
714.779189 425.598307
715.282343 426.469796
715.785498 427.341285
716.288652 428.212774
716.791807 429.084263
717.294961 429.955752
717.798116 430.827241
718.301270 431.698730
718.804424 432.570219
719.307579 433.441708
720.313888 435.184686
720.817042 436.056175
721.320197 436.927664
721.823351 437.799153
722.326505 438.670642
722.829660 439.542131
723.332814 440.413620
723.835969 441.285110
724.339123 442.156599
724.842278 443.028088
725.345432 443.899577
725.848586 444.771066
726.351741 445.642555
726.854895 446.514044
727.358050 447.385533
728.364359 449.128511
728.867513 450.000000
728.867513 450.000000
729.873822 450.000000
730.880131 450.000000
732.892749 450.000000
733.899058 450.000000
734.905366 450.000000
735.911675 450.000000
738.930602 450.000000
739.936911 450.000000
740.943220 450.000000
741.949529 450.000000
742.955838 450.000000
743.962147 450.000000
744.968455 450.000000
745.974764 450.000000
746.981073 450.000000
747.987382 450.000000
748.993691 450.000000
752.012618 450.000000
753.018927 450.000000
755.031545 450.000000
756.037853 450.000000
757.044162 450.000000
758.050471 450.000000
759.056780 450.000000
760.063089 450.000000
761.069398 450.000000
762.075707 450.000000
763.082016 450.000000
764.088325 450.000000
766.100942 450.000000
767.107251 450.000000
768.113560 450.000000
769.119869 450.000000
770.126178 450.000000
771.132487 450.000000
772.639510 447.389760
773.141850 446.519681
774.146532 444.779521
774.648873 443.909441
775.653555 442.169281
776.658236 440.429121
777.160577 439.559042
778.667600 436.948802
785.700372 424.767684
787.207394 422.157444
788.212076 420.417284
789.216757 418.677125
790.723780 416.066885
791.226121 415.196805
793.235484 411.716486
794.240166 409.976326
795.244848 408.236166
798.258893 403.015687
799.765915 400.405447
802.277620 396.055048
802.779960 395.184968
803.282301 394.314888
805.291665 390.834569
806.798687 388.224329
807.301028 387.354249
808.808051 384.744010
811.822096 379.523530
812.826777 377.783371
813.831459 376.043211
814.333800 375.173131
814.836141 374.303051
815.840822 372.562891
816.845504 370.822732
817.347845 369.952652
817.850186 369.082572
818.352527 368.212492
822.873594 360.381773
823.375935 359.511693
824.882958 356.901454
826.389980 354.291214
830.911048 346.460495
831.915730 344.720335
834.929775 339.499856
835.934456 337.759696
836.939138 336.019537
839.953183 330.799057
840.455524 329.928978
841.460206 328.188818
843.469569 324.708498
847.990637 316.877779
851.507023 316.007700
852.009363 316.877779
852.511704 317.747859
856.028090 323.838418
856.530431 324.708498
857.032772 325.578578
857.535113 326.448658
859.544476 329.928978
861.051499 332.539217
862.056180 334.279377
863.060862 336.019537
864.065544 337.759696
864.567885 338.629776
865.070225 339.499856
865.572566 340.369936
866.074907 341.240016
866.577248 342.110096
868.084270 344.720335
868.586611 345.590415
869.088952 346.460495
870.595975 349.070735
872.605338 352.551054
875.619383 357.771534
876.121724 358.641613
878.131087 362.121933
880.140451 365.602252
882.149814 369.082572
882.652155 369.952652
883.656837 371.692811
884.159178 372.562891
885.163859 374.303051
892.196631 386.484169
892.698972 387.354249
893.703654 389.094409
894.708335 390.834569
895.713017 392.574728
896.215358 393.444808
897.722380 396.055048
899.229403 398.665288
902.745789 404.755847
903.248130 405.625926
903.750471 406.496006
904.252811 407.366086
904.755152 408.236166
905.759834 409.976326
907.266857 412.586565
909.276220 416.066885
910.280902 417.807045
910.783243 418.677125
911.787924 420.417284
914.299628 424.767684
917.816014 430.858243
918.318355 431.728323
918.820696 432.598403
919.323037 433.468482
919.825378 434.338562
920.327719 435.208642
921.332400 436.948802
921.834741 437.818882
924.848786 443.039361
926.858150 446.519681
927.360490 447.389760
928.867513 450.000000
929.869379 450.000000
931.873111 450.000000
932.874977 450.000000
933.876843 450.000000
935.880575 450.000000
937.884307 450.000000
938.886173 450.000000
939.888039 450.000000
940.889905 450.000000
941.891771 450.000000
942.893637 450.000000
944.897369 450.000000
945.899235 450.000000
948.904833 450.000000
949.906699 450.000000
952.912297 450.000000
953.914163 450.000000
954.916029 450.000000
955.917895 450.000000
957.921627 450.000000
958.923493 450.000000
959.925359 450.000000
961.929091 450.000000
963.932823 450.000000
964.934690 450.000000
965.936556 450.000000
966.938422 450.000000
968.942154 450.000000
969.944020 450.000000
970.945886 450.000000
971.947752 450.000000
972.949618 450.000000
973.951484 450.000000
975.955216 450.000000
976.957082 450.000000
978.960814 450.000000
979.962680 450.000000
981.966412 450.000000
982.968278 450.000000
987.977608 450.000000
988.979474 450.000000
989.981340 450.000000
990.983206 450.000000
992.986938 450.000000
994.990670 450.000000
996.994402 450.000000
997.996268 450.000000
998.998134 450.000000
1000.000000 451.000000
1000.000000 453.000000
1000.000000 454.000000
1000.000000 460.000000
1000.000000 465.000000
1000.000000 467.000000
1000.000000 469.000000
1000.000000 471.000000
1000.000000 472.000000
1000.000000 474.000000
1000.000000 475.000000
1000.000000 480.000000
1000.000000 483.000000
1000.000000 484.000000
1000.000000 485.000000
1000.000000 486.000000
1000.000000 487.000000
1000.000000 488.000000
1000.000000 490.000000
1000.000000 491.000000
1000.000000 493.000000
1000.000000 494.000000
1000.000000 496.000000
1000.000000 499.000000
1000.000000 502.000000
1000.000000 504.000000
1000.000000 505.000000
1000.000000 506.000000
1000.000000 509.000000
1000.000000 511.000000
1000.000000 512.000000
1000.000000 513.000000
1000.000000 515.000000
1000.000000 516.000000
1000.000000 519.000000
1000.000000 520.000000
1000.000000 521.000000
1000.000000 522.000000
1000.000000 525.000000
1000.000000 526.000000
1000.000000 530.000000
1000.000000 531.000000
1000.000000 532.000000
1000.000000 533.000000
1000.000000 534.000000
1000.000000 536.000000
1000.000000 539.000000
1000.000000 540.000000
1000.000000 542.000000
1000.000000 543.000000
1000.000000 544.000000
1000.000000 546.000000
1000.000000 547.000000
1000.000000 549.000000
1000.000000 550.000000
998.993223 550.000000
997.986445 550.000000
996.979668 550.000000
995.972890 550.000000
993.959335 550.000000
992.952558 550.000000
991.945780 550.000000
990.939003 550.000000
989.932226 550.000000
988.925448 550.000000
987.918671 550.000000
986.911893 550.000000
980.871229 550.000000
979.864451 550.000000
978.857674 550.000000
977.850896 550.000000
975.837341 550.000000
972.817009 550.000000
970.803454 550.000000
968.789899 550.000000
966.776344 550.000000
965.769567 550.000000
962.749235 550.000000
961.742457 550.000000
960.735680 550.000000
958.722125 550.000000
957.715347 550.000000
955.701792 550.000000
952.681460 550.000000
951.674683 550.000000
950.667905 550.000000
949.661128 550.000000
948.654350 550.000000
947.647573 550.000000
946.640795 550.000000
945.634018 550.000000
944.627241 550.000000
941.606908 550.000000
940.600131 550.000000
939.593353 550.000000
937.579798 550.000000
935.566243 550.000000
934.559466 550.000000
933.552689 550.000000
932.545911 550.000000
930.532356 550.000000
929.525579 550.000000
928.518801 550.000000
925.498469 550.000000
924.491692 550.000000
921.471359 550.000000
919.457804 550.000000
917.444249 550.000000
916.437472 550.000000
914.423917 550.000000
911.403585 550.000000
910.396807 550.000000
907.376475 550.000000
906.369698 550.000000
902.342588 550.000000
901.335810 550.000000
900.329033 550.000000
896.301923 550.000000
895.295146 550.000000
893.281591 550.000000
891.268036 550.000000
888.247704 550.000000
887.240926 550.000000
886.234149 550.000000
884.220594 550.000000
881.200261 550.000000
880.193484 550.000000
877.173152 550.000000
876.166374 550.000000
875.159597 550.000000
873.146042 550.000000
872.139264 550.000000
871.132487 550.000000
871.132487 550.000000
870.629333 549.128511
870.126178 548.257022
869.623024 547.385533
868.616715 545.642555
868.113560 544.771066
867.610406 543.899577
866.604097 542.156599
866.100942 541.285110
865.597788 540.413620
865.094634 539.542131
864.591479 538.670642
864.088325 537.799153
863.585170 536.927664
863.082016 536.056175
862.578861 535.184686
862.075707 534.313197
861.572552 533.441708
861.069398 532.570219
860.566243 531.698730
859.559935 529.955752
859.056780 529.084263
858.553626 528.212774
858.050471 527.341285
857.044162 525.598307
856.541008 524.726818
856.037853 523.855329
855.534699 522.983840
855.031545 522.112350
854.528390 521.240861
854.025236 520.369372
853.522081 519.497883
853.018927 518.626394
852.515772 517.754905
852.012618 516.883416
851.509463 516.011927
851.006309 515.140438
850.503154 514.268949
850.000000 513.397460
850.000000 513.397460
849.496846 514.268949
848.993691 515.140438
848.490537 516.011927
847.987382 516.883416
847.484228 517.754905
846.981073 518.626394
846.477919 519.497883
845.974764 520.369372
845.471610 521.240861
844.968455 522.112350
844.465301 522.983840
843.962147 523.855329
843.458992 524.726818
842.955838 525.598307
842.452683 526.469796
841.949529 527.341285
841.446374 528.212774
840.943220 529.084263
840.440065 529.955752
839.936911 530.827241
838.427448 533.441708
837.924293 534.313197
837.421139 535.184686
836.917984 536.056175
836.414830 536.927664
835.911675 537.799153
835.408521 538.670642
834.905366 539.542131
834.402212 540.413620
833.899058 541.285110
832.892749 543.028088
832.389594 543.899577
831.886440 544.771066
831.383285 545.642555
830.880131 546.514044
830.376976 547.385533
829.873822 548.257022
829.370667 549.128511
828.867513 550.000000
826.858150 550.000000
825.853468 550.000000
820.830059 550.000000
816.811333 550.000000
815.806651 550.000000
811.787924 550.000000
810.783243 550.000000
804.755152 550.000000
803.750471 550.000000
801.741107 550.000000
800.736426 550.000000
796.717699 550.000000
795.713017 550.000000
792.698972 550.000000
791.694290 550.000000
790.689609 550.000000
787.675564 550.000000
786.670882 550.000000
784.661518 550.000000
778.633428 550.000000
777.628747 550.000000
776.624065 550.000000
774.614702 550.000000
773.610020 550.000000
772.605338 550.000000
767.581930 550.000000
766.577248 550.000000
765.572566 550.000000
763.563203 550.000000
761.553839 550.000000
758.539794 550.000000
755.525749 550.000000
754.521068 550.000000
752.511704 550.000000
751.507023 550.000000
750.502341 550.000000
749.497659 550.000000
741.460206 550.000000
738.446161 550.000000
735.432115 550.000000
734.427434 550.000000
733.422752 550.000000
730.408707 550.000000
727.394662 550.000000
725.385298 550.000000
723.375935 550.000000
717.347845 550.000000
710.315073 550.000000
707.301028 550.000000
706.296346 550.000000
705.291665 550.000000
704.286983 550.000000
701.272938 550.000000
697.254211 550.000000
696.249529 550.000000
695.244848 550.000000
694.240166 550.000000
693.235484 550.000000
689.216757 550.000000
686.202712 550.000000
682.183986 550.000000
681.179304 550.000000
680.174622 550.000000
678.165259 550.000000
677.160577 550.000000
676.155895 550.000000
675.151214 550.000000
674.146532 550.000000
671.132487 550.000000
671.132487 550.000000
670.630146 549.129920
670.127805 548.259840
668.620783 545.649601
666.611419 542.169281
665.606738 540.429121
665.104397 539.559042
663.095033 536.078722
662.592692 535.208642
662.090352 534.338562
659.578647 529.988163
659.076307 529.118083
658.573966 528.248003
657.569284 526.507843
657.066943 525.637764
656.564602 524.767684
656.062261 523.897604
655.057580 522.157444
654.555239 521.287364
654.052898 520.417284
652.043535 516.936965
651.541194 516.066885
651.038853 515.196805
649.531830 512.586565
647.522467 509.106246
647.020126 508.236166
644.508422 503.885767
644.006081 503.015687
642.499058 500.405447
640.489695 496.925128
638.982672 494.314888
636.973309 490.834569
633.456923 484.744010
632.954582 483.873930
632.452241 483.003850
630.945219 480.393610
630.442878 479.523530
628.935855 476.913291
626.424151 472.562891
625.419469 470.822732
624.917128 469.952652
623.912447 468.212492
621.400743 463.862093
620.396061 462.121933
619.391379 460.381773
618.386697 458.641613
615.874993 454.291214
614.870311 452.551054
614.367971 451.680974
613.865630 450.810895
613.363289 449.940815
612.860948 449.070735
611.856266 447.330575
610.349244 444.720335
607.837539 440.369936
607.335199 439.499856
603.818813 433.409297
602.311790 430.799057
599.800086 426.448658
599.297745 425.578578
598.795404 424.708498
596.786041 421.228179
596.283700 420.358099
593.269655 415.137620
592.264973 413.397460
592.768127 412.525971
593.774436 410.782993
594.277591 409.911504
595.787054 407.297036
596.290209 406.425547
596.793363 405.554058
597.296518 404.682569
597.799672 403.811080
598.302826 402.939591
598.805981 402.068102
599.309135 401.196613
599.812290 400.325124
600.315444 399.453635
600.818599 398.582146
601.321753 397.710657
601.824908 396.839168
602.328062 395.967679
602.831216 395.096190
603.334371 394.224700
603.837525 393.353211
604.340680 392.481722
604.843834 391.610233
605.346989 390.738744
605.850143 389.867255
606.353298 388.995766
606.856452 388.124277
607.359607 387.252788
607.862761 386.381299
608.365915 385.509810
608.869070 384.638321
610.378533 382.023853
610.881688 381.152364
611.384842 380.280875
611.887997 379.409386
612.391151 378.537897
613.397460 376.794919
613.397460 376.794919
612.391151 376.794919
610.378533 376.794919
609.372224 376.794919
608.365916 376.794919
606.353298 376.794919
605.346989 376.794919
604.340680 376.794919
603.334371 376.794919
602.328062 376.794919
601.321753 376.794919
600.315445 376.794919
599.309136 376.794919
598.302827 376.794919
597.296518 376.794919
596.290209 376.794919
595.283900 376.794919
594.277591 376.794919
593.271282 376.794919
592.264973 376.794919
591.258665 376.794919
590.252356 376.794919
589.246047 376.794919
588.239738 376.794919
587.233429 376.794919
586.227120 376.794919
585.220811 376.794919
584.214502 376.794919
582.201885 376.794919
581.195576 376.794919
580.189267 376.794919
579.182958 376.794919
578.176649 376.794919
577.170340 376.794919
576.164031 376.794919
575.157723 376.794919
574.151414 376.794919
573.145105 376.794919
572.138796 376.794919
571.132487 376.794919
571.132487 376.794919
570.629333 375.923430
570.126178 375.051941
569.623024 374.180452
569.119869 373.308963
568.616715 372.437474
568.113560 371.565985
567.610406 370.694496
567.107251 369.823007
566.604097 368.951518
566.100942 368.080029
565.597788 367.208539
565.094634 366.337050
564.591479 365.465561
564.088325 364.594072
563.585170 363.722583
563.082016 362.851094
562.578861 361.979605
562.075707 361.108116
561.572552 360.236627
561.069398 359.365138
560.566243 358.493649
560.063089 357.622160
559.559935 356.750671
559.056780 355.879182
558.553626 355.007693
558.050471 354.136204
557.547317 353.264715
557.044162 352.393226
556.541008 351.521737
556.037853 350.650248
555.534699 349.778759
555.031545 348.907269
554.528390 348.035780
554.025236 347.164291
553.522081 346.292802
553.018927 345.421313
552.012618 343.678335
551.509463 342.806846
551.006309 341.935357
550.503154 341.063868
549.496846 341.063868
548.993691 341.935357
548.490537 342.806846
547.987382 343.678335
547.484228 344.549824
546.477919 346.292802
545.974764 347.164291
545.471610 348.035780
544.968455 348.907269
544.465301 349.778759
543.962147 350.650248
543.458992 351.521737
542.452683 353.264715
541.949529 354.136204
541.446374 355.007693
540.943220 355.879182
540.440065 356.750671
539.936911 357.622160
539.433757 358.493649
538.930602 359.365138
537.421139 361.979605
536.917984 362.851094
536.414830 363.722583
535.911675 364.594072
535.408521 365.465561
534.905366 366.337050
534.402212 367.208539
533.899058 368.080029
533.395903 368.951518
532.892749 369.823007
532.389594 370.694496
531.886440 371.565985
531.383285 372.437474
530.880131 373.308963
530.376976 374.180452
529.873822 375.051941
529.370667 375.923430
528.867513 376.794919
528.867513 376.794919
527.861204 376.794919
524.842277 376.794919
523.835969 376.794919
522.829660 376.794919
521.823351 376.794919
519.810733 376.794919
518.804424 376.794919
516.791806 376.794919
515.785498 376.794919
514.779189 376.794919
513.772880 376.794919
512.766571 376.794919
511.760262 376.794919
509.747644 376.794919
508.741335 376.794919
507.735027 376.794919
506.728718 376.794919
505.722409 376.794919
504.716100 376.794919
502.703482 376.794919
501.697173 376.794919
499.684555 376.794919
498.678247 376.794919
497.671938 376.794919
496.665629 376.794919
494.653011 376.794919
493.646702 376.794919
492.640393 376.794919
491.634084 376.794919
490.627776 376.794919
489.621467 376.794919
488.615158 376.794919
487.608849 376.794919
486.602540 376.794919
486.602540 376.794919
487.105694 377.666408
488.112003 379.409386
488.615158 380.280875
489.621467 382.023853
490.124621 382.895342
490.627776 383.766832
491.130930 384.638321
491.634085 385.509810
492.137239 386.381299
492.640393 387.252788
493.143548 388.124277
493.646702 388.995766
494.149857 389.867255
494.653011 390.738744
495.659320 392.481722
496.162475 393.353211
496.665629 394.224700
497.671938 395.967679
498.175092 396.839168
498.678247 397.710657
499.181401 398.582146
499.684556 399.453635
500.187710 400.325124
500.690865 401.196613
501.194019 402.068102
501.697174 402.939591
502.200328 403.811080
502.703482 404.682569
503.206637 405.554058
503.709791 406.425547
504.212946 407.297036
504.716100 408.168526
505.722409 409.911504
506.225564 410.782993
506.728718 411.654482
507.231873 412.525971
507.735027 413.397460
505.725664 416.877779
505.223323 417.747859
504.720982 418.617939
504.218641 419.488019
502.711618 422.098259
499.697573 427.318738
497.185869 431.669137
494.674165 436.019537
492.664801 439.499856
492.162461 440.369936
491.660120 441.240016
491.157779 442.110096
490.153097 443.850256
489.650756 444.720335
489.148415 445.590415
488.646075 446.460495
487.641393 448.200655
487.139052 449.070735
483.120325 456.031374
482.617984 456.901454
482.115643 457.771534
479.603939 462.121933
478.599257 463.862093
478.096917 464.732172
477.594576 465.602252
477.092235 466.472332
476.589894 467.342412
475.585212 469.082572
475.082872 469.952652
473.575849 472.562891
473.073508 473.432971
472.571167 474.303051
472.068826 475.173131
471.064145 476.913291
470.561804 477.783371
469.557122 479.523530
468.050100 482.133770
467.547759 483.003850
465.036054 487.354249
464.031373 489.094409
462.524350 491.704649
462.022009 492.574728
461.017328 494.314888
459.510305 496.925128
459.007964 497.795208
458.003283 499.535367
457.500942 500.405447
455.993919 503.015687
455.491578 503.885767
454.989237 504.755847
453.984556 506.496006
452.979874 508.236166
450.468170 512.586565
448.458806 516.066885
446.951784 518.677125
445.947102 520.417284
445.444761 521.287364
444.440079 523.027524
442.933057 525.637764
442.430716 526.507843
441.928375 527.377923
440.923693 529.118083
440.421353 529.988163
438.914330 532.598403
438.411989 533.468482
434.393262 540.429121
433.890922 541.299201
431.881558 544.779521
431.379217 545.649601
429.872195 548.259840
428.867513 550.000000
427.862831 550.000000
425.853468 550.000000
423.844105 550.000000
421.834741 550.000000
419.825378 550.000000
414.801969 550.000000
412.792606 550.000000
411.787924 550.000000
406.764516 550.000000
405.759834 550.000000
404.755152 550.000000
403.750471 550.000000
402.745789 550.000000
398.727062 550.000000
396.717699 550.000000
393.703654 550.000000
391.694290 550.000000
390.689609 550.000000
386.670882 550.000000
385.666200 550.000000
384.661518 550.000000
383.656837 550.000000
382.652155 550.000000
381.647473 550.000000
380.642792 550.000000
377.628747 550.000000
376.624065 550.000000
375.619383 550.000000
373.610020 550.000000
367.581930 550.000000
362.558521 550.000000
359.544476 550.000000
354.521068 550.000000
350.502341 550.000000
349.497659 550.000000
348.492977 550.000000
345.478932 550.000000
344.474251 550.000000
343.469569 550.000000
337.441479 550.000000
334.427434 550.000000
333.422752 550.000000
331.413389 550.000000
330.408707 550.000000
329.404025 550.000000
327.394662 550.000000
326.389980 550.000000
323.375935 550.000000
314.333800 550.000000
312.324436 550.000000
311.319755 550.000000
309.310391 550.000000
306.296346 550.000000
305.291665 550.000000
303.282301 550.000000
301.272938 550.000000
300.268256 550.000000
299.263574 550.000000
297.254211 550.000000
296.249529 550.000000
295.244848 550.000000
294.240166 550.000000
292.230803 550.000000
291.226121 550.000000
288.212076 550.000000
285.198031 550.000000
284.193349 550.000000
280.174622 550.000000
279.169941 550.000000
277.160577 550.000000
276.155895 550.000000
272.137169 550.000000
271.132487 550.000000
270.629333 549.128511
270.126178 548.257022
269.623024 547.385533
269.119869 546.514044
268.616715 545.642555
268.113560 544.771066
267.610406 543.899577
266.604097 542.156599
266.100942 541.285110
265.597788 540.413620
265.094634 539.542131
264.591479 538.670642
263.082016 536.056175
262.578861 535.184686
262.075707 534.313197
261.572552 533.441708
261.069398 532.570219
260.566244 531.698730
260.063089 530.827241
259.559935 529.955752
259.056780 529.084263
258.553626 528.212774
258.050471 527.341285
257.547317 526.469796
257.044162 525.598307
256.541008 524.726818
256.037853 523.855329
255.534699 522.983840
255.031545 522.112350
254.528390 521.240861
254.025236 520.369372
253.522081 519.497883
253.018927 518.626394
252.515772 517.754905
252.012618 516.883416
251.509463 516.011927
251.006309 515.140438
250.503154 514.268949
250.000000 513.397460
250.000000 513.397460
248.993691 515.140438
248.490537 516.011927
247.987382 516.883416
247.484228 517.754905
246.477919 519.497883
245.974764 520.369372
245.471610 521.240861
244.968455 522.112350
244.465301 522.983840
243.458992 524.726818
242.955838 525.598307
242.452683 526.469796
241.949529 527.341285
241.446374 528.212774
240.943220 529.084263
240.440065 529.955752
239.936911 530.827241
239.433757 531.698730
238.930602 532.570219
238.427448 533.441708
237.924293 534.313197
237.421139 535.184686
236.414830 536.927664
235.911675 537.799153
235.408521 538.670642
234.905366 539.542131
234.402212 540.413620
233.899058 541.285110
232.892749 543.028088
232.389594 543.899577
231.383285 545.642555
230.880131 546.514044
229.873822 548.257022
228.867513 550.000000
227.860736 550.000000
223.833626 550.000000
222.826848 550.000000
221.820071 550.000000
218.799739 550.000000
217.792961 550.000000
215.779406 550.000000
210.745519 550.000000
206.718409 550.000000
205.711632 550.000000
204.704854 550.000000
200.677745 550.000000
198.664190 550.000000
197.657412 550.000000
194.637080 550.000000
189.603193 550.000000
188.596415 550.000000
185.576083 550.000000
182.555751 550.000000
180.542196 550.000000
179.535418 550.000000
176.515086 550.000000
174.501531 550.000000
173.494754 550.000000
172.487976 550.000000
171.481199 550.000000
168.460866 550.000000
165.440534 550.000000
162.420202 550.000000
160.406647 550.000000
157.386314 550.000000
155.372759 550.000000
154.365982 550.000000
153.359205 550.000000
149.332095 550.000000
148.325317 550.000000
146.311762 550.000000
145.304985 550.000000
144.298208 550.000000
143.291430 550.000000
142.284653 550.000000
141.277875 550.000000
140.271098 550.000000
139.264320 550.000000
128.189768 550.000000
123.155881 550.000000
122.149104 550.000000
118.121994 550.000000
117.115217 550.000000
116.108439 550.000000
114.094884 550.000000
112.081329 550.000000
109.060997 550.000000
108.054220 550.000000
107.047442 550.000000
105.033887 550.000000
103.020332 550.000000
100.000000 550.000000
