790
101.001866 450.000000
102.003732 450.000000
104.007464 450.000000
105.009330 450.000000
112.022392 450.000000
118.033588 450.000000
124.044784 450.000000
125.046650 450.000000
130.055980 450.000000
132.059712 450.000000
133.061578 450.000000
138.070909 450.000000
142.078373 450.000000
143.080239 450.000000
149.091435 450.000000
150.093301 450.000000
151.095167 450.000000
152.097033 450.000000
153.098899 450.000000
154.100765 450.000000
155.102631 450.000000
161.113827 450.000000
166.123157 450.000000
177.662918 438.688962
185.700372 424.767684
186.202712 423.897604
186.705053 423.027524
189.719098 417.807045
196.751870 405.625926
200.268256 399.535367
201.775279 396.925128
203.282301 394.314888
205.794005 389.964489
208.808051 384.744010
213.329118 376.913291
217.850186 369.082572
233.925093 341.240016
235.432115 338.629776
236.436797 336.889617
240.957865 329.058898
242.464887 326.448658
242.967228 325.578578
245.981273 320.358099
247.488296 317.747859
250.502341 314.267540
251.507023 316.007700
255.525749 322.968339
256.028090 323.838418
260.046817 330.799057
262.056180 334.279377
263.563203 336.889617
264.567885 338.629776
265.070225 339.499856
268.586611 345.590415
269.591293 347.330575
273.610020 354.291214
277.126406 360.381773
278.131087 362.121933
278.633428 362.992013
286.168541 376.043211
288.177904 379.523530
288.680245 380.393610
290.689609 383.873930
291.694290 385.614089
292.196631 386.484169
293.201313 388.224329
294.205995 389.964489
295.713017 392.574728
296.215358 393.444808
299.731744 399.535367
304.252811 407.366086
306.764516 411.716486
309.778561 416.936965
310.280902 417.807045
311.285583 419.547204
311.787924 420.417284
317.313674 429.988163
318.820696 432.598403
320.830059 436.078722
321.332400 436.948802
323.341764 440.429121
326.858150 446.519681
328.365172 449.129920
328.867513 450.000000
331.886440 450.000000
333.899058 450.000000
334.905366 450.000000
335.911675 450.000000
336.917984 450.000000
338.930602 450.000000
339.936911 450.000000
340.943220 450.000000
342.955838 450.000000
344.968455 450.000000
345.974764 450.000000
353.018927 450.000000
355.031545 450.000000
356.037853 450.000000
357.044162 450.000000
360.063089 450.000000
362.075707 450.000000
365.094634 450.000000
366.100942 450.000000
370.126178 450.000000
371.132487 450.000000
371.635641 449.128511
372.138796 448.257022
372.641950 447.385533
373.145105 446.514044
373.648259 445.642555
374.151414 444.771066
376.667186 440.413620
377.170340 439.542131
378.176649 437.799153
379.182958 436.056175
379.686112 435.184686
380.692421 433.441708
381.195576 432.570219
382.201884 430.827241
383.208193 429.084263
383.711348 428.212774
384.214502 427.341285
385.220811 425.598307
386.227120 423.855329
387.233429 422.112350
388.239738 420.369372
388.742892 419.497883
389.749201 417.754905
384.227519 399.476182
383.222838 397.736022
382.720497 396.865942
377.697088 388.165144
373.176021 380.334425
372.171339 378.594265
366.645590 369.023386
357.603455 353.361948
353.082387 345.531229
350.570683 341.180830
344.542593 330.739871
343.537911 328.999712
343.035570 328.129632
339.016843 321.168993
338.514502 320.298913
335.500457 315.078434
333.491094 311.598114
332.486412 309.857954
327.965345 302.027235
325.453640 297.676836
320.932573 289.846117
317.918528 284.625638
314.904483 279.405159
318.420869 276.794919
324.448959 276.794919
329.472367 276.794919
333.491094 276.794919
339.519184 276.794919
354.589410 276.794919
360.617500 276.794919
361.622182 276.794919
364.636227 276.794919
367.650272 276.794919
373.678362 276.794919
380.711134 276.794919
389.753269 276.794919
391.762633 276.794919
397.790723 276.794919
405.828176 276.794919
410.851585 276.794919
413.865630 276.794919
416.879675 276.794919
418.889039 276.794919
419.893720 276.794919
421.903084 276.794919
427.931174 276.794919
432.954582 276.794919
445.010763 276.794919
447.020126 276.794919
450.034171 276.794919
452.043535 276.794919
457.066943 276.794919
462.090352 276.794919
466.109078 276.794919
471.132487 276.794919
471.634828 275.924839
475.653555 268.964200
479.672281 262.003561
480.174622 261.133481
481.179304 259.393322
485.700372 251.562603
486.705053 249.822443
487.709735 248.082283
488.714417 246.342123
490.723780 242.861804
491.226121 241.991724
496.751870 232.420845
497.254211 231.550766
501.272938 224.590127
502.277620 222.849967
505.291665 217.629488
508.808051 211.538929
509.310391 210.668849
513.831459 202.838130
515.338482 200.227890
517.850186 195.877491
518.352527 195.007411
520.864231 190.657012
521.366572 189.786932
524.380617 184.566453
528.399344 177.605814
528.901684 176.735734
529.906366 174.995574
542.967228 152.373497
547.990637 143.672698
550.502341 141.062459
555.023408 148.893178
555.525749 149.763258
556.530431 151.503417
562.056180 161.074296
563.563203 163.684536
565.572566 167.164855
566.074907 168.034935
577.126406 187.176692
578.633428 189.786932
585.163859 201.097970
589.182586 208.058609
591.191949 211.538929
593.703654 215.889328
594.708335 217.629488
596.717699 221.109807
597.220040 221.979887
599.229403 225.460207
599.731744 226.330286
603.750471 233.290925
604.252811 234.161005
608.773879 241.991724
611.285583 246.342123
612.290265 248.082283
612.792606 248.952363
615.304310 253.302762
617.313674 256.783082
619.323037 260.263401
622.337082 265.483881
629.872195 276.794919
661.017327 276.794919
666.040736 276.794919
678.096916 276.794919
683.120325 276.794919
706.228004 276.794919
709.242049 276.794919
715.270139 276.794919
719.288866 276.794919
732.349728 276.794919
733.354410 276.794919
743.401227 276.794919
745.410590 276.794919
753.448044 276.794919
754.452726 276.794919
757.466771 276.794919
761.485497 276.794919
762.490179 276.794919
763.494861 276.794919
770.527633 276.794919
771.532314 276.794919
780.574450 276.794919
785.597858 276.794919
782.081472 284.625638
775.048701 296.806756
774.044019 298.546916
773.039337 300.287076
772.536996 301.157156
772.034655 302.027235
767.011247 310.728034
766.006565 312.468194
765.001884 314.208354
762.992520 317.688673
761.987838 319.428833
755.959748 329.869792
755.457407 330.739871
754.452726 332.480031
752.443362 335.960351
750.936340 338.570590
748.926976 342.050910
748.424636 342.920990
740.889523 355.972188
735.866114 364.672987
734.359092 367.283226
730.340365 374.243865
729.335683 375.984025
726.823979 380.334425
725.316957 382.944664
722.805252 387.295064
718.786526 394.255703
716.274821 398.606102
714.265458 402.086422
712.256095 405.566741
707.735027 413.397460
708.238181 414.268949
709.244490 416.011927
710.250799 417.754905
711.760262 420.369372
712.766571 422.112350
713.269726 422.983840
715.282343 426.469796
715.785498 427.341285
718.301270 431.698730
718.804424 432.570219
721.823351 437.799153
723.835969 441.285110
724.842278 443.028088
725.848586 444.771066
726.351741 445.642555
726.854895 446.514044
727.358050 447.385533
727.861204 448.257022
728.867513 450.000000
731.886440 450.000000
733.899058 450.000000
738.930602 450.000000
739.936911 450.000000
740.943220 450.000000
741.949529 450.000000
742.955838 450.000000
744.968455 450.000000
745.974764 450.000000
748.993691 450.000000
751.006309 450.000000
756.037853 450.000000
758.050471 450.000000
759.056780 450.000000
760.063089 450.000000
761.069398 450.000000
762.075707 450.000000
766.100942 450.000000
768.113560 450.000000
771.132487 450.000000
774.146532 444.779521
776.658236 440.429121
783.691008 428.248003
784.193349 427.377923
785.700372 424.767684
792.733143 412.586565
794.742507 409.106246
796.751870 405.625926
800.268256 399.535367
800.770597 398.665288
805.794005 389.964489
808.305710 385.614089
812.324436 378.653450
813.329118 376.913291
814.333800 375.173131
815.840822 372.562891
817.347845 369.952652
817.850186 369.082572
820.361890 364.732172
825.887639 355.161294
828.901684 349.940815
829.906366 348.200655
830.408707 347.330575
831.915730 344.720335
832.418070 343.850256
834.929775 339.499856
835.432115 338.629776
838.446161 333.409297
840.455524 329.928978
841.460206 328.188818
841.962546 327.318738
842.967228 325.578578
844.474251 322.968339
848.492977 316.007700
850.000000 313.397460
852.511704 317.747859
858.539794 328.188818
861.051499 332.539217
867.581930 343.850256
876.624065 359.511693
877.628747 361.251853
878.633428 362.992013
879.135769 363.862093
881.647473 368.212492
882.149814 369.082572
886.670882 376.913291
887.675564 378.653450
888.680245 380.393610
889.684927 382.133770
893.201313 388.224329
895.713017 392.574728
906.764516 411.716486
907.266857 412.586565
907.769197 413.456645
911.285583 419.547204
911.787924 420.417284
914.299628 424.767684
914.801969 425.637764
915.806651 427.377923
921.834741 437.818882
924.848786 443.039361
925.853468 444.779521
926.355809 445.649601
928.867513 450.000000
936.882441 450.000000
938.886173 450.000000
941.891771 450.000000
944.897369 450.000000
947.902967 450.000000
948.904833 450.000000
956.919761 450.000000
959.925359 450.000000
978.960814 450.000000
983.970144 450.000000
989.981340 450.000000
990.983206 450.000000
991.985072 450.000000
1000.000000 454.000000
1000.000000 465.000000
1000.000000 468.000000
1000.000000 470.000000
1000.000000 477.000000
1000.000000 484.000000
1000.000000 486.000000
1000.000000 488.000000
1000.000000 492.000000
1000.000000 502.000000
1000.000000 503.000000
1000.000000 506.000000
1000.000000 509.000000
1000.000000 511.000000
1000.000000 513.000000
1000.000000 514.000000
1000.000000 518.000000
1000.000000 520.000000
1000.000000 524.000000
1000.000000 527.000000
1000.000000 528.000000
1000.000000 533.000000
1000.000000 539.000000
1000.000000 544.000000
1000.000000 547.000000
1000.000000 550.000000
998.993223 550.000000
984.898338 550.000000
976.844119 550.000000
965.769567 550.000000
963.756012 550.000000
956.708570 550.000000
948.654350 550.000000
945.634018 550.000000
941.606908 550.000000
938.586576 550.000000
936.573021 550.000000
934.559466 550.000000
928.518801 550.000000
920.464582 550.000000
918.451027 550.000000
917.444249 550.000000
900.329033 550.000000
894.288368 550.000000
890.261258 550.000000
873.146042 550.000000
871.132487 550.000000
870.629333 549.128511
870.126178 548.257022
869.119869 546.514044
868.113560 544.771066
867.610406 543.899577
865.597788 540.413620
865.094634 539.542131
864.591479 538.670642
863.082016 536.056175
862.578861 535.184686
862.075707 534.313197
861.069398 532.570219
860.566243 531.698730
859.056780 529.084263
858.050471 527.341285
857.547317 526.469796
857.044162 525.598307
856.037853 523.855329
855.534699 522.983840
855.031545 522.112350
854.528390 521.240861
853.018927 518.626394
852.515772 517.754905
850.000000 513.397460
848.490537 516.011927
847.987382 516.883416
846.981073 518.626394
846.477919 519.497883
845.974764 520.369372
843.962147 523.855329
842.955838 525.598307
842.452683 526.469796
841.446374 528.212774
840.440065 529.955752
835.911675 537.799153
835.408521 538.670642
834.905366 539.542131
833.899058 541.285110
833.395903 542.156599
832.892749 543.028088
829.370667 549.128511
828.867513 550.000000
816.811333 550.000000
811.787924 550.000000
801.741107 550.000000
797.722380 550.000000
793.703654 550.000000
792.698972 550.000000
791.694290 550.000000
783.656837 550.000000
773.610020 550.000000
769.591293 550.000000
768.586611 550.000000
758.539794 550.000000
757.535113 550.000000
754.521068 550.000000
733.422752 550.000000
732.418070 550.000000
714.333800 550.000000
712.324436 550.000000
704.286983 550.000000
702.277620 550.000000
688.212076 550.000000
686.202712 550.000000
672.137169 550.000000
668.620783 545.649601
666.611419 542.169281
664.099715 537.818882
663.095033 536.078722
662.592692 535.208642
661.588011 533.468482
660.080988 530.858243
652.043535 516.936965
649.531830 512.586565
648.024808 509.976326
644.508422 503.885767
639.987354 496.055048
638.480332 493.444808
634.461605 486.484169
629.438196 477.783371
627.931174 475.173131
626.424151 472.562891
615.874993 454.291214
612.358607 448.200655
611.856266 447.330575
610.349244 444.720335
606.330517 437.759696
603.818813 433.409297
603.316472 432.539217
601.307108 429.058898
600.804768 428.188818
595.781359 419.488019
593.771996 416.007700
592.768127 412.525971
593.271282 411.654482
594.277591 409.911504
594.780745 409.040015
595.283900 408.168526
595.787054 407.297036
596.290209 406.425547
597.296518 404.682569
598.302826 402.939591
598.805981 402.068102
600.818599 398.582146
602.831216 395.096190
603.334371 394.224700
604.340680 392.481722
606.353298 388.995766
606.856452 388.124277
612.894306 377.666408
613.397460 376.794919
612.391151 376.794919
610.378533 376.794919
609.372224 376.794919
607.359607 376.794919
603.334371 376.794919
601.321753 376.794919
599.309136 376.794919
598.302827 376.794919
596.290209 376.794919
595.283900 376.794919
594.277591 376.794919
593.271282 376.794919
592.264973 376.794919
591.258665 376.794919
590.252356 376.794919
589.246047 376.794919
588.239738 376.794919
586.227120 376.794919
584.214502 376.794919
582.201885 376.794919
580.189267 376.794919
579.182958 376.794919
575.157723 376.794919
573.145105 376.794919
572.138796 376.794919
571.132487 376.794919
570.629333 375.923430
568.616715 372.437474
567.610406 370.694496
567.107251 369.823007
563.585170 363.722583
561.572552 360.236627
560.566243 358.493649
560.063089 357.622160
559.559935 356.750671
559.056780 355.879182
557.547317 353.264715
556.037853 350.650248
555.534699 349.778759
554.025236 347.164291
553.018927 345.421313
552.012618 343.678335
551.509463 342.806846
550.503154 341.063868
548.490537 342.806846
547.987382 343.678335
546.477919 346.292802
545.974764 347.164291
545.471610 348.035780
544.968455 348.907269
543.962147 350.650248
543.458992 351.521737
542.955838 352.393226
541.446374 355.007693
539.936911 357.622160
539.433757 358.493649
538.930602 359.365138
538.427448 360.236627
536.414830 363.722583
535.408521 365.465561
534.402212 367.208539
533.899058 368.080029
533.395903 368.951518
530.376976 374.180452
529.873822 375.051941
527.861204 376.794919
526.854895 376.794919
525.848586 376.794919
524.842277 376.794919
521.823351 376.794919
519.810733 376.794919
517.798115 376.794919
516.791806 376.794919
513.772880 376.794919
508.741335 376.794919
506.728718 376.794919
499.684555 376.794919
497.671938 376.794919
496.665629 376.794919
495.659320 376.794919
493.646702 376.794919
489.621467 376.794919
486.602540 376.794919
487.105694 377.666408
488.112003 379.409386
488.615158 380.280875
489.118312 381.152364
491.130930 384.638321
492.137239 386.381299
494.653011 390.738744
495.156166 391.610233
496.665629 394.224700
497.168784 395.096190
497.671938 395.967679
498.175092 396.839168
498.678247 397.710657
499.684556 399.453635
500.690865 401.196613
501.194019 402.068102
501.697174 402.939591
502.200328 403.811080
504.716100 408.168526
505.219255 409.040015
506.225564 410.782993
506.730345 415.137620
499.195232 428.188818
493.167142 438.629776
488.143734 447.330575
487.641393 448.200655
481.110962 459.511693
476.087553 468.212492
475.082872 469.952652
474.078190 471.692811
473.575849 472.562891
471.566486 476.043211
467.045418 483.873930
462.022009 492.574728
460.514987 495.184968
450.468170 512.586565
447.956465 516.936965
445.947102 520.417284
442.933057 525.637764
437.909648 534.338562
436.402626 536.948802
435.397944 538.688962
433.890922 541.299201
432.383899 543.909441
430.876876 546.519681
430.374536 547.389760
428.867513 550.000000
427.862831 550.000000
425.853468 550.000000
422.839423 550.000000
419.825378 550.000000
409.778561 550.000000
404.755152 550.000000
384.661518 550.000000
374.614702 550.000000
373.610020 550.000000
371.600656 550.000000
368.586611 550.000000
361.553839 550.000000
354.521068 550.000000
337.441479 550.000000
330.408707 550.000000
327.394662 550.000000
325.385298 550.000000
323.375935 550.000000
322.371253 550.000000
318.352527 550.000000
310.315073 550.000000
305.291665 550.000000
304.286983 550.000000
294.240166 550.000000
293.235484 550.000000
281.179304 550.000000
271.132487 550.000000
270.126178 548.257022
269.623024 547.385533
269.119869 546.514044
268.113560 544.771066
267.610406 543.899577
267.107251 543.028088
266.100942 541.285110
264.591479 538.670642
263.585170 536.927664
263.082016 536.056175
262.075707 534.313197
260.063089 530.827241
259.559935 529.955752
259.056780 529.084263
258.050471 527.341285
257.547317 526.469796
257.044162 525.598307
253.522081 519.497883
253.018927 518.626394
252.515772 517.754905
251.006309 515.140438
250.503154 514.268949
250.000000 513.397460
247.987382 516.883416
247.484228 517.754905
246.981073 518.626394
245.974764 520.369372
244.968455 522.112350
243.962147 523.855329
243.458992 524.726818
242.955838 525.598307
241.446374 528.212774
240.943220 529.084263
240.440065 529.955752
238.930602 532.570219
236.917984 536.056175
235.911675 537.799153
235.408521 538.670642
233.395903 542.156599
231.886440 544.771066
230.880131 546.514044
227.860736 550.000000
219.806516 550.000000
217.792961 550.000000
213.765851 550.000000
207.725187 550.000000
205.711632 550.000000
200.677745 550.000000
195.643857 550.000000
194.637080 550.000000
182.555751 550.000000
176.515086 550.000000
166.447311 550.000000
162.420202 550.000000
161.413424 550.000000
144.298208 550.000000
137.250765 550.000000
134.230433 550.000000
133.223656 550.000000
117.115217 550.000000
116.108439 550.000000
110.067774 550.000000
104.027110 550.000000
