890
110.004889 450.000000
115.007333 450.000000
124.011733 450.000000
127.013200 450.000000
128.013689 450.000000
131.015155 450.000000
132.015644 450.000000
135.017111 450.000000
137.018089 450.000000
154.026400 450.000000
157.027866 450.000000
168.033244 450.000000
173.035688 450.000000
181.039599 450.000000
187.042533 450.000000
188.043022 450.000000
189.043510 450.000000
190.043999 450.000000
204.050844 450.000000
220.058666 450.000000
222.059644 450.000000
233.065021 450.000000
239.067955 450.000000
245.070888 450.000000
249.072843 450.000000
251.073821 450.000000
254.075288 450.000000
263.079688 450.000000
266.081154 450.000000
269.082621 450.000000
272.084088 450.000000
277.086532 450.000000
284.089954 450.000000
285.090443 450.000000
293.094354 450.000000
303.099243 450.000000
306.100710 450.000000
307.101199 450.000000
308.101687 450.000000
310.102665 450.000000
314.104621 450.000000
318.106576 450.000000
336.115376 450.000000
337.115865 450.000000
341.117821 450.000000
343.118798 450.000000
352.123198 450.000000
354.124176 450.000000
355.124665 450.000000
360.127109 450.000000
362.128087 450.000000
370.131998 450.000000
371.132487 450.000000
371.635641 449.128511
372.641950 447.385533
374.151414 444.771066
374.654568 443.899577
375.157722 443.028088
375.660877 442.156599
376.667186 440.413620
378.176649 437.799153
378.679803 436.927664
380.189267 434.313197
380.692421 433.441708
382.201884 430.827241
382.705039 429.955752
383.711348 428.212774
384.717657 426.469796
385.723965 424.726818
386.730274 422.983840
387.736583 421.240861
388.239738 420.369372
389.246046 418.626394
390.252355 416.883416
392.264973 413.397460
392.264973 413.397460
390.757950 410.787220
390.255610 409.917140
389.753269 409.047061
388.748587 407.306901
388.246246 406.436821
387.743905 405.566741
384.227519 399.476182
381.213474 394.255703
380.208793 392.515543
379.204111 390.775383
377.194748 387.295064
376.692407 386.424984
374.683043 382.944664
372.171339 378.594265
371.668998 377.724185
371.166657 376.854105
370.664317 375.984025
370.161976 375.113945
368.654953 372.503706
366.645590 369.023386
364.636226 365.543067
361.622181 360.322587
360.115159 357.712348
359.110477 355.972188
357.603455 353.361948
353.584728 346.401309
351.073024 342.050910
349.566001 339.440670
348.058978 336.830431
346.049615 333.350111
345.547274 332.480031
343.035570 328.129632
337.007480 317.688673
336.002798 315.948514
335.500457 315.078434
334.998116 314.208354
333.993435 312.468194
332.486412 309.857954
330.477049 306.377635
329.974708 305.507555
326.458322 299.416996
324.448959 295.936676
323.444277 294.196517
321.937254 291.586277
318.923209 286.365798
317.416187 283.755558
314.904483 279.405159
314.402142 278.535079
313.397460 276.794919
323.444277 276.794919
332.486412 276.794919
333.491094 276.794919
335.500457 276.794919
336.505139 276.794919
341.528548 276.794919
343.537911 276.794919
345.547274 276.794919
351.575365 276.794919
352.580046 276.794919
364.636227 276.794919
371.668999 276.794919
372.673680 276.794919
377.697089 276.794919
379.706452 276.794919
380.711134 276.794919
381.715816 276.794919
382.720497 276.794919
385.734542 276.794919
387.743906 276.794919
388.748588 276.794919
395.781359 276.794919
397.790723 276.794919
399.800086 276.794919
403.818813 276.794919
405.828176 276.794919
407.837540 276.794919
412.860948 276.794919
417.884357 276.794919
419.893720 276.794919
422.907765 276.794919
430.945219 276.794919
432.954582 276.794919
438.982673 276.794919
443.001399 276.794919
445.010763 276.794919
449.029490 276.794919
451.038853 276.794919
455.057580 276.794919
456.062261 276.794919
459.076307 276.794919
462.090352 276.794919
465.104397 276.794919
468.118442 276.794919
471.132487 276.794919
471.634828 275.924839
472.137169 275.054759
473.644191 272.444520
474.146532 271.574440
475.653555 268.964200
476.155895 268.094120
478.667600 263.743721
479.672281 262.003561
480.676963 260.263401
481.179304 259.393322
482.686326 256.783082
483.188667 255.913002
483.691008 255.042922
485.198031 252.432683
485.700372 251.562603
486.202712 250.692523
489.216757 245.472044
491.226121 241.991724
492.733143 239.381484
493.235484 238.511405
494.742507 235.901165
496.249529 233.290925
497.254211 231.550766
498.258893 229.810606
500.268256 226.330286
501.775279 223.720047
503.784642 220.239727
504.789324 218.499568
506.296346 215.889328
509.310391 210.668849
510.817414 208.058609
512.324436 205.448369
513.831459 202.838130
515.338482 200.227890
516.343163 198.487730
519.357208 193.267251
520.864231 190.657012
524.882958 183.696373
525.887639 181.956213
526.892321 180.216053
529.404025 175.865654
530.408707 174.125494
531.413389 172.385334
533.422752 168.905015
533.925093 168.034935
535.432115 165.424695
536.436797 163.684536
536.939138 162.814456
537.943820 161.074296
538.446161 160.204216
539.450842 158.464056
539.953183 157.593976
540.455524 156.723897
540.957865 155.853817
541.460206 154.983737
542.967228 152.373497
544.474251 149.763258
544.976592 148.893178
545.478932 148.023098
545.981273 147.153018
546.483614 146.282938
547.488296 144.542778
548.492977 142.802619
550.000000 140.192379
551.004682 141.932539
553.014045 145.412858
553.516386 146.282938
554.018727 147.153018
555.023408 148.893178
558.037454 154.113657
559.544476 156.723897
561.553839 160.204216
562.056180 161.074296
562.558521 161.944376
564.065544 164.554615
565.070225 166.294775
570.093634 174.995574
572.605338 179.345973
573.610020 181.086133
574.112361 181.956213
575.619383 184.566453
576.624065 186.306612
578.131087 188.916852
581.145133 194.137331
582.652155 196.747571
583.154496 197.617651
587.173223 204.578290
590.689609 210.668849
592.196631 213.279088
596.215358 220.239727
601.238766 228.940526
602.745789 231.550766
606.262175 237.641325
606.764516 238.511405
607.769197 240.251564
608.271538 241.121644
609.276220 242.861804
610.280902 244.601964
611.285583 246.342123
611.787924 247.212203
613.294947 249.822443
613.797288 250.692523
622.839423 266.353961
624.848786 269.834280
627.862831 275.054759
628.365172 275.924839
628.867513 276.794919
629.872195 276.794919
631.881558 276.794919
634.895603 276.794919
635.900285 276.794919
644.942420 276.794919
645.947102 276.794919
648.961147 276.794919
650.970510 276.794919
653.984556 276.794919
655.993919 276.794919
658.003282 276.794919
659.007964 276.794919
663.026691 276.794919
668.050099 276.794919
670.059463 276.794919
675.082871 276.794919
679.101598 276.794919
680.106280 276.794919
682.115643 276.794919
683.120325 276.794919
685.129688 276.794919
688.143733 276.794919
689.148415 276.794919
690.153097 276.794919
693.167142 276.794919
702.209277 276.794919
709.242049 276.794919
710.246731 276.794919
711.251412 276.794919
716.274821 276.794919
717.279503 276.794919
721.298229 276.794919
730.340365 276.794919
732.349728 276.794919
739.382500 276.794919
741.391863 276.794919
745.410590 276.794919
748.424635 276.794919
749.429317 276.794919
751.438680 276.794919
753.448044 276.794919
754.452726 276.794919
764.499543 276.794919
766.508906 276.794919
773.541678 276.794919
774.546360 276.794919
782.583813 276.794919
784.090836 281.145318
783.588495 282.015398
782.583813 283.755558
781.579132 285.495718
780.072109 288.105957
778.565086 290.716197
778.062746 291.586277
774.044019 298.546916
773.541678 299.416996
772.536996 301.157156
771.532315 302.897315
768.015929 308.987875
766.508906 311.598114
765.504224 313.338274
762.992520 317.688673
762.490179 318.558753
760.983157 321.168993
759.978475 322.909153
758.973793 324.649312
756.462089 328.999712
754.452726 332.480031
753.448044 334.220191
752.443362 335.960351
748.926976 342.050910
748.424636 342.920990
747.922295 343.791070
747.419954 344.661150
746.917613 345.531229
746.415272 346.401309
745.912931 347.271389
745.410591 348.141469
744.908250 349.011549
743.903568 350.751709
742.396545 353.361948
741.894205 354.232028
741.391864 355.102108
738.377819 360.322587
737.373137 362.062747
736.368455 363.802907
733.856751 368.153306
732.852069 369.893466
726.321638 381.204504
723.307593 386.424984
720.293548 391.645463
719.288866 393.385623
718.786526 394.255703
717.781844 395.995862
712.758435 404.696661
712.256095 405.566741
711.251413 407.306901
709.744390 409.917140
707.735027 413.397460
708.238181 414.268949
708.741336 415.140438
709.244490 416.011927
709.747645 416.883416
710.753954 418.626394
711.257108 419.497883
711.760262 420.369372
712.263417 421.240861
712.766571 422.112350
713.269726 422.983840
713.772880 423.855329
714.276035 424.726818
714.779189 425.598307
715.282343 426.469796
715.785498 427.341285
716.288652 428.212774
716.791807 429.084263
717.294961 429.955752
718.301270 431.698730
719.307579 433.441708
719.810733 434.313197
720.817042 436.056175
721.320197 436.927664
721.823351 437.799153
722.326505 438.670642
722.829660 439.542131
723.332814 440.413620
724.339123 442.156599
724.842278 443.028088
725.848586 444.771066
726.351741 445.642555
726.854895 446.514044
727.358050 447.385533
727.861204 448.257022
728.867513 450.000000
737.871913 450.000000
741.873868 450.000000
742.874357 450.000000
748.877291 450.000000
749.877780 450.000000
757.881691 450.000000
760.883157 450.000000
764.885113 450.000000
770.888046 450.000000
771.888535 450.000000
772.889024 450.000000
777.891468 450.000000
782.893913 450.000000
784.894890 450.000000
785.895379 450.000000
791.898313 450.000000
792.898801 450.000000
797.901246 450.000000
805.905157 450.000000
809.907112 450.000000
814.909557 450.000000
819.912001 450.000000
825.914935 450.000000
826.915423 450.000000
827.915912 450.000000
836.920312 450.000000
844.924223 450.000000
852.928134 450.000000
854.929112 450.000000
865.934490 450.000000
866.934979 450.000000
869.936445 450.000000
876.939868 450.000000
878.940845 450.000000
885.944267 450.000000
899.951112 450.000000
902.952578 450.000000
905.954045 450.000000
907.955023 450.000000
914.958445 450.000000
915.958934 450.000000
919.960889 450.000000
920.961378 450.000000
925.963823 450.000000
933.967734 450.000000
937.969689 450.000000
940.971156 450.000000
947.974578 450.000000
948.975067 450.000000
960.980934 450.000000
962.981911 450.000000
981.991200 450.000000
983.992178 450.000000
985.993156 450.000000
989.995111 450.000000
1000.000000 450.000000
1000.000000 453.000000
1000.000000 454.000000
1000.000000 462.000000
1000.000000 468.000000
1000.000000 471.000000
1000.000000 475.000000
1000.000000 479.000000
1000.000000 481.000000
1000.000000 483.000000
1000.000000 487.000000
1000.000000 490.000000
1000.000000 495.000000
1000.000000 497.000000
1000.000000 498.000000
1000.000000 502.000000
1000.000000 504.000000
1000.000000 510.000000
1000.000000 512.000000
1000.000000 515.000000
1000.000000 516.000000
1000.000000 520.000000
1000.000000 521.000000
1000.000000 525.000000
1000.000000 530.000000
1000.000000 533.000000
1000.000000 534.000000
1000.000000 535.000000
1000.000000 538.000000
1000.000000 540.000000
1000.000000 542.000000
1000.000000 548.000000
1000.000000 549.000000
988.970907 550.000000
985.962972 550.000000
973.931234 550.000000
967.915365 550.000000
953.878337 550.000000
948.865112 550.000000
947.862467 550.000000
942.849243 550.000000
941.846598 550.000000
938.838664 550.000000
934.828084 550.000000
930.817505 550.000000
926.806925 550.000000
925.804281 550.000000
924.801636 550.000000
920.791056 550.000000
912.769897 550.000000
907.756673 550.000000
904.748739 550.000000
903.746094 550.000000
900.738159 550.000000
895.724935 550.000000
894.722290 550.000000
893.719645 550.000000
892.717000 550.000000
879.682617 550.000000
864.642944 550.000000
862.637655 550.000000
861.635010 550.000000
859.629720 550.000000
837.571533 550.000000
832.558309 550.000000
831.555664 550.000000
819.523926 550.000000
816.515991 550.000000
812.505412 550.000000
807.492188 550.000000
798.468384 550.000000
785.434001 550.000000
784.431356 550.000000
780.420776 550.000000
775.407552 550.000000
770.394328 550.000000
768.389038 550.000000
766.383748 550.000000
759.365234 550.000000
745.328206 550.000000
733.296468 550.000000
732.293823 550.000000
717.254150 550.000000
715.248861 550.000000
710.235636 550.000000
707.227702 550.000000
705.222412 550.000000
704.219767 550.000000
701.211833 550.000000
700.209188 550.000000
690.182739 550.000000
677.148356 550.000000
669.123124 546.519681
666.109078 541.299201
664.602056 538.688962
663.597374 536.948802
662.592692 535.208642
661.588011 533.468482
659.578647 529.988163
659.076307 529.118083
657.569284 526.507843
657.066943 525.637764
654.052898 520.417284
652.545875 517.807045
652.043535 516.936965
651.541194 516.066885
645.010763 504.755847
640.992036 497.795208
640.489695 496.925128
638.982672 494.314888
637.977991 492.574728
635.466286 488.224329
632.954582 483.873930
629.940537 478.653450
628.935855 476.913291
628.433514 476.043211
627.931174 475.173131
625.921810 471.692811
623.410106 467.342412
622.907765 466.472332
621.400743 463.862093
620.898402 462.992013
620.396061 462.121933
619.893720 461.251853
617.884357 457.771534
615.372652 453.421134
614.367971 451.680974
611.856266 447.330575
610.349244 444.720335
609.344562 442.980176
608.339880 441.240016
607.837539 440.369936
601.809449 429.928978
600.302427 427.318738
597.288382 422.098259
594.274336 416.877779
592.264973 413.397460
592.768127 412.525971
593.271282 411.654482
593.774436 410.782993
594.277591 409.911504
595.283900 408.168526
595.787054 407.297036
596.290209 406.425547
596.793363 405.554058
597.296518 404.682569
597.799672 403.811080
598.302826 402.939591
598.805981 402.068102
599.309135 401.196613
599.812290 400.325124
600.315444 399.453635
600.818599 398.582146
601.824908 396.839168
602.328062 395.967679
603.334371 394.224700
603.837525 393.353211
604.340680 392.481722
604.843834 391.610233
605.346989 390.738744
605.850143 389.867255
606.353298 388.995766
606.856452 388.124277
607.359607 387.252788
607.862761 386.381299
608.365915 385.509810
608.869070 384.638321
609.372224 383.766832
609.875379 382.895342
610.378533 382.023853
610.881688 381.152364
611.384842 380.280875
612.391151 378.537897
613.397460 376.794919
612.391151 376.794919
610.378533 376.794919
609.372224 376.794919
608.365916 376.794919
607.359607 376.794919
606.353298 376.794919
605.346989 376.794919
604.340680 376.794919
603.334371 376.794919
602.328062 376.794919
600.315445 376.794919
599.309136 376.794919
596.290209 376.794919
594.277591 376.794919
593.271282 376.794919
591.258665 376.794919
589.246047 376.794919
586.227120 376.794919
585.220811 376.794919
584.214502 376.794919
583.208194 376.794919
582.201885 376.794919
581.195576 376.794919
580.189267 376.794919
578.176649 376.794919
576.164031 376.794919
574.151414 376.794919
573.145105 376.794919
572.138796 376.794919
571.132487 376.794919
571.132487 376.794919
570.629333 375.923430
569.623024 374.180452
568.616715 372.437474
568.113560 371.565985
567.107251 369.823007
566.100942 368.080029
565.597788 367.208539
565.094634 366.337050
564.591479 365.465561
564.088325 364.594072
563.585170 363.722583
563.082016 362.851094
562.578861 361.979605
562.075707 361.108116
561.572552 360.236627
560.566243 358.493649
559.056780 355.879182
558.050471 354.136204
557.547317 353.264715
556.541008 351.521737
556.037853 350.650248
555.534699 349.778759
555.031545 348.907269
553.522081 346.292802
553.018927 345.421313
552.515772 344.549824
552.012618 343.678335
551.509463 342.806846
550.503154 341.063868
550.000000 340.192379
550.000000 340.192379
549.496846 341.063868
548.993691 341.935357
548.490537 342.806846
547.484228 344.549824
546.981073 345.421313
546.477919 346.292802
545.974764 347.164291
545.471610 348.035780
542.955838 352.393226
542.452683 353.264715
541.949529 354.136204
540.943220 355.879182
540.440065 356.750671
539.433757 358.493649
538.930602 359.365138
538.427448 360.236627
537.924293 361.108116
537.421139 361.979605
536.414830 363.722583
535.911675 364.594072
534.402212 367.208539
533.899058 368.080029
533.395903 368.951518
532.389594 370.694496
531.886440 371.565985
531.383285 372.437474
530.880131 373.308963
530.376976 374.180452
529.873822 375.051941
528.867513 376.794919
528.867513 376.794919
527.861204 376.794919
525.848586 376.794919
524.842277 376.794919
523.835969 376.794919
522.829660 376.794919
521.823351 376.794919
518.804424 376.794919
516.791806 376.794919
514.779189 376.794919
513.772880 376.794919
511.760262 376.794919
510.753953 376.794919
509.747644 376.794919
507.735027 376.794919
506.728718 376.794919
505.722409 376.794919
504.716100 376.794919
503.709791 376.794919
502.703482 376.794919
500.690864 376.794919
499.684555 376.794919
498.678247 376.794919
497.671938 376.794919
496.665629 376.794919
495.659320 376.794919
492.640393 376.794919
491.634084 376.794919
490.627776 376.794919
489.621467 376.794919
488.615158 376.794919
487.608849 376.794919
486.602540 376.794919
487.105694 377.666408
487.608849 378.537897
488.112003 379.409386
488.615158 380.280875
489.621467 382.023853
490.627776 383.766832
491.130930 384.638321
492.137239 386.381299
492.640393 387.252788
493.646702 388.995766
494.149857 389.867255
494.653011 390.738744
495.156166 391.610233
495.659320 392.481722
496.162475 393.353211
496.665629 394.224700
499.181401 398.582146
499.684556 399.453635
500.187710 400.325124
501.194019 402.068102
502.200328 403.811080
502.703482 404.682569
503.206637 405.554058
503.709791 406.425547
504.212946 407.297036
504.716100 408.168526
505.219255 409.040015
505.722409 409.911504
506.225564 410.782993
506.728718 411.654482
507.231873 412.525971
507.735027 413.397460
507.232686 414.267540
503.213959 421.228179
501.706937 423.838418
497.688210 430.799057
495.678847 434.279377
495.176506 435.149457
493.669483 437.759696
492.162461 440.369936
490.153097 443.850256
489.148415 445.590415
488.646075 446.460495
487.641393 448.200655
482.617984 456.901454
479.101598 462.992013
476.589894 467.342412
476.087553 468.212492
472.571167 474.303051
468.552440 481.263690
468.050100 482.133770
466.040736 485.614089
465.538395 486.484169
464.533714 488.224329
463.529032 489.964489
463.026691 490.834569
462.022009 492.574728
459.007964 497.795208
458.003283 499.535367
454.989237 504.755847
453.482215 507.366086
452.477533 509.106246
451.975192 509.976326
450.970511 511.716486
448.961147 515.196805
445.444761 521.287364
443.937739 523.897604
437.909648 534.338562
434.393262 540.429121
433.890922 541.299201
432.886240 543.039361
432.383899 543.909441
431.379217 545.649601
429.872195 548.259840
429.369854 549.129920
423.854289 550.000000
412.825195 550.000000
406.809326 550.000000
403.801392 550.000000
397.785522 550.000000
380.740560 550.000000
363.695597 550.000000
354.671794 550.000000
351.663859 550.000000
346.650635 550.000000
338.629476 550.000000
336.624186 550.000000
333.616252 550.000000
332.613607 550.000000
310.555420 550.000000
294.513102 550.000000
289.499878 550.000000
286.491943 550.000000
279.473429 550.000000
278.470784 550.000000
275.462850 550.000000
272.454915 550.000000
270.449626 550.000000
262.428467 550.000000
260.423177 550.000000
256.412598 550.000000
248.391439 550.000000
238.364990 550.000000
236.359701 550.000000
221.320028 550.000000
220.317383 550.000000
217.309448 550.000000
213.298869 550.000000
208.285645 550.000000
207.283000 550.000000
206.280355 550.000000
205.277710 550.000000
195.251261 550.000000
194.248617 550.000000
191.240682 550.000000
188.232747 550.000000
163.166626 550.000000
162.163981 550.000000
158.153402 550.000000
148.126953 550.000000
136.095215 550.000000
124.063477 550.000000
121.055542 550.000000
106.015869 550.000000
103.007935 550.000000
