980
100.000000 450.000000
101.000489 450.000000
102.000978 450.000000
103.001467 450.000000
105.002444 450.000000
108.003911 450.000000
111.005378 450.000000
113.006355 450.000000
116.007822 450.000000
117.008311 450.000000
119.009289 450.000000
124.011733 450.000000
132.015644 450.000000
135.017111 450.000000
136.017600 450.000000
137.018089 450.000000
138.018577 450.000000
141.020044 450.000000
143.021022 450.000000
146.022488 450.000000
148.023466 450.000000
151.024933 450.000000
153.025911 450.000000
154.026400 450.000000
159.028844 450.000000
173.035688 450.000000
174.036177 450.000000
175.036666 450.000000
176.037155 450.000000
177.037644 450.000000
178.038133 450.000000
179.038622 450.000000
180.039110 450.000000
188.043021 450.000000
190.043999 450.000000
192.044977 450.000000
197.047421 450.000000
201.049377 450.000000
203.050355 450.000000
204.050844 450.000000
208.052799 450.000000
210.053777 450.000000
212.054755 450.000000
214.055732 450.000000
215.056221 450.000000
216.056710 450.000000
217.057199 450.000000
218.057688 450.000000
219.058177 450.000000
220.058666 450.000000
221.059155 450.000000
222.059643 450.000000
223.060132 450.000000
225.061110 450.000000
228.062577 450.000000
229.063066 450.000000
235.065999 450.000000
240.068443 450.000000
244.070399 450.000000
246.071377 450.000000
248.072354 450.000000
250.073332 450.000000
251.073821 450.000000
253.074799 450.000000
255.075776 450.000000
258.077243 450.000000
260.078221 450.000000
261.078710 450.000000
263.079687 450.000000
265.080665 450.000000
267.081643 450.000000
268.082132 450.000000
270.083110 450.000000
271.083599 450.000000
272.084087 450.000000
274.085065 450.000000
275.085554 450.000000
278.087021 450.000000
279.087510 450.000000
280.087998 450.000000
282.088976 450.000000
285.090443 450.000000
287.091421 450.000000
288.091909 450.000000
291.093376 450.000000
292.093865 450.000000
298.096798 450.000000
299.097287 450.000000
302.098754 450.000000
303.099243 450.000000
320.107554 450.000000
321.108043 450.000000
325.109998 450.000000
326.110487 450.000000
327.110976 450.000000
332.113420 450.000000
333.113909 450.000000
335.114887 450.000000
337.115865 450.000000
340.117331 450.000000
342.118309 450.000000
348.121242 450.000000
349.121731 450.000000
350.122220 450.000000
352.123198 450.000000
355.124664 450.000000
356.125153 450.000000
357.125642 450.000000
358.126131 450.000000
366.130042 450.000000
367.130531 450.000000
370.131998 450.000000
371.132487 450.000000
371.633516 449.132192
372.134545 448.264383
374.639693 443.925341
376.643810 440.454107
377.144840 439.586298
379.148958 436.115065
381.153076 432.643831
382.155134 430.908214
382.656164 430.040405
385.161311 425.701363
385.662341 424.833555
386.163370 423.965746
388.167488 420.494512
388.668517 419.626704
390.672635 416.155470
392.175723 413.552045
393.177782 411.816428
393.678812 410.948619
394.179841 410.080811
395.181900 408.345194
396.183959 406.609577
398.188077 403.138343
398.689106 402.270535
400.693224 398.799301
402.196312 396.195875
403.699401 393.592450
405.703519 390.121216
406.705577 388.385599
407.707636 386.649982
410.212784 382.310940
411.214842 380.575323
411.715872 379.707515
412.216901 378.839706
412.717931 377.971898
413.218960 377.104089
415.223078 373.632855
415.724108 372.765047
417.227196 370.161621
418.730284 367.558196
419.231314 366.690388
419.732343 365.822579
420.233373 364.954771
421.736461 362.351345
422.237490 361.483537
422.738520 360.615728
423.740579 358.880111
427.247785 352.805452
428.750873 350.202027
429.251903 349.334218
433.761168 341.523942
436.266315 337.184900
439.773521 331.110241
443.781757 324.167773
444.783816 322.432156
445.284845 321.564348
448.291022 316.357497
451.297198 311.150646
452.299257 309.415029
453.301316 307.679412
455.806464 303.340370
456.307493 302.472561
456.808522 301.604753
457.309552 300.736944
459.814699 296.397902
460.315729 295.530094
460.816758 294.662285
462.319846 292.058860
462.820876 291.191051
463.321905 290.323243
464.323964 288.587626
465.326023 286.852009
466.829111 284.248584
467.330141 283.380775
467.831170 282.512967
468.332200 281.645158
469.835288 279.041733
470.837347 277.306116
473.342494 272.967074
476.849700 266.892414
477.350730 266.024606
477.851759 265.156797
478.352789 264.288989
488.874407 246.065011
490.377496 243.461586
490.878525 242.593777
491.880584 240.858161
492.882643 239.122544
493.383672 238.254735
494.385731 236.519118
495.387790 234.783501
496.890878 232.180076
497.391908 231.312267
500.899114 225.237608
501.901173 223.501991
505.909408 216.559524
506.911467 214.823907
508.414556 212.220481
508.915585 211.352673
509.416615 210.484864
509.917644 209.617056
510.418673 208.749247
510.919703 207.881439
511.420732 207.013630
512.422791 205.278014
514.927939 200.938971
515.428968 200.071163
517.433086 196.599929
519.938233 192.260887
521.942351 188.789653
523.445439 186.186227
527.453675 179.243760
530.459851 174.036909
530.960881 173.169100
532.463969 170.565675
532.964999 169.697867
535.971175 164.491016
536.472205 163.623207
537.474264 161.887590
538.476323 160.151974
539.478382 158.416357
540.981470 155.812931
542.484558 153.209506
543.486617 151.473889
543.987647 150.606080
545.490735 148.002655
547.494853 144.531421
547.995882 143.663613
549.498971 141.060187
550.000000 140.192379
552.505147 144.531421
556.012353 150.606080
558.016471 154.077314
559.018530 155.812931
559.519560 156.680740
560.521618 158.416357
561.523677 160.151974
562.525736 161.887590
567.035001 169.697867
569.039119 173.169100
571.544266 177.508143
572.045296 178.375951
573.047355 180.111568
574.550443 182.714994
575.051472 183.582802
575.552502 184.450610
577.556620 187.921844
578.558679 189.657461
580.562796 193.128695
581.063826 193.996504
585.072061 200.938971
587.577209 205.278014
589.581327 208.749247
593.088533 214.823907
593.589562 215.691715
597.096768 221.766374
598.098827 223.501991
599.100886 225.237608
600.102945 226.973225
601.606033 229.576651
602.107063 230.444459
603.610151 233.047884
604.111181 233.915693
605.113239 235.651310
605.614269 236.519118
606.115298 237.386927
606.616328 238.254735
607.117357 239.122544
607.618387 239.990352
609.121475 242.593777
609.622504 243.461586
611.125593 246.065011
611.626622 246.932820
612.127652 247.800628
613.129711 249.536245
614.131770 251.271862
616.135887 254.743096
617.638976 257.346521
618.140005 258.214330
618.641035 259.082138
620.144123 261.685564
620.645152 262.553372
621.146182 263.421181
621.647211 264.288989
626.156476 272.099265
628.661624 276.438307
629.663682 278.173924
631.166771 280.777350
632.168830 282.512967
632.669859 283.380775
633.170889 284.248584
634.172948 285.984201
636.678095 290.323243
637.680154 292.058860
642.690448 300.736944
643.692507 302.472561
644.193536 303.340370
644.694566 304.208178
645.195595 305.075987
646.698684 307.679412
647.700743 309.415029
649.704860 312.886263
650.205890 313.754071
651.207949 315.489688
653.212067 318.960922
653.713096 319.828731
655.216184 322.432156
658.723391 328.506815
661.228538 332.845858
664.234714 338.052708
665.236773 339.788325
666.739862 342.391751
667.741921 344.127368
669.245009 346.730793
670.247068 348.466410
672.251186 351.937644
672.752215 352.805452
674.255303 355.408878
674.756333 356.276686
675.758392 358.012303
679.265598 364.086962
680.768686 366.690388
682.271775 369.293813
683.774863 371.897238
684.776922 373.632855
686.280010 376.236281
689.787216 382.310940
691.791334 385.782174
693.294423 388.385599
694.296481 390.121216
695.799570 392.724641
696.300599 393.592450
696.801629 394.460258
697.302658 395.328067
697.803688 396.195875
698.304717 397.063684
698.805746 397.931492
699.306776 398.799301
700.308835 400.534918
701.811923 403.138343
704.818100 408.345194
705.319129 409.213002
705.820159 410.080811
707.323247 412.684236
707.824277 413.552045
709.327365 416.155470
709.828394 417.023278
710.329424 417.891087
711.832512 420.494512
712.333542 421.362321
713.335601 423.097938
714.838689 425.701363
716.842807 429.172597
718.846924 432.643831
719.347954 433.511639
721.853101 437.850682
722.855160 439.586298
725.360307 443.925341
728.867513 450.000000
728.867513 450.000000
731.868980 450.000000
739.872891 450.000000
747.876802 450.000000
752.879247 450.000000
754.880224 450.000000
755.880713 450.000000
758.882180 450.000000
760.883158 450.000000
762.884135 450.000000
765.885602 450.000000
766.886091 450.000000
769.887558 450.000000
770.888046 450.000000
771.888535 450.000000
773.889513 450.000000
775.890491 450.000000
779.892446 450.000000
786.895869 450.000000
787.896357 450.000000
793.899291 450.000000
796.900757 450.000000
797.901246 450.000000
798.901735 450.000000
802.903691 450.000000
810.907602 450.000000
815.910046 450.000000
819.912002 450.000000
823.913957 450.000000
824.914446 450.000000
825.914935 450.000000
828.916401 450.000000
830.917379 450.000000
833.918846 450.000000
834.919335 450.000000
835.919824 450.000000
839.921779 450.000000
840.922268 450.000000
842.923246 450.000000
843.923735 450.000000
845.924712 450.000000
847.925690 450.000000
850.927157 450.000000
851.927646 450.000000
857.930579 450.000000
860.932046 450.000000
866.934979 450.000000
869.936446 450.000000
870.936934 450.000000
873.938401 450.000000
874.938890 450.000000
875.939379 450.000000
877.940357 450.000000
879.941334 450.000000
886.944757 450.000000
887.945245 450.000000
888.945734 450.000000
893.948179 450.000000
896.949645 450.000000
897.950134 450.000000
904.953556 450.000000
907.955023 450.000000
908.955512 450.000000
909.956001 450.000000
913.957956 450.000000
914.958445 450.000000
915.958934 450.000000
917.959912 450.000000
920.961378 450.000000
923.962845 450.000000
924.963334 450.000000
925.963823 450.000000
928.965290 450.000000
929.965778 450.000000
931.966756 450.000000
932.967245 450.000000
934.968223 450.000000
936.969201 450.000000
940.971156 450.000000
944.973112 450.000000
954.978000 450.000000
958.979956 450.000000
960.980934 450.000000
961.981423 450.000000
963.982400 450.000000
968.984845 450.000000
969.985334 450.000000
974.987778 450.000000
977.989245 450.000000
980.990711 450.000000
981.991200 450.000000
984.992667 450.000000
985.993156 450.000000
995.998044 450.000000
997.999022 450.000000
998.999511 450.000000
1000.000000 450.000000
1000.000000 451.000000
1000.000000 452.000000
1000.000000 453.000000
1000.000000 454.000000
1000.000000 455.000000
1000.000000 456.000000
1000.000000 457.000000
1000.000000 459.000000
1000.000000 460.000000
1000.000000 462.000000
1000.000000 466.000000
1000.000000 467.000000
1000.000000 469.000000
1000.000000 471.000000
1000.000000 472.000000
1000.000000 473.000000
1000.000000 476.000000
1000.000000 477.000000
1000.000000 479.000000
1000.000000 480.000000
1000.000000 481.000000
1000.000000 482.000000
1000.000000 483.000000
1000.000000 484.000000
1000.000000 485.000000
1000.000000 486.000000
1000.000000 488.000000
1000.000000 489.000000
1000.000000 490.000000
1000.000000 491.000000
1000.000000 492.000000
1000.000000 493.000000
1000.000000 494.000000
1000.000000 495.000000
1000.000000 496.000000
1000.000000 497.000000
1000.000000 498.000000
1000.000000 500.000000
1000.000000 501.000000
1000.000000 502.000000
1000.000000 503.000000
1000.000000 509.000000
1000.000000 510.000000
1000.000000 511.000000
1000.000000 512.000000
1000.000000 515.000000
1000.000000 516.000000
1000.000000 518.000000
1000.000000 520.000000
1000.000000 523.000000
1000.000000 524.000000
1000.000000 525.000000
1000.000000 526.000000
1000.000000 528.000000
1000.000000 529.000000
1000.000000 530.000000
1000.000000 531.000000
1000.000000 532.000000
1000.000000 534.000000
1000.000000 535.000000
1000.000000 536.000000
1000.000000 537.000000
1000.000000 538.000000
1000.000000 540.000000
1000.000000 541.000000
1000.000000 542.000000
1000.000000 543.000000
1000.000000 544.000000
1000.000000 545.000000
1000.000000 546.000000
1000.000000 548.000000
1000.000000 549.000000
996.992065 550.000000
993.984131 550.000000
989.973551 550.000000
988.970907 550.000000
986.965617 550.000000
984.960327 550.000000
978.944458 550.000000
977.941813 550.000000
975.936523 550.000000
973.931234 550.000000
971.925944 550.000000
969.920654 550.000000
966.912720 550.000000
965.910075 550.000000
963.904785 550.000000
961.899495 550.000000
958.891561 550.000000
955.883626 550.000000
954.880981 550.000000
945.857178 550.000000
943.851888 550.000000
942.849243 550.000000
941.846598 550.000000
939.841309 550.000000
938.838664 550.000000
930.817505 550.000000
929.814860 550.000000
926.806925 550.000000
922.796346 550.000000
920.791056 550.000000
918.785766 550.000000
913.772542 550.000000
910.764608 550.000000
909.761963 550.000000
905.751383 550.000000
894.722290 550.000000
893.719645 550.000000
890.711710 550.000000
888.706421 550.000000
878.679972 550.000000
874.669393 550.000000
870.658813 550.000000
866.648234 550.000000
865.645589 550.000000
862.637654 550.000000
860.632365 550.000000
857.624430 550.000000
852.611206 550.000000
850.605916 550.000000
847.597982 550.000000
846.595337 550.000000
842.584757 550.000000
841.582112 550.000000
840.579468 550.000000
839.576823 550.000000
832.558309 550.000000
830.553019 550.000000
827.545084 550.000000
826.542440 550.000000
823.534505 550.000000
821.529215 550.000000
814.510701 550.000000
812.505412 550.000000
809.497477 550.000000
808.494832 550.000000
803.481608 550.000000
799.471028 550.000000
793.455159 550.000000
788.441935 550.000000
785.434000 550.000000
784.431356 550.000000
780.420776 550.000000
779.418131 550.000000
776.410197 550.000000
775.407552 550.000000
774.404907 550.000000
766.383748 550.000000
764.378458 550.000000
763.375813 550.000000
761.370524 550.000000
760.367879 550.000000
756.357299 550.000000
754.352010 550.000000
752.346720 550.000000
748.336141 550.000000
745.328206 550.000000
744.325561 550.000000
741.317627 550.000000
735.301757 550.000000
732.293823 550.000000
730.288533 550.000000
725.275309 550.000000
724.272664 550.000000
722.267374 550.000000
718.256795 550.000000
714.246215 550.000000
713.243571 550.000000
709.232991 550.000000
707.227701 550.000000
706.225057 550.000000
701.211832 550.000000
691.185384 550.000000
690.182739 550.000000
689.180094 550.000000
687.174804 550.000000
686.172159 550.000000
685.169515 550.000000
683.164225 550.000000
682.161580 550.000000
681.158935 550.000000
676.145711 550.000000
673.137776 550.000000
672.135131 550.000000
671.132487 550.000000
669.130297 546.532105
668.629749 545.665132
667.128107 543.064211
666.627559 542.197237
666.127012 541.330264
665.626464 540.463290
665.125917 539.596316
664.625369 538.729343
662.122632 534.394474
661.121537 532.660527
659.619895 530.059606
657.117158 525.724738
656.116063 523.990791
655.615515 523.123817
655.114968 522.256843
654.614420 521.389870
651.110588 515.321054
649.608946 512.720133
647.606756 509.252239
646.605661 507.518292
645.104018 504.917371
644.603471 504.050397
644.102923 503.183423
643.602376 502.316450
643.101828 501.449476
642.601281 500.582502
642.100734 499.715529
641.600186 498.848555
640.599091 497.114608
640.098544 496.247634
638.096354 492.779740
637.095259 491.045792
636.594711 490.178819
635.593617 488.444871
633.090879 484.110003
631.589237 481.509082
629.587047 478.041188
628.085405 475.440267
626.083215 471.972372
625.582667 471.105399
625.082120 470.238425
624.581572 469.371451
624.081025 468.504478
623.580477 467.637504
621.578288 464.169610
620.577193 462.435662
620.076645 461.568689
618.575003 458.967768
617.073360 456.366847
616.572813 455.499873
615.071170 452.898952
614.570623 452.031979
613.068981 449.431058
612.067886 447.697110
610.566243 445.096189
609.064601 442.495269
608.564053 441.628295
608.063506 440.761321
606.561864 438.160400
606.061316 437.293427
605.560769 436.426453
602.056936 430.357638
601.556389 429.490664
600.555294 427.756717
600.054747 426.889743
598.553104 424.288822
598.052557 423.421848
597.552009 422.554875
596.050367 419.953954
594.048177 416.486059
592.546535 413.885138
589.042702 407.816323
587.040512 404.348428
586.539965 403.481455
584.537775 400.013560
584.037228 399.146586
583.536680 398.279613
583.036133 397.412639
582.535585 396.545666
580.032848 392.210797
579.031753 390.476850
575.527921 384.408035
573.025183 380.073166
572.524636 379.206193
571.523541 377.472245
571.022994 376.605272
569.521351 374.004351
568.019709 371.403430
565.516971 367.068562
563.514782 363.600667
562.013139 360.999746
561.512592 360.132773
560.010949 357.531852
559.009854 355.797904
558.509307 354.930931
557.007665 352.330010
556.507117 351.463036
555.506022 349.729089
555.005475 348.862115
551.001095 341.926326
550.000000 340.192379
548.998905 341.926326
548.498358 342.793300
547.997810 343.660273
546.496168 346.261194
542.491788 353.196983
541.490693 354.930931
540.990146 355.797904
540.489598 356.664878
539.488503 358.398825
538.987956 359.265799
537.486313 361.866720
536.985766 362.733694
535.484124 365.334614
534.983576 366.201588
533.982481 367.935535
533.481934 368.802509
532.981386 369.669483
531.479744 372.270404
530.979196 373.137377
528.977006 376.605272
527.975912 378.339219
526.474269 380.940140
525.973722 381.807114
524.972627 383.541061
524.472079 384.408035
523.470984 386.141982
521.969342 388.742903
521.468794 389.609876
519.466605 393.077771
517.464415 396.545666
516.963867 397.412639
516.463320 398.279613
513.460035 403.481455
512.458940 405.215402
510.957298 407.816323
507.954013 413.018165
504.950728 418.220007
503.449086 420.820927
502.948538 421.687901
500.946348 425.155796
499.444706 427.756717
496.941969 432.091585
495.940874 433.825532
494.939779 435.559479
494.439231 436.426453
493.938684 437.293427
490.434852 443.362242
489.934304 444.229216
487.431567 448.564084
485.929924 451.165005
484.928830 452.898952
484.428282 453.765926
483.427187 455.499873
482.426092 457.233820
481.925545 458.100794
480.924450 459.834741
480.423902 460.701715
479.923355 461.568689
477.420618 465.903557
476.419523 467.637504
475.918975 468.504478
474.917880 470.238425
474.417333 471.105399
472.915690 473.706320
471.914595 475.440267
468.410763 481.509082
467.910216 482.376056
466.909121 484.110003
464.906931 487.577898
462.904741 491.045792
461.403099 493.646713
457.398719 500.582502
454.895982 504.917371
454.395434 505.784344
450.891602 511.853160
449.389960 514.454081
448.889412 515.321054
448.388865 516.188028
447.888317 517.055002
446.887222 518.788949
446.386675 519.655923
445.886127 520.522896
444.885032 522.256843
444.384485 523.123817
443.883937 523.990791
442.882842 525.724738
440.880653 529.192633
440.380105 530.059606
439.879558 530.926580
439.379010 531.793554
437.877368 534.394474
435.875178 537.862369
434.874083 539.596316
434.373536 540.463290
433.872988 541.330264
432.371346 543.931185
430.869703 546.532105
430.369156 547.399079
428.867513 550.000000
428.867513 550.000000
427.864869 550.000000
426.862224 550.000000
425.859579 550.000000
424.856934 550.000000
423.854289 550.000000
421.848999 550.000000
415.833130 550.000000
414.830485 550.000000
411.822551 550.000000
409.817261 550.000000
403.801392 550.000000
402.798747 550.000000
401.796102 550.000000
400.793457 550.000000
398.788168 550.000000
396.782878 550.000000
393.774943 550.000000
391.769654 550.000000
389.764364 550.000000
388.761719 550.000000
380.740560 550.000000
378.735271 550.000000
376.729981 550.000000
373.722046 550.000000
370.714112 550.000000
366.703532 550.000000
364.698243 550.000000
362.692953 550.000000
361.690308 550.000000
360.687663 550.000000
359.685018 550.000000
355.674439 550.000000
351.663859 550.000000
348.655925 550.000000
347.653280 550.000000
338.629476 550.000000
335.621542 550.000000
332.613607 550.000000
327.600383 550.000000
324.592448 550.000000
321.584514 550.000000
320.581869 550.000000
319.579224 550.000000
316.571289 550.000000
315.568644 550.000000
314.566000 550.000000
312.560710 550.000000
310.555420 550.000000
309.552775 550.000000
308.550130 550.000000
307.547486 550.000000
306.544841 550.000000
305.542196 550.000000
304.539551 550.000000
302.534261 550.000000
298.523682 550.000000
294.513102 550.000000
283.484009 550.000000
281.478719 550.000000
277.468140 550.000000
276.465495 550.000000
275.462850 550.000000
273.457560 550.000000
270.449626 550.000000
269.446981 550.000000
267.441691 550.000000
265.436402 550.000000
262.428467 550.000000
261.425822 550.000000
260.423177 550.000000
255.409953 550.000000
251.399374 550.000000
247.388794 550.000000
246.386149 550.000000
242.375570 550.000000
239.367635 550.000000
238.364990 550.000000
231.346476 550.000000
229.341187 550.000000
228.338542 550.000000
226.333252 550.000000
213.298869 550.000000
210.290934 550.000000
209.288290 550.000000
208.285645 550.000000
207.283000 550.000000
206.280355 550.000000
205.277710 550.000000
199.261841 550.000000
198.259196 550.000000
194.248617 550.000000
193.245972 550.000000
190.238037 550.000000
187.230103 550.000000
175.198364 550.000000
172.190430 550.000000
169.182495 550.000000
168.179850 550.000000
167.177205 550.000000
166.174561 550.000000
164.169271 550.000000
163.166626 550.000000
162.163981 550.000000
158.153402 550.000000
157.150757 550.000000
154.142822 550.000000
153.140177 550.000000
152.137533 550.000000
150.132243 550.000000
138.100505 550.000000
135.092570 550.000000
132.084635 550.000000
131.081991 550.000000
127.071411 550.000000
126.068766 550.000000
125.066121 550.000000
121.055542 550.000000
120.052897 550.000000
117.044963 550.000000
116.042318 550.000000
114.037028 550.000000
110.026449 550.000000
109.023804 550.000000
107.018514 550.000000
100.000000 550.000000
