1090
103.005598 450.000000
104.007464 450.000000
105.009330 450.000000
111.020526 450.000000
112.022392 450.000000
113.024258 450.000000
114.026124 450.000000
115.027990 450.000000
117.031722 450.000000
120.037320 450.000000
122.041052 450.000000
126.048516 450.000000
128.052248 450.000000
130.055980 450.000000
131.057846 450.000000
136.067177 450.000000
138.070909 450.000000
139.072775 450.000000
143.080239 450.000000
144.082105 450.000000
147.087703 450.000000
148.089569 450.000000
150.093301 450.000000
151.095167 450.000000
155.102631 450.000000
156.104497 450.000000
157.106363 450.000000
160.111961 450.000000
161.113827 450.000000
165.121291 450.000000
166.123157 450.000000
167.125023 450.000000
168.126889 450.000000
169.128755 450.000000
170.130621 450.000000
171.132487 450.000000
171.132487 450.000000
174.648873 443.909441
176.155895 441.299201
178.667600 436.948802
179.672281 435.208642
180.174622 434.338562
180.676963 433.468482
182.686326 429.988163
184.695690 426.507843
185.700372 424.767684
188.212076 420.417284
188.714417 419.547204
189.216757 418.677125
191.226121 415.196805
192.230803 413.456645
192.733143 412.586565
200.770597 398.665288
202.277620 396.055048
213.831459 376.043211
214.836141 374.303051
218.352527 368.212492
219.859549 365.602252
222.873594 360.381773
223.375935 359.511693
225.385298 356.031374
225.887639 355.161294
229.404025 349.070735
230.408707 347.330575
232.418070 343.850256
232.920411 342.980176
235.934456 337.759696
238.948501 332.539217
241.460206 328.188818
243.469569 324.708498
245.478932 321.228179
250.502341 314.267540
251.507023 316.007700
252.511704 317.747859
253.014045 318.617939
254.018727 320.358099
256.028090 323.838418
259.042135 329.058898
259.544476 329.928978
263.060862 336.019537
273.107679 353.421134
277.126406 360.381773
280.140451 365.602252
282.652155 369.952652
286.168541 376.043211
293.201313 388.224329
294.708335 390.834569
295.713017 392.574728
296.215358 393.444808
298.727062 397.795208
301.741107 403.015687
302.745789 404.755847
303.750471 406.496006
305.759834 409.976326
307.266857 412.586565
308.773879 415.196805
309.778561 416.936965
311.787924 420.417284
312.290265 421.287364
314.299628 424.767684
318.820696 432.598403
319.323037 433.468482
319.825378 434.338562
326.355809 445.649601
328.365172 449.129920
329.873822 450.000000
331.886440 450.000000
332.892749 450.000000
333.899058 450.000000
334.905366 450.000000
336.917984 450.000000
337.924293 450.000000
338.930602 450.000000
340.943220 450.000000
342.955838 450.000000
343.962147 450.000000
344.968455 450.000000
345.974764 450.000000
346.981073 450.000000
347.987382 450.000000
348.993691 450.000000
350.000000 450.000000
353.018927 450.000000
356.037853 450.000000
357.044162 450.000000
358.050471 450.000000
359.056780 450.000000
361.069398 450.000000
363.082016 450.000000
364.088325 450.000000
365.094634 450.000000
366.100942 450.000000
367.107251 450.000000
368.113560 450.000000
369.119869 450.000000
370.126178 450.000000
371.132487 450.000000
371.132487 450.000000
371.635641 449.128511
372.138796 448.257022
372.641950 447.385533
373.145105 446.514044
373.648259 445.642555
374.654568 443.899577
375.157722 443.028088
376.164031 441.285110
376.667186 440.413620
377.170340 439.542131
377.673495 438.670642
378.679803 436.927664
379.182958 436.056175
379.686112 435.184686
380.189267 434.313197
381.195576 432.570219
381.698730 431.698730
382.201884 430.827241
382.705039 429.955752
383.208193 429.084263
384.717657 426.469796
385.220811 425.598307
385.723965 424.726818
386.227120 423.855329
386.730274 422.983840
387.233429 422.112350
388.742892 419.497883
389.749201 417.754905
390.252355 416.883416
390.755510 416.011927
392.264973 413.397460
382.720497 396.865942
379.706452 391.645463
375.185384 383.814744
372.171339 378.594265
371.668998 377.724185
369.659635 374.243865
369.157294 373.373786
367.650271 370.763546
366.645590 369.023386
363.631545 363.802907
362.626863 362.062747
361.119840 359.452508
352.580046 344.661150
347.556638 335.960351
346.551956 334.220191
344.040252 329.869792
341.026207 324.649312
337.007480 317.688673
336.002798 315.948514
334.998116 314.208354
334.495776 313.338274
333.993435 312.468194
332.988753 310.728034
330.979390 307.247715
327.965345 302.027235
324.951299 296.806756
317.416187 283.755558
315.909164 281.145318
314.402142 278.535079
313.899801 277.664999
313.397460 276.794919
316.411505 276.794919
323.444277 276.794919
328.467686 276.794919
329.472367 276.794919
331.481731 276.794919
334.495776 276.794919
338.514503 276.794919
349.566001 276.794919
351.575365 276.794919
353.584728 276.794919
357.603455 276.794919
363.631545 276.794919
380.711134 276.794919
382.720497 276.794919
399.800086 276.794919
403.818813 276.794919
404.823495 276.794919
408.842222 276.794919
410.851585 276.794919
411.856267 276.794919
412.860948 276.794919
416.879675 276.794919
421.903084 276.794919
423.912447 276.794919
425.921810 276.794919
426.926492 276.794919
427.931174 276.794919
431.949901 276.794919
441.996718 276.794919
445.010763 276.794919
446.015444 276.794919
447.020126 276.794919
454.052898 276.794919
466.109078 276.794919
467.113760 276.794919
469.123124 276.794919
471.132487 276.794919
471.132487 276.794919
473.644191 272.444520
479.672281 262.003561
485.700372 251.562603
486.705053 249.822443
488.714417 246.342123
489.719098 244.601964
493.737825 237.641325
497.254211 231.550766
498.258893 229.810606
500.770597 225.460207
503.784642 220.239727
509.812732 209.798769
510.315073 208.928689
513.329118 203.708210
514.836141 201.097970
515.338482 200.227890
517.347845 196.747571
517.850186 195.877491
520.361890 191.527091
520.864231 190.657012
521.366572 189.786932
522.371253 188.046772
523.878276 185.436532
524.882958 183.696373
525.887639 181.956213
529.404025 175.865654
531.915730 171.515254
532.418070 170.645175
532.920411 169.775095
533.925093 168.034935
534.427434 167.164855
538.948501 159.334136
543.469569 151.503417
544.474251 149.763258
544.976592 148.893178
545.981273 147.153018
547.990637 143.672698
548.492977 142.802619
550.000000 140.192379
553.014045 145.412858
553.516386 146.282938
555.525749 149.763258
557.535113 153.243577
558.037454 154.113657
561.051499 159.334136
561.553839 160.204216
565.572566 167.164855
568.586611 172.385334
574.614702 182.826293
575.117042 183.696373
580.140451 192.397171
585.163859 201.097970
590.187268 209.798769
592.698972 214.149168
594.205995 216.759408
596.215358 220.239727
599.229403 225.460207
604.252811 234.161005
604.755152 235.031085
605.257493 235.901165
605.759834 236.771245
606.764516 238.511405
611.787924 247.212203
617.816014 257.653162
618.318355 258.523242
619.323037 260.263401
619.825378 261.133481
620.830059 262.873641
621.332400 263.743721
622.839423 266.353961
623.844105 268.094120
624.848786 269.834280
627.360490 274.184679
627.862831 275.054759
628.867513 276.794919
628.867513 276.794919
632.886240 276.794919
633.890922 276.794919
634.895603 276.794919
637.909648 276.794919
638.914330 276.794919
639.919012 276.794919
650.970510 276.794919
651.975192 276.794919
664.031373 276.794919
667.045418 276.794919
670.059463 276.794919
678.096916 276.794919
680.106280 276.794919
685.129688 276.794919
688.143733 276.794919
692.162460 276.794919
697.185869 276.794919
709.242049 276.794919
710.246731 276.794919
712.256094 276.794919
713.260776 276.794919
715.270139 276.794919
717.279503 276.794919
723.307593 276.794919
729.335683 276.794919
733.354410 276.794919
751.438680 276.794919
755.457407 276.794919
762.490179 276.794919
766.508906 276.794919
768.518269 276.794919
770.527633 276.794919
777.560405 276.794919
781.579131 276.794919
784.593177 276.794919
785.597858 278.535079
784.593177 280.275239
783.588495 282.015398
781.076791 286.365798
776.555723 294.196517
776.053382 295.066596
775.048701 296.806756
773.541678 299.416996
770.527633 304.637475
770.025292 305.507555
769.522951 306.377635
768.015929 308.987875
763.494861 316.818593
760.983157 321.168993
760.480816 322.039073
759.978475 322.909153
759.476134 323.779232
758.973793 324.649312
753.448044 334.220191
750.433999 339.440670
748.926976 342.050910
748.424636 342.920990
747.922295 343.791070
746.415272 346.401309
745.410591 348.141469
738.880160 359.452508
734.861433 366.413147
732.349729 370.763546
727.828661 378.594265
726.321638 381.204504
721.800571 389.035223
718.284185 395.125783
716.274821 398.606102
713.763117 402.956501
710.246731 409.047061
707.735027 413.397460
708.238181 414.268949
708.741336 415.140438
709.747645 416.883416
710.250799 417.754905
711.257108 419.497883
711.760262 420.369372
712.766571 422.112350
713.269726 422.983840
715.785498 427.341285
716.791807 429.084263
718.301270 431.698730
718.804424 432.570219
719.307579 433.441708
719.810733 434.313197
720.313888 435.184686
720.817042 436.056175
721.320197 436.927664
721.823351 437.799153
722.326505 438.670642
722.829660 439.542131
723.835969 441.285110
724.339123 442.156599
724.842278 443.028088
725.345432 443.899577
727.358050 447.385533
728.364359 449.128511
728.867513 450.000000
728.867513 450.000000
731.886440 450.000000
736.917984 450.000000
737.924293 450.000000
738.930602 450.000000
739.936911 450.000000
740.943220 450.000000
741.949529 450.000000
742.955838 450.000000
743.962147 450.000000
744.968455 450.000000
745.974764 450.000000
746.981073 450.000000
748.993691 450.000000
750.000000 450.000000
752.012618 450.000000
753.018927 450.000000
754.025236 450.000000
755.031545 450.000000
757.044162 450.000000
759.056780 450.000000
760.063089 450.000000
761.069398 450.000000
762.075707 450.000000
763.082016 450.000000
764.088325 450.000000
765.094634 450.000000
767.107251 450.000000
769.119869 450.000000
770.126178 450.000000
771.132487 450.000000
773.644191 445.649601
775.151214 443.039361
775.653555 442.169281
777.160577 439.559042
780.676963 433.468482
782.686326 429.988163
791.728462 414.326725
796.249529 406.496006
801.775279 396.925128
805.794005 389.964489
808.305710 385.614089
808.808051 384.744010
812.324436 378.653450
814.333800 375.173131
815.338482 373.432971
817.850186 369.082572
821.366572 362.992013
825.385298 356.031374
828.399344 350.810895
832.418070 343.850256
834.427434 340.369936
836.436797 336.889617
837.441479 335.149457
838.446161 333.409297
843.971910 323.838418
845.478932 321.228179
846.985955 318.617939
850.000000 313.397460
850.000000 313.397460
851.004682 315.137620
855.525749 322.968339
857.535113 326.448658
859.544476 329.928978
860.046817 330.799057
860.549158 331.669137
862.056180 334.279377
863.563203 336.889617
864.065544 337.759696
865.070225 339.499856
866.577248 342.110096
867.079589 342.980176
867.581930 343.850256
869.591293 347.330575
871.098316 349.940815
872.102997 351.680974
876.624065 359.511693
877.126406 360.381773
878.633428 362.992013
879.638110 364.732172
881.145133 367.342412
881.647473 368.212492
883.154496 370.822732
884.159178 372.562891
884.661518 373.432971
885.666200 375.173131
886.168541 376.043211
887.675564 378.653450
889.182586 381.263690
889.684927 382.133770
890.689609 383.873930
892.196631 386.484169
893.201313 388.224329
896.717699 394.314888
897.220040 395.184968
899.229403 398.665288
900.234085 400.405447
905.759834 409.976326
911.285583 419.547204
912.792606 422.157444
913.294947 423.027524
915.806651 427.377923
916.308992 428.248003
919.825378 434.338562
923.844105 441.299201
927.360490 447.389760
927.862831 448.259840
928.365172 449.129920
929.869379 450.000000
935.880575 450.000000
937.884307 450.000000
938.886173 450.000000
940.889905 450.000000
941.891771 450.000000
943.895503 450.000000
947.902967 450.000000
953.914163 450.000000
954.916029 450.000000
955.917895 450.000000
956.919761 450.000000
958.923493 450.000000
960.927225 450.000000
961.929091 450.000000
964.934690 450.000000
969.944020 450.000000
972.949618 450.000000
979.962680 450.000000
980.964546 450.000000
981.966412 450.000000
983.970144 450.000000
987.977608 450.000000
988.979474 450.000000
990.983206 450.000000
995.992536 450.000000
998.998134 450.000000
1000.000000 450.000000
1000.000000 450.000000
1000.000000 453.000000
1000.000000 458.000000
1000.000000 462.000000
1000.000000 463.000000
1000.000000 468.000000
1000.000000 469.000000
1000.000000 471.000000
1000.000000 472.000000
1000.000000 475.000000
1000.000000 478.000000
1000.000000 479.000000
1000.000000 489.000000
1000.000000 490.000000
1000.000000 491.000000
1000.000000 492.000000
1000.000000 493.000000
1000.000000 496.000000
1000.000000 502.000000
1000.000000 507.000000
1000.000000 509.000000
1000.000000 511.000000
1000.000000 514.000000
1000.000000 517.000000
1000.000000 518.000000
1000.000000 523.000000
1000.000000 526.000000
1000.000000 527.000000
1000.000000 528.000000
1000.000000 529.000000
1000.000000 535.000000
1000.000000 536.000000
1000.000000 540.000000
1000.000000 544.000000
1000.000000 548.000000
1000.000000 550.000000
996.979668 550.000000
993.959335 550.000000
990.939003 550.000000
985.905116 550.000000
979.864451 550.000000
976.844119 550.000000
975.837341 550.000000
974.830564 550.000000
966.776344 550.000000
965.769567 550.000000
959.728902 550.000000
956.708570 550.000000
952.681460 550.000000
951.674683 550.000000
950.667905 550.000000
947.647573 550.000000
943.620463 550.000000
941.606908 550.000000
938.586576 550.000000
937.579798 550.000000
936.573021 550.000000
934.559466 550.000000
933.552689 550.000000
931.539134 550.000000
928.518801 550.000000
926.505246 550.000000
925.498469 550.000000
921.471359 550.000000
918.451027 550.000000
915.430695 550.000000
914.423917 550.000000
912.410362 550.000000
911.403585 550.000000
910.396807 550.000000
907.376475 550.000000
899.322255 550.000000
896.301923 550.000000
889.254481 550.000000
886.234149 550.000000
880.193484 550.000000
874.152819 550.000000
872.139264 550.000000
871.132487 550.000000
871.132487 550.000000
870.629333 549.128511
869.623024 547.385533
869.119869 546.514044
867.610406 543.899577
866.100942 541.285110
865.597788 540.413620
864.591479 538.670642
864.088325 537.799153
862.578861 535.184686
862.075707 534.313197
860.566243 531.698730
860.063089 530.827241
859.559935 529.955752
859.056780 529.084263
857.547317 526.469796
857.044162 525.598307
855.534699 522.983840
855.031545 522.112350
854.025236 520.369372
853.018927 518.626394
852.515772 517.754905
852.012618 516.883416
851.509463 516.011927
851.006309 515.140438
850.503154 514.268949
850.000000 513.397460
850.000000 513.397460
849.496846 514.268949
848.993691 515.140438
848.490537 516.011927
846.981073 518.626394
845.974764 520.369372
845.471610 521.240861
842.955838 525.598307
842.452683 526.469796
841.949529 527.341285
841.446374 528.212774
840.440065 529.955752
839.433757 531.698730
837.924293 534.313197
837.421139 535.184686
836.917984 536.056175
836.414830 536.927664
835.911675 537.799153
835.408521 538.670642
834.905366 539.542131
834.402212 540.413620
833.899058 541.285110
833.395903 542.156599
832.892749 543.028088
832.389594 543.899577
831.886440 544.771066
831.383285 545.642555
830.880131 546.514044
829.873822 548.257022
829.370667 549.128511
828.867513 550.000000
827.862831 550.000000
826.858150 550.000000
825.853468 550.000000
823.844105 550.000000
821.834741 550.000000
799.731744 550.000000
797.722380 550.000000
793.703654 550.000000
792.698972 550.000000
791.694290 550.000000
790.689609 550.000000
784.661518 550.000000
782.652155 550.000000
780.642792 550.000000
772.605338 550.000000
771.600656 550.000000
768.586611 550.000000
767.581930 550.000000
764.567885 550.000000
751.507023 550.000000
734.427434 550.000000
733.422752 550.000000
732.418070 550.000000
728.399344 550.000000
726.389980 550.000000
715.338482 550.000000
709.310391 550.000000
708.305710 550.000000
706.296346 550.000000
705.291665 550.000000
702.277620 550.000000
698.258893 550.000000
692.230803 550.000000
691.226121 550.000000
685.198031 550.000000
670.127805 548.259840
669.123124 546.519681
667.616101 543.909441
666.611419 542.169281
665.606738 540.429121
663.597374 536.948802
661.085670 532.598403
659.578647 529.988163
659.076307 529.118083
656.564602 524.767684
655.559921 523.027524
653.048216 518.677125
652.545875 517.807045
650.536512 514.326725
650.034171 513.456645
645.513103 505.625926
645.010763 504.755847
643.503740 502.145607
638.480332 493.444808
637.977991 492.574728
637.475650 491.704649
635.968627 489.094409
632.954582 483.873930
631.949900 482.133770
630.945219 480.393610
629.438196 477.783371
628.433514 476.043211
626.424151 472.562891
624.917128 469.952652
623.912447 468.212492
621.400743 463.862093
619.893720 461.251853
618.889038 459.511693
618.386697 458.641613
617.884357 457.771534
616.879675 456.031374
615.874993 454.291214
613.865630 450.810895
610.851585 445.590415
610.349244 444.720335
605.828176 436.889617
605.325835 436.019537
604.823494 435.149457
603.316472 432.539217
600.804768 428.188818
600.302427 427.318738
598.293063 423.838418
597.288382 422.098259
594.274336 416.877779
592.767314 414.267540
592.264973 413.397460
592.768127 412.525971
596.290209 406.425547
596.793363 405.554058
597.296518 404.682569
597.799672 403.811080
598.302826 402.939591
598.805981 402.068102
599.309135 401.196613
599.812290 400.325124
600.315444 399.453635
600.818599 398.582146
601.321753 397.710657
601.824908 396.839168
602.328062 395.967679
602.831216 395.096190
603.334371 394.224700
603.837525 393.353211
604.340680 392.481722
605.850143 389.867255
606.353298 388.995766
606.856452 388.124277
607.359607 387.252788
607.862761 386.381299
608.365915 385.509810
608.869070 384.638321
609.372224 383.766832
610.378533 382.023853
610.881688 381.152364
611.384842 380.280875
612.391151 378.537897
612.894306 377.666408
613.397460 376.794919
613.397460 376.794919
612.391151 376.794919
611.384842 376.794919
610.378533 376.794919
608.365916 376.794919
607.359607 376.794919
605.346989 376.794919
603.334371 376.794919
602.328062 376.794919
601.321753 376.794919
599.309136 376.794919
598.302827 376.794919
597.296518 376.794919
595.283900 376.794919
593.271282 376.794919
592.264973 376.794919
590.252356 376.794919
589.246047 376.794919
588.239738 376.794919
587.233429 376.794919
586.227120 376.794919
580.189267 376.794919
579.182958 376.794919
578.176649 376.794919
577.170340 376.794919
575.157723 376.794919
574.151414 376.794919
573.145105 376.794919
571.132487 376.794919
571.132487 376.794919
570.629333 375.923430
568.113560 371.565985
567.107251 369.823007
565.597788 367.208539
565.094634 366.337050
564.088325 364.594072
563.585170 363.722583
562.075707 361.108116
561.572552 360.236627
561.069398 359.365138
560.566243 358.493649
559.056780 355.879182
558.050471 354.136204
557.547317 353.264715
557.044162 352.393226
555.534699 349.778759
555.031545 348.907269
554.528390 348.035780
554.025236 347.164291
553.018927 345.421313
552.515772 344.549824
552.012618 343.678335
551.006309 341.935357
550.503154 341.063868
550.000000 340.192379
550.000000 340.192379
549.496846 341.063868
548.993691 341.935357
547.987382 343.678335
547.484228 344.549824
545.974764 347.164291
545.471610 348.035780
544.465301 349.778759
542.955838 352.393226
541.949529 354.136204
541.446374 355.007693
540.440065 356.750671
538.427448 360.236627
537.421139 361.979605
536.917984 362.851094
536.414830 363.722583
534.905366 366.337050
534.402212 367.208539
533.899058 368.080029
533.395903 368.951518
532.892749 369.823007
532.389594 370.694496
531.886440 371.565985
530.376976 374.180452
529.873822 375.051941
529.370667 375.923430
528.867513 376.794919
528.867513 376.794919
527.861204 376.794919
525.848586 376.794919
524.842277 376.794919
523.835969 376.794919
522.829660 376.794919
521.823351 376.794919
517.798115 376.794919
516.791806 376.794919
515.785498 376.794919
514.779189 376.794919
511.760262 376.794919
509.747644 376.794919
508.741335 376.794919
505.722409 376.794919
504.716100 376.794919
501.697173 376.794919
500.690864 376.794919
497.671938 376.794919
494.653011 376.794919
493.646702 376.794919
492.640393 376.794919
491.634084 376.794919
490.627776 376.794919
489.621467 376.794919
488.615158 376.794919
486.602540 376.794919
486.602540 376.794919
487.608849 378.537897
489.118312 381.152364
489.621467 382.023853
490.124621 382.895342
491.130930 384.638321
491.634085 385.509810
492.137239 386.381299
492.640393 387.252788
493.143548 388.124277
493.646702 388.995766
494.149857 389.867255
494.653011 390.738744
496.162475 393.353211
496.665629 394.224700
497.671938 395.967679
498.175092 396.839168
499.684556 399.453635
500.187710 400.325124
500.690865 401.196613
501.194019 402.068102
501.697174 402.939591
502.200328 403.811080
502.703482 404.682569
503.206637 405.554058
503.709791 406.425547
504.716100 408.168526
506.225564 410.782993
506.728718 411.654482
507.735027 413.397460
506.730345 415.137620
503.213959 421.228179
500.702255 425.578578
498.692892 429.058898
498.190551 429.928978
495.678847 434.279377
494.674165 436.019537
491.157779 442.110096
489.650756 444.720335
489.148415 445.590415
481.613303 458.641613
481.110962 459.511693
477.594576 465.602252
473.575849 472.562891
472.571167 474.303051
471.064145 476.913291
470.059463 478.653450
469.054781 480.393610
468.552440 481.263690
463.529032 489.964489
463.026691 490.834569
461.017328 494.314888
460.514987 495.184968
457.500942 500.405447
455.491578 503.885767
450.468170 512.586565
448.961147 515.196805
445.444761 521.287364
444.942420 522.157444
442.430716 526.507843
440.923693 529.118083
434.393262 540.429121
430.876876 546.519681
426.858150 550.000000
425.853468 550.000000
423.844105 550.000000
421.834741 550.000000
412.792606 550.000000
410.783243 550.000000
397.722380 550.000000
396.717699 550.000000
393.703654 550.000000
387.675564 550.000000
386.670882 550.000000
385.666200 550.000000
380.642792 550.000000
379.638110 550.000000
374.614702 550.000000
372.605338 550.000000
370.595975 550.000000
365.572566 550.000000
364.567885 550.000000
360.549158 550.000000
353.516386 550.000000
350.502341 550.000000
344.474251 550.000000
342.464887 550.000000
340.455524 550.000000
338.446161 550.000000
337.441479 550.000000
335.432115 550.000000
334.427434 550.000000
314.333800 550.000000
312.324436 550.000000
303.282301 550.000000
297.254211 550.000000
292.230803 550.000000
290.221439 550.000000
287.207394 550.000000
286.202712 550.000000
285.198031 550.000000
271.132487 550.000000
271.132487 550.000000
270.629333 549.128511
270.126178 548.257022
269.623024 547.385533
267.107251 543.028088
266.604097 542.156599
266.100942 541.285110
263.082016 536.056175
262.578861 535.184686
262.075707 534.313197
261.572552 533.441708
260.063089 530.827241
259.559935 529.955752
259.056780 529.084263
258.050471 527.341285
256.541008 524.726818
256.037853 523.855329
255.534699 522.983840
254.025236 520.369372
253.522081 519.497883
253.018927 518.626394
252.012618 516.883416
251.509463 516.011927
251.006309 515.140438
250.000000 513.397460
248.993691 515.140438
248.490537 516.011927
247.987382 516.883416
247.484228 517.754905
246.981073 518.626394
246.477919 519.497883
245.974764 520.369372
244.465301 522.983840
243.458992 524.726818
242.955838 525.598307
240.943220 529.084263
237.924293 534.313197
235.408521 538.670642
234.905366 539.542131
234.402212 540.413620
232.892749 543.028088
231.886440 544.771066
228.867513 550.000000
224.840403 550.000000
223.833626 550.000000
215.779406 550.000000
213.765851 550.000000
210.745519 550.000000
209.738742 550.000000
207.725187 550.000000
195.643857 550.000000
192.623525 550.000000
185.576083 550.000000
181.548973 550.000000
172.487976 550.000000
171.481199 550.000000
168.460866 550.000000
167.454089 550.000000
161.413424 550.000000
159.399869 550.000000
158.393092 550.000000
156.379537 550.000000
149.332095 550.000000
141.277875 550.000000
140.271098 550.000000
138.257543 550.000000
133.223656 550.000000
132.216878 550.000000
131.210101 550.000000
126.176214 550.000000
125.169436 550.000000
124.162659 550.000000
121.142326 550.000000
117.115217 550.000000
110.067774 550.000000
105.033887 550.000000
