1280
101.000489 450.000000
103.001467 450.000000
105.002444 450.000000
106.002933 450.000000
109.004400 450.000000
111.005378 450.000000
114.006844 450.000000
116.007822 450.000000
117.008311 450.000000
120.009778 450.000000
131.015155 450.000000
133.016133 450.000000
134.016622 450.000000
137.018089 450.000000
139.019066 450.000000
143.021022 450.000000
148.023466 450.000000
149.023955 450.000000
160.029333 450.000000
161.029822 450.000000
162.030311 450.000000
165.031777 450.000000
166.032266 450.000000
170.034222 450.000000
171.034711 450.000000
175.036666 450.000000
176.037155 450.000000
178.038133 450.000000
181.039599 450.000000
185.041555 450.000000
186.042044 450.000000
195.046444 450.000000
197.047422 450.000000
198.047910 450.000000
199.048399 450.000000
204.050844 450.000000
208.052799 450.000000
210.053777 450.000000
213.055244 450.000000
218.057688 450.000000
220.058666 450.000000
222.059644 450.000000
227.062088 450.000000
229.063066 450.000000
231.064044 450.000000
235.065999 450.000000
236.066488 450.000000
240.068443 450.000000
261.078710 450.000000
262.079199 450.000000
267.081643 450.000000
269.082621 450.000000
276.086043 450.000000
277.086532 450.000000
281.088488 450.000000
286.090932 450.000000
289.092399 450.000000
291.093376 450.000000
294.094843 450.000000
295.095332 450.000000
299.097288 450.000000
305.100221 450.000000
306.100710 450.000000
310.102665 450.000000
312.103643 450.000000
318.106576 450.000000
319.107065 450.000000
323.109021 450.000000
328.111465 450.000000
330.112443 450.000000
335.114887 450.000000
336.115376 450.000000
338.116354 450.000000
341.117821 450.000000
346.120265 450.000000
347.120754 450.000000
351.122709 450.000000
365.129554 450.000000
367.130531 450.000000
368.131020 450.000000
369.131509 450.000000
371.132487 450.000000
371.635641 449.128511
372.641950 447.385533
373.145105 446.514044
373.648259 445.642555
374.151414 444.771066
374.654568 443.899577
375.157722 443.028088
375.660877 442.156599
376.164031 441.285110
377.170340 439.542131
377.673495 438.670642
378.176649 437.799153
378.679803 436.927664
379.182958 436.056175
379.686112 435.184686
380.189267 434.313197
380.692421 433.441708
381.195576 432.570219
382.201884 430.827241
382.705039 429.955752
383.711348 428.212774
384.214502 427.341285
385.220811 425.598307
385.723965 424.726818
386.227120 423.855329
387.233429 422.112350
387.736583 421.240861
388.239738 420.369372
388.742892 419.497883
389.749201 417.754905
390.252355 416.883416
391.258664 415.140438
391.761819 414.268949
392.264973 413.397460
391.762632 412.527380
391.260291 411.657300
389.250928 408.176981
387.241565 404.696661
385.232201 401.216342
384.729860 400.346262
383.725179 398.606102
383.222838 397.736022
381.213474 394.255703
380.208793 392.515543
378.701770 389.905303
376.190066 385.554904
374.180703 382.074584
373.176021 380.334425
370.161976 375.113945
369.157294 373.373786
364.133886 364.672987
363.631545 363.802907
363.129204 362.932827
361.119840 359.452508
359.612818 356.842268
357.603455 353.361948
357.101114 352.491868
355.594091 349.881629
354.589409 348.141469
353.584728 346.401309
352.077705 343.791070
351.575364 342.920990
351.073024 342.050910
346.551956 334.220191
345.044933 331.609951
341.528547 325.519392
341.026207 324.649312
339.016843 321.168993
338.012162 319.428833
336.002798 315.948514
334.998116 314.208354
332.486412 309.857954
331.984071 308.987875
330.477049 306.377635
329.472367 304.637475
328.970026 303.767395
326.458322 299.416996
324.951299 296.806756
324.448959 295.936676
322.439595 292.456357
320.932573 289.846117
319.425550 287.235878
317.918528 284.625638
317.416187 283.755558
316.913846 282.885478
316.411505 282.015398
315.909164 281.145318
314.904483 279.405159
313.899801 277.664999
314.402142 276.794919
315.406823 276.794919
322.439595 276.794919
323.444277 276.794919
325.453640 276.794919
327.463004 276.794919
329.472367 276.794919
333.491094 276.794919
334.495776 276.794919
335.500457 276.794919
341.528548 276.794919
342.533229 276.794919
343.537911 276.794919
344.542593 276.794919
347.556638 276.794919
350.570683 276.794919
354.589410 276.794919
355.594091 276.794919
357.603455 276.794919
360.617500 276.794919
363.631545 276.794919
365.640908 276.794919
368.654954 276.794919
370.664317 276.794919
371.668999 276.794919
374.683044 276.794919
375.687725 276.794919
377.697089 276.794919
379.706452 276.794919
381.715816 276.794919
383.725179 276.794919
388.748588 276.794919
389.753269 276.794919
391.762633 276.794919
394.776678 276.794919
395.781359 276.794919
396.786041 276.794919
398.795405 276.794919
401.809450 276.794919
402.814131 276.794919
403.818813 276.794919
404.823495 276.794919
406.832858 276.794919
408.842222 276.794919
409.846903 276.794919
410.851585 276.794919
411.856267 276.794919
412.860948 276.794919
417.884357 276.794919
418.889039 276.794919
419.893720 276.794919
432.954582 276.794919
435.968627 276.794919
437.977991 276.794919
439.987354 276.794919
444.006081 276.794919
445.010763 276.794919
446.015444 276.794919
447.020126 276.794919
450.034171 276.794919
451.038853 276.794919
453.048216 276.794919
455.057580 276.794919
457.066943 276.794919
458.071625 276.794919
460.080988 276.794919
463.095033 276.794919
465.104397 276.794919
466.109078 276.794919
467.113760 276.794919
469.123124 276.794919
470.127805 276.794919
473.141850 273.314600
474.648873 270.704360
476.155895 268.094120
477.662918 265.483881
478.165259 264.613801
478.667600 263.743721
479.169941 262.873641
479.672281 262.003561
480.676963 260.263401
481.681645 258.523242
482.686326 256.783082
483.188667 255.913002
483.691008 255.042922
484.695690 253.302762
485.700372 251.562603
487.709735 248.082283
489.216757 245.472044
491.226121 241.991724
492.230803 240.251564
493.235484 238.511405
495.244848 235.031085
498.258893 229.810606
498.761234 228.940526
499.263574 228.070446
499.765915 227.200366
500.770597 225.460207
501.272938 224.590127
501.775279 223.720047
502.277620 222.849967
502.779960 221.979887
503.282301 221.109807
503.784642 220.239727
505.291665 217.629488
507.301028 214.149168
508.305710 212.409008
508.808051 211.538929
511.822096 206.318449
512.324436 205.448369
513.329118 203.708210
513.831459 202.838130
514.836141 201.097970
515.338482 200.227890
516.845504 197.617651
517.347845 196.747571
518.352527 195.007411
519.357208 193.267251
520.361890 191.527091
520.864231 190.657012
522.873594 187.176692
523.375935 186.306612
523.878276 185.436532
525.887639 181.956213
526.389980 181.086133
526.892321 180.216053
527.394662 179.345973
528.399344 177.605814
528.901684 176.735734
529.404025 175.865654
531.915730 171.515254
534.427434 167.164855
534.929775 166.294775
535.432115 165.424695
536.436797 163.684536
538.948501 159.334136
539.450842 158.464056
540.957865 155.853817
542.464887 153.243577
544.976592 148.893178
545.981273 147.153018
547.990637 143.672698
549.497659 141.062459
550.000000 140.192379
550.502341 141.062459
553.516386 146.282938
555.023408 148.893178
555.525749 149.763258
556.028090 150.633337
556.530431 151.503417
557.032772 152.373497
557.535113 153.243577
558.539794 154.983737
560.046817 157.593976
562.558521 161.944376
563.060862 162.814456
563.563203 163.684536
565.572566 167.164855
566.074907 168.034935
566.577248 168.905015
567.079589 169.775095
568.586611 172.385334
569.088952 173.255414
570.093634 174.995574
571.098316 176.735734
571.600656 177.605814
572.102997 178.475893
574.614702 182.826293
575.619383 184.566453
577.628747 188.046772
580.642792 193.267251
581.145133 194.137331
582.652155 196.747571
583.154496 197.617651
583.656837 198.487730
584.159178 199.357810
584.661518 200.227890
585.163859 201.097970
586.168541 202.838130
589.182586 208.058609
589.684927 208.928689
591.191949 211.538929
592.196631 213.279088
594.205995 216.759408
595.210676 218.499568
596.215358 220.239727
596.717699 221.109807
597.220040 221.979887
597.722380 222.849967
598.224721 223.720047
598.727062 224.590127
600.736426 228.070446
601.238766 228.940526
601.741107 229.810606
602.243448 230.680686
602.745789 231.550766
603.750471 233.290925
604.252811 234.161005
605.257493 235.901165
605.759834 236.771245
606.262175 237.641325
606.764516 238.511405
608.773879 241.991724
610.280902 244.601964
610.783243 245.472044
612.290265 248.082283
613.294947 249.822443
613.797288 250.692523
614.299628 251.562603
615.304310 253.302762
615.806651 254.172842
616.308992 255.042922
618.318355 258.523242
619.323037 260.263401
620.327719 262.003561
620.830059 262.873641
621.332400 263.743721
623.341764 267.224040
626.355809 272.444520
626.858150 273.314600
627.862831 275.054759
628.867513 276.794919
628.867513 276.794919
629.872195 276.794919
631.881558 276.794919
633.890922 276.794919
634.895603 276.794919
635.900285 276.794919
636.904967 276.794919
637.909648 276.794919
638.914330 276.794919
639.919012 276.794919
642.933057 276.794919
643.937739 276.794919
644.942420 276.794919
645.947102 276.794919
647.956465 276.794919
650.970510 276.794919
651.975192 276.794919
652.979874 276.794919
653.984556 276.794919
654.989237 276.794919
661.017327 276.794919
662.022009 276.794919
664.031373 276.794919
665.036054 276.794919
666.040736 276.794919
667.045418 276.794919
668.050099 276.794919
671.064144 276.794919
673.073508 276.794919
674.078190 276.794919
676.087553 276.794919
679.101598 276.794919
681.110961 276.794919
682.115643 276.794919
683.120325 276.794919
687.139052 276.794919
688.143733 276.794919
690.153097 276.794919
692.162460 276.794919
693.167142 276.794919
697.185869 276.794919
702.209277 276.794919
705.223322 276.794919
708.237367 276.794919
709.242049 276.794919
710.246731 276.794919
711.251412 276.794919
713.260776 276.794919
714.265458 276.794919
715.270139 276.794919
716.274821 276.794919
717.279503 276.794919
720.293548 276.794919
721.298229 276.794919
724.312275 276.794919
728.331001 276.794919
729.335683 276.794919
730.340365 276.794919
737.373137 276.794919
739.382500 276.794919
740.387182 276.794919
743.401227 276.794919
744.405909 276.794919
745.410590 276.794919
746.415272 276.794919
747.419954 276.794919
749.429317 276.794919
750.433999 276.794919
751.438680 276.794919
752.443362 276.794919
756.462089 276.794919
757.466771 276.794919
759.476134 276.794919
761.485497 276.794919
766.508906 276.794919
767.513588 276.794919
773.541678 276.794919
774.546360 276.794919
776.555723 276.794919
778.565086 276.794919
780.574450 276.794919
782.583813 276.794919
783.588495 276.794919
786.100199 277.664999
785.095517 279.405159
783.086154 282.885478
782.583813 283.755558
782.081472 284.625638
781.579132 285.495718
780.574450 287.235878
779.067427 289.846117
778.565086 290.716197
778.062746 291.586277
776.555723 294.196517
776.053382 295.066596
773.541678 299.416996
772.536996 301.157156
772.034655 302.027235
771.029974 303.767395
768.518270 308.117795
767.513588 309.857954
766.508906 311.598114
765.504224 313.338274
765.001884 314.208354
764.499543 315.078434
763.997202 315.948514
762.992520 317.688673
761.485498 320.298913
760.480816 322.039073
759.978475 322.909153
756.964430 328.129632
756.462089 328.999712
755.457407 330.739871
754.955067 331.609951
754.452726 332.480031
753.950385 333.350111
751.941022 336.830431
751.438681 337.700511
750.936340 338.570590
749.931658 340.310750
748.424636 342.920990
747.922295 343.791070
746.415272 346.401309
745.912931 347.271389
745.410591 348.141469
743.903568 350.751709
742.898886 352.491868
741.391864 355.102108
739.382500 358.582428
737.875478 361.192667
737.373137 362.062747
736.870796 362.932827
734.861433 366.413147
732.852069 369.893466
730.842706 373.373786
730.340365 374.243865
729.335683 375.984025
728.833343 376.854105
727.828661 378.594265
726.823979 380.334425
726.321638 381.204504
723.809934 385.554904
722.302912 388.165144
720.795889 390.775383
720.293548 391.645463
719.791207 392.515543
719.288866 393.385623
718.786526 394.255703
718.284185 395.125783
717.781844 395.995862
716.777162 397.736022
715.772481 399.476182
715.270140 400.346262
714.767799 401.216342
714.265458 402.086422
712.758435 404.696661
712.256095 405.566741
710.246731 409.047061
709.744390 409.917140
709.242050 410.787220
708.237368 412.527380
707.735027 413.397460
707.735027 413.397460
708.238181 414.268949
708.741336 415.140438
709.244490 416.011927
709.747645 416.883416
710.250799 417.754905
710.753954 418.626394
711.257108 419.497883
711.760262 420.369372
712.263417 421.240861
712.766571 422.112350
713.772880 423.855329
714.276035 424.726818
714.779189 425.598307
715.282343 426.469796
715.785498 427.341285
716.288652 428.212774
716.791807 429.084263
717.294961 429.955752
717.798116 430.827241
718.301270 431.698730
718.804424 432.570219
719.307579 433.441708
720.817042 436.056175
721.320197 436.927664
721.823351 437.799153
722.326505 438.670642
722.829660 439.542131
723.835969 441.285110
724.339123 442.156599
724.842278 443.028088
725.345432 443.899577
725.848586 444.771066
726.854895 446.514044
727.358050 447.385533
727.861204 448.257022
728.867513 450.000000
728.867513 450.000000
730.868491 450.000000
731.868980 450.000000
733.869957 450.000000
735.870935 450.000000
736.871424 450.000000
738.872402 450.000000
740.873380 450.000000
754.880224 450.000000
755.880713 450.000000
756.881202 450.000000
762.884135 450.000000
765.885602 450.000000
773.889513 450.000000
774.890002 450.000000
782.893913 450.000000
783.894402 450.000000
785.895379 450.000000
786.895868 450.000000
790.897824 450.000000
793.899290 450.000000
795.900268 450.000000
797.901246 450.000000
798.901735 450.000000
801.903201 450.000000
806.905646 450.000000
810.907601 450.000000
811.908090 450.000000
816.910535 450.000000
821.912979 450.000000
822.913468 450.000000
826.915423 450.000000
827.915912 450.000000
828.916401 450.000000
829.916890 450.000000
834.919334 450.000000
839.921779 450.000000
840.922268 450.000000
844.924223 450.000000
847.925690 450.000000
849.926668 450.000000
856.930090 450.000000
864.934001 450.000000
866.934979 450.000000
867.935468 450.000000
873.938401 450.000000
875.939379 450.000000
879.941334 450.000000
885.944267 450.000000
887.945245 450.000000
888.945734 450.000000
899.951112 450.000000
901.952090 450.000000
902.952578 450.000000
903.953067 450.000000
905.954045 450.000000
907.955023 450.000000
915.958934 450.000000
918.960401 450.000000
919.960889 450.000000
920.961378 450.000000
923.962845 450.000000
933.967734 450.000000
936.969200 450.000000
938.970178 450.000000
940.971156 450.000000
942.972134 450.000000
951.976534 450.000000
952.977023 450.000000
954.978000 450.000000
955.978489 450.000000
957.979467 450.000000
958.979956 450.000000
960.980934 450.000000
963.982400 450.000000
964.982889 450.000000
966.983867 450.000000
967.984356 450.000000
968.984845 450.000000
972.986800 450.000000
973.987289 450.000000
974.987778 450.000000
975.988267 450.000000
977.989245 450.000000
978.989733 450.000000
981.991200 450.000000
982.991689 450.000000
989.995111 450.000000
990.995600 450.000000
993.997067 450.000000
1000.000000 450.000000
1000.000000 451.000000
1000.000000 452.000000
1000.000000 454.000000
1000.000000 457.000000
1000.000000 458.000000
1000.000000 459.000000
1000.000000 460.000000
1000.000000 461.000000
1000.000000 463.000000
1000.000000 465.000000
1000.000000 469.000000
1000.000000 470.000000
1000.000000 471.000000
1000.000000 472.000000
1000.000000 473.000000
1000.000000 474.000000
1000.000000 476.000000
1000.000000 477.000000
1000.000000 480.000000
1000.000000 481.000000
1000.000000 483.000000
1000.000000 484.000000
1000.000000 486.000000
1000.000000 488.000000
1000.000000 489.000000
1000.000000 490.000000
1000.000000 491.000000
1000.000000 493.000000
1000.000000 494.000000
1000.000000 496.000000
1000.000000 497.000000
1000.000000 498.000000
1000.000000 500.000000
1000.000000 503.000000
1000.000000 504.000000
1000.000000 505.000000
1000.000000 506.000000
1000.000000 507.000000
1000.000000 508.000000
1000.000000 511.000000
1000.000000 512.000000
1000.000000 513.000000
1000.000000 514.000000
1000.000000 515.000000
1000.000000 516.000000
1000.000000 517.000000
1000.000000 519.000000
1000.000000 520.000000
1000.000000 521.000000
1000.000000 522.000000
1000.000000 523.000000
1000.000000 524.000000
1000.000000 525.000000
1000.000000 527.000000
1000.000000 528.000000
1000.000000 530.000000
1000.000000 532.000000
1000.000000 533.000000
1000.000000 534.000000
1000.000000 535.000000
1000.000000 536.000000
1000.000000 538.000000
1000.000000 539.000000
1000.000000 542.000000
1000.000000 543.000000
1000.000000 546.000000
1000.000000 547.000000
1000.000000 548.000000
1000.000000 550.000000
995.989421 550.000000
989.973551 550.000000
987.968262 550.000000
979.947103 550.000000
977.941813 550.000000
973.931234 550.000000
969.920654 550.000000
968.918009 550.000000
959.894206 550.000000
951.873047 550.000000
947.862467 550.000000
940.843953 550.000000
939.841309 550.000000
938.838664 550.000000
937.836019 550.000000
936.833374 550.000000
934.828084 550.000000
933.825439 550.000000
930.817505 550.000000
928.812215 550.000000
921.793701 550.000000
918.785767 550.000000
891.714355 550.000000
886.701131 550.000000
880.685262 550.000000
878.679972 550.000000
875.672038 550.000000
874.669393 550.000000
870.658813 550.000000
868.653524 550.000000
864.642944 550.000000
860.632365 550.000000
858.627075 550.000000
856.621785 550.000000
853.613851 550.000000
852.611206 550.000000
848.600627 550.000000
846.595337 550.000000
843.587402 550.000000
837.571533 550.000000
832.558309 550.000000
830.553019 550.000000
823.534505 550.000000
822.531860 550.000000
813.508057 550.000000
806.489543 550.000000
803.481608 550.000000
797.465739 550.000000
789.444580 550.000000
787.439290 550.000000
782.426066 550.000000
776.410197 550.000000
775.407552 550.000000
773.402262 550.000000
771.396973 550.000000
765.381104 550.000000
764.378459 550.000000
763.375814 550.000000
762.373169 550.000000
760.367879 550.000000
758.362590 550.000000
751.344076 550.000000
749.338786 550.000000
745.328206 550.000000
742.320272 550.000000
741.317627 550.000000
738.309692 550.000000
736.304403 550.000000
727.280599 550.000000
725.275309 550.000000
724.272664 550.000000
719.259440 550.000000
713.243571 550.000000
712.240926 550.000000
710.235636 550.000000
701.211833 550.000000
700.209188 550.000000
698.203898 550.000000
696.198608 550.000000
691.185384 550.000000
689.180094 550.000000
684.166870 550.000000
681.158936 550.000000
676.145711 550.000000
672.135132 550.000000
670.127805 548.259840
669.625464 547.389760
668.620783 545.649601
667.113760 543.039361
666.611419 542.169281
666.109078 541.299201
665.606738 540.429121
665.104397 539.559042
663.597374 536.948802
662.592692 535.208642
660.583329 531.728323
659.076307 529.118083
658.573966 528.248003
657.569284 526.507843
655.559921 523.027524
655.057580 522.157444
654.052898 520.417284
653.550557 519.547204
653.048216 518.677125
651.541194 516.066885
651.038853 515.196805
649.531830 512.586565
647.020126 508.236166
646.517785 507.366086
646.015444 506.496006
643.001399 501.275527
642.499058 500.405447
640.992036 497.795208
640.489695 496.925128
637.977991 492.574728
635.968627 489.094409
635.466286 488.224329
633.959264 485.614089
633.456923 484.744010
632.452241 483.003850
631.949900 482.133770
630.945219 480.393610
630.442878 479.523530
629.438196 477.783371
628.935855 476.913291
627.931174 475.173131
627.428833 474.303051
626.424151 472.562891
625.921810 471.692811
624.917128 469.952652
624.414788 469.082572
623.912447 468.212492
623.410106 467.342412
622.907765 466.472332
622.405424 465.602252
621.903083 464.732172
621.400743 463.862093
620.396061 462.121933
617.884357 457.771534
617.382016 456.901454
616.879675 456.031374
615.372652 453.421134
613.865630 450.810895
612.860948 449.070735
611.353925 446.460495
610.851585 445.590415
608.339880 441.240016
607.837539 440.369936
607.335199 439.499856
606.330517 437.759696
605.828176 436.889617
602.814131 431.669137
601.307108 429.058898
597.288382 422.098259
596.786041 421.228179
596.283700 420.358099
594.776677 417.747859
592.767314 414.267540
592.264973 413.397460
592.264973 413.397460
592.768127 412.525971
593.271282 411.654482
593.774436 410.782993
594.277591 409.911504
595.283900 408.168526
595.787054 407.297036
596.290209 406.425547
596.793363 405.554058
597.296518 404.682569
597.799672 403.811080
598.302826 402.939591
598.805981 402.068102
599.309135 401.196613
599.812290 400.325124
600.315444 399.453635
600.818599 398.582146
601.321753 397.710657
601.824908 396.839168
602.328062 395.967679
602.831216 395.096190
603.334371 394.224700
604.340680 392.481722
604.843834 391.610233
605.346989 390.738744
605.850143 389.867255
606.353298 388.995766
606.856452 388.124277
607.359607 387.252788
607.862761 386.381299
608.365915 385.509810
608.869070 384.638321
609.372224 383.766832
609.875379 382.895342
610.881688 381.152364
611.384842 380.280875
611.887997 379.409386
612.391151 378.537897
612.894306 377.666408
613.397460 376.794919
613.397460 376.794919
612.391151 376.794919
611.384842 376.794919
610.378533 376.794919
609.372224 376.794919
608.365916 376.794919
606.353298 376.794919
605.346989 376.794919
604.340680 376.794919
603.334371 376.794919
602.328062 376.794919
601.321753 376.794919
600.315445 376.794919
599.309136 376.794919
598.302827 376.794919
597.296518 376.794919
596.290209 376.794919
595.283900 376.794919
594.277591 376.794919
593.271282 376.794919
592.264973 376.794919
591.258665 376.794919
590.252356 376.794919
589.246047 376.794919
586.227120 376.794919
585.220811 376.794919
584.214502 376.794919
583.208194 376.794919
581.195576 376.794919
580.189267 376.794919
579.182958 376.794919
578.176649 376.794919
577.170340 376.794919
576.164031 376.794919
575.157723 376.794919
574.151414 376.794919
573.145105 376.794919
571.132487 376.794919
571.132487 376.794919
570.629333 375.923430
570.126178 375.051941
568.616715 372.437474
568.113560 371.565985
567.107251 369.823007
566.604097 368.951518
565.597788 367.208539
564.088325 364.594072
563.585170 363.722583
562.578861 361.979605
562.075707 361.108116
561.572552 360.236627
561.069398 359.365138
560.566243 358.493649
560.063089 357.622160
559.559935 356.750671
559.056780 355.879182
558.553626 355.007693
558.050471 354.136204
557.547317 353.264715
556.541008 351.521737
556.037853 350.650248
555.534699 349.778759
555.031545 348.907269
554.528390 348.035780
554.025236 347.164291
553.522081 346.292802
553.018927 345.421313
552.515772 344.549824
551.509463 342.806846
551.006309 341.935357
550.503154 341.063868
550.000000 340.192379
550.000000 340.192379
549.496846 341.063868
548.993691 341.935357
548.490537 342.806846
547.987382 343.678335
547.484228 344.549824
546.981073 345.421313
546.477919 346.292802
545.471610 348.035780
544.968455 348.907269
544.465301 349.778759
543.962147 350.650248
543.458992 351.521737
542.955838 352.393226
542.452683 353.264715
541.949529 354.136204
540.943220 355.879182
540.440065 356.750671
539.936911 357.622160
539.433757 358.493649
538.930602 359.365138
538.427448 360.236627
537.924293 361.108116
537.421139 361.979605
536.917984 362.851094
536.414830 363.722583
535.911675 364.594072
535.408521 365.465561
534.905366 366.337050
533.899058 368.080029
533.395903 368.951518
532.892749 369.823007
532.389594 370.694496
531.886440 371.565985
531.383285 372.437474
529.873822 375.051941
529.370667 375.923430
528.867513 376.794919
528.867513 376.794919
527.861204 376.794919
524.842277 376.794919
523.835969 376.794919
522.829660 376.794919
521.823351 376.794919
520.817042 376.794919
519.810733 376.794919
518.804424 376.794919
517.798115 376.794919
516.791806 376.794919
515.785498 376.794919
513.772880 376.794919
512.766571 376.794919
511.760262 376.794919
510.753953 376.794919
509.747644 376.794919
508.741335 376.794919
507.735027 376.794919
506.728718 376.794919
504.716100 376.794919
503.709791 376.794919
502.703482 376.794919
501.697173 376.794919
500.690864 376.794919
499.684555 376.794919
497.671938 376.794919
496.665629 376.794919
495.659320 376.794919
494.653011 376.794919
493.646702 376.794919
492.640393 376.794919
491.634084 376.794919
490.627776 376.794919
489.621467 376.794919
488.615158 376.794919
487.608849 376.794919
486.602540 376.794919
487.105694 377.666408
487.608849 378.537897
488.112003 379.409386
488.615158 380.280875
489.118312 381.152364
489.621467 382.023853
490.124621 382.895342
490.627776 383.766832
491.130930 384.638321
491.634085 385.509810
492.137239 386.381299
492.640393 387.252788
493.143548 388.124277
493.646702 388.995766
494.653011 390.738744
495.156166 391.610233
495.659320 392.481722
496.162475 393.353211
496.665629 394.224700
497.168784 395.096190
497.671938 395.967679
498.175092 396.839168
498.678247 397.710657
499.181401 398.582146
499.684556 399.453635
500.187710 400.325124
500.690865 401.196613
501.194019 402.068102
501.697174 402.939591
502.200328 403.811080
502.703482 404.682569
503.206637 405.554058
503.709791 406.425547
504.212946 407.297036
504.716100 408.168526
505.219255 409.040015
505.722409 409.911504
506.225564 410.782993
507.231873 412.525971
507.735027 413.397460
507.232686 414.267540
504.720982 418.617939
503.213959 421.228179
502.711618 422.098259
502.209278 422.968339
501.204596 424.708498
498.190551 429.928978
495.678847 434.279377
495.176506 435.149457
493.669483 437.759696
493.167142 438.629776
492.664801 439.499856
492.162461 440.369936
490.655438 442.980176
488.143734 447.330575
487.139052 449.070735
484.627348 453.421134
484.125007 454.291214
481.613303 458.641613
480.608621 460.381773
477.092235 466.472332
475.082872 469.952652
473.575849 472.562891
473.073508 473.432971
472.571167 474.303051
470.561804 477.783371
470.059463 478.653450
469.054781 480.393610
468.552440 481.263690
468.050100 482.133770
467.547759 483.003850
467.045418 483.873930
466.040736 485.614089
465.538395 486.484169
464.533714 488.224329
464.031373 489.094409
463.026691 490.834569
461.017328 494.314888
460.012646 496.055048
458.505623 498.665288
457.500942 500.405447
456.998601 501.275527
455.993919 503.015687
453.984556 506.496006
453.482215 507.366086
452.477533 509.106246
450.468170 512.586565
448.961147 515.196805
446.951784 518.677125
446.449443 519.547204
445.444761 521.287364
443.937739 523.897604
443.435398 524.767684
442.933057 525.637764
440.923693 529.118083
439.416671 531.728323
438.411989 533.468482
437.909648 534.338562
436.904967 536.078722
435.397944 538.688962
434.393262 540.429121
433.890922 541.299201
433.388581 542.169281
432.383899 543.909441
430.876876 546.519681
427.864868 550.000000
426.862223 550.000000
421.848999 550.000000
420.846354 550.000000
418.841064 550.000000
408.814616 550.000000
403.801392 550.000000
402.798747 550.000000
397.785522 550.000000
393.774943 550.000000
383.748494 550.000000
380.740560 550.000000
375.727336 550.000000
373.722046 550.000000
363.695597 550.000000
353.669149 550.000000
352.666504 550.000000
346.650635 550.000000
344.645345 550.000000
343.642700 550.000000
340.634766 550.000000
335.621541 550.000000
328.603027 550.000000
326.597738 550.000000
323.589803 550.000000
318.576579 550.000000
317.573934 550.000000
311.558065 550.000000
308.550130 550.000000
300.528971 550.000000
299.526326 550.000000
298.523682 550.000000
296.518392 550.000000
291.505168 550.000000
280.476074 550.000000
269.446981 550.000000
267.441691 550.000000
265.436401 550.000000
263.431112 550.000000
261.425822 550.000000
254.407308 550.000000
251.399373 550.000000
250.396729 550.000000
243.378215 550.000000
241.372925 550.000000
234.354411 550.000000
228.338542 550.000000
217.309448 550.000000
210.290934 550.000000
209.288289 550.000000
205.277710 550.000000
202.269775 550.000000
201.267131 550.000000
198.259196 550.000000
189.235392 550.000000
187.230103 550.000000
182.216878 550.000000
181.214233 550.000000
180.211589 550.000000
179.208944 550.000000
176.201009 550.000000
172.190430 550.000000
168.179850 550.000000
160.158691 550.000000
159.156047 550.000000
153.140177 550.000000
149.129598 550.000000
142.111084 550.000000
140.105794 550.000000
137.097860 550.000000
128.074056 550.000000
123.060832 550.000000
122.058187 550.000000
116.042318 550.000000
105.013224 550.000000
103.007935 550.000000
