850
100.000000 450.000000
102.000978 450.000000
104.001956 450.000000
106.002933 450.000000
110.004889 450.000000
111.005378 450.000000
114.006844 450.000000
115.007333 450.000000
118.008800 450.000000
121.010266 450.000000
122.010755 450.000000
124.011733 450.000000
128.013689 450.000000
130.014666 450.000000
131.015155 450.000000
137.018089 450.000000
145.022000 450.000000
146.022488 450.000000
149.023955 450.000000
156.027377 450.000000
157.027866 450.000000
159.028844 450.000000
160.029333 450.000000
161.029822 450.000000
162.030311 450.000000
166.032266 450.000000
169.033733 450.000000
171.034710 450.000000
173.035688 450.000000
177.037644 450.000000
178.038133 450.000000
183.040577 450.000000
185.041555 450.000000
186.042044 450.000000
187.042533 450.000000
188.043021 450.000000
191.044488 450.000000
197.047421 450.000000
199.048399 450.000000
201.049377 450.000000
202.049866 450.000000
210.053777 450.000000
212.054755 450.000000
213.055243 450.000000
214.055732 450.000000
216.056710 450.000000
218.057688 450.000000
219.058177 450.000000
224.060621 450.000000
225.061110 450.000000
227.062088 450.000000
229.063066 450.000000
232.064532 450.000000
235.065999 450.000000
236.066488 450.000000
241.068932 450.000000
242.069421 450.000000
248.072354 450.000000
250.073332 450.000000
255.075776 450.000000
259.077732 450.000000
260.078221 450.000000
261.078710 450.000000
262.079199 450.000000
265.080665 450.000000
267.081643 450.000000
270.083110 450.000000
272.084087 450.000000
276.086043 450.000000
282.088976 450.000000
284.089954 450.000000
285.090443 450.000000
289.092398 450.000000
291.093376 450.000000
295.095332 450.000000
296.095821 450.000000
298.096798 450.000000
299.097287 450.000000
301.098265 450.000000
304.099732 450.000000
307.101198 450.000000
310.102665 450.000000
312.103643 450.000000
313.104131 450.000000
316.105598 450.000000
317.106087 450.000000
319.107065 450.000000
321.108043 450.000000
322.108531 450.000000
324.109509 450.000000
325.109998 450.000000
326.110487 450.000000
330.112442 450.000000
331.112931 450.000000
332.113420 450.000000
335.114887 450.000000
338.116353 450.000000
339.116842 450.000000
342.118309 450.000000
343.118798 450.000000
346.120265 450.000000
347.120753 450.000000
353.123687 450.000000
358.126131 450.000000
363.128575 450.000000
365.129553 450.000000
368.131020 450.000000
369.131509 450.000000
370.131998 450.000000
371.633516 449.132192
373.136604 446.528766
379.649987 435.247256
384.660282 426.569172
385.161311 425.701363
385.662341 424.833555
389.670576 417.891087
391.173665 415.287661
397.186018 404.873960
400.693224 398.799301
401.194254 397.931492
406.705577 388.385599
407.206607 387.517791
409.711754 383.178748
410.212784 382.310940
411.214842 380.575323
412.216901 378.839706
413.218960 377.104089
414.722049 374.500664
415.724108 372.765047
418.229255 368.426005
419.231314 366.690388
419.732343 365.822579
420.233373 364.954771
422.738520 360.615728
424.742638 357.144495
426.245726 354.541069
426.746755 353.673261
430.754991 346.730793
434.262197 340.656134
437.769403 334.581474
438.771462 332.845858
439.272492 331.978049
440.274551 330.242432
440.775580 329.374624
441.276609 328.506815
446.286904 319.828731
446.787933 318.960922
448.792051 315.489688
449.293081 314.621880
451.297198 311.150646
454.303375 305.943795
455.806464 303.340370
459.814699 296.397902
466.328082 285.116392
467.330141 283.380775
469.835288 279.041733
470.336318 278.173924
471.338376 276.438307
471.839406 275.570499
475.847641 268.628031
476.348671 267.760223
477.851759 265.156797
480.356907 260.817755
481.358965 259.082138
485.367201 252.139671
488.373378 246.932820
488.874407 246.065011
492.381613 239.990352
493.884702 237.386927
494.886761 235.651310
495.888819 233.915693
496.890878 232.180076
498.894996 228.708842
502.903232 221.766374
503.404261 220.898566
506.911467 214.823907
507.412497 213.956098
508.915585 211.352673
512.923821 204.410205
513.925880 202.674588
517.934115 195.732120
519.437204 193.128695
520.940292 190.525270
523.445439 186.186227
523.946469 185.318419
524.948528 183.582802
528.455734 177.508143
530.459851 174.036909
534.969117 166.226633
538.476323 160.151974
543.486617 151.473889
543.987647 150.606080
545.991764 147.134847
547.995882 143.663613
551.002059 141.927996
551.503088 142.795804
553.006177 145.399230
554.509265 148.002655
558.016471 154.077314
560.521618 158.416357
563.527795 163.623207
564.028825 164.491016
565.030883 166.226633
566.533972 168.830058
569.039119 173.169100
571.544266 177.508143
573.047355 180.111568
574.049414 181.847185
576.053531 185.318419
576.554561 186.186227
577.055590 187.054036
578.057649 188.789653
580.562796 193.128695
581.063826 193.996504
582.065885 195.732120
583.067944 197.467737
586.074120 202.674588
587.577209 205.278014
596.595739 220.898566
602.107063 230.444459
604.111181 233.915693
606.115298 237.386927
608.620446 241.725969
613.630740 250.404054
614.632799 252.139671
615.133828 253.007479
616.135887 254.743096
616.636917 255.610904
619.142064 259.949947
621.146182 263.421181
622.148241 265.156797
624.152359 268.628031
626.156476 272.099265
630.164712 279.041733
631.667800 281.645158
634.673977 286.852009
635.175006 287.719818
636.177065 289.455434
639.684271 295.530094
640.185301 296.397902
640.686330 297.265711
641.187360 298.133519
642.189419 299.869136
643.692507 302.472561
644.694566 304.208178
645.195595 305.075987
645.696625 305.943795
646.698684 307.679412
647.199713 308.547221
648.201772 310.282838
648.702802 311.150646
650.706919 314.621880
651.207949 315.489688
652.711037 318.093114
653.713096 319.828731
655.717214 323.299964
656.218243 324.167773
656.719273 325.035581
658.222361 327.639007
659.224420 329.374624
659.725449 330.242432
660.226479 331.110241
660.727508 331.978049
661.228538 332.845858
662.230597 334.581474
662.731626 335.449283
663.232656 336.317091
665.236773 339.788325
666.739862 342.391751
667.741921 344.127368
668.743980 345.862984
672.752215 352.805452
675.758392 358.012303
677.762510 361.483537
680.768686 366.690388
684.275892 372.765047
687.282069 377.971898
687.783099 378.839706
688.284128 379.707515
689.787216 382.310940
692.793393 387.517791
693.294423 388.385599
696.801629 394.460258
700.308835 400.534918
702.813982 404.873960
708.826335 415.287661
710.329424 417.891087
711.331483 419.626704
713.836630 423.965746
714.337659 424.833555
714.838689 425.701363
715.339718 426.569172
716.341777 428.304788
717.343836 430.040405
720.350013 435.247256
722.354131 438.718490
722.855160 439.586298
724.358248 442.189724
726.362366 445.660958
727.364425 447.396575
728.867513 450.000000
733.869958 450.000000
734.870447 450.000000
738.872402 450.000000
739.872891 450.000000
744.875336 450.000000
754.880224 450.000000
755.880713 450.000000
757.881691 450.000000
759.882669 450.000000
762.884135 450.000000
763.884624 450.000000
769.887558 450.000000
780.892935 450.000000
781.893424 450.000000
788.896846 450.000000
791.898313 450.000000
792.898802 450.000000
793.899291 450.000000
796.900757 450.000000
797.901246 450.000000
799.902224 450.000000
800.902713 450.000000
801.903202 450.000000
802.903691 450.000000
803.904179 450.000000
804.904668 450.000000
812.908579 450.000000
813.909068 450.000000
815.910046 450.000000
817.911024 450.000000
818.911513 450.000000
820.912490 450.000000
821.912979 450.000000
823.913957 450.000000
826.915424 450.000000
828.916401 450.000000
831.917868 450.000000
835.919824 450.000000
837.920801 450.000000
844.924224 450.000000
846.925201 450.000000
847.925690 450.000000
850.927157 450.000000
852.928135 450.000000
855.929601 450.000000
857.930579 450.000000
858.931068 450.000000
859.931557 450.000000
864.934001 450.000000
868.935957 450.000000
875.939379 450.000000
877.940357 450.000000
880.941823 450.000000
882.942801 450.000000
887.945245 450.000000
892.947690 450.000000
894.948668 450.000000
897.950134 450.000000
899.951112 450.000000
903.953067 450.000000
904.953556 450.000000
905.954045 450.000000
907.955023 450.000000
908.955512 450.000000
910.956490 450.000000
915.958934 450.000000
916.959423 450.000000
917.959912 450.000000
919.960890 450.000000
921.961867 450.000000
922.962356 450.000000
924.963334 450.000000
925.963823 450.000000
926.964312 450.000000
930.966267 450.000000
933.967734 450.000000
934.968223 450.000000
938.970178 450.000000
940.971156 450.000000
944.973112 450.000000
948.975067 450.000000
949.975556 450.000000
952.977023 450.000000
958.979956 450.000000
960.980934 450.000000
962.981911 450.000000
963.982400 450.000000
964.982889 450.000000
971.986311 450.000000
975.988267 450.000000
979.990222 450.000000
980.990711 450.000000
983.992178 450.000000
985.993156 450.000000
991.996089 450.000000
995.998044 450.000000
996.998533 450.000000
998.999511 450.000000
1000.000000 450.000000
1000.000000 451.000000
1000.000000 453.000000
1000.000000 454.000000
1000.000000 455.000000
1000.000000 456.000000
1000.000000 458.000000
1000.000000 459.000000
1000.000000 460.000000
1000.000000 462.000000
1000.000000 463.000000
1000.000000 464.000000
1000.000000 465.000000
1000.000000 467.000000
1000.000000 468.000000
1000.000000 471.000000
1000.000000 473.000000
1000.000000 474.000000
1000.000000 475.000000
1000.000000 477.000000
1000.000000 480.000000
1000.000000 481.000000
1000.000000 482.000000
1000.000000 484.000000
1000.000000 485.000000
1000.000000 486.000000
1000.000000 487.000000
1000.000000 489.000000
1000.000000 491.000000
1000.000000 492.000000
1000.000000 493.000000
1000.000000 494.000000
1000.000000 495.000000
1000.000000 497.000000
1000.000000 498.000000
1000.000000 499.000000
1000.000000 500.000000
1000.000000 502.000000
1000.000000 503.000000
1000.000000 504.000000
1000.000000 505.000000
1000.000000 506.000000
1000.000000 507.000000
1000.000000 508.000000
1000.000000 509.000000
1000.000000 511.000000
1000.000000 512.000000
1000.000000 513.000000
1000.000000 514.000000
1000.000000 515.000000
1000.000000 516.000000
1000.000000 517.000000
1000.000000 518.000000
1000.000000 520.000000
1000.000000 521.000000
1000.000000 522.000000
1000.000000 523.000000
1000.000000 524.000000
1000.000000 525.000000
1000.000000 526.000000
1000.000000 527.000000
1000.000000 529.000000
1000.000000 530.000000
1000.000000 532.000000
1000.000000 533.000000
1000.000000 534.000000
1000.000000 536.000000
1000.000000 538.000000
1000.000000 539.000000
1000.000000 540.000000
1000.000000 542.000000
1000.000000 543.000000
1000.000000 547.000000
1000.000000 548.000000
1000.000000 549.000000
1000.000000 550.000000
996.992065 550.000000
995.989421 550.000000
992.981486 550.000000
991.978841 550.000000
986.965617 550.000000
984.960327 550.000000
981.952393 550.000000
977.941813 550.000000
969.920654 550.000000
961.899495 550.000000
958.891561 550.000000
956.886271 550.000000
952.875692 550.000000
948.865112 550.000000
947.862467 550.000000
946.859823 550.000000
943.851888 550.000000
942.849243 550.000000
931.820150 550.000000
930.817505 550.000000
928.812215 550.000000
927.809570 550.000000
921.793701 550.000000
918.785766 550.000000
917.783122 550.000000
915.777832 550.000000
908.759318 550.000000
905.751383 550.000000
899.735514 550.000000
893.719645 550.000000
890.711710 550.000000
883.693196 550.000000
879.682617 550.000000
877.677327 550.000000
872.664103 550.000000
870.658813 550.000000
862.637654 550.000000
857.624430 550.000000
850.605916 550.000000
849.603271 550.000000
848.600626 550.000000
844.590047 550.000000
843.587402 550.000000
840.579468 550.000000
838.574178 550.000000
832.558309 550.000000
830.553019 550.000000
828.547729 550.000000
827.545084 550.000000
825.539795 550.000000
824.537150 550.000000
823.534505 550.000000
822.531860 550.000000
819.523926 550.000000
812.505412 550.000000
799.471028 550.000000
797.465739 550.000000
794.457804 550.000000
793.455159 550.000000
792.452514 550.000000
791.449870 550.000000
789.444580 550.000000
788.441935 550.000000
784.431356 550.000000
781.423421 550.000000
775.407552 550.000000
771.396972 550.000000
770.394327 550.000000
769.391683 550.000000
761.370524 550.000000
760.367879 550.000000
752.346720 550.000000
751.344075 550.000000
750.341430 550.000000
749.338785 550.000000
744.325561 550.000000
743.322916 550.000000
742.320271 550.000000
736.304402 550.000000
733.296468 550.000000
730.288533 550.000000
720.262085 550.000000
715.248860 550.000000
713.243571 550.000000
695.195963 550.000000
693.190673 550.000000
690.182739 550.000000
687.174804 550.000000
683.164225 550.000000
680.156290 550.000000
678.151001 550.000000
676.145711 550.000000
675.143066 550.000000
672.135131 550.000000
671.132487 550.000000
669.130297 546.532105
668.629749 545.665132
668.129202 544.798158
667.128107 543.064211
666.627559 542.197237
665.125917 539.596316
659.619895 530.059606
657.617705 526.591712
657.117158 525.724738
654.113873 520.522896
653.613325 519.655923
652.111683 517.055002
650.610040 514.454081
650.109493 513.587107
649.108398 511.853160
648.607851 510.986186
648.107303 510.119213
647.606756 509.252239
647.106208 508.385265
646.605661 507.518292
645.104018 504.917371
641.600186 498.848555
640.599091 497.114608
640.098544 496.247634
639.097449 494.513687
637.095259 491.045792
635.593617 488.444871
635.093069 487.577898
634.592522 486.710924
634.091974 485.843951
633.090879 484.110003
632.089784 482.376056
630.087594 478.908161
625.582667 471.105399
623.079930 466.770530
622.579382 465.903557
622.078835 465.036583
619.576098 460.701715
618.074455 458.100794
617.573908 457.233820
615.071170 452.898952
611.567338 446.830137
609.565148 443.362242
606.561864 438.160400
605.060221 435.559479
604.559674 434.692506
604.059126 433.825532
603.058031 432.091585
601.055841 428.623690
600.555294 427.756717
600.054747 426.889743
599.053652 425.155796
598.553104 424.288822
597.552009 422.554875
596.550914 420.820927
594.048177 416.486059
591.545440 412.151191
590.043797 409.550270
589.543250 408.683297
589.042702 407.816323
586.039417 402.614481
585.038323 400.880534
584.037228 399.146586
582.035038 395.678692
581.534490 394.811718
580.533395 393.077771
579.532300 391.343824
577.530111 387.875929
577.029563 387.008955
576.529016 386.141982
576.028468 385.275008
575.027373 383.541061
573.525731 380.940140
573.025183 380.073166
572.024088 378.339219
570.522446 375.738298
569.521351 374.004351
568.520256 372.270404
568.019709 371.403430
567.519161 370.536456
565.016424 366.201588
564.515876 365.334614
563.014234 362.733694
562.013139 360.999746
561.512592 360.132773
559.510402 356.664878
558.008759 354.063957
557.508212 353.196983
556.507117 351.463036
555.506022 349.729089
555.005475 348.862115
554.504927 347.995142
551.001095 341.926326
550.500547 341.059353
550.000000 340.192379
550.000000 340.192379
548.998905 341.926326
545.495073 347.995142
544.994525 348.862115
544.493978 349.729089
543.993430 350.596063
542.992335 352.330010
539.989051 357.531852
538.487408 360.132773
535.984671 364.467641
534.983576 366.201588
534.483029 367.068562
533.481934 368.802509
532.480839 370.536456
530.478649 374.004351
529.477554 375.738298
525.973722 381.807114
524.972627 383.541061
521.969342 388.742903
520.968247 390.476850
517.964962 395.678692
515.462225 400.013560
514.961677 400.880534
513.460035 403.481455
510.456750 408.683297
509.956203 409.550270
507.954013 413.018165
507.453465 413.885138
505.451276 417.353033
504.950728 418.220007
503.949633 419.953954
501.947443 423.421848
501.446896 424.288822
499.945253 426.889743
499.444706 427.756717
498.944159 428.623690
497.943064 430.357638
495.440326 434.692506
494.939779 435.559479
493.938684 437.293427
493.438136 438.160400
492.937589 439.027374
490.935399 442.495269
488.933209 445.963163
487.431567 448.564084
486.931019 449.431058
486.430472 450.298031
485.929924 451.165005
484.928830 452.898952
483.427187 455.499873
481.925545 458.100794
479.923355 461.568689
478.922260 463.302636
477.420618 465.903557
476.419523 467.637504
475.918975 468.504478
474.917880 470.238425
474.417333 471.105399
470.913501 477.174214
467.910216 482.376056
467.409668 483.243030
463.905836 489.311845
462.904741 491.045792
462.404194 491.912766
461.903646 492.779740
461.403099 493.646713
460.402004 495.380661
459.901456 496.247634
459.400909 497.114608
458.399814 498.848555
457.899266 499.715529
453.394339 507.518292
452.893792 508.385265
452.393244 509.252239
451.892697 510.119213
451.392149 510.986186
448.889412 515.321054
448.388865 516.188028
445.385580 521.389870
443.383390 524.857764
442.382295 526.591712
441.881748 527.458685
439.879558 530.926580
438.377915 533.527501
434.373536 540.463290
432.871893 543.064211
431.370251 545.665132
430.869703 546.532105
429.368061 549.133026
426.862224 550.000000
422.851644 550.000000
420.846355 550.000000
415.833130 550.000000
413.827841 550.000000
411.822551 550.000000
408.814616 550.000000
404.804037 550.000000
403.801392 550.000000
401.796102 550.000000
395.780233 550.000000
389.764364 550.000000
388.761719 550.000000
385.753785 550.000000
384.751140 550.000000
377.732626 550.000000
374.724691 550.000000
364.698243 550.000000
362.692953 550.000000
361.690308 550.000000
359.685018 550.000000
355.674439 550.000000
344.645345 550.000000
341.637411 550.000000
340.634766 550.000000
339.632121 550.000000
337.626831 550.000000
334.618897 550.000000
327.600383 550.000000
326.597738 550.000000
325.595093 550.000000
320.581869 550.000000
312.560710 550.000000
304.539551 550.000000
300.528972 550.000000
299.526327 550.000000
294.513102 550.000000
291.505168 550.000000
288.497233 550.000000
284.486654 550.000000
282.481364 550.000000
279.473430 550.000000
275.462850 550.000000
274.460205 550.000000
272.454916 550.000000
271.452271 550.000000
260.423177 550.000000
258.417888 550.000000
257.415243 550.000000
256.412598 550.000000
255.409953 550.000000
252.402018 550.000000
248.391439 550.000000
247.388794 550.000000
237.362346 550.000000
234.354411 550.000000
233.351766 550.000000
232.349121 550.000000
229.341187 550.000000
225.330607 550.000000
223.325318 550.000000
221.320028 550.000000
219.314738 550.000000
218.312093 550.000000
216.306804 550.000000
205.277710 550.000000
199.261841 550.000000
197.256551 550.000000
196.253906 550.000000
195.251262 550.000000
193.245972 550.000000
192.243327 550.000000
191.240682 550.000000
190.238037 550.000000
188.232748 550.000000
182.216878 550.000000
181.214234 550.000000
180.211589 550.000000
175.198364 550.000000
174.195720 550.000000
166.174561 550.000000
162.163981 550.000000
161.161336 550.000000
160.158691 550.000000
148.126953 550.000000
141.108439 550.000000
139.103149 550.000000
128.074056 550.000000
122.058187 550.000000
121.055542 550.000000
114.037028 550.000000
110.026449 550.000000
109.023804 550.000000
108.021159 550.000000
105.013224 550.000000
103.007935 550.000000
