900
101.000489 450.000000
104.001956 450.000000
114.006844 450.000000
116.007822 450.000000
117.008311 450.000000
121.010267 450.000000
123.011244 450.000000
124.011733 450.000000
127.013200 450.000000
130.014666 450.000000
131.015155 450.000000
132.015644 450.000000
134.016622 450.000000
135.017111 450.000000
136.017600 450.000000
138.018578 450.000000
142.020533 450.000000
144.021511 450.000000
155.026889 450.000000
157.027866 450.000000
162.030311 450.000000
164.031288 450.000000
171.034711 450.000000
182.040088 450.000000
183.040577 450.000000
186.042044 450.000000
191.044488 450.000000
194.045955 450.000000
204.050844 450.000000
208.052799 450.000000
218.057688 450.000000
220.058666 450.000000
223.060132 450.000000
225.061110 450.000000
231.064044 450.000000
235.065999 450.000000
239.067955 450.000000
244.070399 450.000000
253.074799 450.000000
259.077732 450.000000
274.085065 450.000000
283.089465 450.000000
286.090932 450.000000
287.091421 450.000000
291.093376 450.000000
292.093865 450.000000
303.099243 450.000000
305.100221 450.000000
319.107065 450.000000
320.107554 450.000000
324.109510 450.000000
326.110487 450.000000
329.111954 450.000000
333.113909 450.000000
338.116354 450.000000
346.120265 450.000000
348.121243 450.000000
352.123198 450.000000
354.124176 450.000000
355.124665 450.000000
356.125154 450.000000
357.125643 450.000000
368.131020 450.000000
371.132487 450.000000
371.132487 450.000000
372.641950 447.385533
374.151414 444.771066
374.654568 443.899577
375.660877 442.156599
376.164031 441.285110
376.667186 440.413620
377.170340 439.542131
378.679803 436.927664
379.182958 436.056175
379.686112 435.184686
380.189267 434.313197
380.692421 433.441708
381.195576 432.570219
381.698730 431.698730
382.705039 429.955752
383.208193 429.084263
384.214502 427.341285
384.717657 426.469796
385.220811 425.598307
385.723965 424.726818
386.227120 423.855329
386.730274 422.983840
387.233429 422.112350
387.736583 421.240861
388.239738 420.369372
388.742892 419.497883
389.246046 418.626394
389.749201 417.754905
391.258664 415.140438
391.761819 414.268949
392.264973 413.397460
391.762632 412.527380
390.757950 410.787220
389.250928 408.176981
388.748587 407.306901
387.241565 404.696661
383.725179 398.606102
382.218156 395.995862
380.711134 393.385623
376.692407 386.424984
374.683043 382.944664
373.678362 381.204504
372.673680 379.464345
370.664317 375.984025
370.161976 375.113945
364.133886 364.672987
362.124522 361.192667
361.622181 360.322587
360.115159 357.712348
355.091750 349.011549
353.584728 346.401309
351.575364 342.920990
350.068342 340.310750
349.566001 339.440670
348.058978 336.830431
347.054297 335.090271
346.049615 333.350111
342.030888 326.389472
341.026207 324.649312
339.016843 321.168993
338.514502 320.298913
336.002798 315.948514
335.500457 315.078434
334.998116 314.208354
333.491094 311.598114
331.481730 308.117795
330.979390 307.247715
330.477049 306.377635
327.965345 302.027235
321.937254 291.586277
321.434914 290.716197
320.932573 289.846117
319.927891 288.105957
317.416187 283.755558
316.913846 282.885478
313.397460 276.794919
317.416187 276.794919
318.420869 276.794919
330.477049 276.794919
331.481731 276.794919
335.500457 276.794919
336.505139 276.794919
338.514503 276.794919
339.519184 276.794919
344.542593 276.794919
350.570683 276.794919
352.580046 276.794919
357.603455 276.794919
358.608137 276.794919
360.617500 276.794919
364.636227 276.794919
366.645590 276.794919
368.654954 276.794919
378.701771 276.794919
384.729861 276.794919
385.734542 276.794919
387.743906 276.794919
394.776678 276.794919
396.786041 276.794919
397.790723 276.794919
398.795405 276.794919
401.809450 276.794919
402.814131 276.794919
403.818813 276.794919
404.823495 276.794919
405.828176 276.794919
407.837540 276.794919
409.846903 276.794919
411.856267 276.794919
415.874993 276.794919
417.884357 276.794919
418.889039 276.794919
421.903084 276.794919
422.907765 276.794919
423.912447 276.794919
427.931174 276.794919
430.945219 276.794919
434.963946 276.794919
437.977991 276.794919
440.992036 276.794919
447.020126 276.794919
451.038853 276.794919
452.043535 276.794919
453.048216 276.794919
458.071625 276.794919
460.080988 276.794919
466.109078 276.794919
467.113760 276.794919
471.132487 276.794919
472.639510 274.184679
475.151214 269.834280
475.653555 268.964200
476.155895 268.094120
477.662918 265.483881
480.174622 261.133481
480.676963 260.263401
481.681645 258.523242
482.686326 256.783082
483.691008 255.042922
485.198031 252.432683
486.202712 250.692523
487.709735 248.082283
490.723780 242.861804
494.742507 235.901165
496.249529 233.290925
500.770597 225.460207
502.779960 221.979887
503.282301 221.109807
504.789324 218.499568
509.310391 210.668849
510.817414 208.058609
511.822096 206.318449
512.826777 204.578290
513.831459 202.838130
515.840822 199.357810
518.854867 194.137331
519.859549 192.397171
521.868913 188.916852
522.873594 187.176692
525.385298 182.826293
526.389980 181.086133
526.892321 180.216053
531.413389 172.385334
534.929775 166.294775
535.432115 165.424695
537.441479 161.944376
539.450842 158.464056
541.460206 154.983737
541.962546 154.113657
542.464887 153.243577
542.967228 152.373497
543.971910 150.633337
544.474251 149.763258
544.976592 148.893178
546.985955 145.412858
553.014045 145.412858
557.032772 152.373497
557.535113 153.243577
563.060862 162.814456
564.567885 165.424695
567.079589 169.775095
569.088952 173.255414
569.591293 174.125494
570.595975 175.865654
571.600656 177.605814
572.102997 178.475893
576.624065 186.306612
577.126406 187.176692
580.140451 192.397171
581.647473 195.007411
582.652155 196.747571
584.159178 199.357810
587.173223 204.578290
587.675564 205.448369
588.680245 207.188529
589.182586 208.058609
590.187268 209.798769
590.689609 210.668849
592.196631 213.279088
593.201313 215.019248
593.703654 215.889328
594.708335 217.629488
600.736426 228.070446
602.243448 230.680686
603.750471 233.290925
609.276220 242.861804
610.280902 244.601964
611.787924 247.212203
617.313674 256.783082
622.337082 265.483881
622.839423 266.353961
623.341764 267.224040
623.844105 268.094120
627.360490 274.184679
628.365172 275.924839
631.881558 276.794919
632.886240 276.794919
637.909648 276.794919
638.914330 276.794919
643.937739 276.794919
646.951784 276.794919
659.007964 276.794919
660.012646 276.794919
661.017327 276.794919
665.036054 276.794919
668.050099 276.794919
669.054781 276.794919
674.078190 276.794919
675.082871 276.794919
676.087553 276.794919
682.115643 276.794919
687.139052 276.794919
692.162460 276.794919
693.167142 276.794919
694.171824 276.794919
707.232686 276.794919
708.237367 276.794919
709.242049 276.794919
714.265458 276.794919
715.270139 276.794919
717.279503 276.794919
718.284184 276.794919
723.307593 276.794919
727.326320 276.794919
730.340365 276.794919
731.345046 276.794919
735.363773 276.794919
736.368455 276.794919
737.373137 276.794919
738.377818 276.794919
739.382500 276.794919
743.401227 276.794919
744.405909 276.794919
746.415272 276.794919
747.419954 276.794919
750.433999 276.794919
751.438680 276.794919
759.476134 276.794919
761.485497 276.794919
768.518269 276.794919
769.522951 276.794919
780.574450 276.794919
781.579132 285.495718
780.574450 287.235878
780.072109 288.105957
779.569768 288.976037
775.551041 295.936676
775.048701 296.806756
774.044019 298.546916
772.034655 302.027235
770.527633 304.637475
769.522951 306.377635
767.513588 309.857954
765.504224 313.338274
765.001884 314.208354
764.499543 315.078434
763.494861 316.818593
762.992520 317.688673
762.490179 318.558753
759.476134 323.779232
757.466771 327.259552
756.964430 328.129632
756.462089 328.999712
755.959748 329.869792
753.950385 333.350111
752.945703 335.090271
752.443362 335.960351
748.424636 342.920990
746.415272 346.401309
745.410591 348.141469
744.908250 349.011549
741.894205 354.232028
740.889523 355.972188
740.387182 356.842268
739.884841 357.712348
738.880160 359.452508
736.368455 363.802907
735.363774 365.543067
734.359092 367.283226
733.354410 369.023386
730.842706 373.373786
729.335683 375.984025
728.833343 376.854105
727.828661 378.594265
727.326320 379.464345
726.823979 380.334425
722.805252 387.295064
721.298230 389.905303
719.288866 393.385623
718.786526 394.255703
717.781844 395.995862
712.256095 405.566741
711.753754 406.436821
710.246731 409.047061
708.238181 414.268949
708.741336 415.140438
709.244490 416.011927
710.250799 417.754905
711.257108 419.497883
711.760262 420.369372
712.766571 422.112350
713.269726 422.983840
713.772880 423.855329
714.779189 425.598307
716.288652 428.212774
716.791807 429.084263
717.798116 430.827241
718.301270 431.698730
719.810733 434.313197
720.313888 435.184686
720.817042 436.056175
721.823351 437.799153
722.326505 438.670642
723.332814 440.413620
723.835969 441.285110
724.339123 442.156599
724.842278 443.028088
725.345432 443.899577
725.848586 444.771066
726.351741 445.642555
727.358050 447.385533
727.861204 448.257022
728.364359 449.128511
734.870446 450.000000
736.871424 450.000000
750.878268 450.000000
755.880713 450.000000
759.882668 450.000000
763.884624 450.000000
764.885113 450.000000
777.891468 450.000000
783.894402 450.000000
790.897824 450.000000
791.898313 450.000000
794.899779 450.000000
807.906135 450.000000
812.908579 450.000000
830.917379 450.000000
844.924223 450.000000
851.927645 450.000000
855.929601 450.000000
857.930579 450.000000
859.931557 450.000000
860.932045 450.000000
862.933023 450.000000
867.935468 450.000000
871.937423 450.000000
874.938890 450.000000
876.939868 450.000000
883.943290 450.000000
884.943779 450.000000
888.945734 450.000000
895.949156 450.000000
896.949645 450.000000
902.952578 450.000000
904.953556 450.000000
915.958934 450.000000
917.959912 450.000000
920.961378 450.000000
923.962845 450.000000
929.965778 450.000000
931.966756 450.000000
932.967245 450.000000
939.970667 450.000000
943.972623 450.000000
957.979467 450.000000
975.988267 450.000000
978.989733 450.000000
992.996578 450.000000
993.997067 450.000000
998.999511 450.000000
1000.000000 451.000000
1000.000000 455.000000
1000.000000 460.000000
1000.000000 463.000000
1000.000000 464.000000
1000.000000 466.000000
1000.000000 469.000000
1000.000000 472.000000
1000.000000 474.000000
1000.000000 475.000000
1000.000000 476.000000
1000.000000 477.000000
1000.000000 479.000000
1000.000000 480.000000
1000.000000 482.000000
1000.000000 486.000000
1000.000000 487.000000
1000.000000 490.000000
1000.000000 491.000000
1000.000000 492.000000
1000.000000 495.000000
1000.000000 498.000000
1000.000000 500.000000
1000.000000 501.000000
1000.000000 505.000000
1000.000000 508.000000
1000.000000 509.000000
1000.000000 510.000000
1000.000000 512.000000
1000.000000 515.000000
1000.000000 516.000000
1000.000000 518.000000
1000.000000 522.000000
1000.000000 524.000000
1000.000000 527.000000
1000.000000 529.000000
1000.000000 532.000000
1000.000000 533.000000
1000.000000 534.000000
1000.000000 536.000000
1000.000000 537.000000
1000.000000 539.000000
1000.000000 542.000000
1000.000000 543.000000
1000.000000 546.000000
1000.000000 547.000000
998.997355 550.000000
995.989421 550.000000
988.970907 550.000000
986.965617 550.000000
984.960327 550.000000
981.952393 550.000000
979.947103 550.000000
977.941813 550.000000
969.920654 550.000000
965.910075 550.000000
963.904785 550.000000
962.902140 550.000000
960.896851 550.000000
959.894206 550.000000
955.883626 550.000000
952.875692 550.000000
951.873047 550.000000
916.780477 550.000000
911.767253 550.000000
895.724935 550.000000
893.719645 550.000000
887.703776 550.000000
880.685262 550.000000
876.674683 550.000000
874.669393 550.000000
871.661458 550.000000
864.642944 550.000000
863.640299 550.000000
852.611206 550.000000
844.590047 550.000000
841.582113 550.000000
832.558309 550.000000
821.529216 550.000000
816.515991 550.000000
796.463094 550.000000
792.452515 550.000000
776.410197 550.000000
775.407552 550.000000
764.378459 550.000000
758.362590 550.000000
756.357300 550.000000
749.338786 550.000000
745.328206 550.000000
742.320272 550.000000
716.251506 550.000000
715.248861 550.000000
711.238281 550.000000
705.222412 550.000000
703.217122 550.000000
699.206543 550.000000
678.151001 550.000000
671.132487 550.000000
670.127805 548.259840
669.625464 547.389760
669.123124 546.519681
667.113760 543.039361
666.611419 542.169281
665.104397 539.559042
662.592692 535.208642
661.588011 533.468482
660.583329 531.728323
659.578647 529.988163
658.573966 528.248003
654.555239 521.287364
654.052898 520.417284
653.550557 519.547204
652.043535 516.936965
650.536512 514.326725
649.029489 511.716486
648.527149 510.846406
645.010763 504.755847
644.508422 503.885767
643.001399 501.275527
641.996717 499.535367
640.992036 497.795208
638.480332 493.444808
637.977991 492.574728
636.973309 490.834569
635.968627 489.094409
634.963946 487.354249
625.419469 470.822732
622.907765 466.472332
622.405424 465.602252
621.903083 464.732172
621.400743 463.862093
620.898402 462.992013
620.396061 462.121933
619.391379 460.381773
617.382016 456.901454
615.874993 454.291214
614.870311 452.551054
614.367971 451.680974
613.865630 450.810895
611.856266 447.330575
611.353925 446.460495
610.851585 445.590415
608.339880 441.240016
606.832858 438.629776
605.325835 436.019537
604.823494 435.149457
602.311790 430.799057
601.307108 429.058898
600.804768 428.188818
598.795404 424.708498
598.293063 423.838418
597.790722 422.968339
593.269655 415.137620
592.264973 413.397460
593.271282 411.654482
593.774436 410.782993
594.277591 409.911504
594.780745 409.040015
597.296518 404.682569
598.302826 402.939591
598.805981 402.068102
599.309135 401.196613
600.315444 399.453635
600.818599 398.582146
601.321753 397.710657
601.824908 396.839168
602.328062 395.967679
602.831216 395.096190
603.334371 394.224700
603.837525 393.353211
604.340680 392.481722
604.843834 391.610233
605.346989 390.738744
605.850143 389.867255
606.353298 388.995766
606.856452 388.124277
607.359607 387.252788
607.862761 386.381299
608.365915 385.509810
608.869070 384.638321
609.372224 383.766832
610.378533 382.023853
610.881688 381.152364
611.384842 380.280875
611.887997 379.409386
612.391151 378.537897
612.894306 377.666408
613.397460 376.794919
612.391151 376.794919
609.372224 376.794919
607.359607 376.794919
605.346989 376.794919
603.334371 376.794919
602.328062 376.794919
601.321753 376.794919
600.315445 376.794919
599.309136 376.794919
597.296518 376.794919
596.290209 376.794919
595.283900 376.794919
594.277591 376.794919
593.271282 376.794919
592.264973 376.794919
591.258665 376.794919
590.252356 376.794919
589.246047 376.794919
588.239738 376.794919
587.233429 376.794919
586.227120 376.794919
585.220811 376.794919
584.214502 376.794919
583.208194 376.794919
581.195576 376.794919
579.182958 376.794919
577.170340 376.794919
576.164031 376.794919
575.157723 376.794919
574.151414 376.794919
571.132487 376.794919
571.132487 376.794919
570.629333 375.923430
570.126178 375.051941
569.623024 374.180452
568.616715 372.437474
568.113560 371.565985
567.107251 369.823007
566.604097 368.951518
566.100942 368.080029
565.597788 367.208539
565.094634 366.337050
564.591479 365.465561
564.088325 364.594072
562.578861 361.979605
562.075707 361.108116
561.572552 360.236627
560.566243 358.493649
560.063089 357.622160
559.559935 356.750671
559.056780 355.879182
558.553626 355.007693
558.050471 354.136204
557.547317 353.264715
557.044162 352.393226
556.541008 351.521737
556.037853 350.650248
555.534699 349.778759
554.528390 348.035780
554.025236 347.164291
553.522081 346.292802
553.018927 345.421313
551.509463 342.806846
551.006309 341.935357
550.000000 340.192379
549.496846 341.063868
548.993691 341.935357
548.490537 342.806846
547.484228 344.549824
546.981073 345.421313
546.477919 346.292802
545.974764 347.164291
545.471610 348.035780
544.968455 348.907269
544.465301 349.778759
543.962147 350.650248
543.458992 351.521737
542.452683 353.264715
541.949529 354.136204
540.943220 355.879182
540.440065 356.750671
539.936911 357.622160
539.433757 358.493649
538.930602 359.365138
538.427448 360.236627
537.924293 361.108116
536.414830 363.722583
535.911675 364.594072
535.408521 365.465561
534.905366 366.337050
533.395903 368.951518
532.389594 370.694496
530.880131 373.308963
530.376976 374.180452
529.873822 375.051941
529.370667 375.923430
526.854895 376.794919
525.848586 376.794919
521.823351 376.794919
520.817042 376.794919
518.804424 376.794919
517.798115 376.794919
516.791806 376.794919
515.785498 376.794919
513.772880 376.794919
512.766571 376.794919
511.760262 376.794919
510.753953 376.794919
509.747644 376.794919
506.728718 376.794919
503.709791 376.794919
502.703482 376.794919
501.697173 376.794919
500.690864 376.794919
499.684555 376.794919
498.678247 376.794919
497.671938 376.794919
496.665629 376.794919
495.659320 376.794919
493.646702 376.794919
492.640393 376.794919
491.634084 376.794919
490.627776 376.794919
489.621467 376.794919
487.608849 376.794919
486.602540 376.794919
487.105694 377.666408
487.608849 378.537897
488.112003 379.409386
488.615158 380.280875
490.124621 382.895342
490.627776 383.766832
491.130930 384.638321
491.634085 385.509810
492.640393 387.252788
493.143548 388.124277
493.646702 388.995766
494.149857 389.867255
495.156166 391.610233
495.659320 392.481722
496.162475 393.353211
496.665629 394.224700
497.671938 395.967679
498.175092 396.839168
498.678247 397.710657
499.181401 398.582146
499.684556 399.453635
500.187710 400.325124
500.690865 401.196613
501.194019 402.068102
501.697174 402.939591
502.200328 403.811080
502.703482 404.682569
503.709791 406.425547
504.212946 407.297036
504.716100 408.168526
505.219255 409.040015
505.722409 409.911504
506.225564 410.782993
506.728718 411.654482
507.735027 413.397460
507.232686 414.267540
506.730345 415.137620
505.725664 416.877779
504.720982 418.617939
504.218641 419.488019
498.692892 429.058898
497.185869 431.669137
496.181187 433.409297
494.171824 436.889617
492.664801 439.499856
491.660120 441.240016
487.139052 449.070735
483.622666 455.161294
483.120325 456.031374
482.115643 457.771534
481.613303 458.641613
481.110962 459.511693
479.603939 462.121933
479.101598 462.992013
477.594576 465.602252
477.092235 466.472332
476.589894 467.342412
474.580531 470.822732
472.068826 475.173131
471.566486 476.043211
471.064145 476.913291
464.533714 488.224329
464.031373 489.094409
462.022009 492.574728
461.017328 494.314888
460.012646 496.055048
454.989237 504.755847
453.984556 506.496006
451.975192 509.976326
445.444761 521.287364
444.942420 522.157444
444.440079 523.027524
443.937739 523.897604
442.933057 525.637764
441.928375 527.377923
436.904967 536.078722
435.397944 538.688962
434.393262 540.429121
431.379217 545.649601
429.872195 548.259840
428.867513 550.000000
428.867513 550.000000
412.825195 550.000000
409.817261 550.000000
408.814616 550.000000
407.811971 550.000000
403.801392 550.000000
400.793457 550.000000
397.785522 550.000000
386.756429 550.000000
372.719401 550.000000
370.714111 550.000000
358.682373 550.000000
355.674438 550.000000
353.669149 550.000000
351.663859 550.000000
346.650635 550.000000
339.632121 550.000000
337.626831 550.000000
335.621541 550.000000
326.597738 550.000000
312.560710 550.000000
302.534261 550.000000
278.470784 550.000000
270.449626 550.000000
268.444336 550.000000
261.425822 550.000000
248.391439 550.000000
247.388794 550.000000
233.351766 550.000000
223.325317 550.000000
222.322673 550.000000
201.267131 550.000000
197.256551 550.000000
191.240682 550.000000
184.222168 550.000000
173.193075 550.000000
171.187785 550.000000
170.185140 550.000000
165.171916 550.000000
163.166626 550.000000
149.129598 550.000000
145.119019 550.000000
137.097860 550.000000
128.074056 550.000000
122.058187 550.000000
120.052897 550.000000
115.039673 550.000000
112.031738 550.000000
110.026449 550.000000
