1290
100.000000 450.000000
102.003732 450.000000
105.009330 450.000000
106.011196 450.000000
113.024258 450.000000
114.026124 450.000000
115.027990 450.000000
117.031722 450.000000
118.033588 450.000000
119.035454 450.000000
120.037320 450.000000
122.041052 450.000000
123.042918 450.000000
126.048516 450.000000
127.050382 450.000000
128.052248 450.000000
129.054114 450.000000
130.055980 450.000000
131.057846 450.000000
132.059712 450.000000
133.061578 450.000000
136.067177 450.000000
138.070909 450.000000
142.078373 450.000000
143.080239 450.000000
144.082105 450.000000
145.083971 450.000000
147.087703 450.000000
149.091435 450.000000
151.095167 450.000000
152.097033 450.000000
155.102631 450.000000
157.106363 450.000000
160.111961 450.000000
162.115693 450.000000
164.119425 450.000000
165.121291 450.000000
167.125023 450.000000
168.126889 450.000000
169.128755 450.000000
171.132487 450.000000
171.634828 449.129920
174.146532 444.779521
174.648873 443.909441
175.151214 443.039361
176.658236 440.429121
179.169941 436.078722
180.676963 433.468482
182.183986 430.858243
182.686326 429.988163
184.695690 426.507843
185.198031 425.637764
186.202712 423.897604
190.723780 416.066885
191.226121 415.196805
191.728462 414.326725
192.230803 413.456645
193.737825 410.846406
194.742507 409.106246
195.747189 407.366086
197.756552 403.885767
200.268256 399.535367
202.277620 396.055048
202.779960 395.184968
203.282301 394.314888
204.789324 391.704649
207.803369 386.484169
209.310391 383.873930
210.817414 381.263690
212.324436 378.653450
213.329118 376.913291
214.333800 375.173131
215.338482 373.432971
215.840822 372.562891
216.845504 370.822732
217.850186 369.082572
221.868913 362.121933
223.375935 359.511693
224.380617 357.771534
224.882958 356.901454
225.887639 355.161294
229.906366 348.200655
232.418070 343.850256
233.925093 341.240016
234.929775 339.499856
236.939138 336.019537
238.446161 333.409297
239.450842 331.669137
240.957865 329.058898
242.464887 326.448658
242.967228 325.578578
243.971910 323.838418
244.976592 322.098259
246.483614 319.488019
250.000000 313.397460
253.014045 318.617939
253.516386 319.488019
259.042135 329.058898
259.544476 329.928978
260.046817 330.799057
260.549158 331.669137
261.553839 333.409297
262.056180 334.279377
263.060862 336.019537
264.065544 337.759696
264.567885 338.629776
265.070225 339.499856
265.572566 340.369936
268.586611 345.590415
270.093634 348.200655
272.605338 352.551054
273.107679 353.421134
274.112361 355.161294
274.614702 356.031374
275.117042 356.901454
275.619383 357.771534
276.624065 359.511693
279.135769 363.862093
282.149814 369.082572
282.652155 369.952652
283.656837 371.692811
284.661518 373.432971
286.168541 376.043211
286.670882 376.913291
288.680245 380.393610
294.708335 390.834569
295.210676 391.704649
299.731744 399.535367
306.764516 411.716486
307.266857 412.586565
308.271538 414.326725
308.773879 415.196805
309.778561 416.936965
311.285583 419.547204
313.294947 423.027524
316.308992 428.248003
317.816014 430.858243
319.825378 434.338562
321.332400 436.948802
324.346445 442.169281
324.848786 443.039361
325.351127 443.909441
325.853468 444.779521
328.365172 449.129920
328.867513 450.000000
329.873822 450.000000
333.899058 450.000000
334.905366 450.000000
335.911675 450.000000
336.917984 450.000000
337.924293 450.000000
338.930602 450.000000
340.943220 450.000000
342.955838 450.000000
343.962147 450.000000
344.968455 450.000000
345.974764 450.000000
347.987382 450.000000
348.993691 450.000000
351.006309 450.000000
352.012618 450.000000
353.018927 450.000000
354.025236 450.000000
356.037853 450.000000
357.044162 450.000000
358.050471 450.000000
359.056780 450.000000
361.069398 450.000000
362.075707 450.000000
364.088325 450.000000
365.094634 450.000000
366.100942 450.000000
367.107251 450.000000
368.113560 450.000000
370.126178 450.000000
371.132487 450.000000
371.132487 450.000000
371.635641 449.128511
372.138796 448.257022
373.145105 446.514044
373.648259 445.642555
374.151414 444.771066
374.654568 443.899577
375.157722 443.028088
376.164031 441.285110
376.667186 440.413620
377.170340 439.542131
378.176649 437.799153
378.679803 436.927664
379.182958 436.056175
379.686112 435.184686
380.189267 434.313197
380.692421 433.441708
381.195576 432.570219
381.698730 431.698730
382.705039 429.955752
383.208193 429.084263
384.214502 427.341285
384.717657 426.469796
385.723965 424.726818
386.227120 423.855329
387.233429 422.112350
387.736583 421.240861
388.239738 420.369372
389.246046 418.626394
389.749201 417.754905
390.252355 416.883416
390.755510 416.011927
391.258664 415.140438
392.264973 413.397460
390.255610 409.917140
386.739224 403.826581
384.227519 399.476182
379.204111 390.775383
375.687725 384.684824
374.683043 382.944664
372.673680 379.464345
371.668998 377.724185
367.147931 369.893466
365.640908 367.283226
363.129204 362.932827
362.124522 361.192667
360.617500 358.582428
360.115159 357.712348
349.063660 338.570590
348.058978 336.830431
345.547274 332.480031
345.044933 331.609951
342.030888 326.389472
341.528547 325.519392
339.519184 322.039073
337.509821 318.558753
333.993435 312.468194
332.486412 309.857954
331.984071 308.987875
331.481730 308.117795
330.979390 307.247715
326.458322 299.416996
324.448959 295.936676
323.946618 295.066596
321.434914 290.716197
320.932573 289.846117
318.923209 286.365798
318.420868 285.495718
317.918528 284.625638
315.406823 280.275239
314.904483 279.405159
313.397460 276.794919
315.406823 276.794919
319.425550 276.794919
321.434914 276.794919
323.444277 276.794919
326.458322 276.794919
327.463004 276.794919
329.472367 276.794919
332.486412 276.794919
333.491094 276.794919
339.519184 276.794919
340.523866 276.794919
344.542593 276.794919
346.551956 276.794919
348.561320 276.794919
354.589410 276.794919
355.594091 276.794919
356.598773 276.794919
357.603455 276.794919
361.622182 276.794919
373.678362 276.794919
376.692407 276.794919
378.701771 276.794919
379.706452 276.794919
381.715816 276.794919
384.729861 276.794919
385.734542 276.794919
387.743906 276.794919
390.757951 276.794919
396.786041 276.794919
397.790723 276.794919
403.818813 276.794919
405.828176 276.794919
406.832858 276.794919
407.837540 276.794919
408.842222 276.794919
410.851585 276.794919
414.870312 276.794919
417.884357 276.794919
418.889039 276.794919
421.903084 276.794919
422.907765 276.794919
424.917129 276.794919
425.921810 276.794919
432.954582 276.794919
434.963946 276.794919
443.001399 276.794919
445.010763 276.794919
446.015444 276.794919
450.034171 276.794919
451.038853 276.794919
454.052898 276.794919
459.076307 276.794919
460.080988 276.794919
462.090352 276.794919
466.109078 276.794919
468.118442 276.794919
469.123124 276.794919
471.132487 276.794919
472.137169 275.054759
475.151214 269.834280
475.653555 268.964200
479.672281 262.003561
480.676963 260.263401
482.183986 257.653162
482.686326 256.783082
486.202712 250.692523
486.705053 249.822443
487.709735 248.082283
488.714417 246.342123
492.733143 239.381484
493.235484 238.511405
495.747189 234.161005
497.254211 231.550766
498.761234 228.940526
501.775279 223.720047
502.277620 222.849967
502.779960 221.979887
509.310391 210.668849
510.315073 208.928689
512.324436 205.448369
513.831459 202.838130
514.836141 201.097970
519.859549 192.397171
522.371253 188.046772
524.882958 183.696373
529.404025 175.865654
531.915730 171.515254
532.920411 169.775095
533.925093 168.034935
538.446161 160.204216
542.967228 152.373497
544.474251 149.763258
545.981273 147.153018
552.511704 144.542778
553.014045 145.412858
554.018727 147.153018
556.028090 150.633337
556.530431 151.503417
557.535113 153.243577
561.051499 159.334136
561.553839 160.204216
562.056180 161.074296
563.060862 162.814456
563.563203 163.684536
567.079589 169.775095
568.084270 171.515254
569.088952 173.255414
570.595975 175.865654
573.610020 181.086133
574.614702 182.826293
578.131087 188.916852
580.642792 193.267251
581.647473 195.007411
583.154496 197.617651
586.670882 203.708210
587.173223 204.578290
588.680245 207.188529
591.191949 211.538929
592.196631 213.279088
593.201313 215.019248
597.220040 221.979887
604.755152 235.031085
606.764516 238.511405
609.276220 242.861804
614.801969 252.432683
619.323037 260.263401
621.332400 263.743721
622.337082 265.483881
622.839423 266.353961
624.346445 268.964200
627.360490 274.184679
627.862831 275.054759
643.937739 276.794919
644.942420 276.794919
645.947102 276.794919
646.951784 276.794919
650.970510 276.794919
654.989237 276.794919
656.998601 276.794919
658.003282 276.794919
659.007964 276.794919
667.045418 276.794919
671.064144 276.794919
672.068826 276.794919
677.092235 276.794919
678.096916 276.794919
679.101598 276.794919
687.139052 276.794919
692.162460 276.794919
695.176505 276.794919
696.181187 276.794919
698.190550 276.794919
699.195232 276.794919
700.199914 276.794919
710.246731 276.794919
712.256094 276.794919
716.274821 276.794919
718.284184 276.794919
719.288866 276.794919
726.321638 276.794919
727.326320 276.794919
731.345046 276.794919
733.354410 276.794919
747.419954 276.794919
748.424635 276.794919
750.433999 276.794919
751.438680 276.794919
754.452726 276.794919
755.457407 276.794919
759.476134 276.794919
761.485497 276.794919
762.490179 276.794919
763.494861 276.794919
764.499543 276.794919
765.504224 276.794919
768.518269 276.794919
771.532314 276.794919
776.555723 276.794919
777.560405 276.794919
784.593177 276.794919
786.602540 276.794919
785.597858 278.535079
779.067427 289.846117
778.565086 290.716197
776.555723 294.196517
775.048701 296.806756
773.541678 299.416996
773.039337 300.287076
771.029974 303.767395
768.518270 308.117795
766.508906 311.598114
763.997202 315.948514
762.992520 317.688673
761.987838 319.428833
760.983157 321.168993
759.476134 323.779232
757.466771 327.259552
756.964430 328.129632
752.945703 335.090271
751.941022 336.830431
747.922295 343.791070
745.912931 347.271389
744.405909 349.881629
742.396545 353.361948
739.382500 358.582428
738.377819 360.322587
736.368455 363.802907
735.363774 365.543067
734.861433 366.413147
732.852069 369.893466
729.838024 375.113945
728.833343 376.854105
728.331002 377.724185
727.828661 378.594265
726.823979 380.334425
726.321638 381.204504
724.814616 383.814744
723.307593 386.424984
721.298230 389.905303
720.795889 390.775383
719.288866 393.385623
717.781844 395.995862
713.260776 403.826581
711.753754 406.436821
707.735027 413.397460
707.735027 413.397460
708.238181 414.268949
708.741336 415.140438
709.244490 416.011927
709.747645 416.883416
710.753954 418.626394
711.257108 419.497883
711.760262 420.369372
712.263417 421.240861
714.276035 424.726818
715.785498 427.341285
716.288652 428.212774
716.791807 429.084263
717.798116 430.827241
718.301270 431.698730
718.804424 432.570219
719.307579 433.441708
720.313888 435.184686
720.817042 436.056175
721.320197 436.927664
721.823351 437.799153
722.326505 438.670642
722.829660 439.542131
724.842278 443.028088
725.345432 443.899577
725.848586 444.771066
726.351741 445.642555
727.358050 447.385533
728.364359 449.128511
728.867513 450.000000
729.873822 450.000000
730.880131 450.000000
732.892749 450.000000
733.899058 450.000000
735.911675 450.000000
736.917984 450.000000
738.930602 450.000000
740.943220 450.000000
742.955838 450.000000
743.962147 450.000000
744.968455 450.000000
745.974764 450.000000
747.987382 450.000000
748.993691 450.000000
751.006309 450.000000
752.012618 450.000000
753.018927 450.000000
755.031545 450.000000
758.050471 450.000000
759.056780 450.000000
761.069398 450.000000
762.075707 450.000000
763.082016 450.000000
765.094634 450.000000
766.100942 450.000000
767.107251 450.000000
768.113560 450.000000
769.119869 450.000000
770.126178 450.000000
771.132487 450.000000
771.132487 450.000000
774.146532 444.779521
775.151214 443.039361
776.658236 440.429121
780.676963 433.468482
781.179304 432.598403
783.691008 428.248003
784.695690 426.507843
787.709735 421.287364
789.216757 418.677125
790.723780 416.066885
793.235484 411.716486
795.244848 408.236166
795.747189 407.366086
796.249529 406.496006
796.751870 405.625926
797.254211 404.755847
800.268256 399.535367
801.775279 396.925128
802.277620 396.055048
802.779960 395.184968
804.286983 392.574728
804.789324 391.704649
805.794005 389.964489
806.296346 389.094409
809.310391 383.873930
809.812732 383.003850
812.826777 377.783371
813.831459 376.043211
816.343163 371.692811
817.347845 369.952652
820.864231 363.862093
822.873594 360.381773
823.375935 359.511693
825.385298 356.031374
825.887639 355.161294
826.892321 353.421134
828.901684 349.940815
829.404025 349.070735
830.408707 347.330575
831.413389 345.590415
832.920411 342.980176
833.925093 341.240016
834.929775 339.499856
836.436797 336.889617
839.450842 331.669137
841.460206 328.188818
842.464887 326.448658
842.967228 325.578578
843.971910 323.838418
848.492977 316.007700
849.497659 314.267540
850.000000 313.397460
858.037454 327.318738
861.051499 332.539217
863.563203 336.889617
864.567885 338.629776
866.577248 342.110096
867.079589 342.980176
867.581930 343.850256
868.586611 345.590415
869.591293 347.330575
870.093634 348.200655
877.628747 361.251853
878.633428 362.992013
879.638110 364.732172
883.154496 370.822732
883.656837 371.692811
884.159178 372.562891
884.661518 373.432971
885.163859 374.303051
886.168541 376.043211
887.173223 377.783371
888.177904 379.523530
888.680245 380.393610
889.182586 381.263690
892.698972 387.354249
896.215358 393.444808
898.727062 397.795208
899.731744 399.535367
901.741107 403.015687
902.745789 404.755847
904.252811 407.366086
904.755152 408.236166
910.280902 417.807045
911.285583 419.547204
912.792606 422.157444
915.806651 427.377923
916.308992 428.248003
920.327719 435.208642
920.830059 436.078722
922.839423 439.559042
927.360490 447.389760
927.862831 448.259840
929.869379 450.000000
930.871245 450.000000
932.874977 450.000000
935.880575 450.000000
937.884307 450.000000
938.886173 450.000000
942.893637 450.000000
943.895503 450.000000
944.897369 450.000000
945.899235 450.000000
946.901101 450.000000
948.904833 450.000000
950.908565 450.000000
954.916029 450.000000
955.917895 450.000000
956.919761 450.000000
959.925359 450.000000
961.929091 450.000000
962.930957 450.000000
964.934690 450.000000
966.938422 450.000000
967.940288 450.000000
968.942154 450.000000
970.945886 450.000000
972.949618 450.000000
973.951484 450.000000
976.957082 450.000000
977.958948 450.000000
979.962680 450.000000
980.964546 450.000000
983.970144 450.000000
986.975742 450.000000
988.979474 450.000000
991.985072 450.000000
995.992536 450.000000
996.994402 450.000000
997.996268 450.000000
1000.000000 451.000000
1000.000000 453.000000
1000.000000 456.000000
1000.000000 458.000000
1000.000000 459.000000
1000.000000 460.000000
1000.000000 461.000000
1000.000000 462.000000
1000.000000 464.000000
1000.000000 466.000000
1000.000000 467.000000
1000.000000 469.000000
1000.000000 472.000000
1000.000000 475.000000
1000.000000 476.000000
1000.000000 485.000000
1000.000000 488.000000
1000.000000 489.000000
1000.000000 490.000000
1000.000000 491.000000
1000.000000 497.000000
1000.000000 498.000000
1000.000000 501.000000
1000.000000 504.000000
1000.000000 507.000000
1000.000000 509.000000
1000.000000 514.000000
1000.000000 515.000000
1000.000000 523.000000
1000.000000 525.000000
1000.000000 528.000000
1000.000000 535.000000
1000.000000 538.000000
1000.000000 539.000000
1000.000000 543.000000
1000.000000 545.000000
1000.000000 547.000000
1000.000000 548.000000
1000.000000 549.000000
1000.000000 550.000000
1000.000000 550.000000
994.966113 550.000000
992.952558 550.000000
990.939003 550.000000
989.932226 550.000000
986.911893 550.000000
984.898338 550.000000
983.891561 550.000000
980.871229 550.000000
979.864451 550.000000
976.844119 550.000000
975.837341 550.000000
972.817009 550.000000
971.810232 550.000000
966.776344 550.000000
965.769567 550.000000
964.762789 550.000000
958.722125 550.000000
957.715347 550.000000
955.701792 550.000000
954.695015 550.000000
945.634018 550.000000
944.627241 550.000000
940.600131 550.000000
935.566243 550.000000
932.545911 550.000000
927.512024 550.000000
926.505246 550.000000
925.498469 550.000000
923.484914 550.000000
919.457804 550.000000
917.444249 550.000000
916.437472 550.000000
915.430695 550.000000
911.403585 550.000000
906.369698 550.000000
904.356143 550.000000
902.342588 550.000000
901.335810 550.000000
894.288368 550.000000
893.281591 550.000000
891.268036 550.000000
880.193484 550.000000
877.173152 550.000000
874.152819 550.000000
873.146042 550.000000
871.132487 550.000000
871.132487 550.000000
870.629333 549.128511
869.623024 547.385533
869.119869 546.514044
868.616715 545.642555
868.113560 544.771066
867.107251 543.028088
866.604097 542.156599
866.100942 541.285110
865.597788 540.413620
864.088325 537.799153
863.585170 536.927664
863.082016 536.056175
862.578861 535.184686
862.075707 534.313197
861.572552 533.441708
861.069398 532.570219
860.063089 530.827241
859.056780 529.084263
858.553626 528.212774
857.547317 526.469796
857.044162 525.598307
856.541008 524.726818
855.534699 522.983840
855.031545 522.112350
854.528390 521.240861
854.025236 520.369372
853.522081 519.497883
852.515772 517.754905
852.012618 516.883416
851.509463 516.011927
851.006309 515.140438
850.503154 514.268949
850.000000 513.397460
850.000000 513.397460
848.993691 515.140438
847.484228 517.754905
846.981073 518.626394
846.477919 519.497883
845.974764 520.369372
845.471610 521.240861
844.968455 522.112350
842.452683 526.469796
841.949529 527.341285
841.446374 528.212774
840.943220 529.084263
839.936911 530.827241
838.930602 532.570219
837.924293 534.313197
837.421139 535.184686
836.917984 536.056175
836.414830 536.927664
835.911675 537.799153
835.408521 538.670642
834.402212 540.413620
833.899058 541.285110
832.892749 543.028088
832.389594 543.899577
831.886440 544.771066
831.383285 545.642555
830.880131 546.514044
830.376976 547.385533
829.873822 548.257022
829.370667 549.128511
828.867513 550.000000
828.867513 550.000000
816.811333 550.000000
812.792606 550.000000
811.787924 550.000000
803.750471 550.000000
800.736426 550.000000
799.731744 550.000000
798.727062 550.000000
794.708335 550.000000
783.656837 550.000000
780.642792 550.000000
769.591293 550.000000
768.586611 550.000000
767.581930 550.000000
765.572566 550.000000
761.553839 550.000000
760.549158 550.000000
758.539794 550.000000
756.530431 550.000000
753.516386 550.000000
752.511704 550.000000
745.478932 550.000000
737.441479 550.000000
735.432115 550.000000
732.418070 550.000000
727.394662 550.000000
720.361890 550.000000
719.357208 550.000000
718.352527 550.000000
717.347845 550.000000
715.338482 550.000000
711.319755 550.000000
710.315073 550.000000
706.296346 550.000000
705.291665 550.000000
703.282301 550.000000
701.272938 550.000000
698.258893 550.000000
697.254211 550.000000
696.249529 550.000000
689.216757 550.000000
688.212076 550.000000
687.207394 550.000000
686.202712 550.000000
681.179304 550.000000
677.160577 550.000000
676.155895 550.000000
675.151214 550.000000
672.137169 550.000000
668.620783 545.649601
668.118442 544.779521
666.109078 541.299201
665.104397 539.559042
660.080988 530.858243
658.573966 528.248003
655.057580 522.157444
652.545875 517.807045
652.043535 516.936965
651.541194 516.066885
650.536512 514.326725
649.531830 512.586565
647.020126 508.236166
646.517785 507.366086
641.996717 499.535367
639.987354 496.055048
639.485013 495.184968
638.982672 494.314888
637.977991 492.574728
635.466286 488.224329
633.959264 485.614089
632.954582 483.873930
632.452241 483.003850
630.945219 480.393610
629.940537 478.653450
627.931174 475.173131
626.926492 473.432971
620.898402 462.992013
618.386697 458.641613
617.884357 457.771534
617.382016 456.901454
615.874993 454.291214
614.367971 451.680974
612.358607 448.200655
609.344562 442.980176
604.321153 434.279377
602.311790 430.799057
601.307108 429.058898
600.302427 427.318738
598.795404 424.708498
598.293063 423.838418
597.790722 422.968339
592.767314 414.267540
592.768127 412.525971
593.774436 410.782993
594.780745 409.040015
595.283900 408.168526
595.787054 407.297036
596.290209 406.425547
596.793363 405.554058
597.799672 403.811080
598.805981 402.068102
599.309135 401.196613
599.812290 400.325124
600.315444 399.453635
600.818599 398.582146
601.321753 397.710657
601.824908 396.839168
603.334371 394.224700
603.837525 393.353211
604.340680 392.481722
605.346989 390.738744
605.850143 389.867255
606.353298 388.995766
607.359607 387.252788
608.365915 385.509810
608.869070 384.638321
609.372224 383.766832
609.875379 382.895342
610.881688 381.152364
611.384842 380.280875
611.887997 379.409386
612.391151 378.537897
613.397460 376.794919
613.397460 376.794919
610.378533 376.794919
608.365916 376.794919
607.359607 376.794919
606.353298 376.794919
605.346989 376.794919
604.340680 376.794919
602.328062 376.794919
601.321753 376.794919
600.315445 376.794919
598.302827 376.794919
597.296518 376.794919
596.290209 376.794919
595.283900 376.794919
594.277591 376.794919
593.271282 376.794919
592.264973 376.794919
591.258665 376.794919
589.246047 376.794919
584.214502 376.794919
583.208194 376.794919
582.201885 376.794919
580.189267 376.794919
579.182958 376.794919
578.176649 376.794919
577.170340 376.794919
575.157723 376.794919
573.145105 376.794919
572.138796 376.794919
571.132487 376.794919
571.132487 376.794919
570.126178 375.051941
569.119869 373.308963
568.113560 371.565985
567.610406 370.694496
567.107251 369.823007
566.604097 368.951518
566.100942 368.080029
565.094634 366.337050
564.591479 365.465561
564.088325 364.594072
563.585170 363.722583
562.578861 361.979605
562.075707 361.108116
561.572552 360.236627
561.069398 359.365138
560.566243 358.493649
560.063089 357.622160
559.559935 356.750671
558.553626 355.007693
557.547317 353.264715
557.044162 352.393226
556.541008 351.521737
556.037853 350.650248
555.534699 349.778759
555.031545 348.907269
554.528390 348.035780
554.025236 347.164291
553.018927 345.421313
552.012618 343.678335
551.509463 342.806846
550.503154 341.063868
550.000000 340.192379
549.496846 341.063868
548.993691 341.935357
547.484228 344.549824
545.471610 348.035780
544.465301 349.778759
543.458992 351.521737
542.955838 352.393226
542.452683 353.264715
541.446374 355.007693
540.440065 356.750671
539.936911 357.622160
539.433757 358.493649
538.930602 359.365138
538.427448 360.236627
537.924293 361.108116
535.911675 364.594072
535.408521 365.465561
534.402212 367.208539
533.395903 368.951518
532.892749 369.823007
531.886440 371.565985
531.383285 372.437474
530.880131 373.308963
529.873822 375.051941
529.370667 375.923430
528.867513 376.794919
526.854895 376.794919
525.848586 376.794919
523.835969 376.794919
520.817042 376.794919
519.810733 376.794919
518.804424 376.794919
517.798115 376.794919
516.791806 376.794919
515.785498 376.794919
514.779189 376.794919
513.772880 376.794919
512.766571 376.794919
511.760262 376.794919
510.753953 376.794919
508.741335 376.794919
506.728718 376.794919
503.709791 376.794919
502.703482 376.794919
501.697173 376.794919
500.690864 376.794919
499.684555 376.794919
497.671938 376.794919
496.665629 376.794919
495.659320 376.794919
494.653011 376.794919
493.646702 376.794919
492.640393 376.794919
491.634084 376.794919
488.615158 376.794919
487.608849 376.794919
486.602540 376.794919
486.602540 376.794919
487.608849 378.537897
488.112003 379.409386
488.615158 380.280875
489.118312 381.152364
490.124621 382.895342
490.627776 383.766832
491.130930 384.638321
491.634085 385.509810
492.137239 386.381299
492.640393 387.252788
493.143548 388.124277
494.149857 389.867255
495.156166 391.610233
496.162475 393.353211
497.168784 395.096190
497.671938 395.967679
498.175092 396.839168
498.678247 397.710657
499.181401 398.582146
499.684556 399.453635
500.187710 400.325124
500.690865 401.196613
501.194019 402.068102
501.697174 402.939591
502.200328 403.811080
503.206637 405.554058
503.709791 406.425547
504.212946 407.297036
504.716100 408.168526
505.219255 409.040015
505.722409 409.911504
506.225564 410.782993
507.231873 412.525971
507.735027 413.397460
507.735027 413.397460
507.232686 414.267540
506.228004 416.007700
503.213959 421.228179
502.711618 422.098259
501.204596 424.708498
494.674165 436.019537
493.669483 437.759696
488.143734 447.330575
486.636711 449.940815
485.632029 451.680974
484.125007 454.291214
482.617984 456.901454
479.603939 462.121933
478.096917 464.732172
477.092235 466.472332
476.589894 467.342412
472.571167 474.303051
472.068826 475.173131
467.045418 483.873930
466.543077 484.744010
460.012646 496.055048
457.500942 500.405447
454.486897 505.625926
453.482215 507.366086
452.979874 508.236166
451.975192 509.976326
450.468170 512.586565
449.463488 514.326725
447.956465 516.936965
447.454125 517.807045
446.951784 518.677125
444.942420 522.157444
442.933057 525.637764
441.426034 528.248003
439.919012 530.858243
439.416671 531.728323
436.402626 536.948802
434.895603 539.559042
433.890922 541.299201
432.886240 543.039361
432.383899 543.909441
427.862831 550.000000
426.858150 550.000000
423.844105 550.000000
422.839423 550.000000
420.830059 550.000000
419.825378 550.000000
417.816014 550.000000
409.778561 550.000000
407.769197 550.000000
404.755152 550.000000
401.741107 550.000000
400.736426 550.000000
399.731744 550.000000
396.717699 550.000000
395.713017 550.000000
393.703654 550.000000
392.698972 550.000000
390.689609 550.000000
385.666200 550.000000
382.652155 550.000000
370.595975 550.000000
369.591293 550.000000
367.581930 550.000000
366.577248 550.000000
359.544476 550.000000
357.535113 550.000000
354.521068 550.000000
350.502341 550.000000
348.492977 550.000000
346.483614 550.000000
344.474251 550.000000
339.450842 550.000000
338.446161 550.000000
337.441479 550.000000
329.404025 550.000000
319.357208 550.000000
313.329118 550.000000
300.268256 550.000000
299.263574 550.000000
298.258893 550.000000
294.240166 550.000000
285.198031 550.000000
284.193349 550.000000
283.188667 550.000000
281.179304 550.000000
270.126178 548.257022
269.623024 547.385533
269.119869 546.514044
268.113560 544.771066
267.107251 543.028088
266.604097 542.156599
266.100942 541.285110
265.094634 539.542131
264.591479 538.670642
264.088325 537.799153
263.082016 536.056175
262.578861 535.184686
261.572552 533.441708
261.069398 532.570219
260.566244 531.698730
259.056780 529.084263
258.553626 528.212774
258.050471 527.341285
257.547317 526.469796
257.044162 525.598307
256.541008 524.726818
255.534699 522.983840
255.031545 522.112350
253.522081 519.497883
252.515772 517.754905
252.012618 516.883416
251.509463 516.011927
250.503154 514.268949
248.993691 515.140438
247.484228 517.754905
246.477919 519.497883
245.974764 520.369372
244.968455 522.112350
244.465301 522.983840
243.962147 523.855329
243.458992 524.726818
242.955838 525.598307
242.452683 526.469796
241.949529 527.341285
241.446374 528.212774
240.943220 529.084263
240.440065 529.955752
239.433757 531.698730
238.427448 533.441708
237.924293 534.313197
237.421139 535.184686
236.414830 536.927664
235.911675 537.799153
235.408521 538.670642
234.402212 540.413620
233.395903 542.156599
232.389594 543.899577
231.383285 545.642555
230.880131 546.514044
229.873822 548.257022
229.370667 549.128511
228.867513 550.000000
225.847181 550.000000
224.840403 550.000000
223.833626 550.000000
222.826848 550.000000
219.806516 550.000000
215.779406 550.000000
214.772629 550.000000
209.738742 550.000000
208.731964 550.000000
207.725187 550.000000
202.691299 550.000000
199.670967 550.000000
198.664190 550.000000
196.650635 550.000000
195.643857 550.000000
188.596415 550.000000
187.589638 550.000000
186.582860 550.000000
183.562528 550.000000
181.548973 550.000000
176.515086 550.000000
173.494754 550.000000
170.474421 550.000000
169.467644 550.000000
166.447311 550.000000
159.399869 550.000000
158.393092 550.000000
157.386314 550.000000
156.379537 550.000000
155.372759 550.000000
154.365982 550.000000
149.332095 550.000000
146.311762 550.000000
143.291430 550.000000
142.284653 550.000000
141.277875 550.000000
139.264320 550.000000
133.223656 550.000000
132.216878 550.000000
129.196546 550.000000
127.182991 550.000000
121.142326 550.000000
120.135549 550.000000
119.128771 550.000000
114.094884 550.000000
111.074552 550.000000
110.067774 550.000000
108.054220 550.000000
106.040665 550.000000
104.027110 550.000000
103.020332 550.000000
100.000000 550.000000
