1270
101.000489 450.000000
102.000978 450.000000
103.001467 450.000000
104.001956 450.000000
107.003422 450.000000
108.003911 450.000000
113.006355 450.000000
114.006844 450.000000
115.007333 450.000000
116.007822 450.000000
118.008800 450.000000
121.010266 450.000000
123.011244 450.000000
124.011733 450.000000
127.013200 450.000000
134.016622 450.000000
136.017600 450.000000
137.018089 450.000000
138.018577 450.000000
140.019555 450.000000
142.020533 450.000000
144.021511 450.000000
146.022488 450.000000
148.023466 450.000000
149.023955 450.000000
151.024933 450.000000
154.026400 450.000000
155.026888 450.000000
158.028355 450.000000
159.028844 450.000000
162.030311 450.000000
164.031288 450.000000
165.031777 450.000000
166.032266 450.000000
167.032755 450.000000
170.034222 450.000000
171.034710 450.000000
172.035199 450.000000
173.035688 450.000000
174.036177 450.000000
175.036666 450.000000
176.037155 450.000000
178.038133 450.000000
179.038622 450.000000
180.039110 450.000000
184.041066 450.000000
186.042044 450.000000
187.042533 450.000000
188.043021 450.000000
191.044488 450.000000
192.044977 450.000000
193.045466 450.000000
194.045955 450.000000
195.046444 450.000000
197.047421 450.000000
200.048888 450.000000
203.050355 450.000000
204.050844 450.000000
205.051332 450.000000
206.051821 450.000000
209.053288 450.000000
211.054266 450.000000
212.054755 450.000000
213.055243 450.000000
214.055732 450.000000
215.056221 450.000000
216.056710 450.000000
218.057688 450.000000
220.058666 450.000000
223.060132 450.000000
227.062088 450.000000
231.064043 450.000000
234.065510 450.000000
237.066977 450.000000
241.068932 450.000000
243.069910 450.000000
244.070399 450.000000
245.070888 450.000000
247.071865 450.000000
248.072354 450.000000
254.075288 450.000000
257.076754 450.000000
258.077243 450.000000
259.077732 450.000000
260.078221 450.000000
261.078710 450.000000
265.080665 450.000000
268.082132 450.000000
269.082621 450.000000
270.083110 450.000000
271.083599 450.000000
273.084576 450.000000
276.086043 450.000000
278.087021 450.000000
279.087510 450.000000
280.087998 450.000000
281.088487 450.000000
284.089954 450.000000
286.090932 450.000000
293.094354 450.000000
294.094843 450.000000
297.096309 450.000000
298.096798 450.000000
299.097287 450.000000
301.098265 450.000000
306.100709 450.000000
307.101198 450.000000
308.101687 450.000000
309.102176 450.000000
310.102665 450.000000
312.103643 450.000000
314.104620 450.000000
317.106087 450.000000
318.106576 450.000000
320.107554 450.000000
321.108043 450.000000
324.109509 450.000000
325.109998 450.000000
326.110487 450.000000
328.111465 450.000000
329.111954 450.000000
333.113909 450.000000
334.114398 450.000000
335.114887 450.000000
336.115376 450.000000
338.116353 450.000000
339.116842 450.000000
341.117820 450.000000
345.119776 450.000000
346.120265 450.000000
347.120753 450.000000
348.121242 450.000000
349.121731 450.000000
350.122220 450.000000
355.124664 450.000000
357.125642 450.000000
360.127109 450.000000
362.128087 450.000000
363.128575 450.000000
365.129553 450.000000
368.131020 450.000000
369.131509 450.000000
370.131998 450.000000
371.132487 450.000000
371.132487 450.000000
373.136604 446.528766
373.637634 445.660958
374.138663 444.793149
375.140722 443.057532
376.142781 441.321915
377.645869 438.718490
378.647928 436.982873
380.652046 433.511639
381.153076 432.643831
383.157193 429.172597
383.658223 428.304788
384.660282 426.569172
385.662341 424.833555
387.165429 422.230129
387.666458 421.362321
388.167488 420.494512
388.668517 419.626704
389.670576 417.891087
390.171606 417.023278
390.672635 416.155470
391.173665 415.287661
391.674694 414.419853
392.175723 413.552045
394.680871 409.213002
395.181900 408.345194
395.682930 407.477385
396.183959 406.609577
398.689106 402.270535
399.190136 401.402726
399.691165 400.534918
400.693224 398.799301
401.194254 397.931492
401.695283 397.063684
402.196312 396.195875
404.200430 392.724641
405.202489 390.989025
407.707636 386.649982
408.208666 385.782174
409.210725 384.046557
410.212784 382.310940
410.713813 381.443131
411.214842 380.575323
411.715872 379.707515
412.216901 378.839706
412.717931 377.971898
413.218960 377.104089
416.225137 371.897238
417.728225 369.293813
418.229255 368.426005
419.231314 366.690388
422.237490 361.483537
425.243667 356.276686
426.245726 354.541069
426.746755 353.673261
427.748814 351.937644
429.251903 349.334218
430.253962 347.598601
431.256020 345.862984
432.759109 343.259559
434.262197 340.656134
434.763227 339.788325
436.266315 337.184900
437.769403 334.581474
439.773521 331.110241
441.276609 328.506815
441.777639 327.639007
442.779698 325.903390
443.280727 325.035581
443.781757 324.167773
444.282786 323.299964
446.286904 319.828731
446.787933 318.960922
447.789992 317.225305
448.792051 315.489688
450.295140 312.886263
451.297198 311.150646
451.798228 310.282838
452.800287 308.547221
453.301316 307.679412
453.802346 306.811604
454.303375 305.943795
455.305434 304.208178
456.307493 302.472561
457.810581 299.869136
458.311611 299.001328
458.812640 298.133519
459.313670 297.265711
461.317787 293.794477
461.818817 292.926668
462.319846 292.058860
463.321905 290.323243
463.822935 289.455434
468.833229 280.777350
469.334259 279.909541
470.336318 278.173924
471.839406 275.570499
473.843524 272.099265
475.346612 269.495840
475.847641 268.628031
478.853818 263.421181
480.857936 259.949947
481.358965 259.082138
482.361024 257.346521
482.862054 256.478713
484.365142 253.875287
485.868230 251.271862
487.872348 247.800628
488.373378 246.932820
489.876466 244.329394
490.377496 243.461586
491.379554 241.725969
491.880584 240.858161
495.888819 233.915693
496.389849 233.047884
499.396026 227.841034
499.897055 226.973225
500.899114 225.237608
502.402202 222.634183
505.909408 216.559524
506.410438 215.691715
506.911467 214.823907
507.913526 213.088290
508.414556 212.220481
508.915585 211.352673
509.917644 209.617056
511.921762 206.145822
515.929997 199.203354
516.431027 198.335546
518.936174 193.996504
519.437204 193.128695
520.439262 191.393078
521.942351 188.789653
522.443380 187.921844
522.944410 187.054036
523.946469 185.318419
524.447498 184.450610
525.950586 181.847185
526.451616 180.979377
526.952645 180.111568
528.455734 177.508143
528.956763 176.640334
529.958822 174.904717
530.459851 174.036909
530.960881 173.169100
531.461910 172.301292
532.964999 169.697867
534.468087 167.094441
535.971175 164.491016
536.472205 163.623207
537.474264 161.887590
537.975293 161.019782
538.476323 160.151974
538.977352 159.284165
539.979411 157.548548
540.981470 155.812931
542.484558 153.209506
543.486617 151.473889
543.987647 150.606080
545.490735 148.002655
548.496912 142.795804
548.997941 141.927996
550.000000 140.192379
550.000000 140.192379
550.501029 141.060187
551.002059 141.927996
553.006177 145.399230
553.507206 146.267038
554.509265 148.002655
555.511324 149.738272
556.012353 150.606080
556.513383 151.473889
557.515442 153.209506
558.517501 154.945123
561.523677 160.151974
562.024707 161.019782
563.026766 162.755399
566.032942 167.962250
567.035001 169.697867
568.538090 172.301292
570.041178 174.904717
570.542207 175.772526
571.544266 177.508143
572.546325 179.243760
573.047355 180.111568
574.550443 182.714994
575.051472 183.582802
576.554561 186.186227
578.057649 188.789653
578.558679 189.657461
579.560738 191.393078
581.564855 194.864312
582.065885 195.732120
584.571032 200.071163
587.076179 204.410205
590.082356 209.617056
591.585444 212.220481
594.090592 216.559524
594.591621 217.427332
595.593680 219.162949
597.597798 222.634183
599.100886 225.237608
600.603974 227.841034
601.606033 229.576651
602.107063 230.444459
603.610151 233.047884
604.612210 234.783501
605.614269 236.519118
608.119416 240.858161
609.121475 242.593777
609.622504 243.461586
610.624563 245.197203
612.127652 247.800628
612.628681 248.668437
613.129711 249.536245
614.632799 252.139671
615.634858 253.875287
616.636917 255.610904
617.638976 257.346521
618.140005 258.214330
618.641035 259.082138
619.142064 259.949947
625.154417 270.363648
625.655447 271.231457
627.659565 274.702691
628.661624 276.438307
629.663682 278.173924
630.164712 279.041733
631.667800 281.645158
632.669859 283.380775
633.671918 285.116392
634.172948 285.984201
635.175006 287.719818
636.177065 289.455434
636.678095 290.323243
638.682213 293.794477
641.187360 298.133519
641.688389 299.001328
642.189419 299.869136
644.193536 303.340370
644.694566 304.208178
645.195595 305.075987
646.197654 306.811604
646.698684 307.679412
647.199713 308.547221
648.201772 310.282838
649.704860 312.886263
651.207949 315.489688
651.708978 316.357497
652.210008 317.225305
653.212067 318.960922
653.713096 319.828731
655.717214 323.299964
656.218243 324.167773
659.725449 330.242432
661.729567 333.713666
663.232656 336.317091
663.733685 337.184900
664.234714 338.052708
665.236773 339.788325
665.737803 340.656134
667.240891 343.259559
667.741921 344.127368
669.245009 346.730793
669.746038 347.598601
672.251186 351.937644
672.752215 352.805452
673.754274 354.541069
674.255303 355.408878
675.257362 357.144495
676.259421 358.880111
676.760451 359.747920
679.265598 364.086962
680.768686 366.690388
682.772804 370.161621
684.776922 373.632855
688.284128 379.707515
688.785158 380.575323
689.286187 381.443131
689.787216 382.310940
691.290305 384.914365
693.795452 389.253408
695.799570 392.724641
698.304717 397.063684
700.308835 400.534918
700.809864 401.402726
701.310894 402.270535
702.813982 404.873960
703.315012 405.741768
703.816041 406.609577
704.317070 407.477385
705.319129 409.213002
707.323247 412.684236
708.826335 415.287661
709.327365 416.155470
710.329424 417.891087
710.830453 418.758895
713.335601 423.097938
713.836630 423.965746
714.337659 424.833555
715.339718 426.569172
715.840748 427.436980
717.844866 430.908214
718.345895 431.776022
720.350013 435.247256
721.352072 436.982873
721.853101 437.850682
722.354131 438.718490
722.855160 439.586298
723.857219 441.321915
724.859278 443.057532
725.360307 443.925341
727.364425 447.396575
728.366484 449.132192
728.867513 450.000000
729.868002 450.000000
730.868491 450.000000
731.868980 450.000000
732.869469 450.000000
733.869958 450.000000
734.870447 450.000000
736.871425 450.000000
737.871913 450.000000
738.872402 450.000000
741.873869 450.000000
743.874847 450.000000
744.875336 450.000000
745.875824 450.000000
746.876313 450.000000
747.876802 450.000000
750.878269 450.000000
751.878758 450.000000
752.879247 450.000000
755.880713 450.000000
756.881202 450.000000
761.883647 450.000000
764.885113 450.000000
768.887069 450.000000
769.887558 450.000000
771.888535 450.000000
773.889513 450.000000
775.890491 450.000000
777.891469 450.000000
778.891957 450.000000
782.893913 450.000000
783.894402 450.000000
785.895380 450.000000
786.895869 450.000000
788.896846 450.000000
789.897335 450.000000
790.897824 450.000000
791.898313 450.000000
792.898802 450.000000
793.899291 450.000000
794.899780 450.000000
795.900268 450.000000
798.901735 450.000000
799.902224 450.000000
803.904179 450.000000
807.906135 450.000000
808.906624 450.000000
811.908091 450.000000
813.909068 450.000000
816.910535 450.000000
817.911024 450.000000
818.911513 450.000000
820.912490 450.000000
823.913957 450.000000
825.914935 450.000000
830.917379 450.000000
832.918357 450.000000
833.918846 450.000000
834.919335 450.000000
836.920313 450.000000
837.920801 450.000000
838.921290 450.000000
841.922757 450.000000
846.925201 450.000000
847.925690 450.000000
849.926668 450.000000
852.928135 450.000000
854.929112 450.000000
855.929601 450.000000
856.930090 450.000000
859.931557 450.000000
860.932046 450.000000
861.932535 450.000000
862.933023 450.000000
864.934001 450.000000
865.934490 450.000000
866.934979 450.000000
867.935468 450.000000
870.936934 450.000000
873.938401 450.000000
874.938890 450.000000
875.939379 450.000000
882.942801 450.000000
884.943779 450.000000
885.944268 450.000000
886.944757 450.000000
887.945245 450.000000
888.945734 450.000000
889.946223 450.000000
890.946712 450.000000
891.947201 450.000000
892.947690 450.000000
894.948668 450.000000
896.949645 450.000000
897.950134 450.000000
898.950623 450.000000
899.951112 450.000000
903.953067 450.000000
905.954045 450.000000
907.955023 450.000000
908.955512 450.000000
909.956001 450.000000
912.957467 450.000000
915.958934 450.000000
916.959423 450.000000
920.961378 450.000000
921.961867 450.000000
922.962356 450.000000
923.962845 450.000000
927.964801 450.000000
928.965290 450.000000
929.965778 450.000000
930.966267 450.000000
933.967734 450.000000
934.968223 450.000000
935.968712 450.000000
936.969201 450.000000
938.970178 450.000000
942.972134 450.000000
944.973112 450.000000
945.973600 450.000000
948.975067 450.000000
951.976534 450.000000
952.977023 450.000000
954.978000 450.000000
955.978489 450.000000
957.979467 450.000000
959.980445 450.000000
960.980934 450.000000
963.982400 450.000000
965.983378 450.000000
966.983867 450.000000
968.984845 450.000000
969.985334 450.000000
970.985822 450.000000
971.986311 450.000000
972.986800 450.000000
973.987289 450.000000
974.987778 450.000000
975.988267 450.000000
978.989734 450.000000
979.990222 450.000000
980.990711 450.000000
981.991200 450.000000
982.991689 450.000000
983.992178 450.000000
984.992667 450.000000
985.993156 450.000000
986.993645 450.000000
989.995111 450.000000
994.997556 450.000000
995.998044 450.000000
997.999022 450.000000
998.999511 450.000000
1000.000000 450.000000
1000.000000 451.000000
1000.000000 452.000000
1000.000000 453.000000
1000.000000 454.000000
1000.000000 455.000000
1000.000000 456.000000
1000.000000 458.000000
1000.000000 459.000000
1000.000000 460.000000
1000.000000 461.000000
1000.000000 462.000000
1000.000000 463.000000
1000.000000 465.000000
1000.000000 466.000000
1000.000000 467.000000
1000.000000 468.000000
1000.000000 469.000000
1000.000000 471.000000
1000.000000 472.000000
1000.000000 473.000000
1000.000000 474.000000
1000.000000 475.000000
1000.000000 476.000000
1000.000000 477.000000
1000.000000 478.000000
1000.000000 480.000000
1000.000000 481.000000
1000.000000 482.000000
1000.000000 483.000000
1000.000000 484.000000
1000.000000 485.000000
1000.000000 486.000000
1000.000000 487.000000
1000.000000 489.000000
1000.000000 490.000000
1000.000000 491.000000
1000.000000 492.000000
1000.000000 493.000000
1000.000000 494.000000
1000.000000 495.000000
1000.000000 496.000000
1000.000000 497.000000
1000.000000 498.000000
1000.000000 499.000000
1000.000000 500.000000
1000.000000 501.000000
1000.000000 502.000000
1000.000000 503.000000
1000.000000 505.000000
1000.000000 506.000000
1000.000000 507.000000
1000.000000 508.000000
1000.000000 509.000000
1000.000000 511.000000
1000.000000 512.000000
1000.000000 513.000000
1000.000000 514.000000
1000.000000 515.000000
1000.000000 516.000000
1000.000000 517.000000
1000.000000 518.000000
1000.000000 519.000000
1000.000000 520.000000
1000.000000 522.000000
1000.000000 524.000000
1000.000000 525.000000
1000.000000 526.000000
1000.000000 527.000000
1000.000000 528.000000
1000.000000 530.000000
1000.000000 531.000000
1000.000000 532.000000
1000.000000 533.000000
1000.000000 534.000000
1000.000000 535.000000
1000.000000 536.000000
1000.000000 537.000000
1000.000000 538.000000
1000.000000 539.000000
1000.000000 541.000000
1000.000000 542.000000
1000.000000 543.000000
1000.000000 544.000000
1000.000000 545.000000
1000.000000 546.000000
1000.000000 547.000000
1000.000000 548.000000
1000.000000 549.000000
1000.000000 550.000000
997.994710 550.000000
996.992065 550.000000
994.986776 550.000000
982.955037 550.000000
976.939168 550.000000
973.931234 550.000000
972.928589 550.000000
970.923299 550.000000
968.918009 550.000000
967.915365 550.000000
965.910075 550.000000
960.896851 550.000000
956.886271 550.000000
952.875692 550.000000
949.867757 550.000000
945.857178 550.000000
943.851888 550.000000
937.836019 550.000000
934.828084 550.000000
933.825439 550.000000
930.817505 550.000000
926.806925 550.000000
925.804280 550.000000
924.801636 550.000000
922.796346 550.000000
920.791056 550.000000
918.785766 550.000000
916.780477 550.000000
914.775187 550.000000
913.772542 550.000000
908.759318 550.000000
904.748738 550.000000
903.746094 550.000000
901.740804 550.000000
896.727580 550.000000
895.724935 550.000000
893.719645 550.000000
890.711710 550.000000
889.709066 550.000000
887.703776 550.000000
883.693196 550.000000
882.690552 550.000000
878.679972 550.000000
876.674682 550.000000
869.656168 550.000000
867.650879 550.000000
864.642944 550.000000
862.637654 550.000000
859.629720 550.000000
858.627075 550.000000
855.619140 550.000000
854.616496 550.000000
853.613851 550.000000
849.603271 550.000000
846.595337 550.000000
841.582112 550.000000
837.571533 550.000000
835.566243 550.000000
831.555664 550.000000
827.545084 550.000000
824.537150 550.000000
820.526570 550.000000
819.523926 550.000000
817.518636 550.000000
814.510701 550.000000
810.500122 550.000000
809.497477 550.000000
808.494832 550.000000
807.492187 550.000000
803.481608 550.000000
802.478963 550.000000
798.468384 550.000000
789.444580 550.000000
787.439290 550.000000
785.434000 550.000000
783.428711 550.000000
782.426066 550.000000
778.415486 550.000000
775.407552 550.000000
774.404907 550.000000
771.396972 550.000000
769.391683 550.000000
768.389038 550.000000
765.381103 550.000000
764.378458 550.000000
759.365234 550.000000
758.362589 550.000000
755.354655 550.000000
754.352010 550.000000
753.349365 550.000000
752.346720 550.000000
750.341430 550.000000
748.336141 550.000000
746.330851 550.000000
745.328206 550.000000
744.325561 550.000000
743.322916 550.000000
741.317627 550.000000
740.314982 550.000000
738.309692 550.000000
737.307047 550.000000
730.288533 550.000000
729.285888 550.000000
728.283243 550.000000
727.280599 550.000000
726.277954 550.000000
722.267374 550.000000
721.264729 550.000000
718.256795 550.000000
717.254150 550.000000
716.251505 550.000000
712.240926 550.000000
710.235636 550.000000
709.232991 550.000000
708.230346 550.000000
707.227701 550.000000
706.225057 550.000000
699.206543 550.000000
697.201253 550.000000
694.193318 550.000000
692.188029 550.000000
688.177449 550.000000
687.174804 550.000000
684.166870 550.000000
683.164225 550.000000
680.156290 550.000000
676.145711 550.000000
672.135131 550.000000
670.131392 548.266053
669.130297 546.532105
668.629749 545.665132
668.129202 544.798158
667.628654 543.931185
667.128107 543.064211
666.127012 541.330264
665.626464 540.463290
665.125917 539.596316
664.625369 538.729343
661.622085 533.527501
661.121537 532.660527
660.620990 531.793554
660.120442 530.926580
659.619895 530.059606
659.119347 529.192633
657.117158 525.724738
656.616610 524.857764
656.116063 523.990791
654.614420 521.389870
654.113873 520.522896
653.613325 519.655923
653.112778 518.788949
652.612230 517.921975
652.111683 517.055002
651.611135 516.188028
650.109493 513.587107
649.608946 512.720133
649.108398 511.853160
648.607851 510.986186
648.107303 510.119213
647.606756 509.252239
645.604566 505.784344
645.104018 504.917371
644.603471 504.050397
644.102923 503.183423
642.601281 500.582502
641.600186 498.848555
641.099639 497.981582
640.599091 497.114608
640.098544 496.247634
639.597996 495.380661
638.596901 493.646713
638.096354 492.779740
637.595806 491.912766
636.594711 490.178819
636.094164 489.311845
634.091974 485.843951
633.090879 484.110003
631.088689 480.642109
628.085405 475.440267
627.084310 473.706320
626.583762 472.839346
626.083215 471.972372
625.582667 471.105399
624.581572 469.371451
624.081025 468.504478
622.078835 465.036583
621.077740 463.302636
619.576098 460.701715
619.075550 459.834741
617.073360 456.366847
616.572813 455.499873
615.571718 453.765926
615.071170 452.898952
614.570623 452.031979
612.067886 447.697110
610.566243 445.096189
609.064601 442.495269
608.564053 441.628295
608.063506 440.761321
606.561864 438.160400
604.559674 434.692506
604.059126 433.825532
603.558579 432.958558
603.058031 432.091585
602.557484 431.224611
602.056936 430.357638
601.556389 429.490664
601.055841 428.623690
600.054747 426.889743
599.554199 426.022769
598.553104 424.288822
598.052557 423.421848
597.051462 421.687901
596.550914 420.820927
595.549819 419.086980
595.049272 418.220007
594.548724 417.353033
594.048177 416.486059
593.547629 415.619086
592.045987 413.018165
591.545440 412.151191
591.044892 411.284217
590.544345 410.417244
588.542155 406.949349
587.040512 404.348428
586.539965 403.481455
586.039417 402.614481
585.038323 400.880534
582.035038 395.678692
581.534490 394.811718
581.033943 393.944745
580.533395 393.077771
580.032848 392.210797
579.031753 390.476850
578.030658 388.742903
577.029563 387.008955
575.527921 384.408035
574.526826 382.674087
574.026278 381.807114
573.525731 380.940140
573.025183 380.073166
572.524636 379.206193
571.523541 377.472245
570.522446 375.738298
569.521351 374.004351
568.019709 371.403430
566.017519 367.935535
565.516971 367.068562
565.016424 366.201588
564.515876 365.334614
564.015329 364.467641
563.514782 363.600667
562.513687 361.866720
561.012044 359.265799
558.509307 354.930931
558.008759 354.063957
557.007665 352.330010
556.507117 351.463036
556.006570 350.596063
555.506022 349.729089
551.501642 342.793300
550.000000 340.192379
549.499453 341.059353
548.498358 342.793300
547.997810 343.660273
546.996715 345.394221
546.496168 346.261194
545.495073 347.995142
544.994525 348.862115
544.493978 349.729089
543.993430 350.596063
542.992335 352.330010
541.991241 354.063957
540.990146 355.797904
539.989051 357.531852
539.488503 358.398825
538.987956 359.265799
537.486313 361.866720
536.985766 362.733694
536.485218 363.600667
534.983576 366.201588
534.483029 367.068562
533.481934 368.802509
532.981386 369.669483
532.480839 370.536456
531.479744 372.270404
530.979196 373.137377
530.478649 374.004351
528.977006 376.605272
528.476459 377.472245
527.475364 379.206193
525.473174 382.674087
524.472079 384.408035
523.971532 385.275008
522.970437 387.008955
522.469889 387.875929
520.968247 390.476850
520.467700 391.343824
519.967152 392.210797
517.964962 395.678692
517.464415 396.545666
516.463320 398.279613
515.462225 400.013560
514.461130 401.747507
513.960583 402.614481
512.959488 404.348428
512.458940 405.215402
511.958393 406.082376
511.457845 406.949349
508.454560 412.151191
507.954013 413.018165
507.453465 413.885138
506.452371 415.619086
504.950728 418.220007
502.948538 421.687901
502.447991 422.554875
500.946348 425.155796
499.945253 426.889743
499.444706 427.756717
498.443611 429.490664
497.943064 430.357638
497.442516 431.224611
496.941969 432.091585
496.441421 432.958558
495.940874 433.825532
495.440326 434.692506
494.939779 435.559479
492.937589 439.027374
491.936494 440.761321
490.935399 442.495269
490.434852 443.362242
489.934304 444.229216
488.432662 446.830137
487.932114 447.697110
486.931019 449.431058
484.928830 452.898952
483.927735 454.632899
482.926640 456.366847
482.426092 457.233820
481.424997 458.967768
480.924450 459.834741
480.423902 460.701715
479.923355 461.568689
478.922260 463.302636
478.421712 464.169610
477.921165 465.036583
476.419523 467.637504
475.918975 468.504478
475.418428 469.371451
474.917880 470.238425
472.915690 473.706320
471.914595 475.440267
468.410763 481.509082
466.408573 484.976977
465.407478 486.710924
464.906931 487.577898
463.905836 489.311845
463.405289 490.178819
462.404194 491.912766
460.902551 494.513687
459.901456 496.247634
459.400909 497.114608
458.900361 497.981582
458.399814 498.848555
457.398719 500.582502
456.898172 501.449476
453.894887 506.651318
453.394339 507.518292
452.393244 509.252239
451.392149 510.986186
450.891602 511.853160
450.391054 512.720133
449.890507 513.587107
449.389960 514.454081
448.889412 515.321054
448.388865 516.188028
446.887222 518.788949
446.386675 519.655923
445.385580 521.389870
444.885032 522.256843
443.883937 523.990791
442.882842 525.724738
441.881748 527.458685
440.880653 529.192633
440.380105 530.059606
439.879558 530.926580
439.379010 531.793554
438.377915 533.527501
437.376820 535.261448
436.876273 536.128422
436.375725 536.995395
435.875178 537.862369
435.374631 538.729343
434.373536 540.463290
433.872988 541.330264
433.372441 542.197237
431.870798 544.798158
431.370251 545.665132
430.369156 547.399079
429.368061 549.133026
428.867513 550.000000
428.867513 550.000000
427.864869 550.000000
426.862224 550.000000
425.859579 550.000000
421.848999 550.000000
419.843710 550.000000
416.835775 550.000000
415.833130 550.000000
414.830485 550.000000
412.825196 550.000000
411.822551 550.000000
409.817261 550.000000
408.814616 550.000000
407.811971 550.000000
406.809327 550.000000
405.806682 550.000000
404.804037 550.000000
403.801392 550.000000
401.796102 550.000000
400.793457 550.000000
399.790813 550.000000
397.785523 550.000000
395.780233 550.000000
394.777588 550.000000
393.774943 550.000000
392.772299 550.000000
391.769654 550.000000
389.764364 550.000000
388.761719 550.000000
387.759074 550.000000
385.753785 550.000000
384.751140 550.000000
383.748495 550.000000
379.737915 550.000000
376.729981 550.000000
375.727336 550.000000
374.724691 550.000000
373.722046 550.000000
372.719401 550.000000
367.706177 550.000000
364.698243 550.000000
363.695598 550.000000
361.690308 550.000000
360.687663 550.000000
359.685018 550.000000
358.682373 550.000000
357.679729 550.000000
354.671794 550.000000
353.669149 550.000000
352.666504 550.000000
351.663859 550.000000
350.661215 550.000000
349.658570 550.000000
348.655925 550.000000
346.650635 550.000000
345.647990 550.000000
344.645345 550.000000
341.637411 550.000000
339.632121 550.000000
337.626831 550.000000
336.624187 550.000000
335.621542 550.000000
333.616252 550.000000
332.613607 550.000000
329.605673 550.000000
324.592448 550.000000
323.589803 550.000000
319.579224 550.000000
317.573934 550.000000
314.566000 550.000000
310.555420 550.000000
309.552775 550.000000
305.542196 550.000000
303.536906 550.000000
301.531616 550.000000
298.523682 550.000000
290.502523 550.000000
288.497233 550.000000
287.494588 550.000000
286.491944 550.000000
285.489299 550.000000
284.486654 550.000000
280.476074 550.000000
279.473430 550.000000
278.470785 550.000000
277.468140 550.000000
275.462850 550.000000
274.460205 550.000000
271.452271 550.000000
269.446981 550.000000
266.439046 550.000000
262.428467 550.000000
259.420532 550.000000
258.417888 550.000000
257.415243 550.000000
255.409953 550.000000
254.407308 550.000000
253.404663 550.000000
250.396729 550.000000
248.391439 550.000000
247.388794 550.000000
244.380860 550.000000
241.372925 550.000000
238.364990 550.000000
232.349121 550.000000
231.346476 550.000000
230.343832 550.000000
228.338542 550.000000
226.333252 550.000000
225.330607 550.000000
223.325318 550.000000
221.320028 550.000000
220.317383 550.000000
216.306804 550.000000
215.304159 550.000000
212.296224 550.000000
210.290934 550.000000
207.283000 550.000000
206.280355 550.000000
202.269776 550.000000
193.245972 550.000000
192.243327 550.000000
189.235392 550.000000
186.227458 550.000000
182.216878 550.000000
181.214234 550.000000
177.203654 550.000000
173.193075 550.000000
164.169271 550.000000
162.163981 550.000000
160.158691 550.000000
158.153402 550.000000
151.134888 550.000000
150.132243 550.000000
149.129598 550.000000
148.126953 550.000000
147.124308 550.000000
146.121663 550.000000
145.119019 550.000000
144.116374 550.000000
143.113729 550.000000
142.111084 550.000000
140.105794 550.000000
139.103149 550.000000
137.097860 550.000000
136.095215 550.000000
132.084635 550.000000
130.079346 550.000000
128.074056 550.000000
126.068766 550.000000
122.058187 550.000000
121.055542 550.000000
120.052897 550.000000
118.047607 550.000000
117.044963 550.000000
116.042318 550.000000
115.039673 550.000000
114.037028 550.000000
113.034383 550.000000
111.029093 550.000000
109.023804 550.000000
108.021159 550.000000
107.018514 550.000000
106.015869 550.000000
105.013224 550.000000
104.010579 550.000000
100.000000 550.000000
