1320
100.000000 450.000000
101.000489 450.000000
102.000978 450.000000
104.001956 450.000000
105.002444 450.000000
107.003422 450.000000
108.003911 450.000000
109.004400 450.000000
110.004889 450.000000
112.005867 450.000000
115.007333 450.000000
116.007822 450.000000
117.008311 450.000000
118.008800 450.000000
121.010266 450.000000
123.011244 450.000000
124.011733 450.000000
127.013200 450.000000
129.014178 450.000000
133.016133 450.000000
135.017111 450.000000
137.018089 450.000000
140.019555 450.000000
144.021511 450.000000
147.022977 450.000000
149.023955 450.000000
151.024933 450.000000
152.025422 450.000000
153.025911 450.000000
154.026400 450.000000
155.026888 450.000000
156.027377 450.000000
158.028355 450.000000
160.029333 450.000000
161.029822 450.000000
162.030311 450.000000
163.030799 450.000000
164.031288 450.000000
165.031777 450.000000
167.032755 450.000000
168.033244 450.000000
170.034222 450.000000
171.034710 450.000000
173.035688 450.000000
175.036666 450.000000
178.038133 450.000000
179.038622 450.000000
180.039110 450.000000
181.039599 450.000000
182.040088 450.000000
183.040577 450.000000
184.041066 450.000000
185.041555 450.000000
187.042533 450.000000
188.043021 450.000000
189.043510 450.000000
191.044488 450.000000
195.046444 450.000000
198.047910 450.000000
199.048399 450.000000
200.048888 450.000000
203.050355 450.000000
206.051821 450.000000
207.052310 450.000000
208.052799 450.000000
209.053288 450.000000
210.053777 450.000000
211.054266 450.000000
212.054755 450.000000
215.056221 450.000000
216.056710 450.000000
217.057199 450.000000
218.057688 450.000000
219.058177 450.000000
220.058666 450.000000
221.059155 450.000000
222.059643 450.000000
223.060132 450.000000
224.060621 450.000000
225.061110 450.000000
229.063066 450.000000
232.064532 450.000000
236.066488 450.000000
238.067465 450.000000
239.067954 450.000000
240.068443 450.000000
241.068932 450.000000
243.069910 450.000000
245.070888 450.000000
246.071377 450.000000
247.071865 450.000000
248.072354 450.000000
249.072843 450.000000
250.073332 450.000000
252.074310 450.000000
253.074799 450.000000
257.076754 450.000000
260.078221 450.000000
262.079199 450.000000
263.079687 450.000000
267.081643 450.000000
268.082132 450.000000
269.082621 450.000000
271.083599 450.000000
272.084087 450.000000
273.084576 450.000000
274.085065 450.000000
277.086532 450.000000
279.087510 450.000000
280.087998 450.000000
281.088487 450.000000
282.088976 450.000000
283.089465 450.000000
284.089954 450.000000
290.092887 450.000000
293.094354 450.000000
294.094843 450.000000
296.095821 450.000000
298.096798 450.000000
301.098265 450.000000
302.098754 450.000000
303.099243 450.000000
304.099732 450.000000
305.100220 450.000000
306.100709 450.000000
307.101198 450.000000
309.102176 450.000000
310.102665 450.000000
315.105109 450.000000
317.106087 450.000000
320.107554 450.000000
321.108043 450.000000
322.108531 450.000000
323.109020 450.000000
324.109509 450.000000
325.109998 450.000000
326.110487 450.000000
330.112442 450.000000
331.112931 450.000000
332.113420 450.000000
333.113909 450.000000
334.114398 450.000000
335.114887 450.000000
337.115865 450.000000
338.116353 450.000000
339.116842 450.000000
343.118798 450.000000
345.119776 450.000000
346.120265 450.000000
351.122709 450.000000
352.123198 450.000000
353.123687 450.000000
354.124176 450.000000
355.124664 450.000000
356.125153 450.000000
360.127109 450.000000
361.127598 450.000000
363.128575 450.000000
366.130042 450.000000
367.130531 450.000000
368.131020 450.000000
371.132487 450.000000
374.138663 444.793149
374.639693 443.925341
375.641752 442.189724
377.144840 439.586298
377.645869 438.718490
378.647928 436.982873
379.148958 436.115065
379.649987 435.247256
380.652046 433.511639
381.654105 431.776022
384.159252 427.436980
384.660282 426.569172
385.662341 424.833555
386.664399 423.097938
389.169547 418.758895
390.672635 416.155470
391.173665 415.287661
392.175723 413.552045
393.177782 411.816428
395.181900 408.345194
395.682930 407.477385
396.684988 405.741768
397.687047 404.006151
398.188077 403.138343
398.689106 402.270535
399.190136 401.402726
400.192195 399.667109
400.693224 398.799301
401.194254 397.931492
402.196312 396.195875
402.697342 395.328067
403.198371 394.460258
404.200430 392.724641
405.202489 390.989025
406.705577 388.385599
407.707636 386.649982
408.208666 385.782174
409.210725 384.046557
410.212784 382.310940
410.713813 381.443131
411.715872 379.707515
413.218960 377.104089
413.719990 376.236281
414.722049 374.500664
415.724108 372.765047
416.726166 371.029430
417.227196 370.161621
417.728225 369.293813
418.229255 368.426005
418.730284 367.558196
419.732343 365.822579
420.233373 364.954771
420.734402 364.086962
422.237490 361.483537
422.738520 360.615728
423.239549 359.747920
423.740579 358.880111
424.742638 357.144495
426.245726 354.541069
426.746755 353.673261
427.748814 351.937644
428.249844 351.069835
428.750873 350.202027
429.251903 349.334218
431.256020 345.862984
432.258079 344.127368
433.260138 342.391751
434.763227 339.788325
436.266315 337.184900
437.268374 335.449283
437.769403 334.581474
438.270433 333.713666
439.272492 331.978049
440.274551 330.242432
442.779698 325.903390
443.280727 325.035581
444.282786 323.299964
445.284845 321.564348
445.785875 320.696539
446.787933 318.960922
447.288963 318.093114
447.789992 317.225305
450.295140 312.886263
450.796169 312.018454
451.798228 310.282838
452.800287 308.547221
453.802346 306.811604
454.303375 305.943795
455.305434 304.208178
456.307493 302.472561
457.309552 300.736944
457.810581 299.869136
458.311611 299.001328
459.313670 297.265711
459.814699 296.397902
460.816758 294.662285
462.319846 292.058860
464.323964 288.587626
468.332200 281.645158
469.334259 279.909541
470.837347 277.306116
472.841465 273.834882
473.342494 272.967074
473.843524 272.099265
474.344553 271.231457
475.346612 269.495840
476.849700 266.892414
481.859995 258.214330
482.361024 257.346521
486.369260 250.404054
489.876466 244.329394
490.878525 242.593777
491.880584 240.858161
494.886761 235.651310
496.890878 232.180076
497.892937 230.444459
498.393967 229.576651
498.894996 228.708842
499.396026 227.841034
499.897055 226.973225
500.398085 226.105417
502.402202 222.634183
502.903232 221.766374
503.404261 220.898566
503.905291 220.030757
504.406320 219.162949
505.909408 216.559524
507.412497 213.956098
507.913526 213.088290
509.416615 210.484864
509.917644 209.617056
511.420732 207.013630
511.921762 206.145822
512.923821 204.410205
515.428968 200.071163
517.433086 196.599929
518.936174 193.996504
519.437204 193.128695
519.938233 192.260887
522.443380 187.921844
522.944410 187.054036
524.447498 184.450610
524.948528 183.582802
525.449557 182.714994
525.950586 181.847185
526.451616 180.979377
526.952645 180.111568
527.453675 179.243760
527.954704 178.375951
528.455734 177.508143
529.457793 175.772526
530.459851 174.036909
530.960881 173.169100
531.962940 171.433484
532.463969 170.565675
534.468087 167.094441
534.969117 166.226633
536.472205 163.623207
536.973234 162.755399
537.975293 161.019782
538.977352 159.284165
540.480440 156.680740
540.981470 155.812931
541.482499 154.945123
541.983529 154.077314
543.486617 151.473889
545.490735 148.002655
545.991764 147.134847
546.993823 145.399230
547.995882 143.663613
548.496912 142.795804
548.997941 141.927996
550.501029 141.060187
551.503088 142.795804
552.004118 143.663613
553.006177 145.399230
553.507206 146.267038
554.008236 147.134847
554.509265 148.002655
555.010294 148.870463
556.012353 150.606080
558.517501 154.945123
560.020589 157.548548
562.024707 161.019782
563.026766 162.755399
563.527795 163.623207
564.028825 164.491016
566.032942 167.962250
569.039119 173.169100
573.047355 180.111568
575.051472 183.582802
575.552502 184.450610
576.053531 185.318419
577.556620 187.921844
579.560738 191.393078
582.065885 195.732120
586.575150 203.542397
587.076179 204.410205
587.577209 205.278014
589.080297 207.881439
590.082356 209.617056
591.084415 211.352673
592.086474 213.088290
592.587503 213.956098
593.088533 214.823907
595.092650 218.295140
595.593680 219.162949
596.595739 220.898566
598.098827 223.501991
598.599857 224.369800
600.102945 226.973225
601.606033 229.576651
602.107063 230.444459
602.608092 231.312267
603.610151 233.047884
604.612210 234.783501
605.113239 235.651310
606.115298 237.386927
606.616328 238.254735
609.622504 243.461586
610.123534 244.329394
610.624563 245.197203
611.125593 246.065011
611.626622 246.932820
612.127652 247.800628
613.129711 249.536245
613.630740 250.404054
616.135887 254.743096
617.137946 256.478713
618.140005 258.214330
619.142064 259.949947
620.645152 262.553372
621.647211 264.288989
624.653388 269.495840
627.158535 273.834882
627.659565 274.702691
628.661624 276.438307
630.164712 279.041733
630.665741 279.909541
631.166771 280.777350
633.170889 284.248584
633.671918 285.116392
635.676036 288.587626
636.177065 289.455434
637.680154 292.058860
638.181183 292.926668
638.682213 293.794477
639.183242 294.662285
640.686330 297.265711
643.191478 301.604753
645.195595 305.075987
645.696625 305.943795
647.700743 309.415029
648.201772 310.282838
648.702802 311.150646
649.704860 312.886263
650.205890 313.754071
650.706919 314.621880
652.711037 318.093114
654.214125 320.696539
655.717214 323.299964
656.719273 325.035581
657.721332 326.771198
658.222361 327.639007
659.224420 329.374624
660.226479 331.110241
661.729567 333.713666
662.731626 335.449283
665.737803 340.656134
667.741921 344.127368
668.743980 345.862984
670.748097 349.334218
671.249127 350.202027
673.754274 354.541069
674.255303 355.408878
675.758392 358.012303
677.762510 361.483537
678.764569 363.219154
679.766627 364.954771
680.267657 365.822579
681.269716 367.558196
681.770745 368.426005
682.271775 369.293813
682.772804 370.161621
683.774863 371.897238
684.275892 372.765047
684.776922 373.632855
686.280010 376.236281
689.787216 382.310940
690.288246 383.178748
690.789275 384.046557
691.791334 385.782174
692.292364 386.649982
693.294423 388.385599
693.795452 389.253408
694.296481 390.121216
694.797511 390.989025
696.801629 394.460258
697.302658 395.328067
697.803688 396.195875
698.805746 397.931492
700.809864 401.402726
702.312953 404.006151
702.813982 404.873960
703.816041 406.609577
705.820159 410.080811
706.321188 410.948619
706.822218 411.816428
709.327365 416.155470
709.828394 417.023278
710.329424 417.891087
714.838689 425.701363
715.339718 426.569172
717.343836 430.040405
720.350013 435.247256
720.851042 436.115065
723.857219 441.321915
725.360307 443.925341
725.861337 444.793149
727.364425 447.396575
727.865455 448.264383
728.867513 450.000000
728.867513 450.000000
731.868980 450.000000
732.869469 450.000000
735.870936 450.000000
740.873380 450.000000
742.874358 450.000000
743.874847 450.000000
744.875336 450.000000
745.875824 450.000000
747.876802 450.000000
749.877780 450.000000
750.878269 450.000000
751.878758 450.000000
753.879735 450.000000
754.880224 450.000000
755.880713 450.000000
756.881202 450.000000
759.882669 450.000000
760.883158 450.000000
764.885113 450.000000
765.885602 450.000000
766.886091 450.000000
769.887558 450.000000
772.889024 450.000000
773.889513 450.000000
775.890491 450.000000
780.892935 450.000000
787.896357 450.000000
788.896846 450.000000
790.897824 450.000000
791.898313 450.000000
792.898802 450.000000
795.900268 450.000000
798.901735 450.000000
800.902713 450.000000
801.903202 450.000000
802.903691 450.000000
803.904179 450.000000
805.905157 450.000000
806.905646 450.000000
807.906135 450.000000
808.906624 450.000000
809.907113 450.000000
810.907602 450.000000
812.908579 450.000000
814.909557 450.000000
815.910046 450.000000
817.911024 450.000000
818.911513 450.000000
820.912490 450.000000
821.912979 450.000000
823.913957 450.000000
824.914446 450.000000
825.914935 450.000000
829.916890 450.000000
832.918357 450.000000
834.919335 450.000000
839.921779 450.000000
840.922268 450.000000
843.923735 450.000000
844.924224 450.000000
846.925201 450.000000
849.926668 450.000000
850.927157 450.000000
851.927646 450.000000
854.929112 450.000000
856.930090 450.000000
857.930579 450.000000
859.931557 450.000000
867.935468 450.000000
868.935957 450.000000
871.937423 450.000000
876.939868 450.000000
877.940357 450.000000
879.941334 450.000000
880.941823 450.000000
882.942801 450.000000
883.943290 450.000000
886.944757 450.000000
887.945245 450.000000
891.947201 450.000000
894.948668 450.000000
897.950134 450.000000
899.951112 450.000000
903.953067 450.000000
905.954045 450.000000
907.955023 450.000000
909.956001 450.000000
911.956979 450.000000
912.957467 450.000000
913.957956 450.000000
914.958445 450.000000
916.959423 450.000000
921.961867 450.000000
922.962356 450.000000
924.963334 450.000000
925.963823 450.000000
930.966267 450.000000
932.967245 450.000000
933.967734 450.000000
934.968223 450.000000
936.969201 450.000000
938.970178 450.000000
940.971156 450.000000
941.971645 450.000000
942.972134 450.000000
943.972623 450.000000
945.973600 450.000000
949.975556 450.000000
950.976045 450.000000
954.978000 450.000000
955.978489 450.000000
957.979467 450.000000
959.980445 450.000000
962.981911 450.000000
963.982400 450.000000
964.982889 450.000000
965.983378 450.000000
967.984356 450.000000
968.984845 450.000000
969.985334 450.000000
973.987289 450.000000
975.988267 450.000000
976.988756 450.000000
978.989734 450.000000
986.993645 450.000000
988.994622 450.000000
992.996578 450.000000
993.997067 450.000000
994.997556 450.000000
995.998044 450.000000
996.998533 450.000000
997.999022 450.000000
1000.000000 450.000000
1000.000000 450.000000
1000.000000 452.000000
1000.000000 454.000000
1000.000000 455.000000
1000.000000 456.000000
1000.000000 458.000000
1000.000000 459.000000
1000.000000 460.000000
1000.000000 461.000000
1000.000000 463.000000
1000.000000 464.000000
1000.000000 465.000000
1000.000000 466.000000
1000.000000 467.000000
1000.000000 468.000000
1000.000000 469.000000
1000.000000 470.000000
1000.000000 472.000000
1000.000000 473.000000
1000.000000 474.000000
1000.000000 475.000000
1000.000000 476.000000
1000.000000 477.000000
1000.000000 478.000000
1000.000000 479.000000
1000.000000 480.000000
1000.000000 481.000000
1000.000000 482.000000
1000.000000 484.000000
1000.000000 485.000000
1000.000000 486.000000
1000.000000 487.000000
1000.000000 489.000000
1000.000000 490.000000
1000.000000 491.000000
1000.000000 492.000000
1000.000000 493.000000
1000.000000 494.000000
1000.000000 495.000000
1000.000000 496.000000
1000.000000 497.000000
1000.000000 498.000000
1000.000000 500.000000
1000.000000 501.000000
1000.000000 502.000000
1000.000000 503.000000
1000.000000 504.000000
1000.000000 505.000000
1000.000000 506.000000
1000.000000 508.000000
1000.000000 509.000000
1000.000000 510.000000
1000.000000 511.000000
1000.000000 513.000000
1000.000000 514.000000
1000.000000 515.000000
1000.000000 516.000000
1000.000000 517.000000
1000.000000 518.000000
1000.000000 519.000000
1000.000000 520.000000
1000.000000 521.000000
1000.000000 522.000000
1000.000000 523.000000
1000.000000 524.000000
1000.000000 525.000000
1000.000000 526.000000
1000.000000 527.000000
1000.000000 531.000000
1000.000000 532.000000
1000.000000 533.000000
1000.000000 534.000000
1000.000000 535.000000
1000.000000 536.000000
1000.000000 537.000000
1000.000000 538.000000
1000.000000 539.000000
1000.000000 541.000000
1000.000000 542.000000
1000.000000 543.000000
1000.000000 544.000000
1000.000000 545.000000
1000.000000 546.000000
1000.000000 547.000000
1000.000000 548.000000
1000.000000 549.000000
1000.000000 550.000000
1000.000000 550.000000
998.997355 550.000000
995.989421 550.000000
990.976196 550.000000
988.970907 550.000000
984.960327 550.000000
980.949748 550.000000
979.947103 550.000000
972.928589 550.000000
970.923299 550.000000
969.920654 550.000000
968.918009 550.000000
966.912720 550.000000
965.910075 550.000000
964.907430 550.000000
963.904785 550.000000
961.899495 550.000000
959.894206 550.000000
952.875692 550.000000
951.873047 550.000000
950.870402 550.000000
943.851888 550.000000
942.849243 550.000000
940.843953 550.000000
938.838664 550.000000
937.836019 550.000000
936.833374 550.000000
935.830729 550.000000
933.825439 550.000000
928.812215 550.000000
926.806925 550.000000
924.801636 550.000000
923.798991 550.000000
922.796346 550.000000
920.791056 550.000000
919.788411 550.000000
918.785766 550.000000
917.783122 550.000000
916.780477 550.000000
914.775187 550.000000
913.772542 550.000000
911.767252 550.000000
910.764608 550.000000
909.761963 550.000000
908.759318 550.000000
906.754028 550.000000
903.746094 550.000000
902.743449 550.000000
900.738159 550.000000
897.730224 550.000000
896.727580 550.000000
895.724935 550.000000
894.722290 550.000000
889.709066 550.000000
888.706421 550.000000
884.695841 550.000000
881.687907 550.000000
880.685262 550.000000
876.674682 550.000000
874.669393 550.000000
871.661458 550.000000
870.658813 550.000000
869.656168 550.000000
867.650879 550.000000
866.648234 550.000000
862.637654 550.000000
861.635010 550.000000
859.629720 550.000000
857.624430 550.000000
852.611206 550.000000
851.608561 550.000000
850.605916 550.000000
848.600626 550.000000
846.595337 550.000000
841.582112 550.000000
839.576823 550.000000
837.571533 550.000000
836.568888 550.000000
835.566243 550.000000
833.560954 550.000000
832.558309 550.000000
831.555664 550.000000
830.553019 550.000000
829.550374 550.000000
828.547729 550.000000
826.542440 550.000000
821.529215 550.000000
819.523926 550.000000
818.521281 550.000000
813.508056 550.000000
812.505412 550.000000
811.502767 550.000000
810.500122 550.000000
809.497477 550.000000
807.492187 550.000000
805.486898 550.000000
804.484253 550.000000
803.481608 550.000000
802.478963 550.000000
801.476318 550.000000
800.473673 550.000000
799.471028 550.000000
798.468384 550.000000
797.465739 550.000000
796.463094 550.000000
795.460449 550.000000
794.457804 550.000000
790.447225 550.000000
786.436645 550.000000
779.418131 550.000000
777.412841 550.000000
776.410197 550.000000
773.402262 550.000000
770.394327 550.000000
768.389038 550.000000
767.386393 550.000000
765.381103 550.000000
764.378458 550.000000
761.370524 550.000000
760.367879 550.000000
757.359944 550.000000
756.357299 550.000000
755.354655 550.000000
752.346720 550.000000
751.344075 550.000000
749.338785 550.000000
748.336141 550.000000
745.328206 550.000000
744.325561 550.000000
743.322916 550.000000
742.320271 550.000000
740.314982 550.000000
738.309692 550.000000
732.293823 550.000000
731.291178 550.000000
729.285888 550.000000
727.280599 550.000000
726.277954 550.000000
725.275309 550.000000
720.262085 550.000000
718.256795 550.000000
716.251505 550.000000
714.246215 550.000000
711.238281 550.000000
708.230346 550.000000
707.227701 550.000000
704.219767 550.000000
703.217122 550.000000
702.214477 550.000000
701.211832 550.000000
698.203898 550.000000
696.198608 550.000000
695.195963 550.000000
694.193318 550.000000
693.190673 550.000000
688.177449 550.000000
687.174804 550.000000
686.172159 550.000000
684.166870 550.000000
682.161580 550.000000
681.158935 550.000000
680.156290 550.000000
679.153645 550.000000
678.151001 550.000000
677.148356 550.000000
673.137776 550.000000
671.132487 550.000000
671.132487 550.000000
670.631939 549.133026
669.630844 547.399079
669.130297 546.532105
668.129202 544.798158
667.128107 543.064211
666.627559 542.197237
665.626464 540.463290
665.125917 539.596316
664.124822 537.862369
663.624275 536.995395
662.122632 534.394474
661.622085 533.527501
661.121537 532.660527
659.119347 529.192633
658.618800 528.325659
658.118252 527.458685
657.617705 526.591712
657.117158 525.724738
656.616610 524.857764
655.615515 523.123817
655.114968 522.256843
654.614420 521.389870
654.113873 520.522896
653.613325 519.655923
653.112778 518.788949
652.612230 517.921975
651.611135 516.188028
650.610040 514.454081
649.108398 511.853160
648.607851 510.986186
648.107303 510.119213
647.606756 509.252239
647.106208 508.385265
646.605661 507.518292
645.604566 505.784344
645.104018 504.917371
644.603471 504.050397
643.602376 502.316450
643.101828 501.449476
642.100734 499.715529
641.099639 497.981582
640.098544 496.247634
639.097449 494.513687
638.596901 493.646713
638.096354 492.779740
637.595806 491.912766
637.095259 491.045792
636.094164 489.311845
635.093069 487.577898
634.592522 486.710924
634.091974 485.843951
633.591427 484.976977
632.590332 483.243030
632.089784 482.376056
631.589237 481.509082
631.088689 480.642109
630.588142 479.775135
630.087594 478.908161
629.587047 478.041188
628.585952 476.307241
627.584857 474.573293
627.084310 473.706320
626.583762 472.839346
626.083215 471.972372
624.581572 469.371451
621.578288 464.169610
621.077740 463.302636
620.076645 461.568689
617.573908 457.233820
616.572813 455.499873
616.072265 454.632899
615.571718 453.765926
614.570623 452.031979
613.569528 450.298031
612.067886 447.697110
611.567338 446.830137
610.566243 445.096189
610.065696 444.229216
608.063506 440.761321
607.062411 439.027374
606.561864 438.160400
606.061316 437.293427
605.560769 436.426453
605.060221 435.559479
604.059126 433.825532
602.557484 431.224611
602.056936 430.357638
601.055841 428.623690
600.555294 427.756717
600.054747 426.889743
599.053652 425.155796
598.052557 423.421848
597.552009 422.554875
597.051462 421.687901
596.550914 420.820927
596.050367 419.953954
594.548724 417.353033
593.047082 414.752112
592.546535 413.885138
592.045987 413.018165
591.545440 412.151191
591.044892 411.284217
590.544345 410.417244
588.542155 406.949349
586.539965 403.481455
585.038323 400.880534
584.037228 399.146586
583.036133 397.412639
582.535585 396.545666
581.534490 394.811718
581.033943 393.944745
580.533395 393.077771
580.032848 392.210797
577.029563 387.008955
576.529016 386.141982
575.527921 384.408035
574.026278 381.807114
573.525731 380.940140
573.025183 380.073166
571.523541 377.472245
571.022994 376.605272
570.522446 375.738298
570.021899 374.871325
569.521351 374.004351
568.520256 372.270404
567.519161 370.536456
567.018614 369.669483
566.518066 368.802509
565.016424 366.201588
564.515876 365.334614
564.015329 364.467641
563.514782 363.600667
563.014234 362.733694
562.513687 361.866720
562.013139 360.999746
561.512592 360.132773
561.012044 359.265799
560.010949 357.531852
559.510402 356.664878
558.509307 354.930931
557.508212 353.196983
556.507117 351.463036
555.506022 349.729089
554.504927 347.995142
554.004380 347.128168
551.501642 342.793300
551.001095 341.926326
550.000000 340.192379
550.000000 340.192379
548.498358 342.793300
547.997810 343.660273
546.996715 345.394221
546.496168 346.261194
545.495073 347.995142
544.994525 348.862115
543.993430 350.596063
542.992335 352.330010
542.491788 353.196983
541.991241 354.063957
539.989051 357.531852
539.488503 358.398825
536.485218 363.600667
535.984671 364.467641
535.484124 365.334614
534.983576 366.201588
534.483029 367.068562
533.982481 367.935535
532.480839 370.536456
528.977006 376.605272
526.474269 380.940140
525.973722 381.807114
524.972627 383.541061
523.971532 385.275008
523.470984 386.141982
522.469889 387.875929
521.969342 388.742903
521.468794 389.609876
520.467700 391.343824
519.967152 392.210797
518.966057 393.944745
518.465510 394.811718
516.963867 397.412639
515.962772 399.146586
515.462225 400.013560
514.961677 400.880534
514.461130 401.747507
510.456750 408.683297
509.956203 409.550270
509.455655 410.417244
508.955108 411.284217
508.454560 412.151191
507.453465 413.885138
506.952918 414.752112
505.951823 416.486059
505.451276 417.353033
504.950728 418.220007
503.949633 419.953954
502.948538 421.687901
502.447991 422.554875
501.947443 423.421848
501.446896 424.288822
498.443611 429.490664
497.943064 430.357638
496.941969 432.091585
496.441421 432.958558
495.940874 433.825532
494.939779 435.559479
494.439231 436.426453
493.938684 437.293427
493.438136 438.160400
491.936494 440.761321
491.435947 441.628295
490.935399 442.495269
489.433757 445.096189
488.432662 446.830137
487.431567 448.564084
486.931019 449.431058
486.430472 450.298031
485.429377 452.031979
484.428282 453.765926
483.927735 454.632899
482.926640 456.366847
481.925545 458.100794
481.424997 458.967768
479.422807 462.435662
478.922260 463.302636
478.421712 464.169610
477.420618 465.903557
476.920070 466.770530
475.918975 468.504478
474.417333 471.105399
473.916785 471.972372
473.416238 472.839346
472.415143 474.573293
471.414048 476.307241
470.412953 478.041188
469.912406 478.908161
469.411858 479.775135
468.911311 480.642109
467.910216 482.376056
466.909121 484.110003
466.408573 484.976977
465.908026 485.843951
465.407478 486.710924
464.906931 487.577898
463.905836 489.311845
462.404194 491.912766
461.403099 493.646713
460.402004 495.380661
459.901456 496.247634
458.399814 498.848555
457.899266 499.715529
456.397624 502.316450
455.897077 503.183423
455.396529 504.050397
454.895982 504.917371
454.395434 505.784344
452.893792 508.385265
451.892697 510.119213
450.891602 511.853160
450.391054 512.720133
449.389960 514.454081
448.889412 515.321054
445.886127 520.522896
445.385580 521.389870
444.384485 523.123817
443.383390 524.857764
442.882842 525.724738
441.881748 527.458685
441.381200 528.325659
440.880653 529.192633
439.879558 530.926580
439.379010 531.793554
436.375725 536.995395
435.875178 537.862369
435.374631 538.729343
434.373536 540.463290
433.372441 542.197237
432.371346 543.931185
431.370251 545.665132
430.869703 546.532105
430.369156 547.399079
429.368061 549.133026
428.867513 550.000000
428.867513 550.000000
426.862224 550.000000
424.856934 550.000000
422.851644 550.000000
415.833130 550.000000
411.822551 550.000000
408.814616 550.000000
405.806682 550.000000
404.804037 550.000000
401.796102 550.000000
399.790813 550.000000
396.782878 550.000000
394.777588 550.000000
392.772299 550.000000
391.769654 550.000000
390.767009 550.000000
386.756429 550.000000
385.753785 550.000000
383.748495 550.000000
382.745850 550.000000
381.743205 550.000000
378.735271 550.000000
377.732626 550.000000
376.729981 550.000000
375.727336 550.000000
371.716757 550.000000
370.714112 550.000000
368.708822 550.000000
366.703532 550.000000
365.700887 550.000000
363.695598 550.000000
362.692953 550.000000
358.682373 550.000000
352.666504 550.000000
351.663859 550.000000
345.647990 550.000000
344.645345 550.000000
338.629476 550.000000
336.624187 550.000000
335.621542 550.000000
334.618897 550.000000
333.616252 550.000000
332.613607 550.000000
331.610962 550.000000
330.608317 550.000000
329.605673 550.000000
328.603028 550.000000
325.595093 550.000000
324.592448 550.000000
323.589803 550.000000
321.584514 550.000000
320.581869 550.000000
319.579224 550.000000
316.571289 550.000000
314.566000 550.000000
312.560710 550.000000
310.555420 550.000000
308.550130 550.000000
306.544841 550.000000
302.534261 550.000000
301.531616 550.000000
299.526327 550.000000
298.523682 550.000000
297.521037 550.000000
295.515747 550.000000
294.513102 550.000000
293.510458 550.000000
291.505168 550.000000
290.502523 550.000000
289.499878 550.000000
288.497233 550.000000
286.491944 550.000000
284.486654 550.000000
283.484009 550.000000
282.481364 550.000000
281.478719 550.000000
280.476074 550.000000
279.473430 550.000000
276.465495 550.000000
275.462850 550.000000
273.457560 550.000000
272.454916 550.000000
271.452271 550.000000
269.446981 550.000000
267.441691 550.000000
266.439046 550.000000
264.433757 550.000000
258.417888 550.000000
257.415243 550.000000
256.412598 550.000000
252.402018 550.000000
251.399374 550.000000
249.394084 550.000000
248.391439 550.000000
246.386149 550.000000
245.383504 550.000000
244.380860 550.000000
240.370280 550.000000
239.367635 550.000000
237.362346 550.000000
236.359701 550.000000
233.351766 550.000000
231.346476 550.000000
228.338542 550.000000
226.333252 550.000000
223.325318 550.000000
222.322673 550.000000
221.320028 550.000000
220.317383 550.000000
219.314738 550.000000
216.306804 550.000000
213.298869 550.000000
212.296224 550.000000
210.290934 550.000000
209.288290 550.000000
208.285645 550.000000
207.283000 550.000000
206.280355 550.000000
202.269776 550.000000
200.264486 550.000000
197.256551 550.000000
195.251262 550.000000
190.238037 550.000000
187.230103 550.000000
186.227458 550.000000
185.224813 550.000000
183.219523 550.000000
179.208944 550.000000
178.206299 550.000000
176.201009 550.000000
175.198364 550.000000
174.195720 550.000000
172.190430 550.000000
167.177205 550.000000
165.171916 550.000000
163.166626 550.000000
162.163981 550.000000
161.161336 550.000000
158.153402 550.000000
156.148112 550.000000
155.145467 550.000000
154.142822 550.000000
152.137533 550.000000
149.129598 550.000000
148.126953 550.000000
147.124308 550.000000
146.121663 550.000000
140.105794 550.000000
139.103149 550.000000
136.095215 550.000000
135.092570 550.000000
133.087280 550.000000
132.084635 550.000000
129.076701 550.000000
126.068766 550.000000
119.050252 550.000000
118.047607 550.000000
117.044963 550.000000
116.042318 550.000000
114.037028 550.000000
112.031738 550.000000
110.026449 550.000000
104.010579 550.000000
