1220
102.000978 450.000000
103.001467 450.000000
104.001956 450.000000
108.003911 450.000000
110.004889 450.000000
111.005378 450.000000
112.005867 450.000000
113.006355 450.000000
115.007333 450.000000
116.007822 450.000000
121.010266 450.000000
122.010755 450.000000
125.012222 450.000000
126.012711 450.000000
127.013200 450.000000
129.014178 450.000000
131.015155 450.000000
133.016133 450.000000
134.016622 450.000000
139.019066 450.000000
141.020044 450.000000
147.022977 450.000000
150.024444 450.000000
152.025422 450.000000
154.026400 450.000000
158.028355 450.000000
159.028844 450.000000
163.030799 450.000000
164.031288 450.000000
166.032266 450.000000
167.032755 450.000000
169.033733 450.000000
173.035688 450.000000
174.036177 450.000000
175.036666 450.000000
180.039110 450.000000
182.040088 450.000000
184.041066 450.000000
186.042044 450.000000
187.042533 450.000000
190.043999 450.000000
191.044488 450.000000
193.045466 450.000000
194.045955 450.000000
196.046933 450.000000
202.049866 450.000000
203.050355 450.000000
205.051332 450.000000
209.053288 450.000000
210.053777 450.000000
211.054266 450.000000
214.055732 450.000000
215.056221 450.000000
216.056710 450.000000
218.057688 450.000000
219.058177 450.000000
222.059643 450.000000
223.060132 450.000000
224.060621 450.000000
225.061110 450.000000
227.062088 450.000000
228.062577 450.000000
235.065999 450.000000
238.067465 450.000000
243.069910 450.000000
244.070399 450.000000
252.074310 450.000000
255.075776 450.000000
258.077243 450.000000
262.079199 450.000000
263.079687 450.000000
264.080176 450.000000
265.080665 450.000000
266.081154 450.000000
267.081643 450.000000
269.082621 450.000000
270.083110 450.000000
271.083599 450.000000
273.084576 450.000000
275.085554 450.000000
276.086043 450.000000
277.086532 450.000000
279.087510 450.000000
282.088976 450.000000
283.089465 450.000000
285.090443 450.000000
286.090932 450.000000
287.091421 450.000000
289.092398 450.000000
290.092887 450.000000
299.097287 450.000000
302.098754 450.000000
308.101687 450.000000
309.102176 450.000000
313.104131 450.000000
317.106087 450.000000
318.106576 450.000000
322.108531 450.000000
323.109020 450.000000
324.109509 450.000000
325.109998 450.000000
326.110487 450.000000
331.112931 450.000000
333.113909 450.000000
336.115376 450.000000
337.115865 450.000000
338.116353 450.000000
347.120753 450.000000
348.121242 450.000000
353.123687 450.000000
354.124176 450.000000
355.124664 450.000000
356.125153 450.000000
357.125642 450.000000
360.127109 450.000000
362.128087 450.000000
365.129553 450.000000
370.131998 450.000000
371.132487 450.000000
372.635575 447.396575
373.637634 445.660958
374.138663 444.793149
375.140722 443.057532
375.641752 442.189724
376.142781 441.321915
376.643810 440.454107
377.645869 438.718490
378.146899 437.850682
378.647928 436.982873
380.151017 434.379448
382.656164 430.040405
383.658223 428.304788
384.660282 426.569172
385.161311 425.701363
386.163370 423.965746
386.664399 423.097938
387.165429 422.230129
388.668517 419.626704
389.169547 418.758895
390.672635 416.155470
393.177782 411.816428
393.678812 410.948619
394.179841 410.080811
394.680871 409.213002
395.181900 408.345194
397.687047 404.006151
398.689106 402.270535
400.192195 399.667109
402.196312 396.195875
403.699401 393.592450
404.701460 391.856833
409.210725 384.046557
409.711754 383.178748
411.214842 380.575323
412.216901 378.839706
413.218960 377.104089
413.719990 376.236281
414.221019 375.368472
414.722049 374.500664
415.724108 372.765047
416.225137 371.897238
417.227196 370.161621
417.728225 369.293813
421.235431 363.219154
421.736461 362.351345
425.243667 356.276686
427.247785 352.805452
427.748814 351.937644
428.249844 351.069835
428.750873 350.202027
429.752932 348.466410
431.256020 345.862984
432.759109 343.259559
434.262197 340.656134
434.763227 339.788325
435.264256 338.920517
435.765286 338.052708
436.767344 336.317091
437.268374 335.449283
437.769403 334.581474
441.276609 328.506815
442.278668 326.771198
442.779698 325.903390
443.280727 325.035581
444.282786 323.299964
444.783816 322.432156
446.286904 319.828731
448.291022 316.357497
448.792051 315.489688
449.794110 313.754071
452.800287 308.547221
454.303375 305.943795
455.305434 304.208178
455.806464 303.340370
456.307493 302.472561
456.808522 301.604753
457.810581 299.869136
459.313670 297.265711
460.315729 295.530094
460.816758 294.662285
461.317787 293.794477
461.818817 292.926668
463.321905 290.323243
463.822935 289.455434
464.323964 288.587626
466.328082 285.116392
469.835288 279.041733
471.338376 276.438307
473.342494 272.967074
474.344553 271.231457
474.845583 270.363648
475.847641 268.628031
476.348671 267.760223
479.354848 262.553372
479.855877 261.685564
482.361024 257.346521
484.365142 253.875287
484.866172 253.007479
485.367201 252.139671
485.868230 251.271862
486.870289 249.536245
487.371319 248.668437
487.872348 247.800628
488.874407 246.065011
489.375437 245.197203
489.876466 244.329394
490.377496 243.461586
492.381613 239.990352
492.882643 239.122544
495.387790 234.783501
496.890878 232.180076
497.391908 231.312267
497.892937 230.444459
498.894996 228.708842
499.897055 226.973225
500.899114 225.237608
501.400143 224.369800
502.402202 222.634183
503.404261 220.898566
503.905291 220.030757
504.406320 219.162949
505.408379 217.427332
507.913526 213.088290
509.917644 209.617056
510.919703 207.881439
511.921762 206.145822
512.923821 204.410205
514.426909 201.806780
514.927939 200.938971
515.428968 200.071163
516.431027 198.335546
516.932056 197.467737
518.936174 193.996504
520.439262 191.393078
521.942351 188.789653
524.948528 183.582802
525.950586 181.847185
528.455734 177.508143
529.958822 174.904717
530.960881 173.169100
531.461910 172.301292
531.962940 171.433484
532.463969 170.565675
533.466028 168.830058
533.967058 167.962250
534.468087 167.094441
534.969117 166.226633
535.470146 165.358824
535.971175 164.491016
536.472205 163.623207
536.973234 162.755399
539.478382 158.416357
541.983529 154.077314
542.985588 152.341697
543.486617 151.473889
544.989706 148.870463
548.496912 142.795804
550.000000 140.192379
550.000000 140.192379
550.501029 141.060187
551.002059 141.927996
551.503088 142.795804
552.004118 143.663613
552.505147 144.531421
553.006177 145.399230
554.008236 147.134847
555.010294 148.870463
556.513383 151.473889
557.014412 152.341697
558.517501 154.945123
560.020589 157.548548
562.024707 161.019782
562.525736 161.887590
563.026766 162.755399
564.028825 164.491016
564.529854 165.358824
565.531913 167.094441
566.533972 168.830058
568.037060 171.433484
568.538090 172.301292
572.045296 178.375951
574.049414 181.847185
575.552502 184.450610
577.556620 187.921844
578.057649 188.789653
578.558679 189.657461
579.560738 191.393078
581.063826 193.996504
581.564855 194.864312
583.067944 197.467737
583.568973 198.335546
587.577209 205.278014
588.579268 207.013630
590.583385 210.484864
591.585444 212.220481
593.589562 215.691715
594.090592 216.559524
595.092650 218.295140
597.597798 222.634183
598.098827 223.501991
598.599857 224.369800
600.102945 226.973225
601.105004 228.708842
603.610151 233.047884
604.111181 233.915693
607.117357 239.122544
607.618387 239.990352
610.624563 245.197203
611.626622 246.932820
612.127652 247.800628
613.630740 250.404054
614.131770 251.271862
615.133828 253.007479
617.137946 256.478713
618.140005 258.214330
618.641035 259.082138
620.144123 261.685564
620.645152 262.553372
621.647211 264.288989
622.148241 265.156797
623.150300 266.892414
623.651329 267.760223
625.154417 270.363648
625.655447 271.231457
626.657506 272.967074
627.659565 274.702691
628.661624 276.438307
629.663682 278.173924
631.166771 280.777350
632.168830 282.512967
633.170889 284.248584
633.671918 285.116392
636.177065 289.455434
637.179124 291.191051
637.680154 292.058860
640.185301 296.397902
641.688389 299.001328
644.694566 304.208178
645.195595 305.075987
646.197654 306.811604
646.698684 307.679412
648.201772 310.282838
650.706919 314.621880
651.207949 315.489688
652.210008 317.225305
653.713096 319.828731
654.214125 320.696539
656.218243 324.167773
656.719273 325.035581
657.721332 326.771198
659.224420 329.374624
659.725449 330.242432
660.727508 331.978049
661.228538 332.845858
663.733685 337.184900
665.236773 339.788325
666.739862 342.391751
667.240891 343.259559
668.242950 344.995176
668.743980 345.862984
669.245009 346.730793
670.748097 349.334218
671.249127 350.202027
673.754274 354.541069
676.259421 358.880111
678.764569 363.219154
680.768686 366.690388
681.770745 368.426005
682.271775 369.293813
682.772804 370.161621
684.275892 372.765047
685.277951 374.500664
685.778981 375.368472
688.785158 380.575323
689.286187 381.443131
691.290305 384.914365
692.793393 387.517791
693.795452 389.253408
694.797511 390.989025
695.799570 392.724641
696.300599 393.592450
699.807805 399.667109
700.308835 400.534918
700.809864 401.402726
701.310894 402.270535
701.811923 403.138343
703.816041 406.609577
705.319129 409.213002
706.822218 411.816428
708.826335 415.287661
709.327365 416.155470
710.830453 418.758895
711.832512 420.494512
712.333542 421.362321
713.335601 423.097938
713.836630 423.965746
714.838689 425.701363
716.341777 428.304788
716.842807 429.172597
717.343836 430.040405
718.846924 432.643831
719.347954 433.511639
719.848983 434.379448
720.350013 435.247256
722.354131 438.718490
722.855160 439.586298
723.356190 440.454107
723.857219 441.321915
724.358248 442.189724
724.859278 443.057532
725.360307 443.925341
725.861337 444.793149
726.863396 446.528766
728.366484 449.132192
728.867513 450.000000
731.868980 450.000000
732.869469 450.000000
733.869958 450.000000
734.870447 450.000000
735.870936 450.000000
736.871425 450.000000
737.871913 450.000000
738.872402 450.000000
739.872891 450.000000
740.873380 450.000000
741.873869 450.000000
745.875824 450.000000
747.876802 450.000000
750.878269 450.000000
753.879735 450.000000
754.880224 450.000000
756.881202 450.000000
758.882180 450.000000
760.883158 450.000000
765.885602 450.000000
766.886091 450.000000
767.886580 450.000000
768.887069 450.000000
772.889024 450.000000
776.890980 450.000000
777.891469 450.000000
782.893913 450.000000
785.895380 450.000000
788.896846 450.000000
789.897335 450.000000
790.897824 450.000000
791.898313 450.000000
792.898802 450.000000
795.900268 450.000000
797.901246 450.000000
798.901735 450.000000
800.902713 450.000000
801.903202 450.000000
805.905157 450.000000
807.906135 450.000000
808.906624 450.000000
811.908091 450.000000
812.908579 450.000000
813.909068 450.000000
815.910046 450.000000
817.911024 450.000000
818.911513 450.000000
819.912002 450.000000
820.912490 450.000000
823.913957 450.000000
825.914935 450.000000
826.915424 450.000000
827.915913 450.000000
828.916401 450.000000
830.917379 450.000000
833.918846 450.000000
834.919335 450.000000
835.919824 450.000000
838.921290 450.000000
839.921779 450.000000
840.922268 450.000000
842.923246 450.000000
843.923735 450.000000
844.924224 450.000000
845.924712 450.000000
849.926668 450.000000
852.928135 450.000000
853.928623 450.000000
854.929112 450.000000
855.929601 450.000000
856.930090 450.000000
857.930579 450.000000
859.931557 450.000000
860.932046 450.000000
861.932535 450.000000
863.933512 450.000000
864.934001 450.000000
869.936446 450.000000
870.936934 450.000000
873.938401 450.000000
875.939379 450.000000
876.939868 450.000000
881.942312 450.000000
884.943779 450.000000
886.944757 450.000000
889.946223 450.000000
891.947201 450.000000
892.947690 450.000000
894.948668 450.000000
897.950134 450.000000
901.952090 450.000000
902.952579 450.000000
903.953067 450.000000
904.953556 450.000000
905.954045 450.000000
906.954534 450.000000
907.955023 450.000000
908.955512 450.000000
910.956490 450.000000
918.960401 450.000000
924.963334 450.000000
925.963823 450.000000
929.965778 450.000000
933.967734 450.000000
935.968712 450.000000
937.969689 450.000000
940.971156 450.000000
941.971645 450.000000
944.973112 450.000000
945.973600 450.000000
946.974089 450.000000
947.974578 450.000000
950.976045 450.000000
951.976534 450.000000
954.978000 450.000000
959.980445 450.000000
960.980934 450.000000
965.983378 450.000000
966.983867 450.000000
972.986800 450.000000
973.987289 450.000000
974.987778 450.000000
975.988267 450.000000
976.988756 450.000000
977.989245 450.000000
978.989734 450.000000
979.990222 450.000000
980.990711 450.000000
982.991689 450.000000
984.992667 450.000000
988.994622 450.000000
990.995600 450.000000
991.996089 450.000000
992.996578 450.000000
993.997067 450.000000
994.997556 450.000000
1000.000000 450.000000
1000.000000 450.000000
1000.000000 451.000000
1000.000000 452.000000
1000.000000 453.000000
1000.000000 454.000000
1000.000000 455.000000
1000.000000 457.000000
1000.000000 458.000000
1000.000000 459.000000
1000.000000 460.000000
1000.000000 461.000000
1000.000000 463.000000
1000.000000 464.000000
1000.000000 465.000000
1000.000000 466.000000
1000.000000 467.000000
1000.000000 468.000000
1000.000000 469.000000
1000.000000 470.000000
1000.000000 471.000000
1000.000000 472.000000
1000.000000 474.000000
1000.000000 475.000000
1000.000000 477.000000
1000.000000 478.000000
1000.000000 479.000000
1000.000000 480.000000
1000.000000 481.000000
1000.000000 482.000000
1000.000000 483.000000
1000.000000 484.000000
1000.000000 485.000000
1000.000000 486.000000
1000.000000 487.000000
1000.000000 488.000000
1000.000000 489.000000
1000.000000 490.000000
1000.000000 491.000000
1000.000000 493.000000
1000.000000 496.000000
1000.000000 497.000000
1000.000000 498.000000
1000.000000 500.000000
1000.000000 501.000000
1000.000000 502.000000
1000.000000 503.000000
1000.000000 504.000000
1000.000000 505.000000
1000.000000 506.000000
1000.000000 507.000000
1000.000000 508.000000
1000.000000 509.000000
1000.000000 510.000000
1000.000000 511.000000
1000.000000 512.000000
1000.000000 513.000000
1000.000000 515.000000
1000.000000 516.000000
1000.000000 517.000000
1000.000000 518.000000
1000.000000 519.000000
1000.000000 520.000000
1000.000000 521.000000
1000.000000 522.000000
1000.000000 523.000000
1000.000000 524.000000
1000.000000 525.000000
1000.000000 526.000000
1000.000000 527.000000
1000.000000 528.000000
1000.000000 529.000000
1000.000000 530.000000
1000.000000 531.000000
1000.000000 532.000000
1000.000000 533.000000
1000.000000 534.000000
1000.000000 535.000000
1000.000000 536.000000
1000.000000 537.000000
1000.000000 538.000000
1000.000000 540.000000
1000.000000 541.000000
1000.000000 542.000000
1000.000000 543.000000
1000.000000 544.000000
1000.000000 545.000000
1000.000000 546.000000
1000.000000 548.000000
1000.000000 549.000000
1000.000000 550.000000
996.992065 550.000000
995.989421 550.000000
993.984131 550.000000
992.981486 550.000000
991.978841 550.000000
990.976196 550.000000
989.973551 550.000000
986.965617 550.000000
984.960327 550.000000
982.955037 550.000000
979.947103 550.000000
978.944458 550.000000
977.941813 550.000000
976.939168 550.000000
975.936523 550.000000
974.933879 550.000000
973.931234 550.000000
972.928589 550.000000
971.925944 550.000000
970.923299 550.000000
968.918009 550.000000
964.907430 550.000000
963.904785 550.000000
962.902140 550.000000
961.899495 550.000000
960.896851 550.000000
952.875692 550.000000
948.865112 550.000000
945.857178 550.000000
944.854533 550.000000
943.851888 550.000000
942.849243 550.000000
940.843953 550.000000
939.841309 550.000000
937.836019 550.000000
934.828084 550.000000
932.822795 550.000000
931.820150 550.000000
930.817505 550.000000
928.812215 550.000000
927.809570 550.000000
926.806925 550.000000
922.796346 550.000000
919.788411 550.000000
915.777832 550.000000
912.769897 550.000000
907.756673 550.000000
905.751383 550.000000
901.740804 550.000000
900.738159 550.000000
898.732869 550.000000
897.730224 550.000000
896.727580 550.000000
892.717000 550.000000
884.695841 550.000000
883.693196 550.000000
881.687907 550.000000
879.682617 550.000000
878.679972 550.000000
877.677327 550.000000
875.672038 550.000000
873.666748 550.000000
871.661458 550.000000
864.642944 550.000000
862.637654 550.000000
861.635010 550.000000
858.627075 550.000000
857.624430 550.000000
853.613851 550.000000
852.611206 550.000000
851.608561 550.000000
845.592692 550.000000
844.590047 550.000000
843.587402 550.000000
842.584757 550.000000
840.579468 550.000000
839.576823 550.000000
836.568888 550.000000
835.566243 550.000000
833.560954 550.000000
832.558309 550.000000
829.550374 550.000000
826.542440 550.000000
824.537150 550.000000
822.531860 550.000000
820.526570 550.000000
818.521281 550.000000
815.513346 550.000000
812.505412 550.000000
810.500122 550.000000
808.494832 550.000000
807.492187 550.000000
804.484253 550.000000
799.471028 550.000000
797.465739 550.000000
795.460449 550.000000
790.447225 550.000000
789.444580 550.000000
784.431356 550.000000
781.423421 550.000000
780.420776 550.000000
778.415486 550.000000
776.410197 550.000000
775.407552 550.000000
774.404907 550.000000
773.402262 550.000000
772.399617 550.000000
770.394327 550.000000
767.386393 550.000000
766.383748 550.000000
765.381103 550.000000
760.367879 550.000000
758.362589 550.000000
756.357299 550.000000
755.354655 550.000000
754.352010 550.000000
751.344075 550.000000
750.341430 550.000000
749.338785 550.000000
748.336141 550.000000
744.325561 550.000000
743.322916 550.000000
739.312337 550.000000
736.304402 550.000000
731.291178 550.000000
728.283243 550.000000
723.270019 550.000000
721.264729 550.000000
717.254150 550.000000
716.251505 550.000000
715.248860 550.000000
712.240926 550.000000
710.235636 550.000000
705.222412 550.000000
701.211832 550.000000
700.209187 550.000000
699.206543 550.000000
697.201253 550.000000
694.193318 550.000000
692.188029 550.000000
688.177449 550.000000
685.169515 550.000000
681.158935 550.000000
680.156290 550.000000
677.148356 550.000000
676.145711 550.000000
675.143066 550.000000
672.135131 550.000000
671.132487 550.000000
670.631939 549.133026
670.131392 548.266053
669.630844 547.399079
669.130297 546.532105
668.629749 545.665132
668.129202 544.798158
667.628654 543.931185
667.128107 543.064211
665.626464 540.463290
664.625369 538.729343
664.124822 537.862369
663.624275 536.995395
663.123727 536.128422
662.623180 535.261448
661.121537 532.660527
660.120442 530.926580
659.619895 530.059606
659.119347 529.192633
657.117158 525.724738
656.616610 524.857764
655.114968 522.256843
654.614420 521.389870
654.113873 520.522896
653.613325 519.655923
649.608946 512.720133
648.107303 510.119213
647.606756 509.252239
647.106208 508.385265
645.604566 505.784344
645.104018 504.917371
644.603471 504.050397
642.100734 499.715529
640.599091 497.114608
638.596901 493.646713
638.096354 492.779740
637.595806 491.912766
634.592522 486.710924
634.091974 485.843951
633.591427 484.976977
633.090879 484.110003
632.590332 483.243030
632.089784 482.376056
631.589237 481.509082
631.088689 480.642109
629.587047 478.041188
629.086499 477.174214
628.085405 475.440267
626.583762 472.839346
624.581572 469.371451
622.078835 465.036583
621.578288 464.169610
621.077740 463.302636
620.577193 462.435662
619.075550 459.834741
618.575003 458.967768
618.074455 458.100794
617.073360 456.366847
616.572813 455.499873
614.070076 451.165005
613.569528 450.298031
613.068981 449.431058
611.567338 446.830137
611.066791 445.963163
608.564053 441.628295
607.562958 439.894348
607.062411 439.027374
606.561864 438.160400
605.560769 436.426453
603.558579 432.958558
601.556389 429.490664
599.554199 426.022769
599.053652 425.155796
598.553104 424.288822
598.052557 423.421848
597.552009 422.554875
597.051462 421.687901
596.550914 420.820927
596.050367 419.953954
594.048177 416.486059
593.047082 414.752112
592.546535 413.885138
592.045987 413.018165
590.544345 410.417244
590.043797 409.550270
588.041607 406.082376
587.541060 405.215402
586.039417 402.614481
585.038323 400.880534
584.037228 399.146586
583.536680 398.279613
582.035038 395.678692
581.534490 394.811718
581.033943 393.944745
578.531206 389.609876
578.030658 388.742903
577.029563 387.008955
576.028468 385.275008
573.025183 380.073166
572.524636 379.206193
571.022994 376.605272
570.522446 375.738298
569.521351 374.004351
569.020804 373.137377
568.520256 372.270404
568.019709 371.403430
567.519161 370.536456
567.018614 369.669483
566.017519 367.935535
565.516971 367.068562
565.016424 366.201588
563.014234 362.733694
562.513687 361.866720
561.512592 360.132773
559.510402 356.664878
559.009854 355.797904
557.007665 352.330010
556.507117 351.463036
555.506022 349.729089
555.005475 348.862115
554.504927 347.995142
553.503832 346.261194
553.003285 345.394221
552.502737 344.527247
551.001095 341.926326
550.000000 340.192379
549.499453 341.059353
548.498358 342.793300
546.996715 345.394221
546.496168 346.261194
544.994525 348.862115
542.992335 352.330010
542.491788 353.196983
541.991241 354.063957
541.490693 354.930931
540.990146 355.797904
540.489598 356.664878
539.488503 358.398825
538.987956 359.265799
536.985766 362.733694
535.984671 364.467641
535.484124 365.334614
534.983576 366.201588
534.483029 367.068562
533.481934 368.802509
532.480839 370.536456
530.979196 373.137377
529.978101 374.871325
529.477554 375.738298
526.474269 380.940140
525.473174 382.674087
524.472079 384.408035
522.469889 387.875929
521.969342 388.742903
521.468794 389.609876
520.968247 390.476850
520.467700 391.343824
519.967152 392.210797
519.466605 393.077771
518.966057 393.944745
517.464415 396.545666
516.463320 398.279613
515.462225 400.013560
514.961677 400.880534
513.960583 402.614481
513.460035 403.481455
512.959488 404.348428
512.458940 405.215402
511.958393 406.082376
511.457845 406.949349
510.456750 408.683297
509.956203 409.550270
509.455655 410.417244
508.955108 411.284217
507.954013 413.018165
507.453465 413.885138
506.452371 415.619086
505.951823 416.486059
505.451276 417.353033
504.950728 418.220007
504.450181 419.086980
503.449086 420.820927
502.948538 421.687901
502.447991 422.554875
501.947443 423.421848
501.446896 424.288822
500.445801 426.022769
499.945253 426.889743
499.444706 427.756717
498.443611 429.490664
497.943064 430.357638
494.939779 435.559479
494.439231 436.426453
493.438136 438.160400
492.937589 439.027374
492.437042 439.894348
491.936494 440.761321
490.935399 442.495269
490.434852 443.362242
489.433757 445.096189
488.933209 445.963163
487.932114 447.697110
487.431567 448.564084
486.931019 449.431058
486.430472 450.298031
485.929924 451.165005
485.429377 452.031979
484.928830 452.898952
484.428282 453.765926
483.927735 454.632899
482.926640 456.366847
482.426092 457.233820
481.925545 458.100794
481.424997 458.967768
480.924450 459.834741
478.421712 464.169610
477.921165 465.036583
475.418428 469.371451
474.917880 470.238425
471.414048 476.307241
469.411858 479.775135
468.911311 480.642109
468.410763 481.509082
467.910216 482.376056
467.409668 483.243030
466.909121 484.110003
466.408573 484.976977
464.906931 487.577898
464.406383 488.444871
463.905836 489.311845
463.405289 490.178819
462.404194 491.912766
461.403099 493.646713
460.902551 494.513687
460.402004 495.380661
459.901456 496.247634
459.400909 497.114608
458.399814 498.848555
457.899266 499.715529
456.397624 502.316450
454.895982 504.917371
452.393244 509.252239
451.392149 510.986186
450.391054 512.720133
446.386675 519.655923
445.886127 520.522896
445.385580 521.389870
444.885032 522.256843
444.384485 523.123817
443.883937 523.990791
441.881748 527.458685
441.381200 528.325659
440.380105 530.059606
439.879558 530.926580
439.379010 531.793554
436.876273 536.128422
434.373536 540.463290
433.372441 542.197237
432.871893 543.064211
430.869703 546.532105
430.369156 547.399079
429.868608 548.266053
428.867513 550.000000
427.864869 550.000000
425.859579 550.000000
424.856934 550.000000
420.846355 550.000000
419.843710 550.000000
416.835775 550.000000
413.827841 550.000000
412.825196 550.000000
410.819906 550.000000
409.817261 550.000000
407.811971 550.000000
406.809327 550.000000
400.793457 550.000000
399.790813 550.000000
395.780233 550.000000
390.767009 550.000000
388.761719 550.000000
387.759074 550.000000
386.756429 550.000000
383.748495 550.000000
381.743205 550.000000
380.740560 550.000000
379.737915 550.000000
378.735271 550.000000
377.732626 550.000000
376.729981 550.000000
374.724691 550.000000
371.716757 550.000000
370.714112 550.000000
368.708822 550.000000
363.695598 550.000000
361.690308 550.000000
359.685018 550.000000
357.679729 550.000000
356.677084 550.000000
355.674439 550.000000
354.671794 550.000000
352.666504 550.000000
351.663859 550.000000
348.655925 550.000000
346.650635 550.000000
342.640056 550.000000
341.637411 550.000000
340.634766 550.000000
339.632121 550.000000
337.626831 550.000000
334.618897 550.000000
333.616252 550.000000
332.613607 550.000000
328.603028 550.000000
324.592448 550.000000
322.587159 550.000000
320.581869 550.000000
318.576579 550.000000
312.560710 550.000000
310.555420 550.000000
309.552775 550.000000
308.550130 550.000000
306.544841 550.000000
305.542196 550.000000
298.523682 550.000000
295.515747 550.000000
291.505168 550.000000
290.502523 550.000000
289.499878 550.000000
286.491944 550.000000
283.484009 550.000000
282.481364 550.000000
281.478719 550.000000
279.473430 550.000000
277.468140 550.000000
272.454916 550.000000
271.452271 550.000000
270.449626 550.000000
269.446981 550.000000
267.441691 550.000000
266.439046 550.000000
264.433757 550.000000
260.423177 550.000000
253.404663 550.000000
251.399374 550.000000
249.394084 550.000000
248.391439 550.000000
246.386149 550.000000
244.380860 550.000000
242.375570 550.000000
240.370280 550.000000
239.367635 550.000000
229.341187 550.000000
226.333252 550.000000
225.330607 550.000000
223.325318 550.000000
216.306804 550.000000
211.293579 550.000000
206.280355 550.000000
205.277710 550.000000
203.272420 550.000000
202.269776 550.000000
201.267131 550.000000
197.256551 550.000000
196.253906 550.000000
193.245972 550.000000
185.224813 550.000000
184.222168 550.000000
181.214234 550.000000
177.203654 550.000000
176.201009 550.000000
172.190430 550.000000
168.179850 550.000000
167.177205 550.000000
165.171916 550.000000
164.169271 550.000000
163.166626 550.000000
159.156047 550.000000
157.150757 550.000000
155.145467 550.000000
153.140177 550.000000
151.134888 550.000000
150.132243 550.000000
149.129598 550.000000
148.126953 550.000000
146.121663 550.000000
145.119019 550.000000
143.113729 550.000000
142.111084 550.000000
141.108439 550.000000
139.103149 550.000000
138.100505 550.000000
137.097860 550.000000
135.092570 550.000000
134.089925 550.000000
130.079346 550.000000
127.071411 550.000000
124.063477 550.000000
123.060832 550.000000
121.055542 550.000000
120.052897 550.000000
118.047607 550.000000
116.042318 550.000000
113.034383 550.000000
112.031738 550.000000
110.026449 550.000000
108.021159 550.000000
107.018514 550.000000
103.007935 550.000000
102.005290 550.000000
100.000000 550.000000
