880
103.001467 450.000000
107.003422 450.000000
108.003911 450.000000
109.004400 450.000000
110.004889 450.000000
111.005378 450.000000
116.007822 450.000000
117.008311 450.000000
120.009778 450.000000
122.010755 450.000000
123.011244 450.000000
125.012222 450.000000
127.013200 450.000000
129.014178 450.000000
131.015155 450.000000
134.016622 450.000000
139.019066 450.000000
140.019555 450.000000
142.020533 450.000000
144.021511 450.000000
147.022977 450.000000
150.024444 450.000000
152.025422 450.000000
154.026400 450.000000
157.027866 450.000000
158.028355 450.000000
161.029822 450.000000
167.032755 450.000000
169.033733 450.000000
170.034222 450.000000
171.034710 450.000000
174.036177 450.000000
178.038133 450.000000
179.038622 450.000000
180.039110 450.000000
182.040088 450.000000
185.041555 450.000000
186.042044 450.000000
187.042533 450.000000
190.043999 450.000000
193.045466 450.000000
199.048399 450.000000
200.048888 450.000000
203.050355 450.000000
205.051332 450.000000
207.052310 450.000000
208.052799 450.000000
210.053777 450.000000
214.055732 450.000000
218.057688 450.000000
220.058666 450.000000
224.060621 450.000000
226.061599 450.000000
228.062577 450.000000
234.065510 450.000000
237.066977 450.000000
238.067465 450.000000
241.068932 450.000000
243.069910 450.000000
252.074310 450.000000
253.074799 450.000000
256.076265 450.000000
257.076754 450.000000
259.077732 450.000000
262.079199 450.000000
263.079687 450.000000
266.081154 450.000000
267.081643 450.000000
271.083599 450.000000
276.086043 450.000000
279.087510 450.000000
284.089954 450.000000
288.091909 450.000000
289.092398 450.000000
290.092887 450.000000
296.095821 450.000000
299.097287 450.000000
306.100709 450.000000
308.101687 450.000000
309.102176 450.000000
310.102665 450.000000
312.103643 450.000000
313.104131 450.000000
316.105598 450.000000
317.106087 450.000000
318.106576 450.000000
320.107554 450.000000
325.109998 450.000000
327.110976 450.000000
328.111465 450.000000
333.113909 450.000000
337.115865 450.000000
340.117331 450.000000
342.118309 450.000000
345.119776 450.000000
348.121242 450.000000
349.121731 450.000000
351.122709 450.000000
354.124176 450.000000
356.125153 450.000000
358.126131 450.000000
361.127598 450.000000
362.128087 450.000000
367.130531 450.000000
369.131509 450.000000
373.136604 446.528766
373.637634 445.660958
374.639693 443.925341
382.155134 430.908214
383.658223 428.304788
384.159252 427.436980
384.660282 426.569172
385.161311 425.701363
389.169547 418.758895
391.173665 415.287661
392.676753 412.684236
393.177782 411.816428
394.179841 410.080811
397.186018 404.873960
397.687047 404.006151
398.689106 402.270535
402.196312 396.195875
403.198371 394.460258
403.699401 393.592450
405.202489 390.989025
406.705577 388.385599
407.707636 386.649982
409.210725 384.046557
409.711754 383.178748
410.212784 382.310940
411.715872 379.707515
414.221019 375.368472
415.223078 373.632855
417.227196 370.161621
417.728225 369.293813
418.730284 367.558196
419.732343 365.822579
422.237490 361.483537
424.742638 357.144495
426.245726 354.541069
427.247785 352.805452
428.249844 351.069835
429.752932 348.466410
430.253962 347.598601
433.761168 341.523942
437.268374 335.449283
437.769403 334.581474
440.274551 330.242432
441.276609 328.506815
441.777639 327.639007
442.278668 326.771198
442.779698 325.903390
443.781757 324.167773
444.783816 322.432156
445.785875 320.696539
447.789992 317.225305
449.794110 313.754071
450.796169 312.018454
451.798228 310.282838
452.299257 309.415029
452.800287 308.547221
455.305434 304.208178
460.315729 295.530094
460.816758 294.662285
465.326023 286.852009
465.827052 285.984201
467.330141 283.380775
469.835288 279.041733
470.837347 277.306116
471.839406 275.570499
472.841465 273.834882
476.849700 266.892414
477.350730 266.024606
478.853818 263.421181
480.356907 260.817755
483.864113 254.743096
484.866172 253.007479
485.367201 252.139671
487.371319 248.668437
489.876466 244.329394
490.878525 242.593777
495.387790 234.783501
497.892937 230.444459
498.894996 228.708842
504.406320 219.162949
504.907350 218.295140
505.909408 216.559524
506.410438 215.691715
507.412497 213.956098
507.913526 213.088290
508.414556 212.220481
509.917644 209.617056
510.919703 207.881439
511.420732 207.013630
512.923821 204.410205
515.428968 200.071163
517.433086 196.599929
517.934115 195.732120
518.435145 194.864312
519.938233 192.260887
521.942351 188.789653
522.944410 187.054036
525.449557 182.714994
526.451616 180.979377
527.954704 178.375951
528.455734 177.508143
528.956763 176.640334
529.457793 175.772526
530.459851 174.036909
532.964999 169.697867
533.466028 168.830058
535.971175 164.491016
536.472205 163.623207
539.478382 158.416357
540.981470 155.812931
541.482499 154.945123
542.985588 152.341697
545.490735 148.002655
545.991764 147.134847
546.993823 145.399230
548.997941 141.927996
550.000000 140.192379
553.006177 145.399230
557.014412 152.341697
557.515442 153.209506
558.517501 154.945123
559.018530 155.812931
560.521618 158.416357
562.024707 161.019782
563.527795 163.623207
566.032942 167.962250
567.536031 170.565675
569.039119 173.169100
570.542207 175.772526
571.043237 176.640334
575.552502 184.450610
576.554561 186.186227
578.057649 188.789653
580.061767 192.260887
580.562796 193.128695
586.575150 203.542397
587.076179 204.410205
587.577209 205.278014
589.581327 208.749247
591.084415 211.352673
592.086474 213.088290
592.587503 213.956098
596.595739 220.898566
597.597798 222.634183
600.603974 227.841034
602.107063 230.444459
603.109122 232.180076
605.614269 236.519118
612.127652 247.800628
613.630740 250.404054
614.131770 251.271862
615.133828 253.007479
616.636917 255.610904
617.638976 257.346521
622.148241 265.156797
623.150300 266.892414
626.156476 272.099265
627.158535 273.834882
630.164712 279.041733
630.665741 279.909541
632.168830 282.512967
632.669859 283.380775
633.170889 284.248584
634.172948 285.984201
639.684271 295.530094
640.185301 296.397902
641.187360 298.133519
641.688389 299.001328
647.199713 308.547221
651.708978 316.357497
652.210008 317.225305
653.713096 319.828731
657.220302 325.903390
658.723391 328.506815
665.236773 339.788325
670.748097 349.334218
671.249127 350.202027
673.754274 354.541069
674.255303 355.408878
675.257362 357.144495
675.758392 358.012303
678.764569 363.219154
682.772804 370.161621
683.273834 371.029430
683.774863 371.897238
687.282069 377.971898
688.284128 379.707515
689.787216 382.310940
690.288246 383.178748
692.292364 386.649982
696.300599 393.592450
696.801629 394.460258
699.306776 398.799301
701.811923 403.138343
703.315012 405.741768
704.317070 407.477385
704.818100 408.345194
705.820159 410.080811
706.822218 411.816428
707.323247 412.684236
711.331483 419.626704
714.337659 424.833555
714.838689 425.701363
716.842807 429.172597
719.347954 433.511639
719.848983 434.379448
720.350013 435.247256
721.352072 436.982873
723.356190 440.454107
725.360307 443.925341
727.865455 448.264383
728.867513 450.000000
735.870936 450.000000
741.873869 450.000000
743.874847 450.000000
744.875336 450.000000
745.875824 450.000000
748.877291 450.000000
749.877780 450.000000
763.884624 450.000000
775.890491 450.000000
777.891469 450.000000
783.894402 450.000000
784.894891 450.000000
788.896846 450.000000
790.897824 450.000000
791.898313 450.000000
792.898802 450.000000
793.899291 450.000000
797.901246 450.000000
800.902713 450.000000
801.903202 450.000000
802.903691 450.000000
805.905157 450.000000
809.907113 450.000000
812.908579 450.000000
815.910046 450.000000
819.912002 450.000000
821.912979 450.000000
822.913468 450.000000
823.913957 450.000000
825.914935 450.000000
828.916401 450.000000
835.919824 450.000000
837.920801 450.000000
838.921290 450.000000
839.921779 450.000000
841.922757 450.000000
845.924712 450.000000
846.925201 450.000000
847.925690 450.000000
852.928135 450.000000
855.929601 450.000000
858.931068 450.000000
860.932046 450.000000
866.934979 450.000000
868.935957 450.000000
870.936934 450.000000
871.937423 450.000000
878.940845 450.000000
879.941334 450.000000
881.942312 450.000000
884.943779 450.000000
893.948179 450.000000
895.949156 450.000000
899.951112 450.000000
913.957956 450.000000
916.959423 450.000000
917.959912 450.000000
925.963823 450.000000
928.965290 450.000000
929.965778 450.000000
931.966756 450.000000
932.967245 450.000000
935.968712 450.000000
941.971645 450.000000
946.974089 450.000000
948.975067 450.000000
950.976045 450.000000
953.977512 450.000000
957.979467 450.000000
965.983378 450.000000
966.983867 450.000000
969.985334 450.000000
970.985822 450.000000
971.986311 450.000000
975.988267 450.000000
976.988756 450.000000
979.990222 450.000000
980.990711 450.000000
982.991689 450.000000
985.993156 450.000000
986.993645 450.000000
988.994622 450.000000
991.996089 450.000000
993.997067 450.000000
994.997556 450.000000
996.998533 450.000000
997.999022 450.000000
998.999511 450.000000
1000.000000 450.000000
1000.000000 451.000000
1000.000000 452.000000
1000.000000 453.000000
1000.000000 454.000000
1000.000000 455.000000
1000.000000 457.000000
1000.000000 458.000000
1000.000000 461.000000
1000.000000 462.000000
1000.000000 465.000000
1000.000000 466.000000
1000.000000 467.000000
1000.000000 468.000000
1000.000000 470.000000
1000.000000 471.000000
1000.000000 472.000000
1000.000000 473.000000
1000.000000 474.000000
1000.000000 477.000000
1000.000000 481.000000
1000.000000 482.000000
1000.000000 484.000000
1000.000000 486.000000
1000.000000 489.000000
1000.000000 490.000000
1000.000000 491.000000
1000.000000 494.000000
1000.000000 495.000000
1000.000000 496.000000
1000.000000 497.000000
1000.000000 498.000000
1000.000000 499.000000
1000.000000 500.000000
1000.000000 501.000000
1000.000000 502.000000
1000.000000 503.000000
1000.000000 504.000000
1000.000000 505.000000
1000.000000 506.000000
1000.000000 507.000000
1000.000000 509.000000
1000.000000 510.000000
1000.000000 511.000000
1000.000000 513.000000
1000.000000 514.000000
1000.000000 515.000000
1000.000000 518.000000
1000.000000 521.000000
1000.000000 522.000000
1000.000000 523.000000
1000.000000 525.000000
1000.000000 527.000000
1000.000000 528.000000
1000.000000 529.000000
1000.000000 530.000000
1000.000000 532.000000
1000.000000 533.000000
1000.000000 534.000000
1000.000000 535.000000
1000.000000 536.000000
1000.000000 537.000000
1000.000000 538.000000
1000.000000 539.000000
1000.000000 540.000000
1000.000000 541.000000
1000.000000 542.000000
1000.000000 543.000000
1000.000000 544.000000
1000.000000 547.000000
1000.000000 549.000000
1000.000000 550.000000
996.992065 550.000000
992.981486 550.000000
990.976196 550.000000
985.962972 550.000000
984.960327 550.000000
980.949748 550.000000
976.939168 550.000000
974.933879 550.000000
973.931234 550.000000
968.918009 550.000000
964.907430 550.000000
960.896851 550.000000
952.875692 550.000000
951.873047 550.000000
950.870402 550.000000
945.857178 550.000000
939.841309 550.000000
937.836019 550.000000
933.825439 550.000000
932.822795 550.000000
931.820150 550.000000
928.812215 550.000000
925.804280 550.000000
923.798991 550.000000
920.791056 550.000000
917.783122 550.000000
910.764608 550.000000
909.761963 550.000000
908.759318 550.000000
903.746094 550.000000
900.738159 550.000000
897.730224 550.000000
895.724935 550.000000
894.722290 550.000000
887.703776 550.000000
882.690552 550.000000
880.685262 550.000000
877.677327 550.000000
876.674682 550.000000
862.637654 550.000000
860.632365 550.000000
859.629720 550.000000
854.616496 550.000000
851.608561 550.000000
850.605916 550.000000
844.590047 550.000000
836.568888 550.000000
832.558309 550.000000
825.539795 550.000000
824.537150 550.000000
823.534505 550.000000
822.531860 550.000000
821.529215 550.000000
820.526570 550.000000
810.500122 550.000000
804.484253 550.000000
803.481608 550.000000
802.478963 550.000000
801.476318 550.000000
797.465739 550.000000
796.463094 550.000000
792.452514 550.000000
791.449870 550.000000
787.439290 550.000000
786.436645 550.000000
780.420776 550.000000
777.412841 550.000000
775.407552 550.000000
773.402262 550.000000
772.399617 550.000000
768.389038 550.000000
767.386393 550.000000
760.367879 550.000000
759.365234 550.000000
756.357299 550.000000
754.352010 550.000000
750.341430 550.000000
749.338785 550.000000
748.336141 550.000000
740.314982 550.000000
731.291178 550.000000
730.288533 550.000000
728.283243 550.000000
723.270019 550.000000
721.264729 550.000000
718.256795 550.000000
713.243571 550.000000
712.240926 550.000000
710.235636 550.000000
700.209187 550.000000
699.206543 550.000000
698.203898 550.000000
694.193318 550.000000
692.188029 550.000000
684.166870 550.000000
681.158935 550.000000
677.148356 550.000000
676.145711 550.000000
675.143066 550.000000
674.140421 550.000000
673.137776 550.000000
671.132487 550.000000
671.132487 550.000000
668.129202 544.798158
664.625369 538.729343
663.123727 536.128422
661.121537 532.660527
660.620990 531.793554
658.118252 527.458685
657.617705 526.591712
656.116063 523.990791
655.114968 522.256843
654.113873 520.522896
653.613325 519.655923
652.111683 517.055002
651.110588 515.321054
650.109493 513.587107
647.106208 508.385265
646.605661 507.518292
646.105113 506.651318
645.604566 505.784344
644.603471 504.050397
642.601281 500.582502
642.100734 499.715529
641.600186 498.848555
641.099639 497.981582
639.597996 495.380661
638.596901 493.646713
637.095259 491.045792
636.094164 489.311845
633.090879 484.110003
631.088689 480.642109
629.086499 477.174214
628.585952 476.307241
628.085405 475.440267
627.584857 474.573293
624.581572 469.371451
623.580477 467.637504
621.077740 463.302636
619.576098 460.701715
619.075550 459.834741
618.575003 458.967768
616.572813 455.499873
616.072265 454.632899
615.571718 453.765926
613.068981 449.431058
612.568433 448.564084
612.067886 447.697110
611.066791 445.963163
610.566243 445.096189
608.063506 440.761321
607.562958 439.894348
607.062411 439.027374
605.560769 436.426453
604.559674 434.692506
603.058031 432.091585
602.056936 430.357638
600.054747 426.889743
599.053652 425.155796
598.553104 424.288822
598.052557 423.421848
596.050367 419.953954
595.549819 419.086980
594.548724 417.353033
590.544345 410.417244
589.042702 407.816323
588.041607 406.082376
587.040512 404.348428
585.038323 400.880534
581.534490 394.811718
580.032848 392.210797
579.532300 391.343824
578.531206 389.609876
577.530111 387.875929
575.527921 384.408035
571.022994 376.605272
570.522446 375.738298
569.521351 374.004351
569.020804 373.137377
568.019709 371.403430
567.519161 370.536456
567.018614 369.669483
566.518066 368.802509
566.017519 367.935535
565.516971 367.068562
565.016424 366.201588
564.515876 365.334614
563.014234 362.733694
561.012044 359.265799
559.510402 356.664878
559.009854 355.797904
558.509307 354.930931
558.008759 354.063957
557.508212 353.196983
556.507117 351.463036
556.006570 350.596063
555.506022 349.729089
554.504927 347.995142
553.503832 346.261194
553.003285 345.394221
552.502737 344.527247
551.501642 342.793300
550.500547 341.059353
550.000000 340.192379
550.000000 340.192379
548.998905 341.926326
548.498358 342.793300
547.997810 343.660273
545.995620 347.128168
544.493978 349.729089
541.991241 354.063957
538.987956 359.265799
536.985766 362.733694
535.984671 364.467641
534.983576 366.201588
533.481934 368.802509
532.480839 370.536456
531.479744 372.270404
526.474269 380.940140
524.472079 384.408035
523.971532 385.275008
523.470984 386.141982
521.468794 389.609876
520.467700 391.343824
519.466605 393.077771
518.966057 393.944745
518.465510 394.811718
516.463320 398.279613
515.462225 400.013560
514.961677 400.880534
510.456750 408.683297
509.455655 410.417244
508.454560 412.151191
507.954013 413.018165
507.453465 413.885138
506.452371 415.619086
505.451276 417.353033
504.450181 419.086980
501.947443 423.421848
501.446896 424.288822
500.946348 425.155796
498.443611 429.490664
494.939779 435.559479
494.439231 436.426453
492.937589 439.027374
491.936494 440.761321
491.435947 441.628295
490.935399 442.495269
486.931019 449.431058
483.927735 454.632899
482.426092 457.233820
481.925545 458.100794
481.424997 458.967768
480.423902 460.701715
479.422807 462.435662
478.922260 463.302636
475.918975 468.504478
474.917880 470.238425
473.916785 471.972372
473.416238 472.839346
471.414048 476.307241
467.409668 483.243030
466.909121 484.110003
464.906931 487.577898
463.405289 490.178819
459.901456 496.247634
459.400909 497.114608
458.900361 497.981582
458.399814 498.848555
455.396529 504.050397
452.893792 508.385265
452.393244 509.252239
451.392149 510.986186
450.891602 511.853160
449.890507 513.587107
448.889412 515.321054
447.387770 517.921975
446.887222 518.788949
445.385580 521.389870
442.882842 525.724738
442.382295 526.591712
440.380105 530.059606
439.379010 531.793554
438.878463 532.660527
435.374631 538.729343
432.871893 543.064211
432.371346 543.931185
431.870798 544.798158
431.370251 545.665132
430.369156 547.399079
429.368061 549.133026
425.859579 550.000000
423.854289 550.000000
415.833130 550.000000
414.830485 550.000000
410.819906 550.000000
409.817261 550.000000
406.809327 550.000000
405.806682 550.000000
403.801392 550.000000
401.796102 550.000000
398.788168 550.000000
396.782878 550.000000
395.780233 550.000000
390.767009 550.000000
389.764364 550.000000
385.753785 550.000000
383.748495 550.000000
379.737915 550.000000
378.735271 550.000000
373.722046 550.000000
372.719401 550.000000
365.700887 550.000000
363.695598 550.000000
356.677084 550.000000
355.674439 550.000000
354.671794 550.000000
352.666504 550.000000
349.658570 550.000000
344.645345 550.000000
342.640056 550.000000
337.626831 550.000000
336.624187 550.000000
334.618897 550.000000
331.610962 550.000000
330.608317 550.000000
329.605673 550.000000
328.603028 550.000000
325.595093 550.000000
324.592448 550.000000
323.589803 550.000000
316.571289 550.000000
312.560710 550.000000
309.552775 550.000000
299.526327 550.000000
293.510458 550.000000
292.507813 550.000000
290.502523 550.000000
289.499878 550.000000
288.497233 550.000000
281.478719 550.000000
278.470785 550.000000
277.468140 550.000000
274.460205 550.000000
273.457560 550.000000
272.454916 550.000000
266.439046 550.000000
259.420532 550.000000
246.386149 550.000000
245.383504 550.000000
244.380860 550.000000
241.372925 550.000000
239.367635 550.000000
231.346476 550.000000
230.343832 550.000000
227.335897 550.000000
226.333252 550.000000
224.327962 550.000000
222.322673 550.000000
219.314738 550.000000
211.293579 550.000000
207.283000 550.000000
206.280355 550.000000
201.267131 550.000000
200.264486 550.000000
199.261841 550.000000
198.259196 550.000000
194.248617 550.000000
192.243327 550.000000
189.235392 550.000000
187.230103 550.000000
186.227458 550.000000
185.224813 550.000000
183.219523 550.000000
179.208944 550.000000
178.206299 550.000000
175.198364 550.000000
174.195720 550.000000
167.177205 550.000000
164.169271 550.000000
163.166626 550.000000
158.153402 550.000000
155.145467 550.000000
150.132243 550.000000
149.129598 550.000000
146.121663 550.000000
145.119019 550.000000
143.113729 550.000000
141.108439 550.000000
140.105794 550.000000
139.103149 550.000000
135.092570 550.000000
128.074056 550.000000
122.058187 550.000000
120.052897 550.000000
119.050252 550.000000
116.042318 550.000000
115.039673 550.000000
111.029093 550.000000
106.015869 550.000000
105.013224 550.000000
102.005290 550.000000
100.000000 550.000000
