940
100.000000 450.000000
101.000489 450.000000
109.004400 450.000000
110.004889 450.000000
111.005378 450.000000
113.006355 450.000000
118.008800 450.000000
120.009778 450.000000
121.010267 450.000000
125.012222 450.000000
129.014178 450.000000
132.015644 450.000000
134.016622 450.000000
136.017600 450.000000
143.021022 450.000000
145.022000 450.000000
149.023955 450.000000
151.024933 450.000000
154.026400 450.000000
158.028355 450.000000
182.040088 450.000000
187.042533 450.000000
188.043022 450.000000
193.045466 450.000000
194.045955 450.000000
199.048399 450.000000
205.051333 450.000000
210.053777 450.000000
211.054266 450.000000
214.055733 450.000000
215.056221 450.000000
221.059155 450.000000
225.061110 450.000000
227.062088 450.000000
240.068443 450.000000
248.072355 450.000000
252.074310 450.000000
254.075288 450.000000
258.077243 450.000000
263.079688 450.000000
273.084577 450.000000
281.088488 450.000000
282.088977 450.000000
288.091910 450.000000
290.092888 450.000000
297.096310 450.000000
312.103643 450.000000
317.106087 450.000000
321.108043 450.000000
328.111465 450.000000
329.111954 450.000000
330.112443 450.000000
337.115865 450.000000
342.118309 450.000000
347.120754 450.000000
357.125643 450.000000
359.126620 450.000000
360.127109 450.000000
363.128576 450.000000
365.129554 450.000000
371.132487 450.000000
371.635641 449.128511
372.138796 448.257022
372.641950 447.385533
373.145105 446.514044
373.648259 445.642555
374.151414 444.771066
375.660877 442.156599
376.164031 441.285110
377.170340 439.542131
377.673495 438.670642
378.176649 437.799153
378.679803 436.927664
379.182958 436.056175
379.686112 435.184686
380.189267 434.313197
380.692421 433.441708
381.698730 431.698730
382.201884 430.827241
382.705039 429.955752
383.208193 429.084263
383.711348 428.212774
384.214502 427.341285
384.717657 426.469796
385.220811 425.598307
386.227120 423.855329
387.233429 422.112350
388.239738 420.369372
389.749201 417.754905
390.252355 416.883416
390.755510 416.011927
391.258664 415.140438
391.761819 414.268949
392.264973 413.397460
391.762632 412.527380
391.260291 411.657300
389.753269 409.047061
386.236883 402.956501
385.232201 401.216342
384.227519 399.476182
382.720497 396.865942
382.218156 395.995862
379.204111 390.775383
376.190066 385.554904
375.185384 383.814744
373.678362 381.204504
371.668998 377.724185
369.157294 373.373786
368.152612 371.633626
367.147931 369.893466
365.640908 367.283226
364.133886 364.672987
363.129204 362.932827
362.124522 361.192667
361.622181 360.322587
361.119840 359.452508
360.617500 358.582428
358.608136 355.102108
354.087069 347.271389
353.082387 345.531229
352.580046 344.661150
350.570683 341.180830
350.068342 340.310750
349.063660 338.570590
348.561319 337.700511
347.054297 335.090271
345.044933 331.609951
343.537911 328.999712
343.035570 328.129632
342.030888 326.389472
340.523866 323.779232
340.021525 322.909153
339.016843 321.168993
338.514502 320.298913
337.509821 318.558753
336.002798 315.948514
333.491094 311.598114
331.481730 308.117795
329.974708 305.507555
329.472367 304.637475
328.467685 302.897315
327.965345 302.027235
326.458322 299.416996
325.955981 298.546916
320.932573 289.846117
320.430232 288.976037
317.918528 284.625638
317.416187 283.755558
316.411505 282.015398
313.899801 277.664999
314.402142 276.794919
316.411505 276.794919
318.420869 276.794919
319.425550 276.794919
321.434914 276.794919
332.486412 276.794919
336.505139 276.794919
342.533229 276.794919
344.542593 276.794919
347.556638 276.794919
348.561320 276.794919
349.566001 276.794919
351.575365 276.794919
367.650272 276.794919
369.659635 276.794919
371.668999 276.794919
376.692407 276.794919
378.701771 276.794919
382.720497 276.794919
383.725179 276.794919
386.739224 276.794919
387.743906 276.794919
388.748588 276.794919
399.800086 276.794919
400.804768 276.794919
406.832858 276.794919
407.837540 276.794919
411.856267 276.794919
416.879675 276.794919
419.893720 276.794919
422.907765 276.794919
426.926492 276.794919
429.940537 276.794919
434.963946 276.794919
438.982673 276.794919
453.048216 276.794919
464.099715 276.794919
467.113760 276.794919
471.132487 276.794919
474.648873 270.704360
475.653555 268.964200
477.662918 265.483881
478.165259 264.613801
479.169941 262.873641
480.174622 261.133481
483.691008 255.042922
484.695690 253.302762
488.714417 246.342123
494.240166 236.771245
496.249529 233.290925
497.254211 231.550766
497.756552 230.680686
501.272938 224.590127
502.277620 222.849967
503.784642 220.239727
504.286983 219.369647
505.291665 217.629488
506.296346 215.889328
510.817414 208.058609
511.822096 206.318449
512.826777 204.578290
514.333800 201.968050
515.840822 199.357810
516.845504 197.617651
517.850186 195.877491
518.854867 194.137331
522.873594 187.176692
523.878276 185.436532
526.389980 181.086133
526.892321 180.216053
527.394662 179.345973
528.399344 177.605814
529.404025 175.865654
530.911048 173.255414
531.915730 171.515254
533.925093 168.034935
534.427434 167.164855
537.943820 161.074296
538.446161 160.204216
541.962546 154.113657
543.469569 151.503417
544.976592 148.893178
545.981273 147.153018
546.483614 146.282938
546.985955 145.412858
547.488296 144.542778
547.990637 143.672698
548.492977 142.802619
548.995318 141.932539
550.000000 140.192379
552.009363 143.672698
554.018727 147.153018
554.521068 148.023098
557.032772 152.373497
557.535113 153.243577
558.037454 154.113657
562.558521 161.944376
563.060862 162.814456
563.563203 163.684536
564.567885 165.424695
566.074907 168.034935
567.079589 169.775095
569.088952 173.255414
570.595975 175.865654
571.098316 176.735734
571.600656 177.605814
572.102997 178.475893
572.605338 179.345973
573.107679 180.216053
577.126406 187.176692
579.638110 191.527091
581.145133 194.137331
582.652155 196.747571
585.666200 201.968050
589.684927 208.928689
592.196631 213.279088
592.698972 214.149168
593.201313 215.019248
593.703654 215.889328
597.220040 221.979887
598.727062 224.590127
599.229403 225.460207
600.234085 227.200366
602.745789 231.550766
603.750471 233.290925
606.262175 237.641325
606.764516 238.511405
607.266857 239.381484
608.271538 241.121644
608.773879 241.991724
610.280902 244.601964
610.783243 245.472044
611.285583 246.342123
611.787924 247.212203
615.806651 254.172842
616.811333 255.913002
618.318355 258.523242
619.825378 261.133481
623.844105 268.094120
624.346445 268.964200
625.853468 271.574440
626.355809 272.444520
628.867513 276.794919
629.872195 276.794919
633.890922 276.794919
635.900285 276.794919
638.914330 276.794919
639.919012 276.794919
644.942420 276.794919
647.956465 276.794919
649.965829 276.794919
653.984556 276.794919
655.993919 276.794919
656.998601 276.794919
661.017327 276.794919
662.022009 276.794919
665.036054 276.794919
678.096916 276.794919
679.101598 276.794919
683.120325 276.794919
690.153097 276.794919
691.157778 276.794919
698.190550 276.794919
710.246731 276.794919
711.251412 276.794919
713.260776 276.794919
716.274821 276.794919
719.288866 276.794919
726.321638 276.794919
727.326320 276.794919
728.331001 276.794919
729.335683 276.794919
732.349728 276.794919
741.391863 276.794919
742.396545 276.794919
748.424635 276.794919
753.448044 276.794919
755.457407 276.794919
758.471452 276.794919
761.485497 276.794919
763.494861 276.794919
765.504224 276.794919
766.508906 276.794919
771.532314 276.794919
772.536996 276.794919
776.555723 276.794919
777.560405 276.794919
783.588495 276.794919
785.597858 276.794919
786.602540 276.794919
785.095517 279.405159
780.072109 288.105957
778.565086 290.716197
775.551041 295.936676
774.044019 298.546916
773.039337 300.287076
772.034655 302.027235
768.015929 308.987875
767.513588 309.857954
767.011247 310.728034
765.504224 313.338274
765.001884 314.208354
764.499543 315.078434
763.494861 316.818593
759.476134 323.779232
758.471453 325.519392
757.466771 327.259552
754.955067 331.609951
753.448044 334.220191
752.443362 335.960351
749.429317 341.180830
748.424636 342.920990
746.415272 346.401309
745.912931 347.271389
744.908250 349.011549
742.898886 352.491868
740.889523 355.972188
737.373137 362.062747
736.368455 363.802907
735.866114 364.672987
735.363774 365.543067
732.852069 369.893466
732.349729 370.763546
730.340365 374.243865
724.312275 384.684824
723.809934 385.554904
721.800571 389.035223
721.298230 389.905303
720.795889 390.775383
718.284185 395.125783
716.777162 397.736022
714.265458 402.086422
713.260776 403.826581
710.749072 408.176981
709.744390 409.917140
708.739709 411.657300
708.237368 412.527380
707.735027 413.397460
709.747645 416.883416
710.753954 418.626394
711.257108 419.497883
711.760262 420.369372
712.766571 422.112350
713.772880 423.855329
714.276035 424.726818
714.779189 425.598307
715.282343 426.469796
715.785498 427.341285
716.791807 429.084263
717.294961 429.955752
718.301270 431.698730
718.804424 432.570219
719.810733 434.313197
720.313888 435.184686
720.817042 436.056175
721.320197 436.927664
721.823351 437.799153
722.326505 438.670642
722.829660 439.542131
724.339123 442.156599
724.842278 443.028088
725.345432 443.899577
726.854895 446.514044
727.861204 448.257022
728.364359 449.128511
728.867513 450.000000
729.868002 450.000000
730.868491 450.000000
735.870935 450.000000
738.872402 450.000000
744.875335 450.000000
749.877780 450.000000
752.879246 450.000000
759.882668 450.000000
762.884135 450.000000
780.892935 450.000000
781.893424 450.000000
782.893913 450.000000
783.894402 450.000000
785.895379 450.000000
794.899779 450.000000
795.900268 450.000000
800.902712 450.000000
806.905646 450.000000
820.912490 450.000000
821.912979 450.000000
824.914446 450.000000
830.917379 450.000000
840.922268 450.000000
850.927157 450.000000
853.928623 450.000000
856.930090 450.000000
861.932534 450.000000
864.934001 450.000000
869.936445 450.000000
871.937423 450.000000
882.942801 450.000000
892.947690 450.000000
895.949156 450.000000
901.952090 450.000000
903.953067 450.000000
904.953556 450.000000
907.955023 450.000000
913.957956 450.000000
935.968712 450.000000
938.970178 450.000000
956.978978 450.000000
958.979956 450.000000
960.980934 450.000000
962.981911 450.000000
967.984356 450.000000
968.984845 450.000000
977.989245 450.000000
979.990222 450.000000
982.991689 450.000000
988.994622 450.000000
990.995600 450.000000
996.998533 450.000000
1000.000000 452.000000
1000.000000 453.000000
1000.000000 454.000000
1000.000000 456.000000
1000.000000 460.000000
1000.000000 467.000000
1000.000000 468.000000
1000.000000 469.000000
1000.000000 472.000000
1000.000000 473.000000
1000.000000 474.000000
1000.000000 475.000000
1000.000000 476.000000
1000.000000 478.000000
1000.000000 479.000000
1000.000000 481.000000
1000.000000 484.000000
1000.000000 485.000000
1000.000000 488.000000
1000.000000 490.000000
1000.000000 495.000000
1000.000000 496.000000
1000.000000 497.000000
1000.000000 499.000000
1000.000000 503.000000
1000.000000 504.000000
1000.000000 507.000000
1000.000000 509.000000
1000.000000 510.000000
1000.000000 511.000000
1000.000000 519.000000
1000.000000 524.000000
1000.000000 527.000000
1000.000000 534.000000
1000.000000 536.000000
1000.000000 541.000000
1000.000000 544.000000
1000.000000 546.000000
1000.000000 548.000000
998.997355 550.000000
997.994710 550.000000
996.992065 550.000000
993.984131 550.000000
980.949748 550.000000
962.902140 550.000000
959.894206 550.000000
958.891561 550.000000
949.867757 550.000000
931.820150 550.000000
916.780477 550.000000
900.738159 550.000000
897.730225 550.000000
885.698486 550.000000
884.695841 550.000000
881.687907 550.000000
878.679972 550.000000
874.669393 550.000000
873.666748 550.000000
858.627075 550.000000
854.616496 550.000000
853.613851 550.000000
852.611206 550.000000
851.608561 550.000000
845.592692 550.000000
840.579468 550.000000
836.568888 550.000000
821.529216 550.000000
817.518636 550.000000
811.502767 550.000000
808.494832 550.000000
803.481608 550.000000
801.476318 550.000000
799.471029 550.000000
798.468384 550.000000
792.452515 550.000000
786.436646 550.000000
785.434001 550.000000
781.423421 550.000000
768.389038 550.000000
766.383748 550.000000
762.373169 550.000000
755.354655 550.000000
750.341431 550.000000
748.336141 550.000000
744.325562 550.000000
742.320272 550.000000
741.317627 550.000000
733.296468 550.000000
719.259440 550.000000
717.254150 550.000000
716.251506 550.000000
714.246216 550.000000
695.195964 550.000000
691.185384 550.000000
683.164225 550.000000
672.135132 550.000000
669.123124 546.519681
668.620783 545.649601
667.113760 543.039361
665.606738 540.429121
663.597374 536.948802
662.592692 535.208642
661.588011 533.468482
660.583329 531.728323
660.080988 530.858243
659.076307 529.118083
657.066943 525.637764
656.062261 523.897604
654.555239 521.287364
654.052898 520.417284
652.545875 517.807045
651.541194 516.066885
650.536512 514.326725
649.531830 512.586565
648.527149 510.846406
646.517785 507.366086
645.513103 505.625926
644.508422 503.885767
641.494377 498.665288
640.489695 496.925128
638.480332 493.444808
637.475650 491.704649
635.968627 489.094409
635.466286 488.224329
633.456923 484.744010
631.949900 482.133770
631.447560 481.263690
627.428833 474.303051
624.414788 469.082572
623.912447 468.212492
623.410106 467.342412
621.400743 463.862093
620.396061 462.121933
616.879675 456.031374
615.372652 453.421134
614.870311 452.551054
613.363289 449.940815
611.856266 447.330575
611.353925 446.460495
609.344562 442.980176
607.837539 440.369936
607.335199 439.499856
605.828176 436.889617
604.823494 435.149457
604.321153 434.279377
603.818813 433.409297
601.809449 429.928978
601.307108 429.058898
600.302427 427.318738
599.297745 425.578578
598.795404 424.708498
598.293063 423.838418
596.786041 421.228179
595.279018 418.617939
593.771996 416.007700
593.269655 415.137620
592.264973 413.397460
593.271282 411.654482
594.780745 409.040015
595.283900 408.168526
595.787054 407.297036
596.793363 405.554058
597.296518 404.682569
597.799672 403.811080
598.302826 402.939591
598.805981 402.068102
599.309135 401.196613
599.812290 400.325124
600.315444 399.453635
600.818599 398.582146
601.321753 397.710657
601.824908 396.839168
602.328062 395.967679
602.831216 395.096190
603.837525 393.353211
604.340680 392.481722
605.346989 390.738744
605.850143 389.867255
606.856452 388.124277
607.359607 387.252788
609.372224 383.766832
609.875379 382.895342
610.378533 382.023853
610.881688 381.152364
611.384842 380.280875
611.887997 379.409386
612.894306 377.666408
613.397460 376.794919
613.397460 376.794919
612.391151 376.794919
611.384842 376.794919
609.372224 376.794919
608.365916 376.794919
607.359607 376.794919
605.346989 376.794919
604.340680 376.794919
603.334371 376.794919
602.328062 376.794919
601.321753 376.794919
600.315445 376.794919
599.309136 376.794919
598.302827 376.794919
596.290209 376.794919
595.283900 376.794919
594.277591 376.794919
593.271282 376.794919
592.264973 376.794919
591.258665 376.794919
588.239738 376.794919
587.233429 376.794919
586.227120 376.794919
585.220811 376.794919
584.214502 376.794919
583.208194 376.794919
582.201885 376.794919
580.189267 376.794919
579.182958 376.794919
578.176649 376.794919
575.157723 376.794919
574.151414 376.794919
573.145105 376.794919
571.132487 376.794919
570.629333 375.923430
570.126178 375.051941
569.623024 374.180452
569.119869 373.308963
568.616715 372.437474
568.113560 371.565985
567.610406 370.694496
567.107251 369.823007
566.604097 368.951518
566.100942 368.080029
565.597788 367.208539
564.591479 365.465561
564.088325 364.594072
563.585170 363.722583
563.082016 362.851094
562.578861 361.979605
562.075707 361.108116
561.572552 360.236627
561.069398 359.365138
560.566243 358.493649
559.559935 356.750671
559.056780 355.879182
558.553626 355.007693
558.050471 354.136204
557.044162 352.393226
556.541008 351.521737
556.037853 350.650248
555.534699 349.778759
555.031545 348.907269
554.528390 348.035780
554.025236 347.164291
553.522081 346.292802
552.515772 344.549824
552.012618 343.678335
551.509463 342.806846
551.006309 341.935357
550.503154 341.063868
550.000000 340.192379
550.000000 340.192379
549.496846 341.063868
548.993691 341.935357
548.490537 342.806846
547.987382 343.678335
547.484228 344.549824
546.981073 345.421313
546.477919 346.292802
544.968455 348.907269
544.465301 349.778759
543.962147 350.650248
543.458992 351.521737
542.955838 352.393226
542.452683 353.264715
541.446374 355.007693
539.936911 357.622160
539.433757 358.493649
538.930602 359.365138
538.427448 360.236627
537.924293 361.108116
537.421139 361.979605
536.917984 362.851094
535.911675 364.594072
535.408521 365.465561
534.905366 366.337050
534.402212 367.208539
533.899058 368.080029
533.395903 368.951518
532.892749 369.823007
532.389594 370.694496
531.886440 371.565985
531.383285 372.437474
530.880131 373.308963
529.370667 375.923430
528.867513 376.794919
528.867513 376.794919
527.861204 376.794919
526.854895 376.794919
525.848586 376.794919
524.842277 376.794919
523.835969 376.794919
521.823351 376.794919
520.817042 376.794919
519.810733 376.794919
518.804424 376.794919
515.785498 376.794919
514.779189 376.794919
513.772880 376.794919
511.760262 376.794919
509.747644 376.794919
508.741335 376.794919
506.728718 376.794919
503.709791 376.794919
501.697173 376.794919
500.690864 376.794919
499.684555 376.794919
498.678247 376.794919
497.671938 376.794919
496.665629 376.794919
495.659320 376.794919
494.653011 376.794919
493.646702 376.794919
491.634084 376.794919
490.627776 376.794919
489.621467 376.794919
488.615158 376.794919
486.602540 376.794919
487.105694 377.666408
487.608849 378.537897
488.112003 379.409386
488.615158 380.280875
489.118312 381.152364
490.124621 382.895342
491.130930 384.638321
491.634085 385.509810
492.137239 386.381299
492.640393 387.252788
493.646702 388.995766
494.149857 389.867255
494.653011 390.738744
495.156166 391.610233
495.659320 392.481722
497.168784 395.096190
497.671938 395.967679
498.678247 397.710657
499.181401 398.582146
500.187710 400.325124
500.690865 401.196613
501.194019 402.068102
501.697174 402.939591
502.200328 403.811080
502.703482 404.682569
503.206637 405.554058
503.709791 406.425547
504.212946 407.297036
504.716100 408.168526
505.722409 409.911504
506.225564 410.782993
506.728718 411.654482
507.231873 412.525971
507.735027 413.397460
507.735027 413.397460
506.228004 416.007700
502.711618 422.098259
498.692892 429.058898
498.190551 429.928978
497.688210 430.799057
495.678847 434.279377
494.674165 436.019537
493.669483 437.759696
493.167142 438.629776
487.641393 448.200655
487.139052 449.070735
486.636711 449.940815
483.120325 456.031374
482.115643 457.771534
481.613303 458.641613
481.110962 459.511693
480.106280 461.251853
477.594576 465.602252
477.092235 466.472332
475.082872 469.952652
474.580531 470.822732
474.078190 471.692811
472.068826 475.173131
471.064145 476.913291
470.059463 478.653450
467.547759 483.003850
467.045418 483.873930
466.543077 484.744010
466.040736 485.614089
465.538395 486.484169
464.533714 488.224329
464.031373 489.094409
463.529032 489.964489
462.524350 491.704649
462.022009 492.574728
461.017328 494.314888
460.514987 495.184968
459.007964 497.795208
456.998601 501.275527
454.989237 504.755847
454.486897 505.625926
453.984556 506.496006
452.979874 508.236166
451.975192 509.976326
449.965829 513.456645
446.951784 518.677125
444.440079 523.027524
440.923693 529.118083
438.411989 533.468482
437.909648 534.338562
437.407308 535.208642
435.900285 537.818882
434.895603 539.559042
434.393262 540.429121
433.890922 541.299201
432.886240 543.039361
432.383899 543.909441
431.881558 544.779521
430.876876 546.519681
430.374536 547.389760
429.369854 549.129920
427.864868 550.000000
410.819906 550.000000
398.788167 550.000000
386.756429 550.000000
383.748494 550.000000
373.722046 550.000000
356.677083 550.000000
355.674438 550.000000
352.666504 550.000000
339.632121 550.000000
335.621541 550.000000
334.618896 550.000000
323.589803 550.000000
321.584513 550.000000
318.576579 550.000000
313.563354 550.000000
306.544840 550.000000
290.502523 550.000000
288.497233 550.000000
282.481364 550.000000
281.478719 550.000000
279.473429 550.000000
269.446981 550.000000
262.428467 550.000000
239.367635 550.000000
229.341187 550.000000
226.333252 550.000000
223.325317 550.000000
219.314738 550.000000
217.309448 550.000000
215.304159 550.000000
207.283000 550.000000
204.275065 550.000000
179.208944 550.000000
174.195719 550.000000
164.169271 550.000000
155.145467 550.000000
149.129598 550.000000
148.126953 550.000000
145.119019 550.000000
143.113729 550.000000
136.095215 550.000000
127.071411 550.000000
123.060832 550.000000
122.058187 550.000000
120.052897 550.000000
118.047607 550.000000
117.044963 550.000000
113.034383 550.000000
