990
105.009330 450.000000
107.013062 450.000000
108.014928 450.000000
110.018660 450.000000
111.020526 450.000000
113.024258 450.000000
116.029856 450.000000
118.033588 450.000000
123.042918 450.000000
124.044784 450.000000
125.046650 450.000000
127.050382 450.000000
128.052248 450.000000
129.054114 450.000000
131.057846 450.000000
134.063444 450.000000
137.069043 450.000000
139.072775 450.000000
140.074641 450.000000
142.078373 450.000000
143.080239 450.000000
148.089569 450.000000
149.091435 450.000000
153.098899 450.000000
155.102631 450.000000
157.106363 450.000000
160.111961 450.000000
164.119425 450.000000
166.123157 450.000000
167.125023 450.000000
170.130621 450.000000
172.137169 448.259840
173.141850 446.519681
174.146532 444.779521
177.662918 438.688962
178.165259 437.818882
178.667600 436.948802
179.672281 435.208642
181.681645 431.728323
183.188667 429.118083
184.193349 427.377923
185.700372 424.767684
190.221439 416.936965
192.230803 413.456645
192.733143 412.586565
195.244848 408.236166
195.747189 407.366086
196.249529 406.496006
198.258893 403.015687
202.277620 396.055048
203.282301 394.314888
207.803369 386.484169
212.324436 378.653450
218.352527 368.212492
218.854867 367.342412
220.361890 364.732172
222.873594 360.381773
223.375935 359.511693
225.385298 356.031374
229.404025 349.070735
233.422752 342.110096
239.953183 330.799057
241.962546 327.318738
244.976592 322.098259
245.981273 320.358099
254.521068 321.228179
260.046817 330.799057
263.563203 336.889617
264.065544 337.759696
265.572566 340.369936
267.079589 342.980176
268.084270 344.720335
274.112361 355.161294
275.619383 357.771534
276.121724 358.641613
278.131087 362.121933
279.135769 363.862093
282.652155 369.952652
287.675564 378.653450
291.694290 385.614089
301.238766 402.145607
302.745789 404.755847
303.248130 405.625926
304.252811 407.366086
304.755152 408.236166
305.257493 409.106246
311.787924 420.417284
313.797288 423.897604
314.299628 424.767684
315.304310 426.507843
315.806651 427.377923
316.811333 429.118083
326.355809 445.649601
328.867513 450.000000
329.873822 450.000000
330.880131 450.000000
331.886440 450.000000
332.892749 450.000000
335.911675 450.000000
338.930602 450.000000
339.936911 450.000000
342.955838 450.000000
343.962147 450.000000
344.968455 450.000000
345.974764 450.000000
346.981073 450.000000
347.987382 450.000000
348.993691 450.000000
351.006309 450.000000
353.018927 450.000000
355.031545 450.000000
357.044162 450.000000
358.050471 450.000000
361.069398 450.000000
364.088325 450.000000
366.100942 450.000000
367.107251 450.000000
370.126178 450.000000
371.132487 450.000000
371.635641 449.128511
372.138796 448.257022
373.145105 446.514044
374.151414 444.771066
374.654568 443.899577
375.157722 443.028088
375.660877 442.156599
376.164031 441.285110
377.170340 439.542131
380.189267 434.313197
380.692421 433.441708
382.201884 430.827241
382.705039 429.955752
383.208193 429.084263
383.711348 428.212774
384.214502 427.341285
384.717657 426.469796
385.220811 425.598307
385.723965 424.726818
386.227120 423.855329
386.730274 422.983840
387.233429 422.112350
387.736583 421.240861
388.239738 420.369372
388.742892 419.497883
389.749201 417.754905
390.252355 416.883416
390.755510 416.011927
391.258664 415.140438
389.753269 409.047061
388.246246 406.436821
387.241565 404.696661
386.236883 402.956501
384.227519 399.476182
380.208793 392.515543
375.687725 384.684824
373.678362 381.204504
369.157294 373.373786
368.654953 372.503706
366.645590 369.023386
366.143249 368.153306
353.584728 346.401309
349.063660 338.570590
347.556638 335.960351
346.551956 334.220191
344.542593 330.739871
341.528547 325.519392
340.523866 323.779232
340.021525 322.909153
335.500457 315.078434
332.988753 310.728034
330.979390 307.247715
330.477049 306.377635
328.970026 303.767395
327.965345 302.027235
326.960663 300.287076
322.439595 292.456357
321.434914 290.716197
315.406823 276.794919
316.411505 276.794919
321.434914 276.794919
328.467686 276.794919
329.472367 276.794919
332.486412 276.794919
341.528548 276.794919
344.542593 276.794919
345.547274 276.794919
351.575365 276.794919
354.589410 276.794919
362.626863 276.794919
366.645590 276.794919
369.659635 276.794919
379.706452 276.794919
384.729861 276.794919
391.762633 276.794919
393.771996 276.794919
394.776678 276.794919
395.781359 276.794919
402.814131 276.794919
405.828176 276.794919
411.856267 276.794919
412.860948 276.794919
413.865630 276.794919
418.889039 276.794919
424.917129 276.794919
429.940537 276.794919
431.949901 276.794919
433.959264 276.794919
439.987354 276.794919
441.996718 276.794919
451.038853 276.794919
452.043535 276.794919
453.048216 276.794919
455.057580 276.794919
456.062261 276.794919
470.127805 276.794919
471.132487 276.794919
476.658236 267.224040
477.662918 265.483881
478.165259 264.613801
479.169941 262.873641
484.193349 254.172842
486.705053 249.822443
487.207394 248.952363
488.212076 247.212203
496.751870 232.420845
499.765915 227.200366
503.784642 220.239727
507.301028 214.149168
512.826777 204.578290
513.831459 202.838130
517.347845 196.747571
518.352527 195.007411
520.361890 191.527091
522.873594 187.176692
525.385298 182.826293
526.389980 181.086133
529.404025 175.865654
532.418070 170.645175
536.436797 163.684536
537.943820 161.074296
539.953183 157.593976
541.962546 154.113657
542.967228 152.373497
546.483614 146.282938
548.995318 141.932539
550.000000 140.192379
550.502341 141.062459
555.023408 148.893178
559.042135 155.853817
559.544476 156.723897
562.056180 161.074296
563.060862 162.814456
563.563203 163.684536
564.065544 164.554615
570.093634 174.995574
571.600656 177.605814
574.112361 181.956213
576.624065 186.306612
587.173223 204.578290
590.187268 209.798769
598.727062 224.590127
599.731744 226.330286
604.252811 234.161005
610.783243 245.472044
613.797288 250.692523
614.299628 251.562603
614.801969 252.432683
615.304310 253.302762
618.318355 258.523242
628.365172 275.924839
628.867513 276.794919
630.876876 276.794919
632.886240 276.794919
633.890922 276.794919
635.900285 276.794919
636.904967 276.794919
638.914330 276.794919
641.928375 276.794919
644.942420 276.794919
647.956465 276.794919
655.993919 276.794919
658.003282 276.794919
662.022009 276.794919
666.040736 276.794919
675.082871 276.794919
685.129688 276.794919
697.185869 276.794919
702.209277 276.794919
704.218641 276.794919
709.242049 276.794919
713.260776 276.794919
716.274821 276.794919
734.359092 276.794919
738.377818 276.794919
739.382500 276.794919
740.387182 276.794919
743.401227 276.794919
756.462089 276.794919
758.471452 276.794919
765.504224 276.794919
767.513588 276.794919
773.541678 276.794919
775.551041 276.794919
784.593177 280.275239
780.072109 288.105957
777.560405 292.456357
776.555723 294.196517
775.551041 295.936676
774.044019 298.546916
771.029974 303.767395
768.518270 308.117795
768.015929 308.987875
759.476134 323.779232
758.973793 324.649312
757.969112 326.389472
756.462089 328.999712
755.959748 329.869792
752.945703 335.090271
752.443362 335.960351
749.931658 340.310750
748.926976 342.050910
748.424636 342.920990
747.922295 343.791070
742.396545 353.361948
741.894205 354.232028
739.884841 357.712348
738.880160 359.452508
737.875478 361.192667
737.373137 362.062747
736.870796 362.932827
735.866114 364.672987
733.354410 369.023386
730.842706 373.373786
728.833343 376.854105
722.805252 387.295064
720.795889 390.775383
718.786526 394.255703
716.777162 397.736022
715.270140 400.346262
711.251413 407.306901
708.237368 412.527380
708.741336 415.140438
709.244490 416.011927
711.257108 419.497883
712.263417 421.240861
712.766571 422.112350
713.269726 422.983840
713.772880 423.855329
714.276035 424.726818
714.779189 425.598307
715.785498 427.341285
717.294961 429.955752
718.301270 431.698730
720.313888 435.184686
721.823351 437.799153
722.829660 439.542131
724.339123 442.156599
724.842278 443.028088
725.345432 443.899577
725.848586 444.771066
726.854895 446.514044
727.358050 447.385533
727.861204 448.257022
729.873822 450.000000
730.880131 450.000000
731.886440 450.000000
732.892749 450.000000
733.899058 450.000000
735.911675 450.000000
739.936911 450.000000
740.943220 450.000000
742.955838 450.000000
743.962147 450.000000
745.974764 450.000000
747.987382 450.000000
751.006309 450.000000
758.050471 450.000000
759.056780 450.000000
762.075707 450.000000
766.100942 450.000000
767.107251 450.000000
771.132487 450.000000
774.146532 444.779521
775.653555 442.169281
776.658236 440.429121
777.160577 439.559042
781.179304 432.598403
786.705053 423.027524
789.216757 418.677125
796.751870 405.625926
802.277620 396.055048
804.789324 391.704649
808.305710 385.614089
808.808051 384.744010
811.319755 380.393610
813.329118 376.913291
816.343163 371.692811
817.850186 369.082572
825.385298 356.031374
830.408707 347.330575
831.413389 345.590415
833.422752 342.110096
833.925093 341.240016
834.929775 339.499856
836.436797 336.889617
837.943820 334.279377
838.446161 333.409297
839.450842 331.669137
839.953183 330.799057
853.014045 318.617939
853.516386 319.488019
854.018727 320.358099
857.535113 326.448658
860.046817 330.799057
860.549158 331.669137
861.051499 332.539217
863.060862 336.019537
864.567885 338.629776
867.079589 342.980176
867.581930 343.850256
868.084270 344.720335
872.605338 352.551054
875.619383 357.771534
876.624065 359.511693
878.131087 362.121933
885.163859 374.303051
888.680245 380.393610
890.689609 383.873930
891.191949 384.744010
892.196631 386.484169
895.210676 391.704649
897.220040 395.184968
898.224721 396.925128
899.731744 399.535367
905.257493 409.106246
906.764516 411.716486
908.773879 415.196805
913.294947 423.027524
916.811333 429.118083
917.313674 429.988163
917.816014 430.858243
918.318355 431.728323
924.346445 442.169281
924.848786 443.039361
926.858150 446.519681
927.360490 447.389760
928.867513 450.000000
929.869379 450.000000
930.871245 450.000000
931.873111 450.000000
936.882441 450.000000
938.886173 450.000000
940.889905 450.000000
946.901101 450.000000
947.902967 450.000000
948.904833 450.000000
949.906699 450.000000
950.908565 450.000000
951.910431 450.000000
953.914163 450.000000
954.916029 450.000000
959.925359 450.000000
961.929091 450.000000
962.930957 450.000000
966.938422 450.000000
967.940288 450.000000
968.942154 450.000000
970.945886 450.000000
973.951484 450.000000
974.953350 450.000000
977.958948 450.000000
978.960814 450.000000
979.962680 450.000000
981.966412 450.000000
982.968278 450.000000
986.975742 450.000000
988.979474 450.000000
993.988804 450.000000
1000.000000 450.000000
1000.000000 451.000000
1000.000000 454.000000
1000.000000 457.000000
1000.000000 460.000000
1000.000000 462.000000
1000.000000 469.000000
1000.000000 473.000000
1000.000000 474.000000
1000.000000 481.000000
1000.000000 482.000000
1000.000000 489.000000
1000.000000 490.000000
1000.000000 491.000000
1000.000000 492.000000
1000.000000 498.000000
1000.000000 501.000000
1000.000000 503.000000
1000.000000 507.000000
1000.000000 512.000000
1000.000000 516.000000
1000.000000 517.000000
1000.000000 519.000000
1000.000000 525.000000
1000.000000 527.000000
1000.000000 529.000000
1000.000000 530.000000
1000.000000 539.000000
1000.000000 541.000000
1000.000000 542.000000
1000.000000 544.000000
1000.000000 548.000000
997.986445 550.000000
989.932226 550.000000
982.884783 550.000000
980.871229 550.000000
977.850896 550.000000
974.830564 550.000000
972.817009 550.000000
961.742457 550.000000
957.715347 550.000000
955.701792 550.000000
953.688238 550.000000
947.647573 550.000000
946.640795 550.000000
945.634018 550.000000
943.620463 550.000000
942.613686 550.000000
940.600131 550.000000
934.559466 550.000000
931.539134 550.000000
922.478137 550.000000
919.457804 550.000000
913.417140 550.000000
912.410362 550.000000
909.390030 550.000000
908.383252 550.000000
905.362920 550.000000
901.335810 550.000000
898.315478 550.000000
896.301923 550.000000
895.295146 550.000000
894.288368 550.000000
893.281591 550.000000
890.261258 550.000000
886.234149 550.000000
885.227371 550.000000
881.200261 550.000000
880.193484 550.000000
873.146042 550.000000
871.132487 550.000000
871.132487 550.000000
870.629333 549.128511
870.126178 548.257022
869.623024 547.385533
869.119869 546.514044
868.616715 545.642555
868.113560 544.771066
867.610406 543.899577
866.604097 542.156599
866.100942 541.285110
865.094634 539.542131
864.591479 538.670642
864.088325 537.799153
863.585170 536.927664
863.082016 536.056175
862.075707 534.313197
861.572552 533.441708
860.063089 530.827241
859.056780 529.084263
858.553626 528.212774
857.547317 526.469796
857.044162 525.598307
856.037853 523.855329
855.534699 522.983840
855.031545 522.112350
854.528390 521.240861
854.025236 520.369372
853.018927 518.626394
852.012618 516.883416
851.509463 516.011927
851.006309 515.140438
850.503154 514.268949
850.000000 513.397460
849.496846 514.268949
848.490537 516.011927
847.987382 516.883416
847.484228 517.754905
846.981073 518.626394
845.974764 520.369372
845.471610 521.240861
844.968455 522.112350
844.465301 522.983840
843.962147 523.855329
843.458992 524.726818
842.955838 525.598307
839.936911 530.827241
838.930602 532.570219
838.427448 533.441708
837.421139 535.184686
836.917984 536.056175
834.905366 539.542131
834.402212 540.413620
833.899058 541.285110
833.395903 542.156599
832.892749 543.028088
832.389594 543.899577
831.886440 544.771066
831.383285 545.642555
830.880131 546.514044
830.376976 547.385533
829.873822 548.257022
828.867513 550.000000
828.867513 550.000000
827.862831 550.000000
824.848786 550.000000
823.844105 550.000000
817.816014 550.000000
813.797288 550.000000
806.764516 550.000000
798.727062 550.000000
796.717699 550.000000
779.638110 550.000000
776.624065 550.000000
774.614702 550.000000
765.572566 550.000000
759.544476 550.000000
747.488296 550.000000
745.478932 550.000000
737.441479 550.000000
729.404025 550.000000
722.371253 550.000000
719.357208 550.000000
711.319755 550.000000
710.315073 550.000000
704.286983 550.000000
695.244848 550.000000
693.235484 550.000000
687.207394 550.000000
682.183986 550.000000
675.151214 550.000000
672.137169 550.000000
671.132487 550.000000
670.630146 549.129920
669.123124 546.519681
666.109078 541.299201
665.104397 539.559042
662.592692 535.208642
660.583329 531.728323
655.057580 522.157444
654.555239 521.287364
654.052898 520.417284
653.550557 519.547204
650.536512 514.326725
646.015444 506.496006
641.996717 499.535367
641.494377 498.665288
640.992036 497.795208
636.470968 489.964489
635.968627 489.094409
635.466286 488.224329
633.959264 485.614089
631.949900 482.133770
624.917128 469.952652
622.907765 466.472332
619.391379 460.381773
617.382016 456.901454
615.874993 454.291214
614.870311 452.551054
606.330517 437.759696
605.828176 436.889617
602.311790 430.799057
600.804768 428.188818
599.800086 426.448658
597.790722 422.968339
596.283700 420.358099
595.781359 419.488019
592.264973 413.397460
592.768127 412.525971
594.277591 409.911504
594.780745 409.040015
596.793363 405.554058
597.799672 403.811080
598.805981 402.068102
599.309135 401.196613
599.812290 400.325124
600.818599 398.582146
602.328062 395.967679
603.334371 394.224700
603.837525 393.353211
604.340680 392.481722
604.843834 391.610233
605.346989 390.738744
605.850143 389.867255
606.353298 388.995766
606.856452 388.124277
607.862761 386.381299
608.365915 385.509810
609.372224 383.766832
610.881688 381.152364
612.391151 378.537897
612.894306 377.666408
613.397460 376.794919
613.397460 376.794919
612.391151 376.794919
611.384842 376.794919
609.372224 376.794919
607.359607 376.794919
604.340680 376.794919
603.334371 376.794919
600.315445 376.794919
599.309136 376.794919
598.302827 376.794919
595.283900 376.794919
593.271282 376.794919
586.227120 376.794919
585.220811 376.794919
584.214502 376.794919
583.208194 376.794919
582.201885 376.794919
581.195576 376.794919
578.176649 376.794919
573.145105 376.794919
572.138796 376.794919
571.132487 376.794919
570.629333 375.923430
569.623024 374.180452
568.616715 372.437474
568.113560 371.565985
567.610406 370.694496
567.107251 369.823007
566.604097 368.951518
566.100942 368.080029
565.094634 366.337050
564.591479 365.465561
564.088325 364.594072
563.585170 363.722583
563.082016 362.851094
562.075707 361.108116
561.069398 359.365138
560.566243 358.493649
559.559935 356.750671
559.056780 355.879182
558.553626 355.007693
556.541008 351.521737
556.037853 350.650248
555.031545 348.907269
552.515772 344.549824
551.006309 341.935357
549.496846 341.063868
548.490537 342.806846
547.987382 343.678335
547.484228 344.549824
546.477919 346.292802
545.974764 347.164291
544.968455 348.907269
544.465301 349.778759
543.962147 350.650248
543.458992 351.521737
542.955838 352.393226
542.452683 353.264715
540.943220 355.879182
540.440065 356.750671
539.936911 357.622160
539.433757 358.493649
537.421139 361.979605
536.414830 363.722583
535.408521 365.465561
534.905366 366.337050
534.402212 367.208539
529.370667 375.923430
528.867513 376.794919
527.861204 376.794919
526.854895 376.794919
525.848586 376.794919
523.835969 376.794919
521.823351 376.794919
520.817042 376.794919
518.804424 376.794919
517.798115 376.794919
513.772880 376.794919
512.766571 376.794919
511.760262 376.794919
510.753953 376.794919
509.747644 376.794919
508.741335 376.794919
507.735027 376.794919
506.728718 376.794919
505.722409 376.794919
504.716100 376.794919
503.709791 376.794919
502.703482 376.794919
499.684555 376.794919
497.671938 376.794919
494.653011 376.794919
493.646702 376.794919
492.640393 376.794919
491.634084 376.794919
489.621467 376.794919
488.615158 376.794919
487.608849 376.794919
486.602540 376.794919
486.602540 376.794919
487.608849 378.537897
489.118312 381.152364
489.621467 382.023853
490.124621 382.895342
490.627776 383.766832
491.130930 384.638321
491.634085 385.509810
493.143548 388.124277
494.149857 389.867255
494.653011 390.738744
495.659320 392.481722
496.162475 393.353211
497.671938 395.967679
498.175092 396.839168
498.678247 397.710657
499.181401 398.582146
500.187710 400.325124
500.690865 401.196613
501.697174 402.939591
503.206637 405.554058
504.212946 407.297036
505.219255 409.040015
506.728718 411.654482
507.231873 412.525971
507.735027 413.397460
506.730345 415.137620
505.223323 417.747859
503.716300 420.358099
501.706937 423.838418
500.702255 425.578578
500.199914 426.448658
495.678847 434.279377
495.176506 435.149457
492.162461 440.369936
490.655438 442.980176
489.650756 444.720335
487.641393 448.200655
486.636711 449.940815
486.134370 450.810895
482.115643 457.771534
480.106280 461.251853
476.589894 467.342412
476.087553 468.212492
475.082872 469.952652
472.068826 475.173131
471.566486 476.043211
467.547759 483.003850
466.040736 485.614089
465.538395 486.484169
465.036054 487.354249
464.533714 488.224329
463.529032 489.964489
460.012646 496.055048
458.505623 498.665288
456.998601 501.275527
451.975192 509.976326
447.454125 517.807045
445.947102 520.417284
441.426034 528.248003
439.919012 530.858243
437.407308 535.208642
436.402626 536.948802
433.890922 541.299201
432.383899 543.909441
431.881558 544.779521
430.876876 546.519681
429.872195 548.259840
427.862831 550.000000
425.853468 550.000000
417.816014 550.000000
414.801969 550.000000
411.787924 550.000000
400.736426 550.000000
399.731744 550.000000
389.684927 550.000000
385.666200 550.000000
383.656837 550.000000
375.619383 550.000000
369.591293 550.000000
367.581930 550.000000
363.563203 550.000000
356.530431 550.000000
353.516386 550.000000
352.511704 550.000000
344.474251 550.000000
342.464887 550.000000
337.441479 550.000000
326.389980 550.000000
319.357208 550.000000
314.333800 550.000000
308.305710 550.000000
306.296346 550.000000
281.179304 550.000000
278.165259 550.000000
277.160577 550.000000
272.137169 550.000000
270.629333 549.128511
269.119869 546.514044
268.616715 545.642555
267.107251 543.028088
266.100942 541.285110
265.597788 540.413620
265.094634 539.542131
264.591479 538.670642
264.088325 537.799153
263.585170 536.927664
263.082016 536.056175
262.578861 535.184686
262.075707 534.313197
261.572552 533.441708
260.063089 530.827241
259.559935 529.955752
259.056780 529.084263
258.553626 528.212774
258.050471 527.341285
257.547317 526.469796
257.044162 525.598307
256.541008 524.726818
256.037853 523.855329
254.025236 520.369372
253.522081 519.497883
253.018927 518.626394
252.012618 516.883416
251.509463 516.011927
251.006309 515.140438
250.000000 513.397460
248.993691 515.140438
245.974764 520.369372
244.968455 522.112350
244.465301 522.983840
242.955838 525.598307
242.452683 526.469796
241.446374 528.212774
240.943220 529.084263
239.936911 530.827241
238.930602 532.570219
238.427448 533.441708
237.924293 534.313197
237.421139 535.184686
236.917984 536.056175
236.414830 536.927664
235.408521 538.670642
234.905366 539.542131
234.402212 540.413620
233.395903 542.156599
232.389594 543.899577
231.886440 544.771066
230.880131 546.514044
230.376976 547.385533
222.826848 550.000000
220.813293 550.000000
210.745519 550.000000
203.698077 550.000000
201.684522 550.000000
196.650635 550.000000
195.643857 550.000000
193.630302 550.000000
188.596415 550.000000
187.589638 550.000000
184.569305 550.000000
177.521863 550.000000
175.508308 550.000000
170.474421 550.000000
167.454089 550.000000
165.440534 550.000000
162.420202 550.000000
158.393092 550.000000
157.386314 550.000000
154.365982 550.000000
146.311762 550.000000
145.304985 550.000000
141.277875 550.000000
140.271098 550.000000
138.257543 550.000000
137.250765 550.000000
136.243988 550.000000
135.237211 550.000000
129.196546 550.000000
124.162659 550.000000
121.142326 550.000000
119.128771 550.000000
115.101662 550.000000
114.094884 550.000000
109.060997 550.000000
108.054220 550.000000
107.047442 550.000000
105.033887 550.000000
103.020332 550.000000
101.006777 550.000000
