1150
105.002444 450.000000
106.002933 450.000000
108.003911 450.000000
109.004400 450.000000
112.005867 450.000000
113.006355 450.000000
116.007822 450.000000
117.008311 450.000000
118.008800 450.000000
120.009778 450.000000
125.012222 450.000000
126.012711 450.000000
127.013200 450.000000
128.013689 450.000000
132.015644 450.000000
134.016622 450.000000
137.018089 450.000000
138.018577 450.000000
139.019066 450.000000
142.020533 450.000000
143.021022 450.000000
146.022488 450.000000
147.022977 450.000000
148.023466 450.000000
150.024444 450.000000
151.024933 450.000000
154.026400 450.000000
155.026888 450.000000
156.027377 450.000000
157.027866 450.000000
158.028355 450.000000
160.029333 450.000000
164.031288 450.000000
168.033244 450.000000
169.033733 450.000000
171.034710 450.000000
175.036666 450.000000
177.037644 450.000000
179.038622 450.000000
180.039110 450.000000
182.040088 450.000000
183.040577 450.000000
185.041555 450.000000
187.042533 450.000000
189.043510 450.000000
191.044488 450.000000
192.044977 450.000000
194.045955 450.000000
195.046444 450.000000
201.049377 450.000000
202.049866 450.000000
204.050844 450.000000
205.051332 450.000000
207.052310 450.000000
209.053288 450.000000
210.053777 450.000000
212.054755 450.000000
213.055243 450.000000
215.056221 450.000000
216.056710 450.000000
217.057199 450.000000
224.060621 450.000000
225.061110 450.000000
227.062088 450.000000
229.063066 450.000000
230.063554 450.000000
231.064043 450.000000
232.064532 450.000000
234.065510 450.000000
235.065999 450.000000
236.066488 450.000000
237.066977 450.000000
238.067465 450.000000
239.067954 450.000000
240.068443 450.000000
242.069421 450.000000
244.070399 450.000000
245.070888 450.000000
250.073332 450.000000
252.074310 450.000000
253.074799 450.000000
254.075288 450.000000
258.077243 450.000000
260.078221 450.000000
263.079687 450.000000
264.080176 450.000000
266.081154 450.000000
267.081643 450.000000
270.083110 450.000000
273.084576 450.000000
276.086043 450.000000
277.086532 450.000000
278.087021 450.000000
283.089465 450.000000
285.090443 450.000000
286.090932 450.000000
288.091909 450.000000
292.093865 450.000000
295.095332 450.000000
303.099243 450.000000
304.099732 450.000000
307.101198 450.000000
309.102176 450.000000
311.103154 450.000000
312.103643 450.000000
313.104131 450.000000
315.105109 450.000000
318.106576 450.000000
322.108531 450.000000
323.109020 450.000000
326.110487 450.000000
329.111954 450.000000
331.112931 450.000000
333.113909 450.000000
335.114887 450.000000
336.115376 450.000000
340.117331 450.000000
343.118798 450.000000
344.119287 450.000000
345.119776 450.000000
347.120753 450.000000
348.121242 450.000000
350.122220 450.000000
351.122709 450.000000
352.123198 450.000000
355.124664 450.000000
356.125153 450.000000
357.125642 450.000000
364.129064 450.000000
365.129553 450.000000
368.131020 450.000000
369.131509 450.000000
371.132487 450.000000
374.138663 444.793149
374.639693 443.925341
376.142781 441.321915
376.643810 440.454107
377.144840 439.586298
377.645869 438.718490
378.647928 436.982873
379.649987 435.247256
380.652046 433.511639
381.153076 432.643831
382.656164 430.040405
383.658223 428.304788
384.159252 427.436980
384.660282 426.569172
386.664399 423.097938
387.165429 422.230129
387.666458 421.362321
388.668517 419.626704
389.169547 418.758895
390.672635 416.155470
395.682930 407.477385
400.192195 399.667109
400.693224 398.799301
403.198371 394.460258
404.701460 391.856833
405.703519 390.121216
406.204548 389.253408
406.705577 388.385599
407.206607 387.517791
408.208666 385.782174
408.709695 384.914365
411.715872 379.707515
412.216901 378.839706
412.717931 377.971898
415.223078 373.632855
417.728225 369.293813
420.734402 364.086962
421.235431 363.219154
422.237490 361.483537
424.742638 357.144495
431.256020 345.862984
433.260138 342.391751
434.262197 340.656134
436.767344 336.317091
437.769403 334.581474
439.773521 331.110241
440.775580 329.374624
441.777639 327.639007
442.779698 325.903390
443.781757 324.167773
444.282786 323.299964
445.785875 320.696539
446.286904 319.828731
447.789992 317.225305
448.291022 316.357497
448.792051 315.489688
449.293081 314.621880
449.794110 313.754071
450.295140 312.886263
451.798228 310.282838
453.301316 307.679412
454.303375 305.943795
455.305434 304.208178
457.309552 300.736944
458.311611 299.001328
459.313670 297.265711
461.818817 292.926668
462.820876 291.191051
463.321905 290.323243
464.824994 287.719818
465.827052 285.984201
467.831170 282.512967
469.334259 279.909541
469.835288 279.041733
470.336318 278.173924
472.841465 273.834882
474.344553 271.231457
475.847641 268.628031
476.348671 267.760223
477.851759 265.156797
480.857936 259.949947
481.358965 259.082138
482.862054 256.478713
483.363083 255.610904
483.864113 254.743096
484.365142 253.875287
484.866172 253.007479
486.369260 250.404054
487.371319 248.668437
489.876466 244.329394
494.385731 236.519118
494.886761 235.651310
495.888819 233.915693
497.892937 230.444459
498.393967 229.576651
501.901173 223.501991
503.905291 220.030757
504.406320 219.162949
505.408379 217.427332
506.410438 215.691715
506.911467 214.823907
507.412497 213.956098
507.913526 213.088290
508.414556 212.220481
509.917644 209.617056
510.418673 208.749247
511.420732 207.013630
512.422791 205.278014
512.923821 204.410205
513.925880 202.674588
515.428968 200.071163
516.431027 198.335546
517.433086 196.599929
518.435145 194.864312
518.936174 193.996504
520.439262 191.393078
520.940292 190.525270
522.443380 187.921844
522.944410 187.054036
523.946469 185.318419
524.447498 184.450610
525.449557 182.714994
525.950586 181.847185
528.956763 176.640334
529.958822 174.904717
531.461910 172.301292
531.962940 171.433484
532.463969 170.565675
532.964999 169.697867
533.466028 168.830058
534.969117 166.226633
536.973234 162.755399
537.975293 161.019782
539.478382 158.416357
543.486617 151.473889
543.987647 150.606080
544.488676 149.738272
544.989706 148.870463
545.490735 148.002655
547.494853 144.531421
550.501029 141.060187
553.507206 146.267038
554.509265 148.002655
557.014412 152.341697
559.018530 155.812931
559.519560 156.680740
561.022648 159.284165
561.523677 160.151974
562.525736 161.887590
563.527795 163.623207
570.542207 175.772526
571.043237 176.640334
572.546325 179.243760
574.550443 182.714994
575.051472 183.582802
575.552502 184.450610
576.554561 186.186227
577.055590 187.054036
577.556620 187.921844
578.057649 188.789653
579.059708 190.525270
579.560738 191.393078
580.562796 193.128695
581.564855 194.864312
583.568973 198.335546
585.072061 200.938971
586.575150 203.542397
589.080297 207.881439
589.581327 208.749247
590.583385 210.484864
591.084415 211.352673
591.585444 212.220481
592.587503 213.956098
593.589562 215.691715
594.591621 217.427332
596.595739 220.898566
599.601915 226.105417
603.610151 233.047884
604.111181 233.915693
605.113239 235.651310
607.618387 239.990352
608.119416 240.858161
610.123534 244.329394
610.624563 245.197203
611.626622 246.932820
612.127652 247.800628
612.628681 248.668437
614.632799 252.139671
615.133828 253.007479
615.634858 253.875287
617.638976 257.346521
618.140005 258.214330
619.643093 260.817755
620.144123 261.685564
620.645152 262.553372
621.146182 263.421181
622.148241 265.156797
622.649270 266.024606
623.651329 267.760223
625.655447 271.231457
626.657506 272.967074
627.158535 273.834882
628.661624 276.438307
629.162653 277.306116
634.172948 285.984201
636.678095 290.323243
637.680154 292.058860
638.181183 292.926668
638.682213 293.794477
639.684271 295.530094
640.185301 296.397902
642.690448 300.736944
643.191478 301.604753
645.195595 305.075987
646.197654 306.811604
646.698684 307.679412
647.700743 309.415029
648.702802 311.150646
649.203831 312.018454
651.207949 315.489688
653.713096 319.828731
655.717214 323.299964
656.218243 324.167773
658.723391 328.506815
659.224420 329.374624
661.228538 332.845858
662.230597 334.581474
663.232656 336.317091
663.733685 337.184900
665.236773 339.788325
666.739862 342.391751
668.743980 345.862984
669.746038 347.598601
672.251186 351.937644
673.253245 353.673261
674.255303 355.408878
676.760451 359.747920
677.261480 360.615728
678.263539 362.351345
678.764569 363.219154
680.267657 365.822579
681.269716 367.558196
681.770745 368.426005
684.776922 373.632855
685.277951 374.500664
686.280010 376.236281
688.284128 379.707515
688.785158 380.575323
691.290305 384.914365
692.292364 386.649982
695.298540 391.856833
696.300599 393.592450
698.805746 397.931492
699.306776 398.799301
699.807805 399.667109
700.308835 400.534918
700.809864 401.402726
701.310894 402.270535
701.811923 403.138343
703.315012 405.741768
705.319129 409.213002
706.822218 411.816428
708.826335 415.287661
709.828394 417.023278
711.331483 419.626704
712.834571 422.230129
713.836630 423.965746
715.339718 426.569172
716.341777 428.304788
717.844866 430.908214
722.855160 439.586298
723.356190 440.454107
724.859278 443.057532
727.364425 447.396575
730.868491 450.000000
731.868980 450.000000
735.870936 450.000000
737.871913 450.000000
738.872402 450.000000
742.874358 450.000000
744.875336 450.000000
747.876802 450.000000
752.879247 450.000000
753.879735 450.000000
754.880224 450.000000
759.882669 450.000000
761.883647 450.000000
767.886580 450.000000
768.887069 450.000000
772.889024 450.000000
773.889513 450.000000
774.890002 450.000000
775.890491 450.000000
776.890980 450.000000
777.891469 450.000000
779.892446 450.000000
780.892935 450.000000
782.893913 450.000000
785.895380 450.000000
788.896846 450.000000
789.897335 450.000000
790.897824 450.000000
791.898313 450.000000
792.898802 450.000000
794.899780 450.000000
795.900268 450.000000
797.901246 450.000000
798.901735 450.000000
801.903202 450.000000
802.903691 450.000000
804.904668 450.000000
805.905157 450.000000
807.906135 450.000000
810.907602 450.000000
811.908091 450.000000
813.909068 450.000000
816.910535 450.000000
822.913468 450.000000
824.914446 450.000000
825.914935 450.000000
826.915424 450.000000
827.915913 450.000000
828.916401 450.000000
829.916890 450.000000
830.917379 450.000000
832.918357 450.000000
836.920313 450.000000
837.920801 450.000000
839.921779 450.000000
841.922757 450.000000
842.923246 450.000000
844.924224 450.000000
853.928623 450.000000
855.929601 450.000000
856.930090 450.000000
860.932046 450.000000
863.933512 450.000000
864.934001 450.000000
867.935468 450.000000
868.935957 450.000000
869.936446 450.000000
871.937423 450.000000
876.939868 450.000000
881.942312 450.000000
888.945734 450.000000
889.946223 450.000000
890.946712 450.000000
896.949645 450.000000
897.950134 450.000000
900.951601 450.000000
906.954534 450.000000
909.956001 450.000000
910.956490 450.000000
911.956979 450.000000
914.958445 450.000000
918.960401 450.000000
920.961378 450.000000
921.961867 450.000000
922.962356 450.000000
924.963334 450.000000
926.964312 450.000000
927.964801 450.000000
930.966267 450.000000
934.968223 450.000000
935.968712 450.000000
936.969201 450.000000
939.970667 450.000000
940.971156 450.000000
941.971645 450.000000
942.972134 450.000000
943.972623 450.000000
945.973600 450.000000
948.975067 450.000000
949.975556 450.000000
950.976045 450.000000
953.977512 450.000000
957.979467 450.000000
958.979956 450.000000
959.980445 450.000000
962.981911 450.000000
964.982889 450.000000
966.983867 450.000000
972.986800 450.000000
973.987289 450.000000
974.987778 450.000000
975.988267 450.000000
977.989245 450.000000
978.989734 450.000000
979.990222 450.000000
982.991689 450.000000
983.992178 450.000000
984.992667 450.000000
986.993645 450.000000
987.994133 450.000000
988.994622 450.000000
991.996089 450.000000
994.997556 450.000000
998.999511 450.000000
1000.000000 450.000000
1000.000000 450.000000
1000.000000 451.000000
1000.000000 452.000000
1000.000000 453.000000
1000.000000 454.000000
1000.000000 455.000000
1000.000000 456.000000
1000.000000 457.000000
1000.000000 459.000000
1000.000000 460.000000
1000.000000 461.000000
1000.000000 462.000000
1000.000000 463.000000
1000.000000 464.000000
1000.000000 465.000000
1000.000000 466.000000
1000.000000 467.000000
1000.000000 468.000000
1000.000000 469.000000
1000.000000 470.000000
1000.000000 472.000000
1000.000000 474.000000
1000.000000 475.000000
1000.000000 476.000000
1000.000000 478.000000
1000.000000 479.000000
1000.000000 480.000000
1000.000000 481.000000
1000.000000 482.000000
1000.000000 483.000000
1000.000000 484.000000
1000.000000 485.000000
1000.000000 486.000000
1000.000000 487.000000
1000.000000 488.000000
1000.000000 489.000000
1000.000000 490.000000
1000.000000 491.000000
1000.000000 492.000000
1000.000000 493.000000
1000.000000 494.000000
1000.000000 496.000000
1000.000000 497.000000
1000.000000 498.000000
1000.000000 499.000000
1000.000000 500.000000
1000.000000 501.000000
1000.000000 503.000000
1000.000000 504.000000
1000.000000 505.000000
1000.000000 506.000000
1000.000000 507.000000
1000.000000 509.000000
1000.000000 510.000000
1000.000000 512.000000
1000.000000 513.000000
1000.000000 514.000000
1000.000000 515.000000
1000.000000 516.000000
1000.000000 517.000000
1000.000000 519.000000
1000.000000 520.000000
1000.000000 521.000000
1000.000000 522.000000
1000.000000 523.000000
1000.000000 524.000000
1000.000000 525.000000
1000.000000 526.000000
1000.000000 527.000000
1000.000000 529.000000
1000.000000 530.000000
1000.000000 531.000000
1000.000000 532.000000
1000.000000 533.000000
1000.000000 534.000000
1000.000000 535.000000
1000.000000 536.000000
1000.000000 538.000000
1000.000000 539.000000
1000.000000 540.000000
1000.000000 541.000000
1000.000000 542.000000
1000.000000 543.000000
1000.000000 544.000000
1000.000000 545.000000
1000.000000 546.000000
1000.000000 547.000000
1000.000000 548.000000
1000.000000 549.000000
1000.000000 550.000000
1000.000000 550.000000
998.997355 550.000000
997.994710 550.000000
996.992065 550.000000
991.978841 550.000000
989.973551 550.000000
980.949748 550.000000
979.947103 550.000000
978.944458 550.000000
975.936523 550.000000
970.923299 550.000000
966.912720 550.000000
963.904785 550.000000
962.902140 550.000000
961.899495 550.000000
958.891561 550.000000
956.886271 550.000000
955.883626 550.000000
953.878337 550.000000
952.875692 550.000000
951.873047 550.000000
947.862467 550.000000
946.859823 550.000000
942.849243 550.000000
939.841309 550.000000
935.830729 550.000000
933.825439 550.000000
932.822795 550.000000
930.817505 550.000000
929.814860 550.000000
928.812215 550.000000
927.809570 550.000000
926.806925 550.000000
925.804280 550.000000
924.801636 550.000000
920.791056 550.000000
919.788411 550.000000
918.785766 550.000000
917.783122 550.000000
913.772542 550.000000
911.767252 550.000000
902.743449 550.000000
899.735514 550.000000
897.730224 550.000000
895.724935 550.000000
894.722290 550.000000
890.711710 550.000000
884.695841 550.000000
883.693196 550.000000
882.690552 550.000000
875.672038 550.000000
874.669393 550.000000
873.666748 550.000000
871.661458 550.000000
866.648234 550.000000
865.645589 550.000000
862.637654 550.000000
859.629720 550.000000
858.627075 550.000000
856.621785 550.000000
853.613851 550.000000
852.611206 550.000000
846.595337 550.000000
844.590047 550.000000
841.582112 550.000000
839.576823 550.000000
838.574178 550.000000
835.566243 550.000000
832.558309 550.000000
830.553019 550.000000
828.547729 550.000000
825.539795 550.000000
823.534505 550.000000
820.526570 550.000000
818.521281 550.000000
817.518636 550.000000
816.515991 550.000000
814.510701 550.000000
813.508056 550.000000
812.505412 550.000000
811.502767 550.000000
809.497477 550.000000
808.494832 550.000000
807.492187 550.000000
805.486898 550.000000
802.478963 550.000000
800.473673 550.000000
797.465739 550.000000
795.460449 550.000000
792.452514 550.000000
791.449870 550.000000
789.444580 550.000000
787.439290 550.000000
785.434000 550.000000
783.428711 550.000000
778.415486 550.000000
777.412841 550.000000
776.410197 550.000000
775.407552 550.000000
774.404907 550.000000
771.396972 550.000000
770.394327 550.000000
769.391683 550.000000
768.389038 550.000000
765.381103 550.000000
764.378458 550.000000
761.370524 550.000000
759.365234 550.000000
757.359944 550.000000
756.357299 550.000000
751.344075 550.000000
749.338785 550.000000
743.322916 550.000000
742.320271 550.000000
741.317627 550.000000
738.309692 550.000000
734.299113 550.000000
733.296468 550.000000
731.291178 550.000000
727.280599 550.000000
721.264729 550.000000
718.256795 550.000000
716.251505 550.000000
715.248860 550.000000
713.243571 550.000000
710.235636 550.000000
705.222412 550.000000
700.209187 550.000000
699.206543 550.000000
698.203898 550.000000
696.198608 550.000000
692.188029 550.000000
686.172159 550.000000
684.166870 550.000000
682.161580 550.000000
679.153645 550.000000
678.151001 550.000000
671.132487 550.000000
671.132487 550.000000
670.131392 548.266053
669.630844 547.399079
668.629749 545.665132
668.129202 544.798158
666.127012 541.330264
665.626464 540.463290
664.625369 538.729343
664.124822 537.862369
662.623180 535.261448
662.122632 534.394474
661.622085 533.527501
660.620990 531.793554
660.120442 530.926580
659.119347 529.192633
657.617705 526.591712
656.616610 524.857764
655.615515 523.123817
653.613325 519.655923
653.112778 518.788949
652.612230 517.921975
650.109493 513.587107
649.608946 512.720133
647.606756 509.252239
646.605661 507.518292
645.604566 505.784344
644.603471 504.050397
644.102923 503.183423
642.601281 500.582502
641.600186 498.848555
639.097449 494.513687
638.596901 493.646713
638.096354 492.779740
637.595806 491.912766
636.094164 489.311845
635.593617 488.444871
634.091974 485.843951
633.090879 484.110003
632.089784 482.376056
629.587047 478.041188
629.086499 477.174214
628.585952 476.307241
626.583762 472.839346
626.083215 471.972372
625.582667 471.105399
625.082120 470.238425
624.081025 468.504478
623.580477 467.637504
622.078835 465.036583
621.578288 464.169610
621.077740 463.302636
620.577193 462.435662
619.576098 460.701715
619.075550 459.834741
618.074455 458.100794
617.573908 457.233820
617.073360 456.366847
616.072265 454.632899
615.571718 453.765926
615.071170 452.898952
614.070076 451.165005
612.568433 448.564084
612.067886 447.697110
610.065696 444.229216
609.565148 443.362242
607.062411 439.027374
605.560769 436.426453
605.060221 435.559479
604.559674 434.692506
603.558579 432.958558
602.557484 431.224611
600.555294 427.756717
599.053652 425.155796
596.550914 420.820927
595.049272 418.220007
593.547629 415.619086
592.546535 413.885138
592.045987 413.018165
591.044892 411.284217
590.544345 410.417244
588.542155 406.949349
588.041607 406.082376
586.539965 403.481455
586.039417 402.614481
585.038323 400.880534
584.537775 400.013560
583.036133 397.412639
582.035038 395.678692
581.033943 393.944745
580.533395 393.077771
578.531206 389.609876
577.530111 387.875929
577.029563 387.008955
576.028468 385.275008
573.525731 380.940140
573.025183 380.073166
572.024088 378.339219
571.523541 377.472245
570.522446 375.738298
570.021899 374.871325
569.020804 373.137377
568.520256 372.270404
567.519161 370.536456
566.518066 368.802509
565.516971 367.068562
564.515876 365.334614
563.514782 363.600667
563.014234 362.733694
561.512592 360.132773
560.511497 358.398825
559.510402 356.664878
558.509307 354.930931
557.508212 353.196983
556.006570 350.596063
555.506022 349.729089
555.005475 348.862115
554.504927 347.995142
552.502737 344.527247
550.000000 340.192379
547.997810 343.660273
547.497263 344.527247
546.996715 345.394221
545.995620 347.128168
545.495073 347.995142
544.493978 349.729089
543.492883 351.463036
542.992335 352.330010
542.491788 353.196983
541.490693 354.930931
539.989051 357.531852
539.488503 358.398825
537.986861 360.999746
537.486313 361.866720
536.985766 362.733694
534.983576 366.201588
534.483029 367.068562
533.982481 367.935535
532.981386 369.669483
532.480839 370.536456
531.479744 372.270404
529.978101 374.871325
528.977006 376.605272
527.975912 378.339219
526.474269 380.940140
523.971532 385.275008
522.469889 387.875929
521.969342 388.742903
520.467700 391.343824
519.967152 392.210797
519.466605 393.077771
518.465510 394.811718
516.963867 397.412639
516.463320 398.279613
515.462225 400.013560
514.461130 401.747507
513.460035 403.481455
510.957298 407.816323
509.956203 409.550270
508.955108 411.284217
508.454560 412.151191
507.954013 413.018165
505.451276 417.353033
504.950728 418.220007
503.449086 420.820927
502.447991 422.554875
501.947443 423.421848
499.945253 426.889743
499.444706 427.756717
497.943064 430.357638
497.442516 431.224611
496.441421 432.958558
495.940874 433.825532
494.939779 435.559479
492.937589 439.027374
491.936494 440.761321
490.935399 442.495269
490.434852 443.362242
489.934304 444.229216
488.432662 446.830137
485.929924 451.165005
485.429377 452.031979
484.428282 453.765926
483.927735 454.632899
482.926640 456.366847
482.426092 457.233820
481.925545 458.100794
480.924450 459.834741
479.923355 461.568689
479.422807 462.435662
478.421712 464.169610
477.921165 465.036583
477.420618 465.903557
476.419523 467.637504
475.918975 468.504478
475.418428 469.371451
474.917880 470.238425
473.416238 472.839346
472.915690 473.706320
472.415143 474.573293
470.913501 477.174214
469.411858 479.775135
468.410763 481.509082
467.910216 482.376056
466.909121 484.110003
465.908026 485.843951
464.906931 487.577898
464.406383 488.444871
462.904741 491.045792
462.404194 491.912766
460.902551 494.513687
460.402004 495.380661
459.901456 496.247634
459.400909 497.114608
458.399814 498.848555
457.899266 499.715529
456.898172 501.449476
455.897077 503.183423
455.396529 504.050397
454.895982 504.917371
453.894887 506.651318
452.393244 509.252239
451.392149 510.986186
449.890507 513.587107
449.389960 514.454081
448.388865 516.188028
446.887222 518.788949
445.385580 521.389870
444.885032 522.256843
443.883937 523.990791
442.882842 525.724738
442.382295 526.591712
441.381200 528.325659
440.880653 529.192633
440.380105 530.059606
439.879558 530.926580
438.377915 533.527501
437.877368 534.394474
436.876273 536.128422
435.875178 537.862369
433.872988 541.330264
433.372441 542.197237
432.871893 543.064211
432.371346 543.931185
431.870798 544.798158
431.370251 545.665132
430.869703 546.532105
429.868608 548.266053
429.368061 549.133026
427.864869 550.000000
426.862224 550.000000
425.859579 550.000000
423.854289 550.000000
422.851644 550.000000
415.833130 550.000000
409.817261 550.000000
408.814616 550.000000
407.811971 550.000000
405.806682 550.000000
403.801392 550.000000
402.798747 550.000000
401.796102 550.000000
399.790813 550.000000
395.780233 550.000000
393.774943 550.000000
392.772299 550.000000
390.767009 550.000000
389.764364 550.000000
386.756429 550.000000
385.753785 550.000000
383.748495 550.000000
382.745850 550.000000
379.737915 550.000000
377.732626 550.000000
376.729981 550.000000
375.727336 550.000000
373.722046 550.000000
371.716757 550.000000
370.714112 550.000000
367.706177 550.000000
366.703532 550.000000
365.700887 550.000000
360.687663 550.000000
359.685018 550.000000
349.658570 550.000000
345.647990 550.000000
343.642701 550.000000
340.634766 550.000000
337.626831 550.000000
336.624187 550.000000
332.613607 550.000000
331.610962 550.000000
325.595093 550.000000
324.592448 550.000000
323.589803 550.000000
317.573934 550.000000
316.571289 550.000000
315.568644 550.000000
314.566000 550.000000
313.563355 550.000000
311.558065 550.000000
305.542196 550.000000
304.539551 550.000000
299.526327 550.000000
297.521037 550.000000
296.518392 550.000000
294.513102 550.000000
293.510458 550.000000
287.494588 550.000000
284.486654 550.000000
283.484009 550.000000
281.478719 550.000000
280.476074 550.000000
278.470785 550.000000
277.468140 550.000000
276.465495 550.000000
274.460205 550.000000
272.454916 550.000000
263.431112 550.000000
262.428467 550.000000
258.417888 550.000000
256.412598 550.000000
252.402018 550.000000
251.399374 550.000000
247.388794 550.000000
244.380860 550.000000
240.370280 550.000000
238.364990 550.000000
237.362346 550.000000
236.359701 550.000000
235.357056 550.000000
233.351766 550.000000
232.349121 550.000000
231.346476 550.000000
225.330607 550.000000
223.325318 550.000000
222.322673 550.000000
220.317383 550.000000
218.312093 550.000000
209.288290 550.000000
208.285645 550.000000
207.283000 550.000000
206.280355 550.000000
202.269776 550.000000
199.261841 550.000000
198.259196 550.000000
196.253906 550.000000
194.248617 550.000000
191.240682 550.000000
190.238037 550.000000
189.235392 550.000000
188.232748 550.000000
187.230103 550.000000
185.224813 550.000000
184.222168 550.000000
183.219523 550.000000
181.214234 550.000000
178.206299 550.000000
175.198364 550.000000
174.195720 550.000000
173.193075 550.000000
172.190430 550.000000
171.187785 550.000000
170.185140 550.000000
164.169271 550.000000
162.163981 550.000000
160.158691 550.000000
155.145467 550.000000
150.132243 550.000000
145.119019 550.000000
142.111084 550.000000
138.100505 550.000000
137.097860 550.000000
136.095215 550.000000
133.087280 550.000000
130.079346 550.000000
129.076701 550.000000
126.068766 550.000000
125.066121 550.000000
122.058187 550.000000
121.055542 550.000000
120.052897 550.000000
117.044963 550.000000
114.037028 550.000000
110.026449 550.000000
107.018514 550.000000
106.015869 550.000000
104.010579 550.000000
102.005290 550.000000
101.002645 550.000000
100.000000 550.000000
