810
101.000489 450.000000
102.000978 450.000000
103.001467 450.000000
115.007333 450.000000
117.008311 450.000000
122.010755 450.000000
131.015155 450.000000
133.016133 450.000000
134.016622 450.000000
136.017600 450.000000
138.018578 450.000000
140.019555 450.000000
156.027377 450.000000
163.030800 450.000000
165.031777 450.000000
168.033244 450.000000
173.035688 450.000000
177.037644 450.000000
183.040577 450.000000
184.041066 450.000000
192.044977 450.000000
193.045466 450.000000
205.051333 450.000000
206.051821 450.000000
212.054755 450.000000
214.055733 450.000000
219.058177 450.000000
220.058666 450.000000
222.059644 450.000000
224.060621 450.000000
225.061110 450.000000
237.066977 450.000000
255.075777 450.000000
258.077243 450.000000
275.085554 450.000000
303.099243 450.000000
308.101687 450.000000
311.103154 450.000000
312.103643 450.000000
319.107065 450.000000
320.107554 450.000000
326.110487 450.000000
334.114398 450.000000
342.118309 450.000000
345.119776 450.000000
350.122220 450.000000
358.126132 450.000000
368.131020 450.000000
371.132487 450.000000
371.635641 449.128511
372.138796 448.257022
372.641950 447.385533
373.145105 446.514044
373.648259 445.642555
374.654568 443.899577
376.667186 440.413620
377.170340 439.542131
377.673495 438.670642
379.182958 436.056175
379.686112 435.184686
380.189267 434.313197
380.692421 433.441708
381.195576 432.570219
381.698730 431.698730
382.201884 430.827241
382.705039 429.955752
383.208193 429.084263
384.717657 426.469796
385.220811 425.598307
385.723965 424.726818
386.227120 423.855329
386.730274 422.983840
387.233429 422.112350
387.736583 421.240861
388.239738 420.369372
388.742892 419.497883
389.749201 417.754905
390.252355 416.883416
391.258664 415.140438
392.264973 413.397460
390.255610 409.917140
389.753269 409.047061
388.246246 406.436821
387.743905 405.566741
386.236883 402.956501
383.725179 398.606102
382.720497 396.865942
379.204111 390.775383
376.190066 385.554904
373.678362 381.204504
372.171339 378.594265
371.166657 376.854105
369.157294 373.373786
368.152612 371.633626
365.138567 366.413147
364.133886 364.672987
358.105795 354.232028
353.082387 345.531229
352.580046 344.661150
351.575364 342.920990
350.570683 341.180830
346.551956 334.220191
346.049615 333.350111
340.523866 323.779232
340.021525 322.909153
339.016843 321.168993
337.007480 317.688673
329.974708 305.507555
328.467685 302.897315
327.965345 302.027235
327.463004 301.157156
326.960663 300.287076
325.453640 297.676836
323.444277 294.196517
322.439595 292.456357
320.430232 288.976037
318.420868 285.495718
314.402142 278.535079
322.439595 276.794919
323.444277 276.794919
324.448959 276.794919
328.467686 276.794919
329.472367 276.794919
334.495776 276.794919
339.519184 276.794919
344.542593 276.794919
350.570683 276.794919
351.575365 276.794919
356.598773 276.794919
360.617500 276.794919
361.622182 276.794919
364.636227 276.794919
368.654954 276.794919
376.692407 276.794919
386.739224 276.794919
387.743906 276.794919
393.771996 276.794919
395.781359 276.794919
396.786041 276.794919
397.790723 276.794919
410.851585 276.794919
413.865630 276.794919
416.879675 276.794919
424.917129 276.794919
428.935856 276.794919
431.949901 276.794919
435.968627 276.794919
436.973309 276.794919
438.982673 276.794919
440.992036 276.794919
451.038853 276.794919
453.048216 276.794919
456.062261 276.794919
460.080988 276.794919
468.118442 276.794919
470.127805 276.794919
472.639510 274.184679
475.151214 269.834280
476.155895 268.094120
478.667600 263.743721
479.169941 262.873641
481.179304 259.393322
482.183986 257.653162
483.691008 255.042922
484.193349 254.172842
484.695690 253.302762
486.202712 250.692523
489.216757 245.472044
493.737825 237.641325
499.765915 227.200366
500.770597 225.460207
504.286983 219.369647
505.291665 217.629488
506.798687 215.019248
508.305710 212.409008
509.310391 210.668849
510.315073 208.928689
511.319755 207.188529
512.324436 205.448369
512.826777 204.578290
513.329118 203.708210
514.333800 201.968050
514.836141 201.097970
519.859549 192.397171
520.864231 190.657012
521.366572 189.786932
523.375935 186.306612
524.380617 184.566453
530.911048 173.255414
533.925093 168.034935
534.427434 167.164855
535.934456 164.554615
538.446161 160.204216
539.953183 157.593976
541.460206 154.983737
542.967228 152.373497
547.488296 144.542778
547.990637 143.672698
548.492977 142.802619
548.995318 141.932539
550.000000 140.192379
550.000000 140.192379
551.507023 142.802619
552.009363 143.672698
553.014045 145.412858
554.521068 148.023098
559.544476 156.723897
561.553839 160.204216
564.567885 165.424695
565.572566 167.164855
566.577248 168.905015
567.079589 169.775095
568.084270 171.515254
569.591293 174.125494
571.098316 176.735734
577.628747 188.046772
578.131087 188.916852
581.647473 195.007411
584.159178 199.357810
585.163859 201.097970
586.670882 203.708210
587.675564 205.448369
588.177904 206.318449
588.680245 207.188529
592.196631 213.279088
593.201313 215.019248
594.708335 217.629488
596.717699 221.109807
597.722380 222.849967
598.224721 223.720047
599.731744 226.330286
608.773879 241.991724
609.778561 243.731884
612.290265 248.082283
614.299628 251.562603
614.801969 252.432683
616.308992 255.042922
617.816014 257.653162
618.820696 259.393322
620.830059 262.873641
621.332400 263.743721
622.337082 265.483881
622.839423 266.353961
623.844105 268.094120
625.351127 270.704360
627.360490 274.184679
627.862831 275.054759
628.867513 276.794919
632.886240 276.794919
635.900285 276.794919
638.914330 276.794919
639.919012 276.794919
647.956465 276.794919
650.970510 276.794919
651.975192 276.794919
655.993919 276.794919
656.998601 276.794919
659.007964 276.794919
665.036054 276.794919
671.064144 276.794919
676.087553 276.794919
679.101598 276.794919
687.139052 276.794919
689.148415 276.794919
693.167142 276.794919
695.176505 276.794919
698.190550 276.794919
702.209277 276.794919
703.213959 276.794919
704.218641 276.794919
709.242049 276.794919
716.274821 276.794919
718.284184 276.794919
719.288866 276.794919
720.293548 276.794919
722.302911 276.794919
729.335683 276.794919
731.345046 276.794919
733.354410 276.794919
735.363773 276.794919
740.387182 276.794919
743.401227 276.794919
753.448044 276.794919
763.494861 276.794919
768.518269 276.794919
771.532314 276.794919
785.597858 276.794919
786.602540 276.794919
784.090836 281.145318
783.588495 282.015398
781.579132 285.495718
780.574450 287.235878
779.569768 288.976037
778.062746 291.586277
776.053382 295.066596
774.044019 298.546916
772.536996 301.157156
771.532315 302.897315
765.504224 313.338274
765.001884 314.208354
764.499543 315.078434
763.997202 315.948514
763.494861 316.818593
756.462089 328.999712
754.955067 331.609951
752.443362 335.960351
751.438681 337.700511
749.931658 340.310750
747.922295 343.791070
747.419954 344.661150
746.917613 345.531229
744.908250 349.011549
743.903568 350.751709
742.898886 352.491868
739.884841 357.712348
738.880160 359.452508
736.368455 363.802907
732.349729 370.763546
730.340365 374.243865
729.838024 375.113945
728.833343 376.854105
727.326320 379.464345
726.823979 380.334425
724.814616 383.814744
724.312275 384.684824
723.307593 386.424984
721.298230 389.905303
720.795889 390.775383
718.284185 395.125783
716.777162 397.736022
716.274821 398.606102
714.265458 402.086422
711.251413 407.306901
710.749072 408.176981
709.744390 409.917140
708.739709 411.657300
708.237368 412.527380
707.735027 413.397460
708.238181 414.268949
708.741336 415.140438
710.250799 417.754905
710.753954 418.626394
711.257108 419.497883
711.760262 420.369372
713.772880 423.855329
714.276035 424.726818
714.779189 425.598307
715.282343 426.469796
717.294961 429.955752
717.798116 430.827241
718.804424 432.570219
719.307579 433.441708
719.810733 434.313197
720.817042 436.056175
721.320197 436.927664
721.823351 437.799153
722.326505 438.670642
722.829660 439.542131
723.332814 440.413620
723.835969 441.285110
724.339123 442.156599
724.842278 443.028088
725.345432 443.899577
725.848586 444.771066
726.351741 445.642555
726.854895 446.514044
728.364359 449.128511
728.867513 450.000000
729.868002 450.000000
733.869957 450.000000
734.870446 450.000000
743.874846 450.000000
755.880713 450.000000
765.885602 450.000000
766.886091 450.000000
772.889024 450.000000
773.889513 450.000000
774.890002 450.000000
779.892446 450.000000
781.893424 450.000000
784.894890 450.000000
793.899290 450.000000
795.900268 450.000000
806.905646 450.000000
808.906624 450.000000
820.912490 450.000000
822.913468 450.000000
827.915912 450.000000
839.921779 450.000000
841.922757 450.000000
849.926668 450.000000
853.928623 450.000000
856.930090 450.000000
860.932045 450.000000
861.932534 450.000000
863.933512 450.000000
865.934490 450.000000
869.936445 450.000000
870.936934 450.000000
872.937912 450.000000
874.938890 450.000000
877.940356 450.000000
896.949645 450.000000
921.961867 450.000000
922.962356 450.000000
923.962845 450.000000
925.963823 450.000000
930.966267 450.000000
936.969200 450.000000
946.974089 450.000000
952.977023 450.000000
953.977511 450.000000
957.979467 450.000000
958.979956 450.000000
968.984845 450.000000
982.991689 450.000000
992.996578 450.000000
998.999511 450.000000
1000.000000 450.000000
1000.000000 455.000000
1000.000000 456.000000
1000.000000 457.000000
1000.000000 459.000000
1000.000000 461.000000
1000.000000 462.000000
1000.000000 463.000000
1000.000000 464.000000
1000.000000 465.000000
1000.000000 466.000000
1000.000000 468.000000
1000.000000 469.000000
1000.000000 471.000000
1000.000000 472.000000
1000.000000 473.000000
1000.000000 475.000000
1000.000000 479.000000
1000.000000 481.000000
1000.000000 483.000000
1000.000000 485.000000
1000.000000 486.000000
1000.000000 492.000000
1000.000000 493.000000
1000.000000 495.000000
1000.000000 496.000000
1000.000000 498.000000
1000.000000 499.000000
1000.000000 507.000000
1000.000000 508.000000
1000.000000 512.000000
1000.000000 516.000000
1000.000000 519.000000
1000.000000 520.000000
1000.000000 523.000000
1000.000000 526.000000
1000.000000 527.000000
1000.000000 528.000000
1000.000000 529.000000
1000.000000 530.000000
1000.000000 531.000000
1000.000000 532.000000
1000.000000 538.000000
1000.000000 541.000000
1000.000000 542.000000
1000.000000 544.000000
1000.000000 546.000000
1000.000000 548.000000
1000.000000 550.000000
991.978841 550.000000
963.904785 550.000000
961.899495 550.000000
959.894206 550.000000
950.870402 550.000000
938.838664 550.000000
931.820150 550.000000
920.791056 550.000000
915.777832 550.000000
908.759318 550.000000
893.719645 550.000000
888.706421 550.000000
882.690552 550.000000
861.635010 550.000000
847.597982 550.000000
845.592692 550.000000
829.550374 550.000000
800.473674 550.000000
795.460449 550.000000
788.441935 550.000000
787.439290 550.000000
781.423421 550.000000
779.418132 550.000000
773.402262 550.000000
735.301758 550.000000
733.296468 550.000000
728.283244 550.000000
725.275309 550.000000
723.270020 550.000000
722.267375 550.000000
719.259440 550.000000
698.203898 550.000000
690.182739 550.000000
688.177450 550.000000
686.172160 550.000000
681.158936 550.000000
671.132487 550.000000
670.127805 548.259840
666.109078 541.299201
663.597374 536.948802
663.095033 536.078722
662.592692 535.208642
661.588011 533.468482
656.062261 523.897604
653.550557 519.547204
651.038853 515.196805
643.503740 502.145607
642.499058 500.405447
641.494377 498.665288
639.485013 495.184968
638.982672 494.314888
637.977991 492.574728
636.973309 490.834569
635.466286 488.224329
633.456923 484.744010
632.452241 483.003850
631.949900 482.133770
630.945219 480.393610
628.935855 476.913291
627.428833 474.303051
623.410106 467.342412
622.907765 466.472332
619.391379 460.381773
615.874993 454.291214
615.372652 453.421134
614.367971 451.680974
611.353925 446.460495
610.349244 444.720335
609.846903 443.850256
608.339880 441.240016
607.335199 439.499856
606.832858 438.629776
605.828176 436.889617
603.818813 433.409297
602.311790 430.799057
599.297745 425.578578
595.781359 419.488019
594.274336 416.877779
592.264973 413.397460
592.768127 412.525971
593.271282 411.654482
594.277591 409.911504
595.283900 408.168526
595.787054 407.297036
596.290209 406.425547
596.793363 405.554058
597.296518 404.682569
597.799672 403.811080
600.818599 398.582146
601.321753 397.710657
602.831216 395.096190
603.334371 394.224700
603.837525 393.353211
604.340680 392.481722
604.843834 391.610233
605.346989 390.738744
605.850143 389.867255
606.353298 388.995766
606.856452 388.124277
607.359607 387.252788
607.862761 386.381299
608.365915 385.509810
608.869070 384.638321
610.378533 382.023853
611.384842 380.280875
613.397460 376.794919
613.397460 376.794919
612.391151 376.794919
611.384842 376.794919
610.378533 376.794919
609.372224 376.794919
608.365916 376.794919
607.359607 376.794919
605.346989 376.794919
604.340680 376.794919
603.334371 376.794919
602.328062 376.794919
601.321753 376.794919
600.315445 376.794919
599.309136 376.794919
598.302827 376.794919
597.296518 376.794919
596.290209 376.794919
595.283900 376.794919
593.271282 376.794919
590.252356 376.794919
589.246047 376.794919
588.239738 376.794919
587.233429 376.794919
586.227120 376.794919
584.214502 376.794919
583.208194 376.794919
580.189267 376.794919
579.182958 376.794919
578.176649 376.794919
574.151414 376.794919
573.145105 376.794919
571.132487 376.794919
570.629333 375.923430
570.126178 375.051941
569.119869 373.308963
568.616715 372.437474
567.107251 369.823007
566.100942 368.080029
565.597788 367.208539
565.094634 366.337050
564.088325 364.594072
563.082016 362.851094
562.578861 361.979605
562.075707 361.108116
561.572552 360.236627
561.069398 359.365138
559.559935 356.750671
559.056780 355.879182
558.050471 354.136204
557.547317 353.264715
557.044162 352.393226
556.037853 350.650248
554.528390 348.035780
554.025236 347.164291
553.522081 346.292802
553.018927 345.421313
551.509463 342.806846
551.006309 341.935357
550.000000 340.192379
550.000000 340.192379
548.993691 341.935357
547.987382 343.678335
547.484228 344.549824
546.981073 345.421313
546.477919 346.292802
545.471610 348.035780
544.968455 348.907269
544.465301 349.778759
543.458992 351.521737
542.452683 353.264715
541.949529 354.136204
541.446374 355.007693
540.943220 355.879182
540.440065 356.750671
539.936911 357.622160
539.433757 358.493649
538.930602 359.365138
538.427448 360.236627
537.924293 361.108116
536.917984 362.851094
535.911675 364.594072
534.905366 366.337050
533.899058 368.080029
533.395903 368.951518
532.892749 369.823007
531.886440 371.565985
530.376976 374.180452
529.873822 375.051941
528.867513 376.794919
527.861204 376.794919
526.854895 376.794919
525.848586 376.794919
524.842277 376.794919
523.835969 376.794919
521.823351 376.794919
518.804424 376.794919
514.779189 376.794919
513.772880 376.794919
511.760262 376.794919
510.753953 376.794919
509.747644 376.794919
508.741335 376.794919
507.735027 376.794919
506.728718 376.794919
505.722409 376.794919
504.716100 376.794919
503.709791 376.794919
501.697173 376.794919
499.684555 376.794919
498.678247 376.794919
497.671938 376.794919
494.653011 376.794919
493.646702 376.794919
491.634084 376.794919
490.627776 376.794919
489.621467 376.794919
488.615158 376.794919
487.608849 376.794919
486.602540 376.794919
487.105694 377.666408
487.608849 378.537897
488.615158 380.280875
489.118312 381.152364
490.124621 382.895342
490.627776 383.766832
491.130930 384.638321
491.634085 385.509810
492.137239 386.381299
493.143548 388.124277
493.646702 388.995766
494.653011 390.738744
495.156166 391.610233
495.659320 392.481722
496.162475 393.353211
497.671938 395.967679
498.175092 396.839168
498.678247 397.710657
499.684556 399.453635
500.187710 400.325124
500.690865 401.196613
501.194019 402.068102
501.697174 402.939591
503.206637 405.554058
503.709791 406.425547
504.212946 407.297036
504.716100 408.168526
505.219255 409.040015
505.722409 409.911504
506.225564 410.782993
507.231873 412.525971
506.228004 416.007700
505.223323 417.747859
504.720982 418.617939
503.716300 420.358099
502.711618 422.098259
499.195232 428.188818
498.190551 429.928978
496.181187 433.409297
495.678847 434.279377
495.176506 435.149457
494.171824 436.889617
493.669483 437.759696
492.664801 439.499856
491.660120 441.240016
491.157779 442.110096
489.650756 444.720335
488.143734 447.330575
487.139052 449.070735
485.129689 452.551054
483.120325 456.031374
479.603939 462.121933
469.557122 479.523530
467.045418 483.873930
466.543077 484.744010
466.040736 485.614089
465.036054 487.354249
460.012646 496.055048
458.003283 499.535367
456.998601 501.275527
455.491578 503.885767
452.477533 509.106246
451.472851 510.846406
450.970511 511.716486
449.463488 514.326725
448.458806 516.066885
446.951784 518.677125
444.942420 522.157444
437.909648 534.338562
434.393262 540.429121
431.881558 544.779521
430.374536 547.389760
429.369854 549.129920
422.851644 550.000000
418.841064 550.000000
417.838420 550.000000
416.835775 550.000000
413.827840 550.000000
411.822550 550.000000
373.722046 550.000000
363.695597 550.000000
355.674438 550.000000
353.669149 550.000000
351.663859 550.000000
348.655924 550.000000
346.650635 550.000000
345.647990 550.000000
343.642700 550.000000
340.634766 550.000000
315.568644 550.000000
310.555420 550.000000
305.542196 550.000000
299.526326 550.000000
297.521037 550.000000
289.499878 550.000000
287.494588 550.000000
283.484009 550.000000
272.454915 550.000000
271.452270 550.000000
266.439046 550.000000
258.417887 550.000000
240.370280 550.000000
239.367635 550.000000
236.359701 550.000000
231.346476 550.000000
229.341187 550.000000
226.333252 550.000000
220.317383 550.000000
208.285645 550.000000
207.283000 550.000000
187.230103 550.000000
166.174561 550.000000
161.161336 550.000000
152.137533 550.000000
149.129598 550.000000
138.100505 550.000000
117.044963 550.000000
104.010579 550.000000
