750
103.001467 450.000000
105.002444 450.000000
110.004889 450.000000
117.008311 450.000000
119.009289 450.000000
123.011244 450.000000
126.012711 450.000000
127.013200 450.000000
130.014666 450.000000
131.015155 450.000000
132.015644 450.000000
133.016133 450.000000
134.016622 450.000000
135.017111 450.000000
137.018089 450.000000
142.020533 450.000000
146.022488 450.000000
147.022977 450.000000
149.023955 450.000000
150.024444 450.000000
157.027866 450.000000
158.028355 450.000000
161.029822 450.000000
163.030799 450.000000
166.032266 450.000000
173.035688 450.000000
175.036666 450.000000
182.040088 450.000000
195.046444 450.000000
196.046933 450.000000
202.049866 450.000000
205.051332 450.000000
206.051821 450.000000
207.052310 450.000000
212.054755 450.000000
215.056221 450.000000
216.056710 450.000000
217.057199 450.000000
221.059155 450.000000
223.060132 450.000000
224.060621 450.000000
226.061599 450.000000
227.062088 450.000000
229.063066 450.000000
236.066488 450.000000
237.066977 450.000000
250.073332 450.000000
253.074799 450.000000
257.076754 450.000000
258.077243 450.000000
259.077732 450.000000
260.078221 450.000000
266.081154 450.000000
268.082132 450.000000
270.083110 450.000000
274.085065 450.000000
277.086532 450.000000
281.088487 450.000000
289.092398 450.000000
295.095332 450.000000
301.098265 450.000000
309.102176 450.000000
311.103154 450.000000
313.104131 450.000000
315.105109 450.000000
317.106087 450.000000
320.107554 450.000000
327.110976 450.000000
329.111954 450.000000
332.113420 450.000000
333.113909 450.000000
334.114398 450.000000
335.114887 450.000000
337.115865 450.000000
339.116842 450.000000
348.121242 450.000000
350.122220 450.000000
353.123687 450.000000
355.124664 450.000000
357.125642 450.000000
369.131509 450.000000
371.132487 450.000000
373.637634 445.660958
376.142781 441.321915
379.649987 435.247256
383.157193 429.172597
384.159252 427.436980
384.660282 426.569172
386.163370 423.965746
390.672635 416.155470
394.680871 409.213002
400.192195 399.667109
401.695283 397.063684
408.208666 385.782174
409.711754 383.178748
410.713813 381.443131
414.722049 374.500664
416.726166 371.029430
423.740579 358.880111
424.742638 357.144495
425.744697 355.408878
426.245726 354.541069
437.769403 334.581474
440.274551 330.242432
444.783816 322.432156
447.288963 318.093114
447.789992 317.225305
449.293081 314.621880
449.794110 313.754071
451.297198 311.150646
455.305434 304.208178
455.806464 303.340370
456.808522 301.604753
458.311611 299.001328
460.315729 295.530094
466.829111 284.248584
467.831170 282.512967
470.336318 278.173924
473.843524 272.099265
476.348671 267.760223
477.350730 266.024606
478.352789 264.288989
480.857936 259.949947
482.862054 256.478713
483.363083 255.610904
483.864113 254.743096
486.870289 249.536245
488.874407 246.065011
492.882643 239.122544
493.383672 238.254735
494.886761 235.651310
496.890878 232.180076
497.391908 231.312267
499.396026 227.841034
500.899114 225.237608
501.901173 223.501991
504.907350 218.295140
505.909408 216.559524
506.410438 215.691715
506.911467 214.823907
509.917644 209.617056
511.420732 207.013630
511.921762 206.145822
512.422791 205.278014
512.923821 204.410205
513.424850 203.542397
515.428968 200.071163
517.433086 196.599929
518.435145 194.864312
518.936174 193.996504
519.437204 193.128695
520.439262 191.393078
522.443380 187.921844
523.946469 185.318419
524.948528 183.582802
531.461910 172.301292
538.476323 160.151974
539.478382 158.416357
540.981470 155.812931
542.484558 153.209506
544.488676 149.738272
550.501029 141.060187
552.004118 143.663613
554.008236 147.134847
556.513383 151.473889
560.521618 158.416357
561.022648 159.284165
562.024707 161.019782
562.525736 161.887590
564.529854 165.358824
565.030883 166.226633
566.032942 167.962250
568.037060 171.433484
570.041178 174.904717
571.043237 176.640334
573.548384 180.979377
574.550443 182.714994
575.051472 183.582802
576.554561 186.186227
578.057649 188.789653
580.562796 193.128695
581.063826 193.996504
586.575150 203.542397
588.579268 207.013630
590.082356 209.617056
590.583385 210.484864
591.585444 212.220481
593.589562 215.691715
595.092650 218.295140
597.597798 222.634183
601.105004 228.708842
602.107063 230.444459
608.119416 240.858161
611.125593 246.065011
611.626622 246.932820
612.127652 247.800628
613.630740 250.404054
621.647211 264.288989
630.164712 279.041733
632.168830 282.512967
633.170889 284.248584
634.172948 285.984201
634.673977 286.852009
635.175006 287.719818
638.682213 293.794477
639.684271 295.530094
643.191478 301.604753
645.195595 305.075987
646.698684 307.679412
652.210008 317.225305
654.715155 321.564348
656.719273 325.035581
658.222361 327.639007
658.723391 328.506815
659.725449 330.242432
662.230597 334.581474
664.234714 338.052708
668.242950 344.995176
669.746038 347.598601
671.249127 350.202027
672.752215 352.805452
673.253245 353.673261
673.754274 354.541069
674.255303 355.408878
675.257362 357.144495
678.764569 363.219154
686.280010 376.236281
688.284128 379.707515
688.785158 380.575323
690.288246 383.178748
691.791334 385.782174
692.292364 386.649982
693.294423 388.385599
694.797511 390.989025
697.803688 396.195875
698.304717 397.063684
699.306776 398.799301
699.807805 399.667109
703.315012 405.741768
704.317070 407.477385
704.818100 408.345194
705.820159 410.080811
707.824277 413.552045
710.329424 417.891087
713.836630 423.965746
716.842807 429.172597
719.848983 434.379448
726.362366 445.660958
726.863396 446.528766
727.865455 448.264383
728.867513 450.000000
731.868980 450.000000
736.871425 450.000000
738.872402 450.000000
741.873869 450.000000
742.874358 450.000000
743.874847 450.000000
748.877291 450.000000
749.877780 450.000000
751.878758 450.000000
757.881691 450.000000
762.884135 450.000000
764.885113 450.000000
765.885602 450.000000
767.886580 450.000000
768.887069 450.000000
769.887558 450.000000
770.888046 450.000000
772.889024 450.000000
773.889513 450.000000
775.890491 450.000000
776.890980 450.000000
777.891469 450.000000
782.893913 450.000000
783.894402 450.000000
786.895869 450.000000
788.896846 450.000000
789.897335 450.000000
790.897824 450.000000
799.902224 450.000000
803.904179 450.000000
806.905646 450.000000
810.907602 450.000000
811.908091 450.000000
815.910046 450.000000
816.910535 450.000000
823.913957 450.000000
828.916401 450.000000
830.917379 450.000000
838.921290 450.000000
842.923246 450.000000
845.924712 450.000000
846.925201 450.000000
848.926179 450.000000
849.926668 450.000000
855.929601 450.000000
858.931068 450.000000
859.931557 450.000000
860.932046 450.000000
865.934490 450.000000
871.937423 450.000000
872.937912 450.000000
875.939379 450.000000
880.941823 450.000000
881.942312 450.000000
887.945245 450.000000
890.946712 450.000000
891.947201 450.000000
893.948179 450.000000
896.949645 450.000000
897.950134 450.000000
899.951112 450.000000
904.953556 450.000000
905.954045 450.000000
907.955023 450.000000
918.960401 450.000000
924.963334 450.000000
926.964312 450.000000
928.965290 450.000000
929.965778 450.000000
935.968712 450.000000
937.969689 450.000000
938.970178 450.000000
944.973112 450.000000
951.976534 450.000000
958.979956 450.000000
959.980445 450.000000
962.981911 450.000000
965.983378 450.000000
966.983867 450.000000
968.984845 450.000000
971.986311 450.000000
972.986800 450.000000
976.988756 450.000000
979.990222 450.000000
985.993156 450.000000
986.993645 450.000000
987.994133 450.000000
988.994622 450.000000
989.995111 450.000000
991.996089 450.000000
996.998533 450.000000
1000.000000 452.000000
1000.000000 454.000000
1000.000000 455.000000
1000.000000 456.000000
1000.000000 458.000000
1000.000000 459.000000
1000.000000 460.000000
1000.000000 461.000000
1000.000000 462.000000
1000.000000 463.000000
1000.000000 465.000000
1000.000000 466.000000
1000.000000 468.000000
1000.000000 469.000000
1000.000000 470.000000
1000.000000 472.000000
1000.000000 473.000000
1000.000000 474.000000
1000.000000 476.000000
1000.000000 478.000000
1000.000000 479.000000
1000.000000 481.000000
1000.000000 482.000000
1000.000000 483.000000
1000.000000 485.000000
1000.000000 486.000000
1000.000000 487.000000
1000.000000 488.000000
1000.000000 489.000000
1000.000000 490.000000
1000.000000 491.000000
1000.000000 494.000000
1000.000000 501.000000
1000.000000 502.000000
1000.000000 503.000000
1000.000000 504.000000
1000.000000 506.000000
1000.000000 507.000000
1000.000000 508.000000
1000.000000 510.000000
1000.000000 511.000000
1000.000000 513.000000
1000.000000 514.000000
1000.000000 515.000000
1000.000000 518.000000
1000.000000 519.000000
1000.000000 520.000000
1000.000000 521.000000
1000.000000 523.000000
1000.000000 525.000000
1000.000000 527.000000
1000.000000 528.000000
1000.000000 529.000000
1000.000000 530.000000
1000.000000 531.000000
1000.000000 532.000000
1000.000000 533.000000
1000.000000 537.000000
1000.000000 538.000000
1000.000000 539.000000
1000.000000 540.000000
1000.000000 542.000000
1000.000000 543.000000
1000.000000 546.000000
1000.000000 548.000000
1000.000000 549.000000
994.986776 550.000000
990.976196 550.000000
989.973551 550.000000
980.949748 550.000000
977.941813 550.000000
973.931234 550.000000
972.928589 550.000000
970.923299 550.000000
966.912720 550.000000
962.902140 550.000000
959.894206 550.000000
958.891561 550.000000
951.873047 550.000000
950.870402 550.000000
945.857178 550.000000
939.841309 550.000000
938.838664 550.000000
930.817505 550.000000
929.814860 550.000000
922.796346 550.000000
918.785766 550.000000
917.783122 550.000000
913.772542 550.000000
911.767252 550.000000
909.761963 550.000000
908.759318 550.000000
906.754028 550.000000
902.743449 550.000000
901.740804 550.000000
898.732869 550.000000
896.727580 550.000000
886.701131 550.000000
879.682617 550.000000
873.666748 550.000000
872.664103 550.000000
871.661458 550.000000
869.656168 550.000000
868.653524 550.000000
866.648234 550.000000
860.632365 550.000000
857.624430 550.000000
844.590047 550.000000
839.576823 550.000000
833.560954 550.000000
829.550374 550.000000
828.547729 550.000000
820.526570 550.000000
815.513346 550.000000
814.510701 550.000000
813.508056 550.000000
803.481608 550.000000
802.478963 550.000000
800.473673 550.000000
789.444580 550.000000
788.441935 550.000000
772.399617 550.000000
766.383748 550.000000
762.373169 550.000000
753.349365 550.000000
750.341430 550.000000
748.336141 550.000000
747.333496 550.000000
745.328206 550.000000
744.325561 550.000000
742.320271 550.000000
730.288533 550.000000
729.285888 550.000000
727.280599 550.000000
722.267374 550.000000
720.262085 550.000000
715.248860 550.000000
713.243571 550.000000
712.240926 550.000000
711.238281 550.000000
709.232991 550.000000
705.222412 550.000000
703.217122 550.000000
701.211832 550.000000
700.209187 550.000000
699.206543 550.000000
695.195963 550.000000
692.188029 550.000000
689.180094 550.000000
685.169515 550.000000
676.145711 550.000000
672.135131 550.000000
670.131392 548.266053
669.630844 547.399079
668.129202 544.798158
667.128107 543.064211
663.123727 536.128422
662.623180 535.261448
662.122632 534.394474
661.622085 533.527501
661.121537 532.660527
658.618800 528.325659
658.118252 527.458685
657.617705 526.591712
657.117158 525.724738
655.615515 523.123817
655.114968 522.256843
653.112778 518.788949
651.611135 516.188028
651.110588 515.321054
649.608946 512.720133
646.105113 506.651318
643.602376 502.316450
643.101828 501.449476
641.099639 497.981582
639.097449 494.513687
638.096354 492.779740
637.095259 491.045792
635.093069 487.577898
634.091974 485.843951
633.591427 484.976977
633.090879 484.110003
632.089784 482.376056
631.088689 480.642109
628.085405 475.440267
625.082120 470.238425
624.081025 468.504478
621.578288 464.169610
621.077740 463.302636
620.076645 461.568689
618.575003 458.967768
617.573908 457.233820
615.571718 453.765926
610.566243 445.096189
609.565148 443.362242
609.064601 442.495269
607.062411 439.027374
605.560769 436.426453
602.056936 430.357638
598.553104 424.288822
594.048177 416.486059
593.047082 414.752112
591.545440 412.151191
591.044892 411.284217
590.043797 409.550270
589.042702 407.816323
588.542155 406.949349
588.041607 406.082376
587.541060 405.215402
585.038323 400.880534
584.537775 400.013560
584.037228 399.146586
582.535585 396.545666
580.533395 393.077771
580.032848 392.210797
579.031753 390.476850
578.531206 389.609876
577.530111 387.875929
575.027373 383.541061
574.526826 382.674087
573.525731 380.940140
572.024088 378.339219
571.523541 377.472245
570.021899 374.871325
569.020804 373.137377
567.018614 369.669483
564.515876 365.334614
564.015329 364.467641
562.513687 361.866720
561.512592 360.132773
561.012044 359.265799
558.509307 354.930931
556.507117 351.463036
555.005475 348.862115
551.501642 342.793300
551.001095 341.926326
550.500547 341.059353
550.000000 340.192379
548.998905 341.926326
547.997810 343.660273
546.496168 346.261194
544.994525 348.862115
543.993430 350.596063
542.992335 352.330010
542.491788 353.196983
538.987956 359.265799
534.983576 366.201588
531.980291 371.403430
528.977006 376.605272
526.474269 380.940140
525.973722 381.807114
525.473174 382.674087
524.972627 383.541061
518.966057 393.944745
518.465510 394.811718
516.463320 398.279613
515.962772 399.146586
513.960583 402.614481
512.959488 404.348428
510.456750 408.683297
508.454560 412.151191
507.954013 413.018165
507.453465 413.885138
506.952918 414.752112
504.950728 418.220007
502.948538 421.687901
501.947443 423.421848
501.446896 424.288822
500.445801 426.022769
497.442516 431.224611
493.438136 438.160400
486.430472 450.298031
483.427187 455.499873
480.423902 460.701715
478.922260 463.302636
477.420618 465.903557
475.418428 469.371451
474.417333 471.105399
472.915690 473.706320
472.415143 474.573293
470.412953 478.041188
464.406383 488.444871
463.405289 490.178819
462.404194 491.912766
460.402004 495.380661
459.400909 497.114608
458.399814 498.848555
457.398719 500.582502
452.393244 509.252239
450.891602 511.853160
449.890507 513.587107
448.889412 515.321054
448.388865 516.188028
447.888317 517.055002
441.381200 528.325659
440.880653 529.192633
440.380105 530.059606
439.879558 530.926580
436.876273 536.128422
436.375725 536.995395
435.374631 538.729343
433.872988 541.330264
432.871893 543.064211
431.370251 545.665132
429.868608 548.266053
428.867513 550.000000
427.864869 550.000000
426.862224 550.000000
425.859579 550.000000
420.846355 550.000000
418.841065 550.000000
413.827841 550.000000
412.825196 550.000000
409.817261 550.000000
408.814616 550.000000
407.811971 550.000000
404.804037 550.000000
403.801392 550.000000
401.796102 550.000000
390.767009 550.000000
388.761719 550.000000
375.727336 550.000000
374.724691 550.000000
370.714112 550.000000
367.706177 550.000000
366.703532 550.000000
358.682373 550.000000
350.661215 550.000000
348.655925 550.000000
342.640056 550.000000
334.618897 550.000000
333.616252 550.000000
328.603028 550.000000
327.600383 550.000000
326.597738 550.000000
324.592448 550.000000
320.581869 550.000000
319.579224 550.000000
318.576579 550.000000
316.571289 550.000000
315.568644 550.000000
313.563355 550.000000
307.547486 550.000000
304.539551 550.000000
303.536906 550.000000
299.526327 550.000000
298.523682 550.000000
297.521037 550.000000
296.518392 550.000000
293.510458 550.000000
292.507813 550.000000
282.481364 550.000000
276.465495 550.000000
268.444336 550.000000
267.441691 550.000000
265.436402 550.000000
263.431112 550.000000
262.428467 550.000000
261.425822 550.000000
259.420532 550.000000
258.417888 550.000000
251.399374 550.000000
250.396729 550.000000
244.380860 550.000000
243.378215 550.000000
241.372925 550.000000
239.367635 550.000000
234.354411 550.000000
233.351766 550.000000
232.349121 550.000000
230.343832 550.000000
224.327962 550.000000
223.325318 550.000000
221.320028 550.000000
219.314738 550.000000
214.301514 550.000000
212.296224 550.000000
211.293579 550.000000
209.288290 550.000000
204.275065 550.000000
201.267131 550.000000
198.259196 550.000000
196.253906 550.000000
194.248617 550.000000
189.235392 550.000000
183.219523 550.000000
182.216878 550.000000
179.208944 550.000000
176.201009 550.000000
171.187785 550.000000
169.182495 550.000000
166.174561 550.000000
163.166626 550.000000
162.163981 550.000000
160.158691 550.000000
158.153402 550.000000
148.126953 550.000000
147.124308 550.000000
135.092570 550.000000
134.089925 550.000000
128.074056 550.000000
126.068766 550.000000
122.058187 550.000000
119.050252 550.000000
118.047607 550.000000
110.026449 550.000000
105.013224 550.000000
101.002645 550.000000
