0
0
0
0
0
0
0
0
0
0
0
0
0
0
0
0
0
0
0
0
0
0
0
0
0
0
0
0
0
0
0
0
0
0
0
0
0
0
0
0
0
0
0
0
0
0
0
0
0
0
0
0
0
0
0
0
0
0
0
0
0
0
0
0
0
0
0
0
0
0
0
0
0
0
0
0
0
0
0
0
0
0
0
0
0
0
0
0
0
0
0
0
0
0
0
0
0
0
0
0
0
100
200
300
400
500
600
700
800
900
1000
1100
1200
1300
1400
1500
1600
1700
1800
1900
2000
2100
2200
2300
2400
2500
2600
2700
2800
2900
3000
3100
3200
3300
3400
3500
3600
3700
3800
3900
4000
4100
4200
4300
4400
4500
4600
4700
4800
4900
5000
5100
5200
5300
5400
5500
5600
5700
5800
5900
6000
6100
6200
6300
6400
6500
6600
6700
6800
6900
7000
7100
7200
7300
7400
7500
7600
7700
7800
7900
8000
8100
8200
8300
8400
8500
8600
8700
8800
8900
9000
9100
9200
9300
9400
9500
9600
9700
9800
9900
10000
10100
10200
10300
10400
10500
10600
10700
10800
10900
11000
11100
11200
11300
11400
11500
11600
11700
11800
11900
12000
12100
12200
12300
12400
12500
12600
12700
12800
12900
13000
13100
13200
13300
13400
13500
13600
13700
13800
13900
14000
14100
14200
14300
14400
14500
14600
14700
14800
14900
15000
15100
15200
15300
15400
15500
15600
15700
15800
15900
16000
16100
16200
16300
16400
16500
16600
16700
16800
16900
17000
17100
17200
17300
17400
17500
17600
17700
17800
17900
18000
18100
18200
18300
18400
18500
18600
18700
18800
18900
19000
19100
19200
19300
19400
19500
19600
19700
19800
19900
20000
20100
20200
20300
20400
20500
20600
20700
20800
20900
21000
21100
21200
21300
21400
21500
21600
21700
21800
21900
22000
22100
22200
22300
22400
22500
22600
22700
22800
22900
23000
23100
23200
23300
23400
23500
23600
23700
23800
23900
24000
24100
24200
24300
24400
24500
24600
24700
24800
24900
25000
25100
25200
25300
25400
25500
25600
25700
25800
25900
26000
26100
26200
26300
26400
26500
26600
26700
26800
26900
27000
27100
27200.8
27303.1
27407.2
27513.1
27620.6
27729.9
27840.9
27953.7
28068.2
28184.4
28302.4
28422.1
28543.5
28666.6
28791.5
28918.1
29046.5
29176.6
29308.4
29441.9
29577.2
29714.2
29853
29993.4
30135.6
30279.6
30425.3
30572.7
30721.8
30872.7
31025.3
31179.6
31335.6
31493.4
31653
31814.2
31977.2
32141.9
32308.4
32476.6
32646.5
32818.1
32991.5
33166.6
33343.5
33522.1
33702.4
33884.4
34068.2
34253.7
34440.9
34629.9
34820.6
35013.1
35207.2
35403.1
35600.8
35800
36000
36200
36400
36600
36800
37000
37200
37400
37600
37800
38000
38200
38400
38600
38800
39000
39200
39400
39600
39800
40000
40200
40400
40600
40800
41000
41200
41400
41600
41800
42000
42200
42400
42600
42800
43000
43200
43400
43600
43800
44000
44200
44400
44600
44800
45000
45200
45400
45600
45800
46000
46200
46400
46600
46800
47000
47200
47400
47600
47800
48000
48200
48400
48600
48800
49000
49200
49400
49600
49800
50000
50200
50400
50600
50800
51000
51200
51400
51600
51800
52000
52200
52400
52600
52800
53000
53200
53400
53600
53800
54000
54200
54400
54600
54800
55000
55200
55400
55600
55800
56000
56200
56400
56600
56800
57000
57200
57400
57600
57800
58000
58200
58400
58600
58800
59000
59200
59400
59600
59800
60000
60200
60400
60600
60800
61000
61200
61400
61600
61800
62000
62200
62400
62600
62800
63000
63200
63400
63600
63800
64000
64200
64400
64600
64800
65000
65200
65400
65600
65800
66000
66200
66400
66600
66800
67000
67200
67400
67600
67800
68000
68200
68400
68600
68800
69000
69200
69400
69600
69800
70000
70200
70400
70600
70800
71000
71200
71400
71600
71800
72000
72200
72400
72600
72800
73000
73200
73400
73600
73800
74000
74200
74400
74600
74800
75000
75200
75400
75600
75800
76000
76200
76400
76600
76800
77000
77200
77400
77600
77800
78000
78200
78400
78600
78800
79000
79200
79400
79600
79800
80000
80200
80400
80600
80800
81000
81200
81400
81600
81800
82000
82200
82400
82600
82800
83000
83200
83400
83600
83800
84000
84200
84350.8
84453.1
84557.2
84663.1
84770.6
84879.9
84990.9
85103.7
85218.2
85334.4
85452.4
85572.1
85693.5
85816.6
85941.5
86068.1
86196.5
86326.6
86458.4
86591.9
86727.2
86864.2
87003
87143.4
87285.6
87429.6
87575.3
87722.7
87871.8
88022.7
88175.3
88329.6
88485.6
88643.4
88803
88964.2
89127.2
89291.9
89458.4
89626.6
89796.5
89968.1
90141.5
90316.6
90493.5
90672.1
90852.4
91034.4
91218.2
91403.7
91590.9
91779.9
91970.6
92163.1
92357.2
92553.1
92750.8
92900
93000
93100
93200
93300
93400
93500
93600
93700
93800
93900
94000
94100
94200
94300
94400
94500
94600
94700
94800
94900
95000
95100
95200
95300
95400
95500
95600
95700
95800
95900
96000
96100
96200
96300
96400
96500
96600
96700
96800
96900
97000
97100
97200
97300
97400
97500
97600
97700
97800
97900
98000
98100
98200
98300
98400
98500
98600
98700
98800
98900
99000
99100
99200
99300
99400
99500
99600
99700
99800
99900
100000
100100
100200
100300
100400
100500
100600
100700
100800
100900
101000
101100
101200
101300
101400
101500
101600
101700
101800
101900
102000
102100
102200
102300
102400
102500
102600
102700
102800
102900
103000
103100
103200
103300
103400
103500
103600
103700
103800
103900
104000
104100
104200
104300
104400
104500
104600
104700
104800
104900
105000
105100
105200
105300
105400
105500
105600
105700
105800
105900
106000
106100
106200
106300
106400
106500
106600
106700
106800
106900
107000
107100
107200
107300
107400
107500
107600
107700
107800
107900
108000
108100
108200
108300
108400
108500
108600
108700
108800
108900
109000
109100
109200
109300
109400
109500
109600
109700
109800
109900
110000
110100
110200
110300
110400
110500
110600
110700
110800
110900
111000
111100
111200
111300
111400
111500
111600
111700
111800
111900
112000
112100
112200
112300
112400
112500
112600
112700
112800
112900
113000
113100
113200
113300
113400
113500
113600
113700
113800
113900
114000
114100
114200
114300
114400
114500
114600
114700
114800
114900
115000
115100
115200
115300
115400
115500
115600
115700
115800
115900
116000
116100
116200
116300
116400
116500
116600
116700
116800
116900
117000
117100
117200
117300
117400
117500
117600
117700
117800
117900
118000
118100
118200
118300
118400
118500
118600
118700
118800
118900
119000
119100
119200
119300
119400
119500
119600
119700
119800
119900
120000
120100
120200
120300
120400
120500
120600
120700
120800
120900
121000
121100
121200
121300
121400
121500
121600
121700
121800
121900
122000
122100
122200
122300
122400
122500
122600
122700
122800
122900
123000
123100
123200
123300
123400
123500
123600
123700
123800
123900
124000
124100
124200
124300
124400
124500
124600
124700
124800
124900
125000
125100
125200
125300
125400
125500
125600
125700
125800
125900
126000
126100
126200
126300
126400
126500
126600
126700
126800
126900
127000
127100
127200
127300
127400
127500
127600
127700
127800
127900
128000
128100
128200
128300
128400
128500
128600
128700
128800
128900
129000
129100
129200
129300
129400
129500
129600
129700
129800
129900
130000
130100
130200
130300
130400
130500
130600
130700
130800
130900
131000
131100
131200
131300
131400
131500
131600
131700
131800
131900
132000
132100
132200
132300
132400
132500
132600
132700
132800
132900
133000
133100
133200
133300
133400
133500
133600
133700
133800
133900
134000
134100
134200
134300
134400
134500
134600
134700
134800
134900
135000
135100
135200
135300
135400
135500
135600
135700
135800
135900
136000
136100
136200
136300
136400
136500
136600
136700
136800
136900
137000
137100
137200
137300
137400
137500
137600
137700
137800
137900
138000
138100
138200
138300
138400
138500
138600
138700
138800
138900
139000
139100
139200
139300
139400
139500
139600
139700
139800
139900
140000
140100
140200
140300
140400
140500
140600
140700
140800
140900
141000
141100
141200
141300
141400
141500
141600
141700
141800
141900
142000
142100
142200
142300
142400
142500
142600
142700
142800
142900
143000
143100
143200
143300
143400
143500
143600
143700
143800
143900
144000
144100
144200
144300
144400
144500
144600
144700
144800
144900
145000
145100
145200
145300
145400
145500
145600
145700
145800
145900
146000
146100
146200
146300
146400
146500
146600
146700
146800
146900
147000
147100
147200
147300
147400
147500
147600
147700
147800
147900
148000
148100
148200
148300
148400
148500
148600
148700
148800
148900
149000
149100
149200
149300
149400
149500
149600
149700
149800
149900
150000
150100
150200
150300
150400
150500
150600
150700
150800
150900
151000
151100
151200
151300
151400
151500
151600
151700
151800
151900
152000
152100
152200
152300
152400
152500
152600
152700
152800
152900
153000
153100
153200
153300
153400
153500
153600
153700
153800
153900
154000
154100
154200
154300
154400
154500
154600
154700
154800
154900
155000
155100
155200
155300
155400
155500
155600
155700
155800
155900
156000
156100
156200
156300
156400
156500
156600
156700
156800
156900
157000
157100
157201
157303
157407
157513
157621
157730
157841
157954
158068
158184
158302
158422
158543
158667
158792
158918
159046
159177
159308
159442
159577
159714
159853
159993
160136
160280
160425
160573
160722
160873
161025
161180
161336
161493
161653
161814
161977
162142
162308
162477
162646
162818
162992
163167
163343
163522
163702
163884
164068
164254
164441
164630
164821
165013
165207
165403
165601
165800
166000
166200
166400
166600
166800
167000
167200
167400
167600
167800
168000
168200
168400
168600
168800
169000
169200
169400
169600
169800
170000
170200
170400
170600
170800
171000
171200
171400
171600
171800
172000
172200
172400
172600
172800
173000
173200
173400
173600
173800
174000
174200
174400
174600
174800
175000
175200
175400
175600
175800
176000
176200
176400
176600
176800
177000
177200
177400
177600
177800
178000
178200
178400
178600
178800
179000
179200
179400
179600
179800
180000
180200
180400
180600
180800
181000
181200
181400
181600
181800
182000
182200
182400
182600
182800
183000
183200
183400
183600
183800
184000
184200
184400
184600
184800
185000
185200
185400
185600
185800
186000
186200
186400
186600
186800
187000
187200
187400
187600
187800
188000
188200
188400
188600
188800
189000
189200
189400
189600
189800
190000
190200
190400
190600
190800
191000
191200
191400
191600
191800
192000
192200
192400
192600
192800
193000
193200
193400
193600
193800
194000
194200
194400
194600
194800
195000
195200
195400
195600
195800
196000
196200
196400
196600
196800
197000
197200
197400
197600
197800
198000
198200
198400
198600
198800
199000
199200
199400
199600
199800
200000
200200
200400
200600
200800
201000
201200
201400
201600
201800
202000
202200
202400
202600
202800
203000
203200
203400
203600
203800
204000
204200
204400
204600
204800
205000
205200
205400
205600
205800
206000
206200
206400
206600
206800
207000
207200
207400
207600
207800
208000
208200
208400
208600
208800
209000
209200
209400
209600
209800
210000
210200
210400
210600
210800
211000
211200
211400
211600
211800
212000
212200
212400
212600
212800
213000
213200
213400
213600
213800
214000
214200
214351
214453
214557
214663
214771
214880
214991
215104
215218
215334
215452
215572
215693
215817
215942
216068
216196
216327
216458
216592
216727
216864
217003
217143
217286
217430
217575
217723
217872
218023
218175
218330
218486
218643
218803
218964
219127
219292
219458
219627
219796
219968
220142
220317
220493
220672
220852
221034
221218
221404
221591
221780
221971
222163
222357
222553
222751
222900
223000
223100
223200
223300
223400
223500
223600
223700
223800
223900
224000
224100
224200
224300
224400
224500
224600
224700
224800
224900
225000
225100
225200
225300
225400
225500
225600
225700
225800
225900
226000
226100
226200
226300
226400
226500
226600
226700
226800
226900
227000
227100
227200
227300
227400
227500
227600
227700
227800
227900
228000
228100
228200
228300
228400
228500
228600
228700
228800
228900
229000
229100
229200
229300
229400
229500
229600
229700
229800
229900
230000
230100
230200
230300
230400
230500
230600
230700
230800
230900
231000
231100
231200
231300
231400
231500
231600
231700
231800
231900
232000
232100
232200
232300
232400
232500
232600
232700
232800
232900
233000
233100
233200
233300
233400
233500
233600
233700
233800
233900
234000
234100
234200
234300
234400
234500
234600
234700
234800
234900
235000
235100
235200
235300
235400
235500
235600
235700
235800
235900
236000
236100
236200
236300
236400
236500
236600
236700
236800
236900
237000
237100
237200
237300
237400
237500
237600
237700
237800
237900
238000
238100
238200
238300
238400
238500
238600
238700
238800
238900
239000
239100
239200
239300
239400
239500
239600
239700
239800
239900
240000
240100
240200
240300
240400
240500
240600
240700
240800
240900
241000
241100
241200
241300
241400
241500
241600
241700
241800
241900
242000
242100
242200
242300
242400
242500
242600
242700
242800
242900
243000
243100
243200
243300
243400
243500
243600
243700
243800
243900
244000
244100
244200
244300
244400
244500
244600
244700
244800
244900
245000
245100
245200
245300
245400
245500
245600
245700
245800
245900
246000
246100
246200
246300
246400
246500
246600
246700
246800
246900
247000
247100
247200
247300
247400
247500
247600
247700
247800
247900
248000
248100
248200
248300
248400
248500
248600
248700
248800
248900
249000
249100
249200
249300
249400
249500
249600
249700
249800
249900
250000
