100 550.0
100 450.0
371.13248654051864 450.0
428.86751345948124 550.0


428.86751345948124 550.0
371.13248654051864 450.0
550.0 140.1923788646683
550.0 340.1923788646683


550.0 340.1923788646683
550.0 140.1923788646683
728.8675134594813 450.0
671.1324865405187 550.0


671.1324865405187 550.0
728.8675134594813 450.0
1000 450.0
1000 550.0

1000 550.0
1000 450.0
1371.13248654051864 450.0
1428.86751345948124 550.0

1428.86751345948124 550.0
1371.13248654051864 450.0
1550.0 140.1923788646683
1550.0 340.1923788646683

1550.0 340.1923788646683
1550.0 140.1923788646683
1728.8675134594813 450.0
1671.1324865405187 550.0


1671.1324865405187 550.0
1728.8675134594813 450.0
2000 450.0
2000 550.0
